# Residuals   
# Time        	p             	Ux            	Uy            	Uz            
1             	1.000000e+00	1.000000e+00	1.000000e+00	1.000000e+00
2             	1.445380e-01	5.464830e-01	2.244470e-01	5.624070e-01
3             	3.050590e-02	4.923020e-01	1.551460e-01	4.544170e-01
4             	4.820430e-02	3.288120e-01	9.934610e-02	2.927730e-01
5             	1.258440e-01	2.634940e-01	7.089580e-02	2.470270e-01
6             	1.443900e-01	2.183230e-01	5.404970e-02	2.094760e-01
7             	1.195250e-01	1.723790e-01	4.430820e-02	1.682390e-01
8             	1.437830e-01	1.343620e-01	3.879910e-02	1.354150e-01
9             	9.850930e-02	1.081690e-01	3.278650e-02	1.058980e-01
10            	7.566150e-02	9.805880e-02	2.625270e-02	9.125920e-02
11            	6.295940e-02	8.907300e-02	2.103620e-02	8.330360e-02
12            	5.488470e-02	7.706760e-02	1.773350e-02	7.478740e-02
13            	4.877840e-02	6.497460e-02	1.512880e-02	6.605790e-02
14            	4.527370e-02	5.726530e-02	1.336290e-02	5.892570e-02
15            	4.415310e-02	5.268300e-02	1.225480e-02	5.451800e-02
16            	4.577360e-02	4.851130e-02	1.113300e-02	5.008720e-02
17            	4.678570e-02	4.293920e-02	1.011220e-02	4.507330e-02
18            	4.661860e-02	3.946920e-02	9.138890e-03	3.949230e-02
19            	4.556500e-02	3.536250e-02	8.107850e-03	3.525370e-02
20            	4.498220e-02	3.206160e-02	7.188940e-03	3.193300e-02
21            	4.558350e-02	2.922020e-02	6.409350e-03	2.959800e-02
22            	4.562810e-02	2.612500e-02	5.844700e-03	2.803090e-02
23            	4.557050e-02	2.426800e-02	5.379580e-03	2.618040e-02
24            	4.519350e-02	2.289900e-02	4.970680e-03	2.424720e-02
25            	4.465360e-02	2.226250e-02	4.588810e-03	2.259170e-02
26            	4.352530e-02	2.075700e-02	4.266690e-03	2.134750e-02
27            	4.274360e-02	1.950040e-02	3.974460e-03	2.101110e-02
28            	4.244260e-02	1.846660e-02	3.755890e-03	2.003310e-02
29            	4.238560e-02	1.765950e-02	3.587590e-03	1.892720e-02
30            	4.215210e-02	1.700160e-02	3.427430e-03	1.836800e-02
31            	4.238140e-02	1.625480e-02	3.309640e-03	1.808400e-02
32            	4.251530e-02	1.561950e-02	3.218110e-03	1.754150e-02
33            	4.262560e-02	1.519350e-02	3.177640e-03	1.713660e-02
34            	4.309270e-02	1.518150e-02	3.181130e-03	1.690930e-02
35            	4.431880e-02	1.524950e-02	3.218840e-03	1.684260e-02
36            	4.539520e-02	1.495850e-02	3.303210e-03	1.663300e-02
37            	4.590470e-02	1.511510e-02	3.363920e-03	1.646510e-02
38            	4.538440e-02	1.486950e-02	3.400350e-03	1.625410e-02
39            	4.453540e-02	1.430640e-02	3.381220e-03	1.592340e-02
40            	4.329110e-02	1.378030e-02	3.290740e-03	1.568320e-02
41            	4.093640e-02	1.331190e-02	3.210140e-03	1.538890e-02
42            	3.816010e-02	1.308790e-02	3.119100e-03	1.474310e-02
43            	3.586590e-02	1.299970e-02	3.036800e-03	1.380070e-02
44            	3.421760e-02	1.299940e-02	2.924090e-03	1.299410e-02
45            	3.294210e-02	1.309530e-02	2.775350e-03	1.248270e-02
46            	3.393720e-02	1.292130e-02	2.672140e-03	1.234980e-02
47            	3.476520e-02	1.289180e-02	2.659410e-03	1.206660e-02
48            	3.538210e-02	1.292760e-02	2.732730e-03	1.223750e-02
49            	3.581700e-02	1.350180e-02	2.868440e-03	1.279340e-02
50            	3.671000e-02	1.385380e-02	3.031700e-03	1.380530e-02
51            	3.850820e-02	1.427440e-02	3.129480e-03	1.458090e-02
52            	3.945030e-02	1.452820e-02	3.185290e-03	1.515610e-02
53            	3.934570e-02	1.489850e-02	3.183130e-03	1.551890e-02
54            	3.864270e-02	1.523830e-02	3.239340e-03	1.563190e-02
55            	3.755840e-02	1.557880e-02	3.407370e-03	1.574800e-02
56            	3.702450e-02	1.606480e-02	3.665620e-03	1.620090e-02
57            	3.768800e-02	1.683220e-02	4.007520e-03	1.706610e-02
58            	3.957580e-02	1.760580e-02	4.400480e-03	1.786350e-02
59            	4.232060e-02	1.812010e-02	4.788120e-03	1.881790e-02
60            	4.555440e-02	1.845440e-02	5.153590e-03	1.956680e-02
61            	4.967540e-02	1.965370e-02	5.423910e-03	2.053990e-02
62            	5.229560e-02	2.081480e-02	5.555630e-03	2.144690e-02
63            	5.271110e-02	2.230400e-02	5.395150e-03	2.208220e-02
64            	5.279430e-02	2.311800e-02	5.204980e-03	2.186770e-02
65            	5.250820e-02	2.354600e-02	5.180410e-03	2.141850e-02
66            	5.289830e-02	2.353780e-02	5.259350e-03	2.110420e-02
67            	5.395450e-02	2.371870e-02	5.548430e-03	2.104740e-02
68            	5.608510e-02	2.409040e-02	5.907860e-03	2.185180e-02
69            	5.985890e-02	2.486470e-02	6.370850e-03	2.290650e-02
70            	6.361500e-02	2.675370e-02	6.893720e-03	2.508070e-02
71            	6.645630e-02	2.918240e-02	7.475210e-03	2.801860e-02
72            	6.795540e-02	3.164720e-02	8.105200e-03	3.102090e-02
73            	6.919460e-02	3.429680e-02	8.863770e-03	3.433220e-02
74            	7.109010e-02	3.816600e-02	9.891310e-03	3.867650e-02
75            	7.362560e-02	4.295000e-02	1.107840e-02	4.396510e-02
76            	7.472210e-02	4.821340e-02	1.243650e-02	5.006800e-02
77            	7.609760e-02	5.232710e-02	1.367060e-02	5.510790e-02
78            	7.734540e-02	5.255420e-02	1.433750e-02	5.868940e-02
79            	7.741460e-02	5.140300e-02	1.465420e-02	6.112440e-02
80            	7.657760e-02	5.069940e-02	1.471530e-02	6.070850e-02
81            	7.294520e-02	4.962050e-02	1.448610e-02	5.743060e-02
82            	6.912650e-02	4.669730e-02	1.364850e-02	5.168470e-02
83            	6.617660e-02	4.269490e-02	1.229630e-02	4.581010e-02
84            	6.508880e-02	3.934580e-02	1.074400e-02	4.325170e-02
85            	6.724730e-02	3.576210e-02	9.540920e-03	4.196900e-02
86            	6.796240e-02	3.322080e-02	8.672060e-03	3.981480e-02
87            	6.713400e-02	3.149970e-02	8.007370e-03	3.786970e-02
88            	6.548590e-02	3.071090e-02	7.558090e-03	3.560110e-02
89            	6.400050e-02	3.013680e-02	7.322700e-03	3.411490e-02
90            	6.386860e-02	2.967740e-02	7.424270e-03	3.229350e-02
91            	6.395610e-02	2.971270e-02	7.476470e-03	3.055520e-02
92            	6.434180e-02	2.940560e-02	7.387760e-03	2.922350e-02
93            	6.345680e-02	2.869230e-02	7.205910e-03	2.839480e-02
94            	6.205880e-02	2.790470e-02	6.946740e-03	2.865490e-02
95            	6.041650e-02	2.801830e-02	6.651760e-03	2.938440e-02
96            	5.894320e-02	2.774490e-02	6.414680e-03	2.965690e-02
97            	5.888110e-02	2.755310e-02	6.295580e-03	2.954510e-02
98            	5.928320e-02	2.717420e-02	6.226410e-03	2.953820e-02
99            	5.832230e-02	2.698840e-02	6.123070e-03	2.960950e-02
100           	5.764080e-02	2.615670e-02	6.055240e-03	2.823860e-02
101           	5.640230e-02	2.624430e-02	5.982030e-03	2.799540e-02
102           	5.692860e-02	2.630990e-02	5.977770e-03	2.859290e-02
103           	5.688490e-02	2.635060e-02	5.985580e-03	2.849420e-02
104           	5.662960e-02	2.630640e-02	5.980640e-03	2.801720e-02
105           	5.883200e-02	2.649660e-02	5.974770e-03	2.736760e-02
106           	6.020470e-02	2.716430e-02	5.907380e-03	2.757800e-02
107           	6.043100e-02	2.623360e-02	5.963860e-03	2.722350e-02
108           	5.997570e-02	2.586150e-02	6.096390e-03	2.711260e-02
109           	6.085340e-02	2.580790e-02	6.276650e-03	2.630520e-02
110           	6.227000e-02	2.644050e-02	6.257170e-03	2.676840e-02
111           	6.444860e-02	2.752220e-02	6.291780e-03	2.831310e-02
112           	6.460180e-02	2.748720e-02	6.355960e-03	2.930790e-02
113           	6.601480e-02	2.788210e-02	6.294020e-03	2.996880e-02
114           	6.729460e-02	2.743720e-02	6.334660e-03	2.974780e-02
115           	6.655320e-02	2.791820e-02	6.344500e-03	2.967030e-02
116           	6.388530e-02	2.735060e-02	6.292920e-03	3.005150e-02
117           	6.151290e-02	2.675770e-02	6.443620e-03	3.037710e-02
118           	6.111820e-02	2.732850e-02	6.695310e-03	2.979850e-02
119           	6.288070e-02	2.797590e-02	6.901050e-03	2.857830e-02
120           	6.462350e-02	2.780310e-02	6.901820e-03	2.749390e-02
121           	6.647470e-02	2.792670e-02	6.908650e-03	2.664070e-02
122           	6.711700e-02	2.767690e-02	6.881940e-03	2.705420e-02
123           	6.690690e-02	2.757610e-02	6.953670e-03	2.827240e-02
124           	6.702560e-02	2.726030e-02	7.132840e-03	2.944910e-02
125           	6.784340e-02	2.780350e-02	7.258020e-03	3.069780e-02
126           	6.677430e-02	2.915250e-02	7.440550e-03	3.226500e-02
127           	6.663950e-02	3.155470e-02	7.685330e-03	3.512220e-02
128           	7.053860e-02	3.240870e-02	7.900870e-03	3.616520e-02
129           	7.798060e-02	3.465300e-02	8.335680e-03	3.781800e-02
130           	8.225730e-02	3.802870e-02	9.184480e-03	4.148870e-02
131           	8.739780e-02	4.264800e-02	1.067860e-02	4.614290e-02
132           	9.361760e-02	4.833950e-02	1.239150e-02	5.158090e-02
133           	9.456240e-02	5.122790e-02	1.349540e-02	5.540860e-02
134           	8.923580e-02	5.126670e-02	1.402770e-02	5.697130e-02
135           	8.212020e-02	4.680910e-02	1.330470e-02	5.562460e-02
136           	7.696700e-02	4.061550e-02	1.206590e-02	4.924480e-02
137           	7.293560e-02	3.711730e-02	1.088830e-02	4.370040e-02
138           	6.840810e-02	3.533660e-02	9.568420e-03	4.039450e-02
139           	6.354870e-02	3.269850e-02	8.447160e-03	3.658200e-02
140           	5.887300e-02	2.888710e-02	7.408730e-03	3.287160e-02
141           	5.600110e-02	2.524640e-02	6.706120e-03	2.936830e-02
142           	5.356420e-02	2.342690e-02	6.186870e-03	2.674660e-02
143           	5.294660e-02	2.254240e-02	5.770820e-03	2.447460e-02
144           	5.264540e-02	2.133500e-02	5.374130e-03	2.263480e-02
145           	5.180890e-02	1.995540e-02	5.040020e-03	2.122160e-02
146           	5.103490e-02	1.864870e-02	4.758250e-03	2.028390e-02
147           	4.951220e-02	1.804440e-02	4.538520e-03	1.998960e-02
148           	4.855590e-02	1.710210e-02	4.371740e-03	1.888980e-02
149           	4.792340e-02	1.734480e-02	4.234610e-03	1.832810e-02
150           	4.730950e-02	1.791980e-02	4.125530e-03	1.852230e-02
151           	4.708490e-02	1.825630e-02	4.153950e-03	1.904210e-02
152           	4.710790e-02	1.858180e-02	4.222960e-03	1.959360e-02
153           	4.720240e-02	1.804480e-02	4.241810e-03	1.946370e-02
154           	4.716750e-02	1.776170e-02	4.309800e-03	1.928120e-02
155           	4.896320e-02	1.806580e-02	4.444490e-03	1.932620e-02
156           	5.222250e-02	1.906420e-02	4.671950e-03	1.971220e-02
157           	5.563510e-02	2.007110e-02	5.023640e-03	2.008830e-02
158           	5.789470e-02	2.126760e-02	5.391730e-03	2.126590e-02
159           	5.931140e-02	2.225710e-02	5.773840e-03	2.292500e-02
160           	6.075500e-02	2.371200e-02	6.259910e-03	2.563970e-02
161           	6.182650e-02	2.577440e-02	6.584820e-03	2.870920e-02
162           	6.335930e-02	2.660350e-02	7.014910e-03	3.049200e-02
163           	6.437080e-02	2.780990e-02	7.348780e-03	3.193590e-02
164           	6.473000e-02	2.964770e-02	7.634190e-03	3.359560e-02
165           	6.494200e-02	3.172770e-02	7.717790e-03	3.451180e-02
166           	6.373790e-02	3.353160e-02	7.798660e-03	3.342870e-02
167           	6.239620e-02	3.491530e-02	7.927710e-03	3.262040e-02
168           	6.347290e-02	3.604210e-02	8.329960e-03	3.319150e-02
169           	6.620140e-02	3.703670e-02	8.760620e-03	3.511980e-02
170           	7.037780e-02	3.753550e-02	9.217010e-03	3.739650e-02
171           	7.422580e-02	3.896020e-02	9.501690e-03	3.937840e-02
172           	7.386250e-02	4.017480e-02	9.667980e-03	4.006470e-02
173           	7.224660e-02	4.010330e-02	9.597490e-03	3.988090e-02
174           	7.056650e-02	3.828570e-02	9.534390e-03	3.904510e-02
175           	7.021880e-02	3.498250e-02	9.082720e-03	3.663710e-02
176           	6.926430e-02	3.126780e-02	8.347610e-03	3.298280e-02
177           	6.705940e-02	2.918810e-02	7.394850e-03	3.001490e-02
178           	6.703100e-02	2.735140e-02	6.700820e-03	2.816020e-02
179           	6.388290e-02	2.606660e-02	6.129490e-03	2.693680e-02
180           	6.330760e-02	2.496430e-02	5.711730e-03	2.641880e-02
181           	6.536340e-02	2.415620e-02	5.681270e-03	2.549770e-02
182           	6.642100e-02	2.458470e-02	5.889970e-03	2.591780e-02
183           	6.299540e-02	2.487150e-02	6.221400e-03	2.682720e-02
184           	6.013490e-02	2.497490e-02	6.401520e-03	2.694360e-02
185           	6.006800e-02	2.581700e-02	6.447310e-03	2.832780e-02
186           	5.956060e-02	2.605900e-02	6.309470e-03	2.826110e-02
187           	5.987420e-02	2.667230e-02	6.055410e-03	2.789670e-02
188           	5.953100e-02	2.655220e-02	5.753180e-03	2.713140e-02
189           	5.710370e-02	2.766660e-02	5.739370e-03	2.810940e-02
190           	5.677620e-02	2.789580e-02	5.918850e-03	2.785660e-02
191           	5.840400e-02	2.770130e-02	6.323220e-03	2.924250e-02
192           	6.315050e-02	2.978230e-02	6.796650e-03	3.156670e-02
193           	6.782640e-02	3.210730e-02	7.312260e-03	3.421850e-02
194           	7.139210e-02	3.384340e-02	7.890100e-03	3.590130e-02
195           	7.212950e-02	3.621840e-02	8.513480e-03	3.783390e-02
196           	7.273370e-02	3.758650e-02	9.013560e-03	3.977910e-02
197           	7.499890e-02	3.914790e-02	9.474730e-03	4.138250e-02
198           	7.688150e-02	4.127400e-02	9.748330e-03	4.386460e-02
199           	7.889290e-02	4.209960e-02	1.002900e-02	4.422690e-02
200           	7.983620e-02	4.182840e-02	1.023940e-02	4.493820e-02
201           	8.086810e-02	4.249670e-02	1.048670e-02	4.603650e-02
202           	8.069830e-02	4.358070e-02	1.089700e-02	4.708440e-02
203           	7.945820e-02	4.472110e-02	1.161120e-02	4.831000e-02
204           	7.925030e-02	4.695510e-02	1.235160e-02	4.884600e-02
205           	7.935090e-02	4.770760e-02	1.246440e-02	4.901430e-02
206           	7.720210e-02	4.565440e-02	1.179980e-02	4.832080e-02
207           	7.302600e-02	4.238350e-02	1.094850e-02	4.593550e-02
208           	6.848790e-02	3.785410e-02	9.570750e-03	4.161740e-02
209           	6.462270e-02	3.420190e-02	8.321750e-03	3.777880e-02
210           	6.253250e-02	3.189330e-02	7.526220e-03	3.423270e-02
211           	6.361230e-02	3.069890e-02	7.081830e-03	3.198560e-02
212           	6.358070e-02	2.966390e-02	6.721130e-03	3.030650e-02
213           	6.251560e-02	2.810030e-02	6.376480e-03	2.841580e-02
214           	5.998780e-02	2.697290e-02	6.158150e-03	2.690600e-02
215           	6.018970e-02	2.631050e-02	5.915290e-03	2.625580e-02
216           	6.023590e-02	2.537070e-02	5.775810e-03	2.534010e-02
217           	5.908750e-02	2.483750e-02	5.600770e-03	2.408970e-02
218           	5.765030e-02	2.399450e-02	5.447750e-03	2.303540e-02
219           	5.628440e-02	2.277550e-02	5.356960e-03	2.268960e-02
220           	5.512720e-02	2.257650e-02	5.381500e-03	2.334380e-02
221           	5.527710e-02	2.291270e-02	5.501000e-03	2.446180e-02
222           	5.562020e-02	2.318240e-02	5.771280e-03	2.555680e-02
223           	5.759070e-02	2.399620e-02	6.152620e-03	2.660430e-02
224           	6.081550e-02	2.539010e-02	6.534270e-03	2.770790e-02
225           	6.316650e-02	2.586540e-02	6.868430e-03	2.920600e-02
226           	6.503320e-02	2.718340e-02	7.098060e-03	3.000000e-02
227           	6.482140e-02	2.841380e-02	7.411080e-03	3.088720e-02
228           	6.589090e-02	3.052610e-02	7.736680e-03	3.178130e-02
229           	6.821410e-02	3.316310e-02	8.163030e-03	3.316450e-02
230           	7.157970e-02	3.634210e-02	8.609320e-03	3.505660e-02
231           	7.452870e-02	3.974180e-02	9.183190e-03	3.767420e-02
232           	7.510270e-02	4.281970e-02	9.814630e-03	4.055610e-02
233           	7.576200e-02	4.574530e-02	1.050170e-02	4.367100e-02
234           	7.926800e-02	4.768040e-02	1.112120e-02	4.727650e-02
235           	8.122780e-02	4.803980e-02	1.175400e-02	4.964290e-02
236           	8.192970e-02	4.781740e-02	1.250880e-02	5.139470e-02
237           	8.166270e-02	4.881480e-02	1.296280e-02	5.376790e-02
238           	7.914210e-02	5.080990e-02	1.299850e-02	5.491750e-02
239           	7.672890e-02	5.114220e-02	1.304680e-02	5.209210e-02
240           	7.367710e-02	5.651360e-02	1.301930e-02	5.156990e-02
241           	7.272870e-02	6.063620e-02	1.294480e-02	5.024550e-02
242           	7.361240e-02	6.104410e-02	1.283180e-02	4.988090e-02
243           	7.776510e-02	5.973650e-02	1.249100e-02	4.994410e-02
244           	8.098890e-02	5.570170e-02	1.198060e-02	4.851750e-02
245           	7.991070e-02	5.172230e-02	1.122000e-02	4.644940e-02
246           	7.643140e-02	4.534400e-02	1.038880e-02	4.261820e-02
247           	7.130820e-02	3.882290e-02	9.272860e-03	3.863850e-02
248           	6.878900e-02	3.499090e-02	8.389290e-03	3.524400e-02
249           	6.746850e-02	3.271710e-02	7.572010e-03	3.187590e-02
250           	6.633050e-02	3.047210e-02	6.914860e-03	3.005630e-02
251           	6.413790e-02	2.840860e-02	6.377840e-03	2.797070e-02
252           	6.061310e-02	2.646670e-02	6.126890e-03	2.664860e-02
253           	5.817850e-02	2.571960e-02	6.092710e-03	2.656260e-02
254           	5.771980e-02	2.559500e-02	6.292020e-03	2.703050e-02
255           	5.798730e-02	2.603440e-02	6.438120e-03	2.770070e-02
256           	5.669320e-02	2.619350e-02	6.471170e-03	2.839430e-02
257           	5.671660e-02	2.671810e-02	6.461860e-03	2.974200e-02
258           	5.687500e-02	2.706710e-02	6.448740e-03	3.102550e-02
259           	5.806350e-02	2.737100e-02	6.616680e-03	3.219460e-02
260           	5.988820e-02	2.789440e-02	7.015720e-03	3.329260e-02
261           	6.165160e-02	2.979620e-02	7.573770e-03	3.479560e-02
262           	6.391630e-02	3.426170e-02	8.431520e-03	3.762350e-02
263           	6.684740e-02	3.993630e-02	9.311000e-03	4.145790e-02
264           	7.020040e-02	4.594550e-02	1.039560e-02	4.588890e-02
265           	7.406800e-02	5.187560e-02	1.176280e-02	5.121560e-02
266           	7.742330e-02	5.677580e-02	1.312260e-02	5.632710e-02
267           	7.984040e-02	5.895900e-02	1.420130e-02	5.967820e-02
268           	8.192040e-02	5.684500e-02	1.447470e-02	6.023520e-02
269           	8.365160e-02	5.321990e-02	1.417270e-02	5.847280e-02
270           	8.044650e-02	4.819290e-02	1.356150e-02	5.442320e-02
271           	7.540660e-02	4.432510e-02	1.249140e-02	4.905300e-02
272           	7.188140e-02	4.255240e-02	1.149010e-02	4.407130e-02
273           	6.966740e-02	4.129720e-02	1.045710e-02	4.070760e-02
274           	6.866950e-02	3.913020e-02	9.405010e-03	3.866190e-02
275           	6.505820e-02	3.530440e-02	8.307140e-03	3.589950e-02
276           	6.228340e-02	3.229340e-02	7.281940e-03	3.429410e-02
277           	5.904730e-02	2.951080e-02	6.636490e-03	3.189170e-02
278           	5.692110e-02	2.792080e-02	6.322140e-03	2.973800e-02
279           	5.593900e-02	2.686980e-02	5.973040e-03	2.764240e-02
280           	5.472650e-02	2.564580e-02	5.731850e-03	2.569700e-02
281           	5.304820e-02	2.488300e-02	5.674520e-03	2.433710e-02
282           	5.307150e-02	2.503020e-02	5.757820e-03	2.402390e-02
283           	5.370580e-02	2.493720e-02	5.807950e-03	2.403770e-02
284           	5.416190e-02	2.535730e-02	5.807460e-03	2.419000e-02
285           	5.490390e-02	2.557120e-02	5.795430e-03	2.450420e-02
286           	5.502240e-02	2.545920e-02	5.787430e-03	2.497030e-02
287           	5.561710e-02	2.488860e-02	5.687010e-03	2.529410e-02
288           	5.604760e-02	2.444570e-02	5.626050e-03	2.578980e-02
289           	5.687550e-02	2.382280e-02	5.597050e-03	2.658450e-02
290           	5.756120e-02	2.364090e-02	5.558550e-03	2.668580e-02
291           	5.718770e-02	2.413860e-02	5.522630e-03	2.675470e-02
292           	5.715170e-02	2.420820e-02	5.492100e-03	2.684120e-02
293           	5.823140e-02	2.455440e-02	5.685660e-03	2.720410e-02
294           	6.108390e-02	2.513250e-02	6.047110e-03	2.787230e-02
295           	6.341910e-02	2.566040e-02	6.629220e-03	2.917060e-02
296           	6.744500e-02	2.692890e-02	7.088480e-03	3.111730e-02
297           	7.158450e-02	2.856650e-02	7.465650e-03	3.259000e-02
298           	7.500660e-02	3.030530e-02	7.810570e-03	3.457760e-02
299           	7.650550e-02	3.163980e-02	8.303010e-03	3.685250e-02
300           	7.835290e-02	3.350420e-02	8.811670e-03	3.855510e-02
301           	8.109390e-02	3.610520e-02	9.426770e-03	4.138620e-02
302           	8.481010e-02	3.908660e-02	9.949980e-03	4.368320e-02
303           	8.962350e-02	4.257000e-02	1.035540e-02	4.493520e-02
304           	9.334650e-02	4.411210e-02	1.065960e-02	4.529420e-02
305           	9.243540e-02	4.449960e-02	1.071570e-02	4.637630e-02
306           	8.818990e-02	4.589740e-02	1.058990e-02	4.695590e-02
307           	8.767340e-02	4.556210e-02	1.092310e-02	4.714090e-02
308           	8.583030e-02	4.753180e-02	1.147980e-02	5.026620e-02
309           	8.424730e-02	4.827480e-02	1.170840e-02	5.174260e-02
310           	8.493900e-02	4.700660e-02	1.136550e-02	5.082610e-02
311           	8.584600e-02	4.456870e-02	1.119600e-02	4.892820e-02
312           	8.260940e-02	4.152550e-02	1.067770e-02	4.543620e-02
313           	7.756880e-02	3.808220e-02	9.811040e-03	4.118670e-02
314           	7.330030e-02	3.390650e-02	9.034390e-03	3.801440e-02
315           	7.149280e-02	3.147220e-02	8.174390e-03	3.567730e-02
316           	7.144780e-02	3.052390e-02	7.485340e-03	3.257630e-02
317           	6.822810e-02	2.848810e-02	6.794190e-03	2.892870e-02
318           	6.490530e-02	2.619200e-02	6.222820e-03	2.627420e-02
319           	6.273910e-02	2.457880e-02	5.850580e-03	2.467700e-02
320           	6.079640e-02	2.397210e-02	5.672940e-03	2.363220e-02
321           	5.752400e-02	2.343950e-02	5.500740e-03	2.269410e-02
322           	5.399810e-02	2.305380e-02	5.268450e-03	2.213590e-02
323           	5.083910e-02	2.240880e-02	5.036510e-03	2.175840e-02
324           	4.897030e-02	2.182870e-02	4.819190e-03	2.155280e-02
325           	4.815680e-02	2.149200e-02	4.724020e-03	2.104290e-02
326           	4.876110e-02	2.129650e-02	4.793860e-03	2.094060e-02
327           	4.995980e-02	2.131930e-02	4.911140e-03	2.090890e-02
328           	5.073810e-02	2.152670e-02	5.097440e-03	2.111860e-02
329           	5.149940e-02	2.191110e-02	5.271350e-03	2.166850e-02
330           	5.222650e-02	2.244840e-02	5.381380e-03	2.289230e-02
331           	5.301790e-02	2.337480e-02	5.440150e-03	2.391670e-02
332           	5.473170e-02	2.457620e-02	5.531010e-03	2.461680e-02
333           	5.723180e-02	2.582560e-02	5.709060e-03	2.570470e-02
334           	5.995190e-02	2.706660e-02	6.021460e-03	2.681950e-02
335           	6.066770e-02	2.781830e-02	6.230770e-03	2.797870e-02
336           	6.034120e-02	2.790880e-02	6.249520e-03	2.853430e-02
337           	6.027510e-02	2.821300e-02	6.084760e-03	2.839780e-02
338           	6.081790e-02	2.846520e-02	6.016550e-03	2.793990e-02
339           	6.109960e-02	2.893090e-02	6.180120e-03	2.781080e-02
340           	6.067340e-02	2.948800e-02	6.349900e-03	2.800570e-02
341           	6.120340e-02	3.010490e-02	6.391140e-03	2.812860e-02
342           	6.431690e-02	3.074620e-02	6.433330e-03	2.829140e-02
343           	6.492750e-02	3.049930e-02	6.360670e-03	2.804840e-02
344           	6.541380e-02	2.913480e-02	6.180990e-03	2.723520e-02
345           	6.579540e-02	2.743090e-02	5.944210e-03	2.663550e-02
346           	6.629620e-02	2.538870e-02	5.750860e-03	2.644360e-02
347           	6.458390e-02	2.352370e-02	5.455520e-03	2.475010e-02
348           	6.019210e-02	2.220990e-02	5.016030e-03	2.224280e-02
349           	5.576670e-02	2.027810e-02	4.476200e-03	1.982880e-02
350           	5.097010e-02	1.814240e-02	4.007730e-03	1.800330e-02
351           	4.796750e-02	1.685420e-02	3.613690e-03	1.647410e-02
352           	4.655230e-02	1.596570e-02	3.373610e-03	1.537910e-02
353           	4.593650e-02	1.526530e-02	3.263730e-03	1.446840e-02
354           	4.552440e-02	1.509400e-02	3.195030e-03	1.413740e-02
355           	4.543000e-02	1.452750e-02	3.116580e-03	1.364740e-02
356           	4.515320e-02	1.390330e-02	3.056060e-03	1.331120e-02
357           	4.451920e-02	1.339870e-02	3.022460e-03	1.305510e-02
358           	4.319280e-02	1.310310e-02	2.942840e-03	1.297670e-02
359           	4.283350e-02	1.314490e-02	2.885600e-03	1.328750e-02
360           	4.318880e-02	1.334670e-02	2.893790e-03	1.363600e-02
361           	4.356340e-02	1.367740e-02	3.001900e-03	1.375290e-02
362           	4.408440e-02	1.402070e-02	3.218620e-03	1.410180e-02
363           	4.552090e-02	1.528220e-02	3.531070e-03	1.500710e-02
364           	4.741450e-02	1.692540e-02	3.941220e-03	1.610070e-02
365           	4.969490e-02	1.941930e-02	4.426030e-03	1.758680e-02
366           	5.254470e-02	2.223920e-02	5.024610e-03	1.975210e-02
367           	5.568810e-02	2.515290e-02	5.679000e-03	2.242560e-02
368           	5.900000e-02	2.825950e-02	6.378590e-03	2.558160e-02
369           	6.136520e-02	3.181810e-02	7.180130e-03	2.939030e-02
370           	6.380320e-02	3.593600e-02	8.138170e-03	3.343930e-02
371           	6.756520e-02	4.040090e-02	9.295650e-03	3.917300e-02
372           	7.330120e-02	4.478550e-02	1.054010e-02	4.430820e-02
373           	7.660990e-02	4.778650e-02	1.176520e-02	4.935450e-02
374           	7.796890e-02	4.956120e-02	1.273060e-02	5.274080e-02
375           	8.020590e-02	4.987920e-02	1.314130e-02	5.406920e-02
376           	7.976240e-02	4.938380e-02	1.309280e-02	5.302670e-02
377           	7.630470e-02	5.032520e-02	1.301470e-02	5.012250e-02
378           	7.277130e-02	5.233260e-02	1.260640e-02	4.698320e-02
379           	7.163340e-02	5.322270e-02	1.193250e-02	4.461660e-02
380           	7.378820e-02	5.167540e-02	1.116670e-02	4.303190e-02
381           	7.436640e-02	4.796090e-02	1.024850e-02	4.153940e-02
382           	6.993500e-02	4.362100e-02	9.349910e-03	3.935150e-02
383           	6.477850e-02	3.862690e-02	8.602660e-03	3.594320e-02
384           	5.885350e-02	3.435850e-02	7.771940e-03	3.165130e-02
385           	5.484730e-02	3.078700e-02	6.867070e-03	2.789800e-02
386           	5.367450e-02	2.813640e-02	6.210740e-03	2.528300e-02
387           	5.398200e-02	2.629940e-02	5.770210e-03	2.330390e-02
388           	5.420240e-02	2.492690e-02	5.408530e-03	2.267900e-02
389           	5.462580e-02	2.429400e-02	5.172960e-03	2.266980e-02
390           	5.518120e-02	2.389230e-02	5.095560e-03	2.271140e-02
391           	5.524370e-02	2.329060e-02	4.992420e-03	2.230710e-02
392           	5.477390e-02	2.261140e-02	4.878660e-03	2.171860e-02
393           	5.335650e-02	2.189470e-02	4.743480e-03	2.101300e-02
394           	5.118800e-02	2.111190e-02	4.621450e-03	2.035650e-02
395           	4.924420e-02	2.055200e-02	4.527380e-03	1.978040e-02
396           	4.782190e-02	2.010220e-02	4.496900e-03	1.946160e-02
397           	4.711680e-02	1.986110e-02	4.522010e-03	1.940320e-02
398           	4.727280e-02	1.990210e-02	4.532350e-03	2.003040e-02
399           	4.763310e-02	2.005700e-02	4.557800e-03	2.071370e-02
400           	4.836870e-02	2.046610e-02	4.573690e-03	2.124010e-02
401           	4.872670e-02	2.053880e-02	4.637340e-03	2.153450e-02
402           	4.968450e-02	2.090600e-02	4.765590e-03	2.196000e-02
403           	5.109670e-02	2.185370e-02	4.937240e-03	2.277190e-02
404           	5.358720e-02	2.289920e-02	5.162430e-03	2.386220e-02
405           	5.545470e-02	2.469550e-02	5.485730e-03	2.553560e-02
406           	5.681400e-02	2.604110e-02	5.871570e-03	2.672350e-02
407           	5.836200e-02	2.718570e-02	6.346100e-03	2.785250e-02
408           	6.193790e-02	2.857270e-02	6.965650e-03	2.965290e-02
409           	6.655750e-02	3.007230e-02	7.719090e-03	3.239730e-02
410           	7.132370e-02	3.219320e-02	8.677470e-03	3.596050e-02
411           	7.627060e-02	3.617440e-02	9.936200e-03	4.044330e-02
412           	7.898160e-02	4.235540e-02	1.136090e-02	4.500550e-02
413           	7.911350e-02	4.963020e-02	1.262010e-02	5.009700e-02
414           	8.022620e-02	5.788330e-02	1.380670e-02	5.462130e-02
415           	8.219380e-02	6.441730e-02	1.497110e-02	5.773050e-02
416           	8.505620e-02	7.030210e-02	1.607350e-02	6.196130e-02
417           	9.232210e-02	7.179640e-02	1.680660e-02	6.708530e-02
418           	9.417160e-02	6.788700e-02	1.693170e-02	6.861560e-02
419           	9.167260e-02	6.077610e-02	1.645160e-02	6.359620e-02
420           	8.468190e-02	5.431830e-02	1.519230e-02	5.708650e-02
421           	7.576330e-02	5.041290e-02	1.330590e-02	4.944640e-02
422           	7.063520e-02	4.873850e-02	1.159580e-02	4.377390e-02
423           	6.936360e-02	4.715160e-02	1.021950e-02	4.102500e-02
424           	7.084460e-02	4.535380e-02	9.111960e-03	3.886270e-02
425           	7.042650e-02	4.271370e-02	8.182320e-03	3.684950e-02
426           	6.599560e-02	3.902010e-02	7.646430e-03	3.401830e-02
427           	6.226730e-02	3.588580e-02	7.221890e-03	3.117520e-02
428           	5.961900e-02	3.228770e-02	6.880760e-03	2.889750e-02
429           	5.914470e-02	2.983750e-02	6.581900e-03	2.730830e-02
430           	5.835590e-02	2.786210e-02	6.282310e-03	2.540890e-02
431           	5.865980e-02	2.641330e-02	6.045910e-03	2.496620e-02
432           	5.872150e-02	2.522180e-02	5.861920e-03	2.515450e-02
433           	5.881990e-02	2.425290e-02	5.692570e-03	2.628430e-02
434           	5.803440e-02	2.361220e-02	5.592890e-03	2.647130e-02
435           	5.750970e-02	2.357620e-02	5.616920e-03	2.642520e-02
436           	5.725880e-02	2.418650e-02	5.748620e-03	2.658730e-02
437           	5.825370e-02	2.528530e-02	6.025010e-03	2.691300e-02
438           	5.967870e-02	2.664890e-02	6.456620e-03	2.747910e-02
439           	6.261780e-02	2.806630e-02	6.959920e-03	2.802450e-02
440           	6.557200e-02	2.964630e-02	7.562550e-03	2.913060e-02
441           	7.163030e-02	3.230170e-02	8.180990e-03	3.095600e-02
442           	7.782120e-02	3.491890e-02	8.986090e-03	3.386390e-02
443           	8.304520e-02	3.952170e-02	1.016980e-02	3.852620e-02
444           	8.633300e-02	4.682460e-02	1.156750e-02	4.427450e-02
445           	9.033760e-02	5.560320e-02	1.309670e-02	5.118040e-02
446           	9.046490e-02	6.235220e-02	1.444850e-02	5.811490e-02
447           	8.686440e-02	6.686350e-02	1.576500e-02	6.314320e-02
448           	8.662740e-02	6.863100e-02	1.672850e-02	6.477970e-02
449           	8.694760e-02	6.600800e-02	1.724430e-02	6.354090e-02
450           	8.502490e-02	5.876820e-02	1.702540e-02	6.006510e-02
451           	8.072810e-02	5.194540e-02	1.594540e-02	5.422090e-02
452           	7.680960e-02	4.819130e-02	1.438490e-02	4.893780e-02
453           	7.175940e-02	4.866820e-02	1.264240e-02	4.709690e-02
454           	6.861450e-02	4.765660e-02	1.111180e-02	4.562540e-02
455           	6.754240e-02	4.387720e-02	9.762420e-03	4.345490e-02
456           	6.554830e-02	3.917180e-02	8.751920e-03	4.091420e-02
457           	6.337500e-02	3.482160e-02	7.953860e-03	3.828560e-02
458           	6.316880e-02	3.198520e-02	7.322310e-03	3.552810e-02
459           	6.142380e-02	2.907630e-02	6.769570e-03	3.287660e-02
460           	6.104020e-02	2.762330e-02	6.325600e-03	3.023470e-02
461           	6.053420e-02	2.682620e-02	6.090540e-03	2.764570e-02
462           	6.039010e-02	2.626260e-02	5.949750e-03	2.613970e-02
463           	5.956730e-02	2.551940e-02	5.850570e-03	2.511270e-02
464           	5.782450e-02	2.446520e-02	5.700280e-03	2.446170e-02
465           	5.627440e-02	2.344120e-02	5.506610e-03	2.404350e-02
466           	5.457680e-02	2.202430e-02	5.343570e-03	2.364900e-02
467           	5.279270e-02	2.097200e-02	5.202530e-03	2.322240e-02
468           	5.145490e-02	2.059820e-02	5.038560e-03	2.266360e-02
469           	5.119500e-02	2.044200e-02	4.904230e-03	2.219060e-02
470           	5.063370e-02	2.013200e-02	4.757590e-03	2.193590e-02
471           	5.057210e-02	1.974440e-02	4.641860e-03	2.178480e-02
472           	5.152390e-02	1.966330e-02	4.605240e-03	2.164440e-02
473           	5.158550e-02	1.996890e-02	4.591350e-03	2.138380e-02
474           	5.189070e-02	1.978760e-02	4.631800e-03	2.107720e-02
475           	5.384210e-02	1.956080e-02	4.633160e-03	2.133810e-02
476           	5.509380e-02	1.944400e-02	4.676230e-03	2.124540e-02
477           	5.618720e-02	2.003140e-02	4.696170e-03	2.167570e-02
478           	5.621960e-02	2.068610e-02	4.834640e-03	2.240410e-02
479           	5.682170e-02	2.071020e-02	5.127190e-03	2.275090e-02
480           	5.849420e-02	2.137710e-02	5.536270e-03	2.384520e-02
481           	6.058540e-02	2.280360e-02	5.945640e-03	2.608360e-02
482           	6.208810e-02	2.518960e-02	6.385760e-03	2.874760e-02
483           	6.563510e-02	2.892420e-02	7.035520e-03	3.227750e-02
484           	6.883940e-02	3.364470e-02	7.913440e-03	3.647900e-02
485           	7.323550e-02	3.892690e-02	8.920280e-03	4.129120e-02
486           	7.826260e-02	4.556490e-02	1.025660e-02	4.649020e-02
487           	8.331030e-02	5.228740e-02	1.139140e-02	5.138010e-02
488           	8.630430e-02	5.697500e-02	1.260640e-02	5.494660e-02
489           	8.702870e-02	5.959950e-02	1.379040e-02	5.789840e-02
490           	8.671910e-02	6.179140e-02	1.457460e-02	6.032340e-02
491           	8.435430e-02	5.996990e-02	1.451910e-02	5.811980e-02
492           	8.239340e-02	5.377010e-02	1.387270e-02	5.427940e-02
493           	7.891220e-02	4.848810e-02	1.273040e-02	5.095400e-02
494           	7.504800e-02	4.531440e-02	1.154490e-02	4.770260e-02
495           	7.218630e-02	4.549830e-02	1.074020e-02	4.508260e-02
496           	7.503970e-02	4.682870e-02	1.035230e-02	4.381840e-02
497           	7.638310e-02	4.609190e-02	9.930060e-03	4.284260e-02
498           	7.716670e-02	4.310750e-02	9.452880e-03	4.167970e-02
499           	7.571500e-02	3.983880e-02	8.947750e-03	4.071440e-02
500           	7.428870e-02	3.806360e-02	8.594680e-03	3.928520e-02
501           	7.432710e-02	3.566190e-02	8.213900e-03	3.685490e-02
502           	7.189710e-02	3.324030e-02	7.846070e-03	3.283180e-02
503           	7.045850e-02	3.176400e-02	7.475130e-03	3.082410e-02
504           	6.876760e-02	3.031340e-02	7.181580e-03	2.944610e-02
505           	6.681240e-02	2.890290e-02	6.983760e-03	2.947820e-02
506           	6.483470e-02	2.823700e-02	6.751080e-03	2.936610e-02
507           	6.377000e-02	2.788540e-02	6.656890e-03	2.906010e-02
508           	6.297400e-02	2.821600e-02	6.605980e-03	2.900420e-02
509           	6.144300e-02	2.753740e-02	6.458670e-03	2.835200e-02
510           	5.958660e-02	2.633390e-02	6.309350e-03	2.720780e-02
511           	5.776910e-02	2.548690e-02	6.130510e-03	2.676640e-02
512           	5.763390e-02	2.502880e-02	6.063170e-03	2.663920e-02
513           	5.909990e-02	2.445870e-02	5.992390e-03	2.646610e-02
514           	6.001060e-02	2.360590e-02	5.804810e-03	2.594990e-02
515           	6.077210e-02	2.223910e-02	5.416790e-03	2.443480e-02
516           	6.062870e-02	2.116670e-02	5.042740e-03	2.312060e-02
517           	6.005720e-02	2.042340e-02	4.660670e-03	2.166570e-02
518           	5.949270e-02	2.019180e-02	4.407790e-03	2.076290e-02
519           	5.801350e-02	2.063430e-02	4.298130e-03	2.045210e-02
520           	5.856570e-02	2.138610e-02	4.358980e-03	2.057560e-02
521           	5.994620e-02	2.224230e-02	4.595580e-03	2.098830e-02
522           	6.220080e-02	2.375150e-02	4.832570e-03	2.195640e-02
523           	6.401380e-02	2.461260e-02	5.122150e-03	2.222470e-02
524           	6.429560e-02	2.587720e-02	5.511630e-03	2.313300e-02
525           	6.571570e-02	2.648450e-02	5.923210e-03	2.472240e-02
526           	6.686350e-02	2.707160e-02	6.288580e-03	2.609890e-02
527           	6.865670e-02	2.771960e-02	6.658070e-03	2.826860e-02
528           	6.999470e-02	2.987500e-02	7.308330e-03	3.090550e-02
529           	7.252600e-02	3.427830e-02	8.282120e-03	3.450520e-02
530           	7.621630e-02	4.121780e-02	9.873540e-03	3.984650e-02
531           	7.981170e-02	4.985750e-02	1.165650e-02	4.723120e-02
532           	8.177250e-02	5.843950e-02	1.347970e-02	5.377050e-02
533           	8.276170e-02	6.482120e-02	1.531450e-02	6.013780e-02
534           	8.440650e-02	6.905000e-02	1.695710e-02	6.453540e-02
535           	9.058870e-02	7.029160e-02	1.760160e-02	6.469760e-02
536           	9.130860e-02	6.374510e-02	1.724290e-02	5.953250e-02
537           	8.481160e-02	5.566850e-02	1.603140e-02	5.368910e-02
538           	7.555030e-02	5.058300e-02	1.419290e-02	4.819420e-02
539           	7.013700e-02	4.799160e-02	1.233120e-02	4.327310e-02
540           	6.924090e-02	4.640440e-02	1.077120e-02	4.074030e-02
541           	6.862280e-02	4.356580e-02	9.589890e-03	3.880840e-02
542           	6.774550e-02	4.078860e-02	8.568130e-03	3.708630e-02
543           	6.607450e-02	3.738720e-02	7.713700e-03	3.483430e-02
544           	6.599550e-02	3.435720e-02	7.126780e-03	3.301040e-02
545           	6.516340e-02	3.152920e-02	6.589610e-03	3.034280e-02
546           	6.235330e-02	2.952220e-02	6.175520e-03	2.698000e-02
547           	6.007250e-02	2.770490e-02	5.945980e-03	2.514350e-02
548           	5.748540e-02	2.663470e-02	5.888700e-03	2.445280e-02
549           	5.684830e-02	2.655610e-02	5.924260e-03	2.444350e-02
550           	5.850450e-02	2.645400e-02	5.975450e-03	2.439930e-02
551           	5.885610e-02	2.623180e-02	5.939610e-03	2.476600e-02
552           	5.812120e-02	2.545490e-02	5.753860e-03	2.458520e-02
553           	5.732000e-02	2.445990e-02	5.547100e-03	2.363790e-02
554           	5.701020e-02	2.309940e-02	5.367630e-03	2.268050e-02
555           	5.609110e-02	2.148090e-02	5.252300e-03	2.186890e-02
556           	5.503050e-02	2.054140e-02	5.152170e-03	2.149030e-02
557           	5.409930e-02	1.973590e-02	5.155660e-03	2.131350e-02
558           	5.322530e-02	1.930800e-02	5.158190e-03	2.113030e-02
559           	5.348680e-02	1.974660e-02	5.271110e-03	2.145400e-02
560           	5.451600e-02	2.083000e-02	5.530530e-03	2.271220e-02
561           	5.605490e-02	2.213170e-02	5.963180e-03	2.419510e-02
562           	5.817170e-02	2.452790e-02	6.556450e-03	2.657060e-02
563           	6.174770e-02	2.824610e-02	7.299590e-03	2.952950e-02
564           	6.639910e-02	3.258280e-02	8.139500e-03	3.313390e-02
565           	7.240790e-02	3.835490e-02	9.196290e-03	3.802480e-02
566           	7.719060e-02	4.508270e-02	1.039650e-02	4.301470e-02
567           	8.165550e-02	5.181220e-02	1.166780e-02	4.770260e-02
568           	8.478490e-02	5.763060e-02	1.283270e-02	5.154540e-02
569           	8.603060e-02	6.064850e-02	1.376500e-02	5.525430e-02
570           	8.409680e-02	5.928190e-02	1.406650e-02	5.651490e-02
571           	8.057570e-02	5.591690e-02	1.372180e-02	5.480120e-02
572           	7.501380e-02	5.185900e-02	1.285570e-02	5.281010e-02
573           	7.128900e-02	4.644230e-02	1.211070e-02	4.928930e-02
574           	7.079670e-02	4.194870e-02	1.132560e-02	4.488750e-02
575           	7.215530e-02	4.177360e-02	1.070300e-02	4.244510e-02
576           	7.284380e-02	4.391350e-02	1.038300e-02	4.173520e-02
577           	7.426910e-02	4.635570e-02	1.030040e-02	4.191250e-02
578           	7.518650e-02	4.704230e-02	1.026980e-02	4.244170e-02
579           	7.693920e-02	4.519120e-02	9.906820e-03	4.240390e-02
580           	7.996690e-02	4.280070e-02	9.343530e-03	4.201630e-02
581           	8.188970e-02	4.002300e-02	8.703320e-03	4.010330e-02
582           	7.733960e-02	3.713850e-02	8.270390e-03	3.698360e-02
583           	6.858580e-02	3.528340e-02	8.057210e-03	3.344700e-02
584           	6.287930e-02	3.321920e-02	7.578620e-03	3.092670e-02
585           	6.021070e-02	3.064070e-02	7.148940e-03	2.891340e-02
586           	6.025530e-02	2.905590e-02	6.744170e-03	2.764070e-02
587           	6.161660e-02	2.942920e-02	6.407510e-03	2.735700e-02
588           	6.162720e-02	2.937830e-02	6.110140e-03	2.723240e-02
589           	5.940670e-02	2.827470e-02	5.909290e-03	2.657050e-02
590           	5.698870e-02	2.672510e-02	5.782140e-03	2.605530e-02
591           	5.540400e-02	2.527850e-02	5.778270e-03	2.580270e-02
592           	5.655340e-02	2.440140e-02	5.835210e-03	2.566880e-02
593           	5.819550e-02	2.359190e-02	6.028100e-03	2.558360e-02
594           	6.024550e-02	2.363980e-02	6.254680e-03	2.565100e-02
595           	6.266040e-02	2.459900e-02	6.572010e-03	2.613330e-02
596           	6.405800e-02	2.563530e-02	6.769040e-03	2.640420e-02
597           	6.542550e-02	2.682390e-02	6.867810e-03	2.661740e-02
598           	6.646120e-02	2.829050e-02	7.121440e-03	2.806850e-02
599           	6.800640e-02	2.980840e-02	7.618340e-03	3.003880e-02
600           	7.048400e-02	3.219720e-02	8.442090e-03	3.337290e-02
601           	7.367220e-02	3.620060e-02	9.550970e-03	3.845740e-02
602           	7.737750e-02	4.177660e-02	1.107120e-02	4.388770e-02
603           	7.843780e-02	4.961140e-02	1.297150e-02	5.068930e-02
604           	7.993170e-02	5.852350e-02	1.500830e-02	5.727380e-02
605           	8.321220e-02	6.726100e-02	1.700690e-02	6.498860e-02
606           	8.549020e-02	7.472310e-02	1.891690e-02	6.954250e-02
607           	8.667030e-02	7.960080e-02	1.996700e-02	7.123990e-02
608           	8.914410e-02	7.878530e-02	1.999160e-02	7.018580e-02
609           	8.658640e-02	7.001730e-02	1.906190e-02	6.502810e-02
610           	8.018240e-02	6.101690e-02	1.731670e-02	5.941690e-02
611           	7.397270e-02	5.360520e-02	1.501970e-02	5.481860e-02
612           	7.008310e-02	4.926810e-02	1.284760e-02	5.020240e-02
613           	6.990020e-02	4.794570e-02	1.131210e-02	4.679840e-02
614           	7.284150e-02	4.710980e-02	1.010670e-02	4.437360e-02
615           	7.293720e-02	4.395300e-02	9.004120e-03	4.160200e-02
616           	6.972540e-02	3.953740e-02	8.405440e-03	3.856090e-02
617           	6.729930e-02	3.670090e-02	8.069980e-03	3.599010e-02
618           	6.698000e-02	3.442050e-02	7.660010e-03	3.336320e-02
619           	6.500250e-02	3.131780e-02	7.074270e-03	3.053440e-02
620           	6.165820e-02	2.831320e-02	6.563060e-03	2.782390e-02
621           	5.786970e-02	2.648950e-02	6.266110e-03	2.644550e-02
622           	5.540000e-02	2.528570e-02	6.099790e-03	2.588320e-02
623           	5.363850e-02	2.435190e-02	5.974720e-03	2.585940e-02
624           	5.400260e-02	2.364680e-02	5.767400e-03	2.592140e-02
625           	5.482730e-02	2.337590e-02	5.536340e-03	2.576270e-02
626           	5.619440e-02	2.272930e-02	5.313990e-03	2.528260e-02
627           	5.739820e-02	2.201350e-02	5.171580e-03	2.454130e-02
628           	5.805400e-02	2.160850e-02	5.078650e-03	2.404190e-02
629           	5.671390e-02	2.114430e-02	4.922350e-03	2.345850e-02
630           	5.467300e-02	2.112410e-02	4.732280e-03	2.250030e-02
631           	5.340000e-02	2.070520e-02	4.589180e-03	2.166500e-02
632           	5.281440e-02	1.993920e-02	4.447760e-03	2.110140e-02
633           	5.257090e-02	1.961810e-02	4.341930e-03	2.106230e-02
634           	5.158070e-02	1.979220e-02	4.269780e-03	2.104770e-02
635           	5.105800e-02	1.947740e-02	4.216200e-03	2.038840e-02
636           	4.971240e-02	1.874640e-02	4.167330e-03	1.949750e-02
637           	4.850010e-02	1.822350e-02	4.037910e-03	1.857950e-02
638           	4.808150e-02	1.778120e-02	3.871340e-03	1.734390e-02
639           	4.790310e-02	1.711360e-02	3.722960e-03	1.644670e-02
640           	4.808860e-02	1.671990e-02	3.657430e-03	1.617310e-02
641           	4.783900e-02	1.705410e-02	3.667650e-03	1.682740e-02
642           	4.804180e-02	1.737100e-02	3.835990e-03	1.758390e-02
643           	4.891780e-02	1.777310e-02	4.105550e-03	1.865110e-02
644           	4.992090e-02	1.853430e-02	4.337270e-03	1.984030e-02
645           	4.997020e-02	1.956980e-02	4.585530e-03	2.110510e-02
646           	4.961510e-02	2.116500e-02	4.824350e-03	2.194990e-02
647           	5.046650e-02	2.286580e-02	5.124600e-03	2.258920e-02
648           	5.190770e-02	2.493510e-02	5.305910e-03	2.353220e-02
649           	5.274490e-02	2.659520e-02	5.579850e-03	2.446610e-02
650           	5.436100e-02	2.794630e-02	5.949380e-03	2.575180e-02
651           	5.640740e-02	2.984380e-02	6.306970e-03	2.806250e-02
652           	5.998740e-02	3.056340e-02	6.828580e-03	2.948420e-02
653           	6.257070e-02	3.155260e-02	7.217700e-03	3.066030e-02
654           	6.378350e-02	3.131110e-02	7.305640e-03	3.105860e-02
655           	6.376500e-02	3.026740e-02	7.220400e-03	3.014660e-02
656           	6.195580e-02	2.956430e-02	7.009740e-03	2.872580e-02
657           	6.092530e-02	2.838520e-02	6.669770e-03	2.755580e-02
658           	5.922820e-02	2.653910e-02	6.232080e-03	2.548660e-02
659           	5.938690e-02	2.503350e-02	5.740460e-03	2.404300e-02
660           	6.148460e-02	2.370990e-02	5.468850e-03	2.256820e-02
661           	6.168220e-02	2.287220e-02	5.270510e-03	2.177500e-02
662           	5.999790e-02	2.237590e-02	5.104230e-03	2.137010e-02
663           	5.795220e-02	2.202290e-02	5.025100e-03	2.110850e-02
664           	5.809970e-02	2.213170e-02	4.906930e-03	2.055550e-02
665           	5.827110e-02	2.052610e-02	4.752970e-03	1.981590e-02
666           	5.462870e-02	1.907600e-02	4.484840e-03	1.858930e-02
667           	5.164860e-02	1.836490e-02	4.146750e-03	1.782580e-02
668           	4.860140e-02	1.831050e-02	3.924950e-03	1.737050e-02
669           	4.548380e-02	1.862410e-02	3.966210e-03	1.774420e-02
670           	4.408310e-02	1.984650e-02	4.215670e-03	1.896630e-02
671           	4.456150e-02	2.156790e-02	4.608890e-03	2.095040e-02
672           	4.695280e-02	2.394390e-02	5.145730e-03	2.314960e-02
673           	5.060440e-02	2.707440e-02	5.808800e-03	2.586690e-02
674           	5.568020e-02	3.083760e-02	6.636280e-03	2.912420e-02
675           	5.923670e-02	3.500280e-02	7.584100e-03	3.302110e-02
676           	6.187330e-02	3.855790e-02	8.465410e-03	3.645410e-02
677           	6.686870e-02	4.157300e-02	9.479860e-03	4.139940e-02
678           	7.110390e-02	4.459690e-02	1.068170e-02	4.689760e-02
679           	7.647020e-02	4.682750e-02	1.143250e-02	4.990110e-02
680           	7.887500e-02	4.659710e-02	1.171750e-02	5.003460e-02
681           	7.644960e-02	4.672750e-02	1.178740e-02	4.923910e-02
682           	7.629100e-02	4.962940e-02	1.170380e-02	4.756770e-02
683           	7.603130e-02	5.144800e-02	1.154490e-02	4.503910e-02
684           	7.667910e-02	5.321000e-02	1.135350e-02	4.439770e-02
685           	7.758900e-02	5.128200e-02	1.082440e-02	4.387460e-02
686           	7.712910e-02	4.778080e-02	1.006720e-02	4.233150e-02
687           	7.337370e-02	4.259350e-02	9.286330e-03	3.983450e-02
688           	6.892710e-02	3.824050e-02	8.611300e-03	3.621110e-02
689           	6.392890e-02	3.462560e-02	8.109130e-03	3.236300e-02
690           	6.048200e-02	3.174600e-02	7.301530e-03	2.907720e-02
691           	5.877340e-02	2.941630e-02	6.645680e-03	2.660840e-02
692           	5.801310e-02	2.813460e-02	6.247640e-03	2.510460e-02
693           	5.819880e-02	2.743900e-02	6.121790e-03	2.483980e-02
694           	5.792200e-02	2.765670e-02	6.093950e-03	2.493430e-02
695           	5.766180e-02	2.796290e-02	6.002660e-03	2.556450e-02
696           	5.815190e-02	2.778820e-02	6.005460e-03	2.526900e-02
697           	5.813590e-02	2.706260e-02	5.980300e-03	2.501810e-02
698           	5.742000e-02	2.640160e-02	5.810230e-03	2.526830e-02
699           	5.647880e-02	2.532520e-02	5.581610e-03	2.496520e-02
700           	5.466240e-02	2.425350e-02	5.307100e-03	2.430320e-02
701           	5.392640e-02	2.338610e-02	5.097880e-03	2.356570e-02
702           	5.403450e-02	2.234370e-02	5.034580e-03	2.298430e-02
703           	5.354480e-02	2.217080e-02	4.985370e-03	2.274170e-02
704           	5.340180e-02	2.221470e-02	4.930450e-03	2.277540e-02
705           	5.422900e-02	2.274650e-02	4.783560e-03	2.341700e-02
706           	5.480780e-02	2.272650e-02	4.681260e-03	2.335180e-02
707           	5.556800e-02	2.217330e-02	4.659880e-03	2.301410e-02
708           	5.639490e-02	2.165990e-02	4.777860e-03	2.272490e-02
709           	5.586730e-02	2.132530e-02	5.031610e-03	2.288370e-02
710           	5.677220e-02	2.238270e-02	5.281910e-03	2.340750e-02
711           	5.725120e-02	2.336310e-02	5.708180e-03	2.458790e-02
712           	5.784590e-02	2.511240e-02	6.028020e-03	2.576950e-02
713           	5.862750e-02	2.577200e-02	6.378530e-03	2.706230e-02
714           	6.027460e-02	2.699730e-02	6.632980e-03	2.816200e-02
715           	6.172850e-02	2.773370e-02	6.850220e-03	2.827960e-02
716           	6.342050e-02	2.819950e-02	7.231090e-03	2.819060e-02
717           	6.365660e-02	2.926710e-02	7.732150e-03	2.858150e-02
718           	6.804660e-02	3.106330e-02	8.162170e-03	3.026580e-02
719           	7.318690e-02	3.245230e-02	8.604370e-03	3.202110e-02
720           	7.751880e-02	3.458800e-02	8.904830e-03	3.363450e-02
721           	7.961110e-02	3.882520e-02	9.545390e-03	3.823120e-02
722           	8.161120e-02	4.503260e-02	1.056710e-02	4.317580e-02
723           	8.388330e-02	5.182900e-02	1.156280e-02	4.787460e-02
724           	8.673940e-02	5.634980e-02	1.267760e-02	5.244070e-02
725           	8.961640e-02	5.960260e-02	1.403370e-02	5.802100e-02
726           	9.219890e-02	6.313420e-02	1.519470e-02	6.224690e-02
727           	9.236500e-02	6.228800e-02	1.566060e-02	6.116970e-02
728           	9.007730e-02	5.831780e-02	1.550320e-02	5.651040e-02
729           	8.357490e-02	5.233000e-02	1.425870e-02	5.147150e-02
730           	7.736320e-02	4.846740e-02	1.286910e-02	4.592000e-02
731           	7.425370e-02	4.789440e-02	1.111900e-02	4.239080e-02
732           	7.501930e-02	4.630290e-02	9.779310e-03	3.983590e-02
733           	7.322280e-02	4.313810e-02	8.788950e-03	3.728660e-02
734           	7.032890e-02	3.905990e-02	7.950150e-03	3.429370e-02
735           	6.679380e-02	3.520120e-02	7.433260e-03	3.116120e-02
736           	6.441720e-02	3.136530e-02	6.941540e-03	2.842510e-02
737           	6.203410e-02	2.746880e-02	6.412090e-03	2.527430e-02
738           	5.928430e-02	2.452290e-02	5.704390e-03	2.218620e-02
739           	5.587750e-02	2.206960e-02	5.086350e-03	2.011360e-02
740           	5.203480e-02	2.009710e-02	4.691720e-03	1.926660e-02
741           	4.894640e-02	1.872200e-02	4.537400e-03	1.946450e-02
742           	4.727340e-02	1.803230e-02	4.519920e-03	2.005470e-02
743           	4.601310e-02	1.791110e-02	4.676730e-03	2.106790e-02
744           	4.670670e-02	1.881650e-02	4.956250e-03	2.237420e-02
745           	4.843490e-02	2.025020e-02	5.398990e-03	2.427390e-02
746           	5.104330e-02	2.238190e-02	5.878970e-03	2.628200e-02
747           	5.462240e-02	2.509150e-02	6.432940e-03	2.848990e-02
748           	5.807140e-02	2.809120e-02	6.943680e-03	3.094950e-02
749           	6.154970e-02	3.128210e-02	7.459130e-03	3.334680e-02
750           	6.507970e-02	3.464400e-02	8.023750e-03	3.607800e-02
751           	6.744250e-02	3.933960e-02	8.571170e-03	3.940310e-02
752           	6.896830e-02	4.381660e-02	9.220000e-03	4.241190e-02
753           	7.104520e-02	4.741390e-02	9.983040e-03	4.622470e-02
754           	7.225350e-02	4.931720e-02	1.086160e-02	5.148370e-02
755           	7.604690e-02	5.019200e-02	1.177760e-02	5.337080e-02
756           	7.957530e-02	4.897090e-02	1.200920e-02	5.066340e-02
757           	7.966040e-02	4.617640e-02	1.179880e-02	4.669210e-02
758           	7.758650e-02	4.276620e-02	1.145250e-02	4.316030e-02
759           	7.323790e-02	4.172720e-02	1.088680e-02	4.075640e-02
760           	7.065270e-02	4.235560e-02	1.000350e-02	3.908460e-02
761           	7.259150e-02	4.175280e-02	9.240110e-03	3.744500e-02
762           	7.360810e-02	3.955210e-02	8.646280e-03	3.614170e-02
763           	7.225040e-02	3.692560e-02	8.182050e-03	3.468990e-02
764           	6.943330e-02	3.469470e-02	7.652840e-03	3.337470e-02
765           	6.889100e-02	3.223920e-02	7.192600e-03	3.112890e-02
766           	6.695060e-02	2.991070e-02	6.647350e-03	2.797590e-02
767           	6.289840e-02	2.773430e-02	6.149630e-03	2.517650e-02
768           	5.949930e-02	2.597880e-02	5.711160e-03	2.383640e-02
769           	5.692510e-02	2.446520e-02	5.482880e-03	2.308060e-02
770           	5.634690e-02	2.342010e-02	5.388190e-03	2.304400e-02
771           	5.698920e-02	2.274450e-02	5.325270e-03	2.327890e-02
772           	5.684560e-02	2.239120e-02	5.189580e-03	2.293990e-02
773           	5.543470e-02	2.194480e-02	5.010550e-03	2.201920e-02
774           	5.306780e-02	2.116510e-02	4.861270e-03	2.089920e-02
775           	5.150510e-02	2.036840e-02	4.696500e-03	1.960390e-02
776           	5.155250e-02	1.991120e-02	4.534840e-03	1.884710e-02
777           	5.150010e-02	1.936900e-02	4.367480e-03	1.890970e-02
778           	5.175990e-02	1.955330e-02	4.265680e-03	1.973830e-02
779           	5.155600e-02	1.955680e-02	4.233690e-03	1.984760e-02
780           	5.090540e-02	1.929700e-02	4.177650e-03	1.968090e-02
781           	5.036450e-02	1.900070e-02	4.156720e-03	1.956210e-02
782           	5.021010e-02	1.888230e-02	4.200870e-03	1.910460e-02
783           	5.090880e-02	1.918200e-02	4.373130e-03	1.852450e-02
784           	5.273800e-02	2.050380e-02	4.671060e-03	1.884200e-02
785           	5.464790e-02	2.190370e-02	5.101270e-03	2.012960e-02
786           	5.912430e-02	2.420390e-02	5.660640e-03	2.257470e-02
787           	6.392180e-02	2.641920e-02	6.198450e-03	2.516060e-02
788           	6.759210e-02	2.903790e-02	6.725560e-03	2.765980e-02
789           	6.936440e-02	3.153850e-02	7.232630e-03	2.981200e-02
790           	7.038980e-02	3.484820e-02	7.707970e-03	3.140960e-02
791           	7.280720e-02	3.734320e-02	8.080460e-03	3.284410e-02
792           	7.357730e-02	3.848930e-02	8.199580e-03	3.376490e-02
793           	7.290390e-02	3.858200e-02	8.145290e-03	3.392960e-02
794           	7.180140e-02	3.746380e-02	8.081950e-03	3.429470e-02
795           	7.110930e-02	3.564440e-02	8.223600e-03	3.485650e-02
796           	6.852660e-02	3.424610e-02	8.430600e-03	3.598890e-02
797           	6.723450e-02	3.330040e-02	8.401810e-03	3.687610e-02
798           	6.778210e-02	3.268350e-02	8.184860e-03	3.584210e-02
799           	6.851900e-02	3.203380e-02	7.831180e-03	3.454910e-02
800           	6.632800e-02	3.146210e-02	7.481580e-03	3.291930e-02
801           	6.353350e-02	3.100290e-02	7.141180e-03	3.066950e-02
802           	6.234480e-02	2.955910e-02	6.879290e-03	2.878120e-02
803           	6.409490e-02	2.763060e-02	6.508940e-03	2.735670e-02
804           	6.636680e-02	2.635630e-02	6.082770e-03	2.649720e-02
805           	6.626580e-02	2.579510e-02	5.732870e-03	2.538660e-02
806           	6.519710e-02	2.549210e-02	5.577330e-03	2.434240e-02
807           	6.411080e-02	2.545180e-02	5.701360e-03	2.349570e-02
808           	6.278080e-02	2.610030e-02	5.946190e-03	2.327800e-02
809           	6.228270e-02	2.683150e-02	6.202610e-03	2.376140e-02
810           	6.374010e-02	2.746310e-02	6.542880e-03	2.491340e-02
811           	6.407350e-02	2.823420e-02	6.860440e-03	2.665830e-02
812           	6.213590e-02	2.984800e-02	7.116850e-03	2.793710e-02
813           	6.176740e-02	3.192510e-02	7.482310e-03	3.002540e-02
814           	6.308020e-02	3.529330e-02	8.159080e-03	3.303060e-02
815           	6.480670e-02	3.992030e-02	9.069250e-03	3.772330e-02
816           	6.666600e-02	4.546510e-02	1.039430e-02	4.403610e-02
817           	7.129200e-02	5.121880e-02	1.186020e-02	4.977360e-02
818           	7.635930e-02	5.649030e-02	1.307680e-02	5.353500e-02
819           	7.810720e-02	5.960970e-02	1.410710e-02	5.500540e-02
820           	8.107240e-02	5.947340e-02	1.494950e-02	5.551550e-02
821           	8.122660e-02	5.607900e-02	1.530200e-02	5.530320e-02
822           	7.871020e-02	5.335270e-02	1.534890e-02	5.504600e-02
823           	7.482510e-02	5.345840e-02	1.494510e-02	5.184360e-02
824           	7.031480e-02	5.537700e-02	1.398580e-02	4.806350e-02
825           	6.887350e-02	5.511690e-02	1.285700e-02	4.567740e-02
826           	6.990450e-02	5.360960e-02	1.190620e-02	4.486780e-02
827           	7.127840e-02	5.066740e-02	1.095160e-02	4.404480e-02
828           	7.054400e-02	4.635740e-02	9.998340e-03	4.213920e-02
829           	6.827880e-02	4.210960e-02	9.297930e-03	3.979390e-02
830           	6.471630e-02	3.891350e-02	8.636840e-03	3.666220e-02
831           	6.049350e-02	3.531490e-02	7.901930e-03	3.311120e-02
832           	5.624640e-02	3.236160e-02	7.211800e-03	2.996340e-02
833           	5.404930e-02	3.004630e-02	6.619320e-03	2.784150e-02
834           	5.316460e-02	2.801990e-02	6.046430e-03	2.718570e-02
835           	5.346270e-02	2.676020e-02	5.797970e-03	2.666160e-02
836           	5.422320e-02	2.649710e-02	5.673300e-03	2.597260e-02
837           	5.431440e-02	2.618760e-02	5.696030e-03	2.616090e-02
838           	5.494370e-02	2.608330e-02	5.772920e-03	2.632080e-02
839           	5.590790e-02	2.653830e-02	5.871070e-03	2.594690e-02
840           	5.752200e-02	2.689980e-02	6.040010e-03	2.585210e-02
841           	5.842770e-02	2.707880e-02	6.216020e-03	2.601660e-02
842           	5.854550e-02	2.748460e-02	6.342950e-03	2.696310e-02
843           	5.883850e-02	2.788650e-02	6.457710e-03	2.785680e-02
844           	5.892330e-02	2.803700e-02	6.608930e-03	2.913860e-02
845           	5.891890e-02	2.874910e-02	6.953700e-03	3.124550e-02
846           	6.192790e-02	2.914650e-02	7.259730e-03	3.261820e-02
847           	6.432450e-02	2.992600e-02	7.673080e-03	3.274080e-02
848           	6.793950e-02	3.233770e-02	8.226290e-03	3.444470e-02
849           	7.200110e-02	3.466550e-02	8.944530e-03	3.684290e-02
850           	7.591000e-02	3.688410e-02	9.959960e-03	4.132600e-02
851           	8.020240e-02	4.003990e-02	1.115320e-02	4.594190e-02
852           	8.454090e-02	4.392720e-02	1.269910e-02	5.317920e-02
853           	8.816620e-02	5.049610e-02	1.428420e-02	5.958530e-02
854           	9.056180e-02	5.873090e-02	1.582960e-02	6.595030e-02
855           	9.442960e-02	6.583550e-02	1.713720e-02	6.925370e-02
856           	1.026360e-01	7.288930e-02	1.800280e-02	7.118270e-02
857           	1.037150e-01	7.768870e-02	1.830000e-02	7.084220e-02
858           	1.002720e-01	8.110570e-02	1.838920e-02	6.980710e-02
859           	9.908450e-02	8.057570e-02	1.798830e-02	6.955040e-02
860           	9.759230e-02	7.516560e-02	1.721250e-02	7.200000e-02
861           	9.739970e-02	6.662800e-02	1.674160e-02	7.263450e-02
862           	9.459990e-02	5.983900e-02	1.609590e-02	7.107890e-02
863           	8.778180e-02	5.709460e-02	1.511400e-02	6.430620e-02
864           	8.153740e-02	5.609230e-02	1.378130e-02	5.798820e-02
865           	8.012800e-02	5.593490e-02	1.283630e-02	5.434540e-02
866           	7.984430e-02	5.549860e-02	1.222820e-02	5.288360e-02
867           	7.905280e-02	5.543150e-02	1.169860e-02	5.317100e-02
868           	7.727440e-02	5.355160e-02	1.100170e-02	5.185940e-02
869           	7.629980e-02	5.164900e-02	1.031030e-02	4.958920e-02
870           	7.637760e-02	4.815650e-02	9.790690e-03	4.694720e-02
871           	7.441420e-02	4.406680e-02	9.089960e-03	4.357790e-02
872           	6.978730e-02	3.899450e-02	8.359380e-03	3.985070e-02
873           	6.718350e-02	3.407530e-02	7.729010e-03	3.640980e-02
874           	6.463570e-02	3.041270e-02	7.185320e-03	3.330210e-02
875           	6.241880e-02	2.847440e-02	6.794280e-03	3.105140e-02
876           	6.002040e-02	2.747220e-02	6.459150e-03	2.962680e-02
877           	5.917810e-02	2.623770e-02	6.085070e-03	2.793870e-02
878           	5.805770e-02	2.501490e-02	5.819950e-03	2.701110e-02
879           	5.571380e-02	2.403060e-02	5.703710e-03	2.643690e-02
880           	5.411850e-02	2.339590e-02	5.742820e-03	2.622680e-02
881           	5.444190e-02	2.363730e-02	5.820270e-03	2.669720e-02
882           	5.527870e-02	2.478210e-02	5.995680e-03	2.791870e-02
883           	5.615570e-02	2.639230e-02	6.293170e-03	2.973610e-02
884           	5.832280e-02	2.792780e-02	6.753670e-03	3.180040e-02
885           	6.144020e-02	2.978980e-02	7.332820e-03	3.442960e-02
886           	6.612010e-02	3.158670e-02	7.999410e-03	3.635030e-02
887           	7.200460e-02	3.316470e-02	8.623950e-03	3.797890e-02
888           	7.677830e-02	3.433710e-02	9.460030e-03	4.052340e-02
889           	7.864910e-02	3.885880e-02	1.027570e-02	4.483750e-02
890           	8.232050e-02	4.357270e-02	1.106700e-02	4.685340e-02
891           	8.620320e-02	5.167390e-02	1.207770e-02	5.321700e-02
892           	8.792470e-02	5.904980e-02	1.299460e-02	5.779230e-02
893           	8.664310e-02	6.383980e-02	1.428650e-02	6.253140e-02
894           	8.923220e-02	6.853720e-02	1.584170e-02	6.643140e-02
895           	9.438330e-02	6.911670e-02	1.645400e-02	6.828010e-02
896           	9.195810e-02	6.341980e-02	1.621710e-02	6.366270e-02
897           	8.334320e-02	5.432450e-02	1.546840e-02	5.586280e-02
898           	7.425510e-02	5.080760e-02	1.371800e-02	4.988190e-02
899           	6.985340e-02	5.038180e-02	1.193080e-02	4.534480e-02
900           	7.094540e-02	4.881750e-02	1.042880e-02	4.252780e-02
901           	7.198440e-02	4.554140e-02	9.427030e-03	4.000820e-02
902           	7.092720e-02	4.139280e-02	8.677700e-03	3.745180e-02
903           	6.838160e-02	3.811630e-02	8.184760e-03	3.614580e-02
904           	6.623460e-02	3.589700e-02	7.527080e-03	3.316650e-02
905           	6.333510e-02	3.327830e-02	7.005970e-03	3.014550e-02
906           	6.155470e-02	3.098170e-02	6.686120e-03	2.779990e-02
907           	6.041840e-02	2.907370e-02	6.478020e-03	2.673240e-02
908           	5.998530e-02	2.768140e-02	6.332370e-03	2.672110e-02
909           	5.952510e-02	2.757210e-02	6.251200e-03	2.721300e-02
910           	5.856080e-02	2.682790e-02	6.085840e-03	2.787930e-02
911           	5.642340e-02	2.587110e-02	5.829350e-03	2.762380e-02
912           	5.458980e-02	2.502850e-02	5.590480e-03	2.707510e-02
913           	5.363050e-02	2.417860e-02	5.430600e-03	2.670780e-02
914           	5.289130e-02	2.331100e-02	5.382800e-03	2.650310e-02
915           	5.256100e-02	2.308710e-02	5.338720e-03	2.634570e-02
916           	5.246480e-02	2.328190e-02	5.402710e-03	2.610880e-02
917           	5.258070e-02	2.411420e-02	5.678010e-03	2.696290e-02
918           	5.439230e-02	2.476970e-02	6.118500e-03	2.757920e-02
919           	5.800390e-02	2.664040e-02	6.669560e-03	2.924030e-02
920           	6.501010e-02	2.955670e-02	7.263580e-03	3.215410e-02
921           	7.412170e-02	3.221720e-02	7.822440e-03	3.397530e-02
922           	7.857730e-02	3.378880e-02	8.144450e-03	3.525510e-02
923           	8.056320e-02	3.491550e-02	8.251510e-03	3.530230e-02
924           	8.262370e-02	3.544930e-02	8.347040e-03	3.673720e-02
925           	8.369260e-02	3.720390e-02	8.585150e-03	3.850240e-02
926           	8.394690e-02	3.951730e-02	8.857840e-03	4.010540e-02
927           	8.202310e-02	4.205330e-02	9.296960e-03	4.247940e-02
928           	8.098290e-02	4.551240e-02	9.850600e-03	4.478800e-02
929           	8.287660e-02	4.923750e-02	1.047440e-02	4.805640e-02
930           	8.580070e-02	5.210580e-02	1.104380e-02	5.091100e-02
931           	8.766640e-02	5.174340e-02	1.119810e-02	5.160760e-02
932           	8.844100e-02	5.028830e-02	1.122940e-02	5.062410e-02
933           	8.533960e-02	4.697080e-02	1.120100e-02	4.866680e-02
934           	8.241570e-02	4.424890e-02	1.105070e-02	4.697200e-02
935           	8.043720e-02	4.221770e-02	1.063060e-02	4.417480e-02
936           	7.664790e-02	4.158590e-02	9.961470e-03	4.149560e-02
937           	7.224360e-02	4.131860e-02	9.168160e-03	3.884490e-02
938           	7.166580e-02	4.030860e-02	8.456390e-03	3.555620e-02
939           	7.310640e-02	3.842270e-02	7.941210e-03	3.243260e-02
940           	7.060560e-02	3.606650e-02	7.650080e-03	3.092380e-02
941           	6.829430e-02	3.502880e-02	7.145380e-03	2.990780e-02
942           	6.759700e-02	3.290980e-02	6.689460e-03	2.904120e-02
943           	6.599730e-02	3.055240e-02	6.237790e-03	2.789410e-02
944           	6.389400e-02	2.750690e-02	5.821050e-03	2.624430e-02
945           	6.108790e-02	2.466770e-02	5.524790e-03	2.414270e-02
946           	5.750970e-02	2.247520e-02	5.245590e-03	2.209230e-02
947           	5.525180e-02	2.114820e-02	5.051970e-03	2.081620e-02
948           	5.366850e-02	2.037480e-02	4.974220e-03	2.039330e-02
949           	5.363630e-02	2.018410e-02	4.957440e-03	2.044340e-02
950           	5.409480e-02	1.982460e-02	4.891100e-03	2.052750e-02
951           	5.397950e-02	1.961630e-02	4.778910e-03	2.073600e-02
952           	5.289130e-02	1.961130e-02	4.634470e-03	2.094370e-02
953           	5.207950e-02	2.006030e-02	4.535850e-03	2.130880e-02
954           	5.077550e-02	2.082200e-02	4.571630e-03	2.139330e-02
955           	4.993760e-02	2.164590e-02	4.723730e-03	2.203480e-02
956           	4.939370e-02	2.213970e-02	4.948470e-03	2.317970e-02
957           	4.976230e-02	2.334360e-02	5.224860e-03	2.477170e-02
958           	5.193600e-02	2.554110e-02	5.545100e-03	2.653090e-02
959           	5.448950e-02	2.780550e-02	5.916590e-03	2.869450e-02
960           	5.658230e-02	3.090570e-02	6.309090e-03	3.108270e-02
961           	5.881190e-02	3.341190e-02	6.768260e-03	3.306530e-02
962           	6.062450e-02	3.622520e-02	7.211770e-03	3.523050e-02
963           	6.605370e-02	3.768890e-02	7.852260e-03	3.667620e-02
964           	7.075700e-02	3.835070e-02	8.417730e-03	3.900790e-02
965           	7.380700e-02	3.791460e-02	8.893730e-03	3.984120e-02
966           	7.622920e-02	3.753190e-02	9.169040e-03	4.005860e-02
967           	7.746250e-02	3.670670e-02	8.974200e-03	3.833830e-02
968           	7.233440e-02	3.427440e-02	8.413730e-03	3.455930e-02
969           	6.704300e-02	3.189020e-02	7.914490e-03	3.152820e-02
970           	6.572120e-02	3.066240e-02	7.285330e-03	2.970170e-02
971           	6.866600e-02	3.017520e-02	6.896230e-03	2.888530e-02
972           	6.885760e-02	2.893240e-02	6.615550e-03	2.752780e-02
973           	6.769750e-02	2.659270e-02	6.220670e-03	2.528030e-02
974           	6.339660e-02	2.449000e-02	5.795490e-03	2.303830e-02
975           	6.041130e-02	2.310290e-02	5.350880e-03	2.139870e-02
976           	5.693890e-02	2.196980e-02	5.063240e-03	1.992890e-02
977           	5.416150e-02	2.115420e-02	4.812810e-03	1.915270e-02
978           	5.265910e-02	2.040400e-02	4.532790e-03	1.894850e-02
979           	5.222350e-02	1.975680e-02	4.391840e-03	1.898350e-02
980           	5.238500e-02	1.948410e-02	4.447730e-03	1.924750e-02
981           	5.340140e-02	1.958380e-02	4.638350e-03	1.964090e-02
982           	5.396230e-02	2.040120e-02	4.795530e-03	2.023190e-02
983           	5.522660e-02	2.127710e-02	4.965030e-03	2.102120e-02
984           	5.669460e-02	2.160530e-02	5.297520e-03	2.237610e-02
985           	5.986870e-02	2.259320e-02	5.678980e-03	2.387490e-02
986           	6.196700e-02	2.446430e-02	6.231320e-03	2.611180e-02
987           	6.528070e-02	2.723030e-02	6.771130e-03	2.875460e-02
988           	6.826560e-02	3.075050e-02	7.293490e-03	3.164900e-02
989           	6.932340e-02	3.410790e-02	7.751460e-03	3.429560e-02
990           	6.878360e-02	3.698410e-02	8.317040e-03	3.622830e-02
991           	6.911440e-02	3.960070e-02	9.107210e-03	3.915590e-02
992           	7.195240e-02	4.244540e-02	1.006990e-02	4.372430e-02
993           	7.495860e-02	4.403030e-02	1.105230e-02	4.858220e-02
994           	7.667050e-02	4.534430e-02	1.159170e-02	5.153340e-02
995           	7.655870e-02	4.523030e-02	1.162170e-02	5.181580e-02
996           	7.613640e-02	4.528170e-02	1.164180e-02	5.062690e-02
997           	7.561940e-02	4.345240e-02	1.115370e-02	4.695990e-02
998           	7.346760e-02	4.077060e-02	1.048180e-02	4.297660e-02
999           	7.106380e-02	3.602650e-02	9.666230e-03	3.948710e-02
1000          	7.241590e-02	3.270080e-02	8.725760e-03	3.671930e-02
