# Residuals   
# Time        	p             	Ux            	Uy            	Uz            
1             	1.000000e+00	1.000000e+00	1.000000e+00	1.000000e+00
2             	2.326500e-01	5.506400e-01	2.235530e-01	5.672370e-01
3             	3.674780e-02	5.059930e-01	1.598950e-01	4.669130e-01
4             	4.946690e-02	3.398060e-01	1.045180e-01	3.013280e-01
5             	1.087260e-01	2.660760e-01	7.530340e-02	2.504750e-01
6             	1.810590e-01	2.191630e-01	5.752000e-02	2.130600e-01
7             	1.348190e-01	1.727660e-01	4.739010e-02	1.695600e-01
8             	1.441690e-01	1.337740e-01	4.151170e-02	1.368840e-01
9             	1.101230e-01	1.087570e-01	3.518170e-02	1.061830e-01
10            	8.223680e-02	1.040450e-01	2.843590e-02	9.482700e-02
11            	6.804690e-02	9.677460e-02	2.310440e-02	8.602440e-02
12            	5.888320e-02	8.220170e-02	1.939960e-02	7.792540e-02
13            	5.495510e-02	6.837700e-02	1.667260e-02	6.834660e-02
14            	5.148210e-02	6.006240e-02	1.490310e-02	6.130230e-02
15            	5.221590e-02	5.491980e-02	1.351910e-02	5.646330e-02
16            	5.453660e-02	5.082590e-02	1.213790e-02	5.211630e-02
17            	5.559080e-02	4.712570e-02	1.097350e-02	4.783730e-02
18            	5.590640e-02	4.336110e-02	9.582770e-03	4.306490e-02
19            	5.635620e-02	3.903170e-02	8.416560e-03	3.968140e-02
20            	5.603510e-02	3.584030e-02	7.662680e-03	3.721630e-02
21            	5.699750e-02	3.368430e-02	7.165000e-03	3.537370e-02
22            	5.823090e-02	3.251420e-02	6.894530e-03	3.456150e-02
23            	5.913290e-02	3.173360e-02	6.654950e-03	3.329490e-02
24            	5.977310e-02	3.099780e-02	6.460700e-03	3.179960e-02
25            	6.006500e-02	3.034310e-02	6.301860e-03	3.069160e-02
26            	6.109480e-02	2.958600e-02	6.116800e-03	3.007960e-02
27            	6.217930e-02	2.863560e-02	6.059860e-03	2.947950e-02
28            	6.320240e-02	2.805290e-02	6.164210e-03	2.888390e-02
29            	6.429740e-02	2.861450e-02	6.250020e-03	2.907710e-02
30            	6.585580e-02	2.857130e-02	6.497370e-03	2.980780e-02
31            	6.697510e-02	2.861430e-02	6.484220e-03	3.066460e-02
32            	6.755160e-02	2.860720e-02	6.342460e-03	3.121140e-02
33            	6.631130e-02	2.804520e-02	6.145490e-03	3.111580e-02
34            	6.436510e-02	2.769520e-02	6.032510e-03	3.054380e-02
35            	6.301560e-02	2.645180e-02	5.919930e-03	2.949280e-02
36            	6.293090e-02	2.586850e-02	5.842790e-03	2.864560e-02
37            	6.154550e-02	2.561310e-02	5.837970e-03	2.894640e-02
38            	6.083670e-02	2.638120e-02	5.795840e-03	2.930120e-02
39            	5.948160e-02	2.582030e-02	6.022740e-03	2.825190e-02
40            	5.798140e-02	2.546150e-02	6.156530e-03	2.793290e-02
41            	5.767580e-02	2.511540e-02	6.338930e-03	2.768130e-02
42            	5.642510e-02	2.572640e-02	6.668740e-03	2.715710e-02
43            	5.866830e-02	2.569610e-02	6.804330e-03	2.725500e-02
44            	6.151900e-02	2.551200e-02	6.750170e-03	2.638920e-02
45            	6.313880e-02	2.585220e-02	6.458660e-03	2.561900e-02
46            	6.269820e-02	2.596600e-02	6.031290e-03	2.458120e-02
47            	6.078450e-02	2.496480e-02	5.657180e-03	2.362790e-02
48            	5.870370e-02	2.448980e-02	5.490540e-03	2.269110e-02
49            	5.633200e-02	2.354730e-02	5.418010e-03	2.195260e-02
50            	5.546760e-02	2.338350e-02	5.336860e-03	2.194300e-02
51            	5.450400e-02	2.314570e-02	5.233410e-03	2.261670e-02
52            	5.395670e-02	2.300470e-02	5.104960e-03	2.265510e-02
53            	5.412690e-02	2.246500e-02	4.922820e-03	2.213890e-02
54            	5.423520e-02	2.174620e-02	4.866310e-03	2.177160e-02
55            	5.451940e-02	2.183120e-02	4.873400e-03	2.193840e-02
56            	5.556790e-02	2.240730e-02	4.929940e-03	2.245650e-02
57            	5.674030e-02	2.305690e-02	4.916520e-03	2.264490e-02
58            	5.669470e-02	2.300050e-02	4.860660e-03	2.288070e-02
59            	5.567280e-02	2.310280e-02	4.951920e-03	2.294450e-02
60            	5.484020e-02	2.417670e-02	5.061950e-03	2.324810e-02
61            	5.491740e-02	2.488880e-02	5.184730e-03	2.361430e-02
62            	5.525650e-02	2.560600e-02	5.221780e-03	2.362450e-02
63            	5.581630e-02	2.660920e-02	5.318050e-03	2.399010e-02
64            	5.616750e-02	2.722300e-02	5.541040e-03	2.483710e-02
65            	5.680100e-02	2.735060e-02	5.847230e-03	2.528010e-02
66            	5.655330e-02	2.783890e-02	5.991510e-03	2.581850e-02
67            	5.676470e-02	2.781000e-02	6.000690e-03	2.622120e-02
68            	5.740390e-02	2.787400e-02	6.022960e-03	2.705670e-02
69            	5.652620e-02	2.764180e-02	6.063130e-03	2.692490e-02
70            	5.559740e-02	2.797140e-02	6.114410e-03	2.716340e-02
71            	5.494660e-02	2.873480e-02	5.963340e-03	2.734560e-02
72            	5.467320e-02	2.970910e-02	5.903470e-03	2.748690e-02
73            	5.374700e-02	3.088850e-02	6.081100e-03	2.778200e-02
74            	5.471850e-02	3.234530e-02	6.589670e-03	2.830730e-02
75            	5.632430e-02	3.435980e-02	7.422500e-03	3.033220e-02
76            	5.911330e-02	3.658020e-02	8.332860e-03	3.316560e-02
77            	6.099970e-02	3.897310e-02	9.151230e-03	3.595300e-02
78            	6.351080e-02	4.100290e-02	9.670370e-03	3.754250e-02
79            	6.454960e-02	4.295570e-02	9.965970e-03	3.886650e-02
80            	6.632240e-02	4.608660e-02	1.029100e-02	4.055160e-02
81            	6.880880e-02	5.073420e-02	1.106760e-02	4.336440e-02
82            	7.312130e-02	5.542410e-02	1.226360e-02	4.726720e-02
83            	7.689850e-02	5.946900e-02	1.352650e-02	5.210130e-02
84            	8.164290e-02	6.301010e-02	1.497060e-02	5.612680e-02
85            	8.379030e-02	6.387900e-02	1.618880e-02	5.904760e-02
86            	8.721100e-02	6.403070e-02	1.677500e-02	6.147630e-02
87            	9.014080e-02	6.313000e-02	1.686530e-02	6.258960e-02
88            	8.923160e-02	6.344230e-02	1.669940e-02	6.114800e-02
89            	8.997970e-02	6.538460e-02	1.659850e-02	5.960960e-02
90            	8.910330e-02	6.938870e-02	1.689700e-02	6.074680e-02
91            	9.186810e-02	7.557420e-02	1.723110e-02	6.449440e-02
92            	9.513380e-02	7.834460e-02	1.752610e-02	6.740370e-02
93            	9.539700e-02	7.741470e-02	1.749120e-02	6.843930e-02
94            	9.561000e-02	7.341360e-02	1.688600e-02	6.670890e-02
95            	9.270180e-02	6.805500e-02	1.553190e-02	6.206750e-02
96            	8.814100e-02	6.266470e-02	1.415390e-02	5.785900e-02
97            	8.350850e-02	5.760400e-02	1.293190e-02	5.539340e-02
98            	7.956160e-02	5.543510e-02	1.215560e-02	5.321870e-02
99            	7.800780e-02	5.451830e-02	1.186840e-02	5.074920e-02
100           	8.066790e-02	5.397330e-02	1.165980e-02	4.999470e-02
101           	8.435180e-02	5.420060e-02	1.174320e-02	4.935850e-02
102           	8.665780e-02	5.466860e-02	1.206580e-02	4.876920e-02
103           	8.585450e-02	5.472440e-02	1.218570e-02	4.838000e-02
104           	8.390010e-02	5.499870e-02	1.206180e-02	4.884160e-02
105           	8.277520e-02	5.274760e-02	1.169270e-02	4.794820e-02
106           	7.838580e-02	4.884280e-02	1.124540e-02	4.542050e-02
107           	7.190030e-02	4.645330e-02	1.088350e-02	4.325380e-02
108           	6.829440e-02	4.458370e-02	1.080930e-02	4.258630e-02
109           	6.820950e-02	4.393070e-02	1.076850e-02	4.279850e-02
110           	6.945120e-02	4.451460e-02	1.059220e-02	4.339970e-02
111           	6.966080e-02	4.376010e-02	1.040440e-02	4.403280e-02
112           	6.945660e-02	4.342660e-02	1.014370e-02	4.400180e-02
113           	6.851030e-02	4.266450e-02	1.003450e-02	4.285920e-02
114           	6.851670e-02	4.125320e-02	1.001500e-02	4.226130e-02
115           	6.966290e-02	4.036390e-02	1.021800e-02	4.313030e-02
116           	7.092340e-02	4.068590e-02	1.066550e-02	4.454360e-02
117           	7.369320e-02	4.156930e-02	1.108890e-02	4.615380e-02
118           	7.769720e-02	4.284700e-02	1.162680e-02	4.771320e-02
119           	8.187240e-02	4.438120e-02	1.208370e-02	4.881610e-02
120           	8.576600e-02	4.613200e-02	1.255350e-02	4.983240e-02
121           	8.671560e-02	4.829340e-02	1.297820e-02	5.228320e-02
122           	8.924140e-02	4.970190e-02	1.302370e-02	5.430770e-02
123           	9.104180e-02	5.273700e-02	1.324070e-02	5.606370e-02
124           	9.496190e-02	5.520010e-02	1.329650e-02	5.609840e-02
125           	9.948340e-02	5.740300e-02	1.328760e-02	5.549860e-02
126           	9.893210e-02	5.780440e-02	1.346290e-02	5.621660e-02
127           	9.543350e-02	5.620860e-02	1.361110e-02	5.672110e-02
128           	9.195870e-02	5.368330e-02	1.347980e-02	5.561430e-02
129           	8.779890e-02	5.195840e-02	1.319580e-02	5.412120e-02
130           	8.643920e-02	5.159240e-02	1.291300e-02	5.348190e-02
131           	8.580280e-02	5.091500e-02	1.254420e-02	5.270460e-02
132           	8.358900e-02	5.065090e-02	1.210930e-02	5.109930e-02
133           	8.196210e-02	5.001530e-02	1.186630e-02	4.954300e-02
134           	8.170380e-02	4.845820e-02	1.155850e-02	4.840020e-02
135           	8.330270e-02	4.680000e-02	1.129950e-02	4.655560e-02
136           	8.195300e-02	4.586210e-02	1.091120e-02	4.357900e-02
137           	7.927940e-02	4.494800e-02	1.054410e-02	4.180060e-02
138           	7.710420e-02	4.369320e-02	1.040490e-02	4.147800e-02
139           	7.636780e-02	4.294370e-02	1.040140e-02	4.139200e-02
140           	7.477130e-02	4.198290e-02	1.053750e-02	4.151440e-02
141           	7.380760e-02	4.163660e-02	1.076200e-02	4.218990e-02
142           	7.279170e-02	4.103290e-02	1.102870e-02	4.271820e-02
143           	7.226370e-02	4.142280e-02	1.110250e-02	4.321720e-02
144           	7.562490e-02	4.205520e-02	1.114980e-02	4.368970e-02
145           	7.770590e-02	4.680010e-02	1.145040e-02	4.620470e-02
146           	8.039390e-02	5.126790e-02	1.206640e-02	4.778750e-02
147           	8.089760e-02	5.569380e-02	1.306330e-02	5.061390e-02
148           	8.394700e-02	6.027930e-02	1.395870e-02	5.462640e-02
149           	8.620190e-02	6.269220e-02	1.475520e-02	5.960520e-02
150           	8.718750e-02	6.373140e-02	1.569870e-02	6.324100e-02
151           	8.917710e-02	6.575040e-02	1.672120e-02	6.742080e-02
152           	9.095640e-02	6.641100e-02	1.725330e-02	6.852050e-02
153           	9.077490e-02	6.507080e-02	1.730900e-02	6.713060e-02
154           	9.019870e-02	6.428550e-02	1.732290e-02	6.562680e-02
155           	9.088150e-02	6.520050e-02	1.687700e-02	6.272250e-02
156           	9.083440e-02	6.664020e-02	1.605850e-02	5.994560e-02
157           	9.053050e-02	6.487620e-02	1.512810e-02	5.818610e-02
158           	8.901240e-02	6.194660e-02	1.428610e-02	5.821450e-02
159           	8.880970e-02	5.806330e-02	1.361940e-02	5.829500e-02
160           	8.724720e-02	5.536490e-02	1.297250e-02	5.579490e-02
161           	8.040770e-02	5.140580e-02	1.236780e-02	5.142660e-02
162           	7.569730e-02	4.813980e-02	1.177650e-02	4.783130e-02
163           	7.255130e-02	4.596830e-02	1.118100e-02	4.652620e-02
164           	7.248950e-02	4.564530e-02	1.084890e-02	4.582000e-02
165           	7.185960e-02	4.624790e-02	1.074750e-02	4.511600e-02
166           	7.127210e-02	4.718310e-02	1.089390e-02	4.478740e-02
167           	7.253020e-02	4.747220e-02	1.102050e-02	4.514360e-02
168           	7.283530e-02	4.549630e-02	1.097680e-02	4.485230e-02
169           	7.365890e-02	4.434000e-02	1.085630e-02	4.459180e-02
170           	7.479190e-02	4.422690e-02	1.071090e-02	4.459690e-02
171           	7.218880e-02	4.326930e-02	1.054930e-02	4.440770e-02
172           	7.086310e-02	4.275920e-02	1.058720e-02	4.429890e-02
173           	6.977100e-02	4.301900e-02	1.082950e-02	4.484960e-02
174           	7.007330e-02	4.323690e-02	1.091800e-02	4.529220e-02
175           	7.140160e-02	4.225100e-02	1.062750e-02	4.463030e-02
176           	7.327170e-02	4.161280e-02	1.029430e-02	4.321050e-02
177           	7.532770e-02	4.069180e-02	1.019980e-02	4.179220e-02
178           	7.590220e-02	3.997260e-02	1.021510e-02	4.175780e-02
179           	7.961840e-02	4.062310e-02	1.053180e-02	4.296910e-02
180           	8.242910e-02	4.229810e-02	1.097240e-02	4.403550e-02
181           	8.398880e-02	4.446800e-02	1.147420e-02	4.606720e-02
182           	8.664480e-02	4.805550e-02	1.226070e-02	4.945000e-02
183           	9.047770e-02	5.281160e-02	1.336150e-02	5.341310e-02
184           	9.165600e-02	5.947460e-02	1.465090e-02	5.814390e-02
185           	9.120150e-02	6.648680e-02	1.589710e-02	6.317350e-02
186           	9.824670e-02	7.027590e-02	1.714940e-02	6.681080e-02
187           	1.030120e-01	7.261920e-02	1.807800e-02	6.994560e-02
188           	1.024170e-01	7.095630e-02	1.821780e-02	7.095300e-02
189           	9.839740e-02	6.627610e-02	1.758630e-02	6.809300e-02
190           	9.246970e-02	6.201910e-02	1.679390e-02	6.263430e-02
191           	8.620220e-02	5.934550e-02	1.579240e-02	5.879530e-02
192           	8.397340e-02	6.105970e-02	1.482400e-02	5.773280e-02
193           	8.257700e-02	6.173210e-02	1.436630e-02	5.660830e-02
194           	8.055870e-02	6.210680e-02	1.395770e-02	5.618420e-02
195           	7.977030e-02	6.064880e-02	1.347330e-02	5.477090e-02
196           	7.965830e-02	5.763700e-02	1.275910e-02	5.318090e-02
197           	8.127950e-02	5.334900e-02	1.198910e-02	5.173120e-02
198           	7.984110e-02	4.848230e-02	1.145630e-02	4.851860e-02
199           	7.546490e-02	4.525020e-02	1.092190e-02	4.553540e-02
200           	7.172310e-02	4.362320e-02	1.048190e-02	4.389050e-02
201           	6.912270e-02	4.266040e-02	1.018690e-02	4.202530e-02
202           	6.878120e-02	4.163470e-02	1.020250e-02	4.109810e-02
203           	6.898800e-02	4.100440e-02	1.057150e-02	4.186390e-02
204           	7.085820e-02	4.168010e-02	1.118850e-02	4.363930e-02
205           	7.414150e-02	4.344400e-02	1.173010e-02	4.636940e-02
206           	7.703500e-02	4.582810e-02	1.224710e-02	4.938180e-02
207           	7.924290e-02	4.810840e-02	1.288420e-02	5.276830e-02
208           	8.227340e-02	5.092270e-02	1.361770e-02	5.646230e-02
209           	8.606290e-02	5.433650e-02	1.433240e-02	6.058900e-02
210           	8.903020e-02	5.839560e-02	1.504400e-02	6.483100e-02
211           	8.930660e-02	6.317950e-02	1.599400e-02	6.910180e-02
212           	9.204700e-02	6.635790e-02	1.664910e-02	7.096370e-02
213           	9.045150e-02	6.579680e-02	1.671930e-02	6.771720e-02
214           	8.790350e-02	6.658210e-02	1.683900e-02	6.792440e-02
215           	8.659290e-02	6.563990e-02	1.722040e-02	6.906570e-02
216           	8.490580e-02	6.444590e-02	1.736620e-02	7.135620e-02
217           	8.363660e-02	6.351070e-02	1.703290e-02	7.080800e-02
218           	8.350450e-02	6.262040e-02	1.704290e-02	6.837500e-02
219           	8.463160e-02	5.996930e-02	1.656690e-02	6.451370e-02
220           	8.254430e-02	5.421070e-02	1.527670e-02	5.875010e-02
221           	7.955740e-02	5.008980e-02	1.355810e-02	5.379070e-02
222           	7.822860e-02	4.804730e-02	1.242610e-02	5.107760e-02
223           	7.551600e-02	4.722420e-02	1.168600e-02	4.955800e-02
224           	7.221350e-02	4.689990e-02	1.110530e-02	4.775810e-02
225           	7.028220e-02	4.552120e-02	1.074690e-02	4.619820e-02
226           	6.872640e-02	4.443200e-02	1.064250e-02	4.468110e-02
227           	6.840360e-02	4.470550e-02	1.073450e-02	4.505260e-02
228           	6.865410e-02	4.389850e-02	1.073710e-02	4.614130e-02
229           	7.037960e-02	4.354510e-02	1.057570e-02	4.653170e-02
230           	7.201540e-02	4.272050e-02	1.041540e-02	4.570370e-02
231           	7.419800e-02	4.304080e-02	1.021950e-02	4.563180e-02
232           	7.562970e-02	4.436160e-02	1.017140e-02	4.587530e-02
233           	7.404610e-02	4.455140e-02	1.000690e-02	4.488130e-02
234           	7.236160e-02	4.309070e-02	9.929140e-03	4.366660e-02
235           	7.270310e-02	4.195190e-02	1.010410e-02	4.312360e-02
236           	7.295120e-02	4.146910e-02	1.022440e-02	4.299180e-02
237           	7.211900e-02	4.064180e-02	1.014810e-02	4.223150e-02
238           	7.051400e-02	3.953710e-02	9.866480e-03	4.075940e-02
239           	7.027890e-02	3.783840e-02	9.357000e-03	3.910090e-02
240           	7.046220e-02	3.595600e-02	8.925780e-03	3.588280e-02
241           	6.999110e-02	3.581770e-02	8.642430e-03	3.433590e-02
242           	7.093760e-02	3.605060e-02	8.665440e-03	3.416120e-02
243           	7.434530e-02	3.667860e-02	8.862810e-03	3.498670e-02
244           	7.691260e-02	3.769120e-02	9.203090e-03	3.592260e-02
245           	8.002950e-02	3.984120e-02	9.600490e-03	3.859150e-02
246           	8.198010e-02	4.297760e-02	1.006970e-02	4.235260e-02
247           	8.204510e-02	4.503830e-02	1.058600e-02	4.582480e-02
248           	8.227690e-02	4.664370e-02	1.120120e-02	4.864170e-02
249           	8.154040e-02	4.953960e-02	1.209860e-02	5.082510e-02
250           	7.908400e-02	5.398380e-02	1.309780e-02	5.230970e-02
251           	7.813050e-02	5.762040e-02	1.408930e-02	5.456110e-02
252           	7.844420e-02	6.040950e-02	1.458760e-02	5.560240e-02
253           	8.049270e-02	6.307260e-02	1.477040e-02	5.717570e-02
254           	8.268260e-02	6.270410e-02	1.472250e-02	5.799520e-02
255           	8.300900e-02	6.279830e-02	1.499040e-02	5.919610e-02
256           	8.424200e-02	6.065410e-02	1.523900e-02	6.008210e-02
257           	8.365540e-02	5.699900e-02	1.509090e-02	5.856210e-02
258           	8.512330e-02	5.381630e-02	1.445650e-02	5.593460e-02
259           	8.275620e-02	5.134240e-02	1.352550e-02	5.285380e-02
260           	7.801650e-02	4.968010e-02	1.248800e-02	4.988440e-02
261           	7.721300e-02	4.795010e-02	1.193890e-02	4.738370e-02
262           	7.705340e-02	4.661450e-02	1.136690e-02	4.595560e-02
263           	7.593280e-02	4.579960e-02	1.096130e-02	4.457480e-02
264           	7.323970e-02	4.475400e-02	1.065250e-02	4.363770e-02
265           	7.133560e-02	4.494520e-02	1.034380e-02	4.232450e-02
266           	7.219510e-02	4.326420e-02	1.018320e-02	4.077100e-02
267           	7.209840e-02	4.178880e-02	9.866700e-03	3.903840e-02
268           	7.187380e-02	4.021700e-02	9.477220e-03	3.770060e-02
269           	7.198660e-02	3.917680e-02	9.131330e-03	3.680790e-02
270           	7.181680e-02	3.941470e-02	9.057880e-03	3.683600e-02
271           	7.322920e-02	4.083770e-02	9.175820e-03	3.793020e-02
272           	7.439250e-02	4.318710e-02	9.680610e-03	3.965310e-02
273           	7.641740e-02	4.477810e-02	1.039910e-02	4.114350e-02
274           	7.923220e-02	4.610580e-02	1.108090e-02	4.260490e-02
275           	7.957750e-02	4.881400e-02	1.202060e-02	4.547720e-02
276           	7.915210e-02	5.036070e-02	1.269810e-02	4.731430e-02
277           	7.929250e-02	5.086910e-02	1.285690e-02	4.821440e-02
278           	8.178540e-02	5.038200e-02	1.280210e-02	4.827200e-02
279           	7.898250e-02	5.188510e-02	1.318510e-02	4.875700e-02
280           	7.802240e-02	5.428600e-02	1.356570e-02	5.186340e-02
281           	7.810620e-02	5.769760e-02	1.394980e-02	5.434000e-02
282           	7.822220e-02	6.190800e-02	1.466530e-02	5.756280e-02
283           	7.911760e-02	6.607090e-02	1.549600e-02	6.190190e-02
284           	8.133910e-02	6.853600e-02	1.618510e-02	6.457990e-02
285           	8.471790e-02	6.772930e-02	1.623110e-02	6.625370e-02
286           	8.532170e-02	6.477900e-02	1.593160e-02	6.346230e-02
287           	8.180040e-02	6.034250e-02	1.528190e-02	5.953660e-02
288           	7.862640e-02	5.550100e-02	1.424750e-02	5.632030e-02
289           	7.700010e-02	5.059150e-02	1.332900e-02	5.291900e-02
290           	7.607060e-02	4.735210e-02	1.240740e-02	5.075390e-02
291           	7.344250e-02	4.507050e-02	1.175350e-02	4.795350e-02
292           	7.169240e-02	4.437900e-02	1.120510e-02	4.552420e-02
293           	7.049940e-02	4.410900e-02	1.088020e-02	4.364690e-02
294           	7.091550e-02	4.364900e-02	1.071380e-02	4.282990e-02
295           	7.091640e-02	4.303370e-02	1.070800e-02	4.319690e-02
296           	7.020830e-02	4.281290e-02	1.071460e-02	4.369160e-02
297           	7.119170e-02	4.287320e-02	1.061960e-02	4.396560e-02
298           	7.432900e-02	4.423240e-02	1.058120e-02	4.421740e-02
299           	7.738790e-02	4.548810e-02	1.060740e-02	4.305810e-02
300           	8.104640e-02	4.598160e-02	1.074500e-02	4.357720e-02
301           	8.363340e-02	4.719810e-02	1.078170e-02	4.499020e-02
302           	8.388780e-02	4.802800e-02	1.076640e-02	4.603150e-02
303           	8.394350e-02	4.783170e-02	1.077780e-02	4.675110e-02
304           	8.494900e-02	4.781600e-02	1.080810e-02	4.710570e-02
305           	8.688170e-02	4.720760e-02	1.092130e-02	4.689330e-02
306           	8.605440e-02	4.744240e-02	1.097480e-02	4.674140e-02
307           	8.409400e-02	4.719760e-02	1.079180e-02	4.750840e-02
308           	8.258060e-02	4.677650e-02	1.062720e-02	4.616050e-02
309           	7.991720e-02	4.667860e-02	1.023650e-02	4.322850e-02
310           	7.888250e-02	4.613530e-02	1.015080e-02	4.170350e-02
311           	7.917630e-02	4.660230e-02	1.042260e-02	4.170560e-02
312           	8.217040e-02	4.650310e-02	1.095940e-02	4.193240e-02
313           	8.347490e-02	4.722340e-02	1.085270e-02	4.291570e-02
314           	8.248180e-02	4.642370e-02	1.009620e-02	4.241220e-02
315           	8.021840e-02	4.350510e-02	9.150160e-03	3.977460e-02
316           	7.419890e-02	4.065810e-02	8.353820e-03	3.672180e-02
317           	7.071950e-02	4.024500e-02	7.998910e-03	3.582280e-02
318           	6.825370e-02	4.055460e-02	8.201260e-03	3.591820e-02
319           	6.876160e-02	4.246290e-02	8.698660e-03	3.784660e-02
320           	7.236280e-02	4.535940e-02	9.742860e-03	4.061090e-02
321           	7.759180e-02	4.769370e-02	1.080330e-02	4.299690e-02
322           	8.015680e-02	4.956100e-02	1.153320e-02	4.449350e-02
323           	8.064610e-02	4.815690e-02	1.169430e-02	4.397780e-02
324           	7.799840e-02	4.722060e-02	1.149040e-02	4.349660e-02
325           	7.669160e-02	4.635810e-02	1.108580e-02	4.252180e-02
326           	7.466900e-02	4.636740e-02	1.111680e-02	4.169040e-02
327           	7.461660e-02	4.719410e-02	1.099090e-02	4.226170e-02
328           	7.436980e-02	4.754340e-02	1.133320e-02	4.306300e-02
329           	7.520450e-02	5.093620e-02	1.215150e-02	4.600850e-02
330           	7.717280e-02	5.535090e-02	1.331930e-02	4.971930e-02
331           	8.232730e-02	5.914390e-02	1.438290e-02	5.331310e-02
332           	8.511190e-02	6.280170e-02	1.494740e-02	5.717610e-02
333           	8.473150e-02	6.323230e-02	1.526400e-02	5.862360e-02
334           	8.488560e-02	6.162770e-02	1.552850e-02	5.935690e-02
335           	8.561630e-02	5.866720e-02	1.572330e-02	5.903480e-02
336           	8.398430e-02	5.934650e-02	1.566740e-02	6.101630e-02
337           	8.289430e-02	6.275810e-02	1.565610e-02	6.189390e-02
338           	7.964850e-02	6.620580e-02	1.576740e-02	6.129870e-02
339           	7.887310e-02	6.890510e-02	1.581510e-02	6.223560e-02
340           	8.102920e-02	7.093390e-02	1.561060e-02	6.267360e-02
341           	8.378780e-02	7.045710e-02	1.563480e-02	6.324760e-02
342           	8.475070e-02	6.745570e-02	1.582340e-02	6.289540e-02
343           	8.631380e-02	6.289950e-02	1.552280e-02	6.149000e-02
344           	8.631710e-02	5.890780e-02	1.479000e-02	5.761610e-02
345           	8.632440e-02	5.659400e-02	1.394910e-02	5.357290e-02
346           	8.176730e-02	5.373390e-02	1.270620e-02	5.002900e-02
347           	7.748240e-02	5.135280e-02	1.170060e-02	4.730060e-02
348           	7.636770e-02	4.926910e-02	1.089430e-02	4.515600e-02
349           	7.768250e-02	4.716920e-02	1.020330e-02	4.370970e-02
350           	7.745230e-02	4.543940e-02	9.707580e-03	4.245830e-02
351           	7.528350e-02	4.463880e-02	9.585200e-03	4.196540e-02
352           	7.290770e-02	4.366920e-02	9.534560e-03	4.079970e-02
353           	6.957410e-02	4.260110e-02	9.577360e-03	4.094540e-02
354           	6.775500e-02	4.243720e-02	9.843240e-03	4.110060e-02
355           	6.923740e-02	4.267010e-02	1.023210e-02	4.154840e-02
356           	7.027470e-02	4.266210e-02	1.055840e-02	4.167700e-02
357           	7.066580e-02	4.234130e-02	1.069420e-02	4.211400e-02
358           	7.085790e-02	4.254650e-02	1.053410e-02	4.245300e-02
359           	7.033130e-02	4.286930e-02	1.033060e-02	4.213760e-02
360           	7.052430e-02	4.267480e-02	9.951360e-03	4.317690e-02
361           	6.946920e-02	4.211260e-02	9.641430e-03	4.332680e-02
362           	6.868670e-02	4.154090e-02	9.293110e-03	4.139710e-02
363           	6.858260e-02	4.091690e-02	9.185260e-03	4.061190e-02
364           	6.799990e-02	4.167170e-02	9.268130e-03	4.112610e-02
365           	6.790600e-02	4.314520e-02	9.524490e-03	4.242450e-02
366           	7.043110e-02	4.433290e-02	9.712880e-03	4.230210e-02
367           	7.273550e-02	4.367470e-02	9.897990e-03	4.206220e-02
368           	7.393370e-02	4.235880e-02	9.843190e-03	4.168050e-02
369           	7.341780e-02	4.087230e-02	9.687110e-03	4.138210e-02
370           	7.363170e-02	3.961660e-02	9.427560e-03	4.105850e-02
371           	7.484620e-02	3.950850e-02	9.284010e-03	4.099940e-02
372           	7.663450e-02	3.917030e-02	9.035560e-03	3.979380e-02
373           	7.897960e-02	3.958820e-02	8.919280e-03	3.835530e-02
374           	7.956120e-02	4.103030e-02	9.037930e-03	3.949530e-02
375           	7.923550e-02	4.198080e-02	9.345200e-03	4.091610e-02
376           	8.056650e-02	4.451250e-02	9.764620e-03	4.310640e-02
377           	8.317420e-02	4.777390e-02	1.061310e-02	4.546030e-02
378           	8.643190e-02	5.232750e-02	1.167320e-02	4.902630e-02
379           	8.867010e-02	5.585940e-02	1.299100e-02	5.397570e-02
380           	9.038930e-02	5.727080e-02	1.392960e-02	6.031610e-02
381           	9.197820e-02	5.769270e-02	1.416640e-02	6.243950e-02
382           	8.992460e-02	5.599860e-02	1.386130e-02	6.056400e-02
383           	8.717070e-02	5.326170e-02	1.331440e-02	5.697410e-02
384           	8.319910e-02	5.012530e-02	1.262590e-02	5.269970e-02
385           	7.974570e-02	4.707880e-02	1.174890e-02	4.860200e-02
386           	8.011270e-02	4.482400e-02	1.092370e-02	4.518040e-02
387           	7.945560e-02	4.316110e-02	1.015210e-02	4.303590e-02
388           	7.808150e-02	4.153350e-02	9.525850e-03	4.122910e-02
389           	7.493880e-02	4.014600e-02	9.204980e-03	3.950810e-02
390           	7.318260e-02	3.962250e-02	9.138660e-03	3.810350e-02
391           	7.170690e-02	3.932290e-02	9.237950e-03	3.729050e-02
392           	6.980650e-02	3.827890e-02	9.465100e-03	3.685890e-02
393           	7.052000e-02	3.771460e-02	9.749970e-03	3.691680e-02
394           	7.304710e-02	3.775430e-02	1.020750e-02	3.823280e-02
395           	7.479880e-02	3.984900e-02	1.088040e-02	4.191470e-02
396           	7.763990e-02	4.365430e-02	1.182570e-02	4.698300e-02
397           	8.036720e-02	4.835030e-02	1.304970e-02	5.301660e-02
398           	8.022490e-02	5.435240e-02	1.447160e-02	5.988300e-02
399           	8.214720e-02	5.877660e-02	1.558980e-02	6.430300e-02
400           	8.576780e-02	6.501140e-02	1.661690e-02	6.817990e-02
401           	8.602230e-02	6.937300e-02	1.762380e-02	7.128970e-02
402           	8.558550e-02	7.081650e-02	1.817970e-02	7.453540e-02
403           	8.611290e-02	6.945360e-02	1.849510e-02	7.558040e-02
404           	8.605370e-02	6.645070e-02	1.838950e-02	7.497610e-02
405           	8.533150e-02	6.370300e-02	1.794320e-02	7.448200e-02
406           	8.541920e-02	6.135830e-02	1.754910e-02	7.163240e-02
407           	8.640450e-02	6.107280e-02	1.670290e-02	6.778000e-02
408           	8.852190e-02	6.002450e-02	1.561500e-02	6.410550e-02
409           	8.730670e-02	5.727350e-02	1.414150e-02	6.081380e-02
410           	8.473340e-02	5.280230e-02	1.270820e-02	5.630890e-02
411           	8.090220e-02	4.887320e-02	1.185360e-02	5.207680e-02
412           	8.039920e-02	4.755590e-02	1.133140e-02	4.893220e-02
413           	8.179210e-02	4.723490e-02	1.127200e-02	4.753750e-02
414           	8.510450e-02	4.817880e-02	1.142400e-02	4.700030e-02
415           	8.598270e-02	4.931400e-02	1.138680e-02	4.551610e-02
416           	8.461280e-02	4.901920e-02	1.126860e-02	4.428670e-02
417           	8.296100e-02	4.778010e-02	1.092460e-02	4.396780e-02
418           	8.222440e-02	4.694770e-02	1.056030e-02	4.276000e-02
419           	8.276130e-02	4.513310e-02	1.033480e-02	4.198870e-02
420           	8.304360e-02	4.443720e-02	1.048930e-02	4.207710e-02
421           	8.077940e-02	4.458500e-02	1.097790e-02	4.342660e-02
422           	7.718710e-02	4.592430e-02	1.144500e-02	4.581820e-02
423           	7.520810e-02	4.921700e-02	1.214390e-02	4.886180e-02
424           	7.490360e-02	5.237050e-02	1.288620e-02	5.157700e-02
425           	7.524260e-02	5.599430e-02	1.369270e-02	5.488840e-02
426           	7.721030e-02	5.953360e-02	1.472790e-02	5.902200e-02
427           	7.685610e-02	6.319390e-02	1.564240e-02	6.294970e-02
428           	7.726620e-02	6.604850e-02	1.631900e-02	6.616330e-02
429           	8.041180e-02	6.765990e-02	1.710670e-02	6.673140e-02
430           	8.225650e-02	6.464920e-02	1.757020e-02	6.681860e-02
431           	8.136120e-02	6.177600e-02	1.755850e-02	6.565900e-02
432           	7.863690e-02	6.113310e-02	1.745780e-02	6.322170e-02
433           	7.777710e-02	6.287380e-02	1.707700e-02	6.142940e-02
434           	7.955420e-02	6.420910e-02	1.662060e-02	6.067450e-02
435           	8.445590e-02	6.439610e-02	1.607940e-02	6.178320e-02
436           	8.850500e-02	6.272430e-02	1.512940e-02	6.233090e-02
437           	8.812170e-02	5.875100e-02	1.361490e-02	5.965000e-02
438           	8.510970e-02	5.450170e-02	1.252430e-02	5.547030e-02
439           	8.220430e-02	5.125890e-02	1.153780e-02	5.173770e-02
440           	8.046520e-02	4.800620e-02	1.080710e-02	4.824090e-02
441           	7.734150e-02	4.627000e-02	1.051200e-02	4.587470e-02
442           	7.461870e-02	4.496470e-02	1.058340e-02	4.424460e-02
443           	7.189740e-02	4.391320e-02	1.049790e-02	4.232520e-02
444           	6.939880e-02	4.335550e-02	1.045670e-02	4.275920e-02
445           	6.787710e-02	4.423060e-02	1.051590e-02	4.429790e-02
446           	6.811350e-02	4.572410e-02	1.067330e-02	4.590710e-02
447           	7.073960e-02	4.721170e-02	1.076270e-02	4.602650e-02
448           	7.203780e-02	4.762220e-02	1.083780e-02	4.683260e-02
449           	7.470730e-02	4.822180e-02	1.106410e-02	4.771510e-02
450           	7.609000e-02	4.779530e-02	1.122060e-02	4.832650e-02
451           	7.637110e-02	4.668000e-02	1.131930e-02	4.863550e-02
452           	7.716550e-02	4.629620e-02	1.139030e-02	4.940910e-02
453           	7.696620e-02	4.615570e-02	1.161810e-02	4.880210e-02
454           	7.722790e-02	4.590790e-02	1.184610e-02	4.887830e-02
455           	7.873120e-02	4.570400e-02	1.196800e-02	4.910800e-02
456           	8.168510e-02	4.552020e-02	1.188650e-02	4.862600e-02
457           	8.440830e-02	4.627000e-02	1.179540e-02	4.786740e-02
458           	8.559660e-02	4.655210e-02	1.178610e-02	4.731780e-02
459           	8.737330e-02	4.622450e-02	1.213090e-02	4.924280e-02
460           	8.635890e-02	4.698050e-02	1.258250e-02	5.294840e-02
461           	8.723200e-02	4.752310e-02	1.310110e-02	5.490180e-02
462           	8.895910e-02	4.910230e-02	1.381100e-02	5.661980e-02
463           	9.079030e-02	5.323720e-02	1.467560e-02	5.887390e-02
464           	9.758620e-02	5.833040e-02	1.551760e-02	6.085650e-02
465           	1.039360e-01	6.084330e-02	1.611210e-02	6.232850e-02
466           	1.042020e-01	5.994330e-02	1.629190e-02	6.321930e-02
467           	9.962410e-02	5.998840e-02	1.642920e-02	6.512950e-02
468           	9.497620e-02	6.396250e-02	1.702660e-02	6.782280e-02
469           	9.290190e-02	6.877820e-02	1.781880e-02	7.041020e-02
470           	9.145460e-02	7.264930e-02	1.882830e-02	7.191900e-02
471           	9.038990e-02	7.448660e-02	1.965450e-02	7.395090e-02
472           	8.758850e-02	7.226770e-02	1.933530e-02	7.518120e-02
473           	8.629050e-02	6.640780e-02	1.814640e-02	7.264840e-02
474           	8.347140e-02	6.035950e-02	1.671080e-02	6.552150e-02
475           	7.809700e-02	5.799020e-02	1.524920e-02	6.127520e-02
476           	7.471000e-02	5.495110e-02	1.402090e-02	5.795360e-02
477           	7.455760e-02	5.351730e-02	1.314870e-02	5.580030e-02
478           	7.648100e-02	5.241020e-02	1.233520e-02	5.329290e-02
479           	7.845320e-02	5.122040e-02	1.154040e-02	5.059700e-02
480           	7.762530e-02	4.958220e-02	1.106550e-02	4.876150e-02
481           	7.690020e-02	4.787560e-02	1.068090e-02	4.759110e-02
482           	7.511780e-02	4.630260e-02	1.044000e-02	4.585890e-02
483           	7.289460e-02	4.587110e-02	1.043040e-02	4.416030e-02
484           	7.051070e-02	4.539630e-02	1.037180e-02	4.203770e-02
485           	6.781700e-02	4.417050e-02	1.029370e-02	4.076840e-02
486           	6.787480e-02	4.296310e-02	1.010610e-02	4.073790e-02
487           	6.841060e-02	4.170060e-02	1.010940e-02	4.171270e-02
488           	6.839730e-02	4.070780e-02	1.015450e-02	4.344210e-02
489           	6.952160e-02	3.988800e-02	1.001460e-02	4.415360e-02
490           	7.107670e-02	3.877890e-02	9.898320e-03	4.352400e-02
491           	7.276020e-02	3.787070e-02	9.694500e-03	4.227170e-02
492           	7.271660e-02	3.856150e-02	9.419050e-03	4.188780e-02
493           	7.239470e-02	3.947400e-02	9.393970e-03	4.127790e-02
494           	7.335500e-02	3.944880e-02	9.609150e-03	4.051730e-02
495           	7.267420e-02	4.032380e-02	9.480050e-03	4.029860e-02
496           	7.400830e-02	4.012560e-02	9.192390e-03	4.055180e-02
497           	7.418350e-02	4.028420e-02	8.974680e-03	4.105250e-02
498           	7.406880e-02	3.926270e-02	8.810360e-03	4.017780e-02
499           	7.770670e-02	3.871010e-02	8.894280e-03	4.020370e-02
500           	7.891580e-02	3.990610e-02	9.021720e-03	4.082090e-02
501           	8.183820e-02	4.173080e-02	9.310480e-03	4.310350e-02
502           	8.305460e-02	4.371280e-02	9.839360e-03	4.489430e-02
503           	8.363810e-02	4.589410e-02	1.061450e-02	4.743760e-02
504           	8.254590e-02	4.666430e-02	1.094170e-02	4.780080e-02
505           	8.075850e-02	4.518650e-02	1.083130e-02	4.647530e-02
506           	7.666410e-02	4.379470e-02	1.065670e-02	4.448400e-02
507           	7.495730e-02	4.407210e-02	1.059490e-02	4.378940e-02
508           	7.398190e-02	4.496500e-02	1.071150e-02	4.410190e-02
509           	7.389170e-02	4.490270e-02	1.117440e-02	4.429910e-02
510           	7.474960e-02	4.384840e-02	1.139970e-02	4.564520e-02
511           	7.329250e-02	4.209120e-02	1.093370e-02	4.442010e-02
512           	7.164960e-02	4.039190e-02	1.015790e-02	4.312670e-02
513           	7.166170e-02	3.927500e-02	9.451070e-03	4.102690e-02
514           	7.101790e-02	3.835560e-02	9.143400e-03	3.863710e-02
515           	7.009640e-02	3.782820e-02	9.020040e-03	3.721660e-02
516           	6.974650e-02	3.711280e-02	8.906650e-03	3.623310e-02
517           	6.980660e-02	3.652480e-02	8.849600e-03	3.616790e-02
518           	7.035160e-02	3.594880e-02	8.877400e-03	3.627610e-02
519           	7.196470e-02	3.585680e-02	8.821800e-03	3.642870e-02
520           	7.125720e-02	3.576800e-02	8.578470e-03	3.652850e-02
521           	6.925230e-02	3.472610e-02	8.181480e-03	3.541620e-02
522           	6.837370e-02	3.397490e-02	7.747620e-03	3.452630e-02
523           	6.772710e-02	3.371000e-02	7.494330e-03	3.463310e-02
524           	6.686450e-02	3.460600e-02	7.630760e-03	3.497060e-02
525           	6.733000e-02	3.626710e-02	7.987150e-03	3.682600e-02
526           	6.882340e-02	3.824260e-02	8.502690e-03	3.737070e-02
527           	6.998840e-02	4.056110e-02	9.064880e-03	3.796140e-02
528           	7.166150e-02	4.132830e-02	9.485160e-03	3.892290e-02
529           	7.703110e-02	4.177220e-02	9.491760e-03	3.941470e-02
530           	8.152940e-02	4.166950e-02	9.658120e-03	3.982740e-02
531           	8.258600e-02	4.208160e-02	9.847960e-03	4.069760e-02
532           	7.950100e-02	4.130340e-02	1.005030e-02	4.142210e-02
533           	7.685200e-02	4.041620e-02	1.005950e-02	4.174630e-02
534           	7.523630e-02	3.958210e-02	9.874940e-03	4.149400e-02
535           	7.154810e-02	3.839670e-02	9.402110e-03	3.915010e-02
536           	6.756010e-02	3.702940e-02	8.853840e-03	3.706620e-02
537           	6.743280e-02	3.635810e-02	8.477210e-03	3.668450e-02
538           	7.056220e-02	3.670400e-02	8.503180e-03	3.639650e-02
539           	7.300990e-02	3.757740e-02	8.718320e-03	3.620810e-02
540           	7.189300e-02	3.885410e-02	8.996930e-03	3.714110e-02
541           	7.138850e-02	3.928900e-02	9.299070e-03	3.733930e-02
542           	6.974510e-02	4.031900e-02	9.392430e-03	3.791440e-02
543           	6.846880e-02	4.119790e-02	9.318870e-03	3.851560e-02
544           	6.957620e-02	4.189830e-02	9.328980e-03	3.957870e-02
545           	7.273400e-02	4.221440e-02	9.360750e-03	4.001140e-02
546           	7.590760e-02	4.137790e-02	9.362580e-03	3.854440e-02
547           	7.512100e-02	3.976670e-02	9.116720e-03	3.653710e-02
548           	7.424170e-02	3.768620e-02	8.857340e-03	3.511560e-02
549           	7.217100e-02	3.743050e-02	8.478230e-03	3.496810e-02
550           	6.999660e-02	3.767530e-02	8.290400e-03	3.514230e-02
551           	6.949010e-02	3.805520e-02	8.381260e-03	3.582810e-02
552           	7.037810e-02	3.817530e-02	8.744260e-03	3.655850e-02
553           	7.238200e-02	3.841700e-02	9.169700e-03	3.716570e-02
554           	7.554540e-02	3.823680e-02	9.337350e-03	3.754320e-02
555           	7.783490e-02	3.833920e-02	9.334790e-03	3.747610e-02
556           	7.950020e-02	3.856390e-02	9.328010e-03	3.703990e-02
557           	7.891270e-02	3.938010e-02	9.311090e-03	3.762210e-02
558           	7.784310e-02	4.005600e-02	9.517580e-03	3.904410e-02
559           	7.757160e-02	4.103340e-02	9.704360e-03	4.026140e-02
560           	7.661310e-02	4.253000e-02	1.011310e-02	4.233200e-02
561           	7.716230e-02	4.528460e-02	1.076330e-02	4.610450e-02
562           	7.847710e-02	4.889330e-02	1.161620e-02	5.088690e-02
563           	7.887650e-02	5.280960e-02	1.279280e-02	5.654040e-02
564           	8.095320e-02	5.762920e-02	1.412120e-02	6.290090e-02
565           	8.273630e-02	6.352980e-02	1.581990e-02	6.982840e-02
566           	8.489850e-02	6.718940e-02	1.785650e-02	7.514110e-02
567           	8.431720e-02	6.899560e-02	1.943120e-02	7.925890e-02
568           	8.604390e-02	6.931980e-02	2.013060e-02	7.949350e-02
569           	8.663300e-02	6.746340e-02	1.945630e-02	7.673330e-02
570           	8.456700e-02	6.416710e-02	1.810990e-02	7.240090e-02
571           	8.337560e-02	6.022750e-02	1.665230e-02	6.751170e-02
572           	8.099610e-02	5.649130e-02	1.519400e-02	6.375420e-02
573           	7.834850e-02	5.367750e-02	1.465680e-02	6.251860e-02
574           	7.878000e-02	5.190550e-02	1.470340e-02	6.139880e-02
575           	8.048810e-02	5.178830e-02	1.434740e-02	5.961620e-02
576           	8.061550e-02	5.120950e-02	1.337870e-02	5.495540e-02
577           	8.153120e-02	4.821820e-02	1.232540e-02	4.901040e-02
578           	8.008630e-02	4.507290e-02	1.139270e-02	4.511490e-02
579           	7.610340e-02	4.230260e-02	1.098460e-02	4.357110e-02
580           	7.286580e-02	4.176070e-02	1.069900e-02	4.269150e-02
581           	7.002450e-02	4.147510e-02	1.029860e-02	4.182170e-02
582           	6.845680e-02	4.120970e-02	9.781750e-03	4.115560e-02
583           	6.877180e-02	4.008480e-02	9.309740e-03	4.066730e-02
584           	6.817320e-02	3.882940e-02	8.856370e-03	4.026660e-02
585           	6.595080e-02	3.819560e-02	8.616650e-03	4.047220e-02
586           	6.315190e-02	3.805640e-02	8.520760e-03	4.040550e-02
587           	6.014550e-02	3.741820e-02	8.488780e-03	3.963260e-02
588           	5.966120e-02	3.743210e-02	8.700350e-03	3.957630e-02
589           	6.047360e-02	3.950910e-02	8.945590e-03	3.994590e-02
590           	6.402290e-02	4.018090e-02	9.201400e-03	4.008810e-02
591           	6.909550e-02	4.149330e-02	9.447680e-03	4.132690e-02
592           	7.364600e-02	4.203510e-02	9.911290e-03	4.232370e-02
593           	7.603250e-02	4.338230e-02	1.012580e-02	4.403550e-02
594           	7.951910e-02	4.408610e-02	1.019850e-02	4.457160e-02
595           	8.110050e-02	4.484160e-02	1.007590e-02	4.489830e-02
596           	8.096840e-02	4.461090e-02	9.731510e-03	4.471070e-02
597           	7.865170e-02	4.465960e-02	9.579230e-03	4.444620e-02
598           	7.433010e-02	4.404640e-02	9.745990e-03	4.254450e-02
599           	7.144040e-02	4.409290e-02	1.008520e-02	4.188700e-02
600           	7.243070e-02	4.329810e-02	1.043440e-02	4.162290e-02
601           	7.332640e-02	4.220660e-02	1.057310e-02	4.213280e-02
602           	7.456290e-02	4.303940e-02	1.051850e-02	4.401540e-02
603           	7.494040e-02	4.345670e-02	1.029980e-02	4.549040e-02
604           	7.520120e-02	4.399960e-02	1.001850e-02	4.665700e-02
605           	7.561960e-02	4.451630e-02	1.003860e-02	4.673650e-02
606           	7.659650e-02	4.504890e-02	1.027830e-02	4.683650e-02
607           	7.938970e-02	4.667700e-02	1.059500e-02	4.760960e-02
608           	8.250230e-02	4.764820e-02	1.076320e-02	4.801520e-02
609           	8.404180e-02	4.787040e-02	1.093210e-02	4.749330e-02
610           	8.771100e-02	4.950550e-02	1.146830e-02	4.918750e-02
611           	9.178770e-02	5.114540e-02	1.241010e-02	5.148480e-02
612           	9.119420e-02	5.263130e-02	1.320080e-02	5.532800e-02
613           	8.944440e-02	5.405100e-02	1.377200e-02	5.796980e-02
614           	9.116770e-02	5.388030e-02	1.404800e-02	5.898280e-02
615           	9.117880e-02	5.177260e-02	1.398700e-02	5.655390e-02
616           	8.784490e-02	5.005680e-02	1.337850e-02	5.364180e-02
617           	8.543890e-02	4.937380e-02	1.279170e-02	5.173680e-02
618           	8.483020e-02	4.764410e-02	1.239800e-02	4.978950e-02
619           	7.985360e-02	4.488770e-02	1.213700e-02	4.680550e-02
620           	7.442520e-02	4.281480e-02	1.138100e-02	4.409140e-02
621           	7.368850e-02	4.193230e-02	1.054870e-02	4.202070e-02
622           	7.443740e-02	3.993170e-02	9.850910e-03	4.092650e-02
623           	7.540490e-02	3.719000e-02	9.204770e-03	3.931520e-02
624           	7.609250e-02	3.441420e-02	8.635920e-03	3.632940e-02
625           	7.458350e-02	3.349560e-02	8.144630e-03	3.421530e-02
626           	7.244740e-02	3.361140e-02	7.887760e-03	3.280820e-02
627           	6.964850e-02	3.316800e-02	7.635270e-03	3.198810e-02
628           	6.832420e-02	3.284760e-02	7.627330e-03	3.214750e-02
629           	6.819960e-02	3.224980e-02	7.633170e-03	3.247400e-02
630           	6.926200e-02	3.184460e-02	7.499300e-03	3.183000e-02
631           	6.869550e-02	3.204430e-02	7.300900e-03	3.125810e-02
632           	6.652450e-02	3.195790e-02	7.045270e-03	3.124660e-02
633           	6.597070e-02	3.196470e-02	6.885600e-03	3.135560e-02
634           	6.665780e-02	3.211420e-02	7.029100e-03	3.141090e-02
635           	6.744470e-02	3.203440e-02	7.261860e-03	3.142560e-02
636           	6.749630e-02	3.259560e-02	7.510650e-03	3.223220e-02
637           	6.637040e-02	3.363300e-02	7.668490e-03	3.279070e-02
638           	6.595480e-02	3.412660e-02	7.654450e-03	3.316280e-02
639           	6.524330e-02	3.403630e-02	7.604130e-03	3.304010e-02
640           	6.358500e-02	3.410090e-02	7.647790e-03	3.255090e-02
641           	6.218780e-02	3.450050e-02	7.798390e-03	3.258830e-02
642           	6.117060e-02	3.540870e-02	7.996930e-03	3.351990e-02
643           	6.218770e-02	3.599370e-02	8.325670e-03	3.442730e-02
644           	6.349100e-02	3.738190e-02	8.580560e-03	3.581120e-02
645           	6.577960e-02	3.841560e-02	8.919030e-03	3.771320e-02
646           	7.036390e-02	3.911590e-02	9.215920e-03	4.005700e-02
647           	7.430260e-02	4.061480e-02	9.729190e-03	4.082040e-02
648           	7.745880e-02	4.339030e-02	1.022880e-02	4.370270e-02
649           	7.949830e-02	4.476250e-02	1.053270e-02	4.537320e-02
650           	8.068510e-02	4.640120e-02	1.057120e-02	4.647130e-02
651           	8.264360e-02	4.718810e-02	1.066710e-02	4.729060e-02
652           	8.644650e-02	4.866500e-02	1.102100e-02	4.947330e-02
653           	8.786970e-02	5.002760e-02	1.140310e-02	5.197690e-02
654           	8.894530e-02	5.152710e-02	1.181500e-02	5.347640e-02
655           	8.915100e-02	5.229450e-02	1.203970e-02	5.290340e-02
656           	8.589890e-02	5.204960e-02	1.212750e-02	5.032560e-02
657           	8.636220e-02	5.089330e-02	1.181500e-02	4.905920e-02
658           	8.680060e-02	4.940380e-02	1.170270e-02	4.827740e-02
659           	9.081540e-02	4.814760e-02	1.179570e-02	4.739830e-02
660           	9.162390e-02	4.799550e-02	1.171530e-02	4.739100e-02
661           	8.889480e-02	4.817260e-02	1.125360e-02	4.774230e-02
662           	8.470050e-02	4.780890e-02	1.093080e-02	4.704430e-02
663           	8.216070e-02	4.815360e-02	1.064360e-02	4.535060e-02
664           	8.050510e-02	5.069690e-02	1.087830e-02	4.500550e-02
665           	8.012360e-02	5.371910e-02	1.135420e-02	4.732630e-02
666           	8.399110e-02	5.626820e-02	1.192990e-02	5.036740e-02
667           	8.773340e-02	5.862740e-02	1.260060e-02	5.316530e-02
668           	8.787370e-02	5.961710e-02	1.313510e-02	5.383550e-02
669           	8.704540e-02	5.830190e-02	1.357180e-02	5.362090e-02
670           	8.296910e-02	5.412650e-02	1.359670e-02	5.169770e-02
671           	8.219910e-02	5.157430e-02	1.335760e-02	5.048960e-02
672           	8.170980e-02	4.994310e-02	1.279290e-02	4.984810e-02
673           	8.129920e-02	4.815420e-02	1.189570e-02	4.834030e-02
674           	8.021190e-02	4.665080e-02	1.111480e-02	4.598580e-02
675           	7.964690e-02	4.705190e-02	1.072130e-02	4.358850e-02
676           	7.946730e-02	4.696450e-02	1.076890e-02	4.217290e-02
677           	8.090730e-02	4.707820e-02	1.076610e-02	4.183950e-02
678           	8.355610e-02	4.762500e-02	1.058090e-02	4.160370e-02
679           	8.349330e-02	4.974040e-02	1.042930e-02	4.275700e-02
680           	8.485620e-02	4.930850e-02	1.034700e-02	4.282350e-02
681           	8.340530e-02	4.875800e-02	1.037600e-02	4.359880e-02
682           	8.143990e-02	4.769910e-02	1.044420e-02	4.496440e-02
683           	8.248420e-02	4.739830e-02	1.039720e-02	4.541430e-02
684           	8.228920e-02	4.593040e-02	1.001180e-02	4.496870e-02
685           	7.881270e-02	4.319740e-02	9.496730e-03	4.361130e-02
686           	7.545510e-02	4.301110e-02	8.887030e-03	4.349180e-02
687           	7.402600e-02	4.316650e-02	8.674420e-03	4.101460e-02
688           	7.314550e-02	4.215460e-02	8.619850e-03	3.872360e-02
689           	7.182940e-02	4.082410e-02	8.693760e-03	3.756540e-02
690           	7.159360e-02	3.964160e-02	8.967720e-03	3.772900e-02
691           	7.392730e-02	3.924880e-02	9.037130e-03	3.836140e-02
692           	7.625250e-02	3.934690e-02	8.829390e-03	3.891570e-02
693           	7.629910e-02	3.946230e-02	8.593410e-03	3.873260e-02
694           	7.541360e-02	3.890290e-02	8.265160e-03	3.713630e-02
695           	7.420670e-02	3.823520e-02	8.024650e-03	3.576580e-02
696           	7.212090e-02	3.777070e-02	7.928180e-03	3.561970e-02
697           	7.075400e-02	3.648520e-02	7.965790e-03	3.511390e-02
698           	7.038930e-02	3.543680e-02	7.972000e-03	3.481440e-02
699           	6.984430e-02	3.506220e-02	7.797470e-03	3.416130e-02
700           	6.949510e-02	3.528350e-02	7.703080e-03	3.411750e-02
701           	7.158540e-02	3.700520e-02	7.959710e-03	3.471610e-02
702           	7.505420e-02	3.973410e-02	8.707870e-03	3.775160e-02
703           	7.750470e-02	4.306560e-02	9.551090e-03	4.010030e-02
704           	8.074620e-02	4.583070e-02	1.037900e-02	4.262350e-02
705           	8.222610e-02	4.637840e-02	1.099720e-02	4.458080e-02
706           	8.190410e-02	4.737380e-02	1.149600e-02	4.619330e-02
707           	8.084080e-02	4.858160e-02	1.178700e-02	4.799650e-02
708           	7.940070e-02	4.821730e-02	1.160340e-02	4.818150e-02
709           	7.942270e-02	4.627650e-02	1.137140e-02	4.768780e-02
710           	8.008340e-02	4.463360e-02	1.103100e-02	4.662490e-02
711           	7.955930e-02	4.404900e-02	1.066080e-02	4.448290e-02
712           	8.166440e-02	4.373060e-02	1.036050e-02	4.299500e-02
713           	8.347390e-02	4.414760e-02	1.034590e-02	4.310930e-02
714           	8.364970e-02	4.459350e-02	1.044590e-02	4.394060e-02
715           	8.237180e-02	4.450500e-02	1.062270e-02	4.398920e-02
716           	8.407700e-02	4.434680e-02	1.054920e-02	4.404530e-02
717           	8.415910e-02	4.511180e-02	1.043280e-02	4.383180e-02
718           	8.116440e-02	4.638900e-02	1.045120e-02	4.427070e-02
719           	7.962670e-02	4.783750e-02	1.078210e-02	4.628880e-02
720           	8.048190e-02	4.885830e-02	1.124490e-02	4.849510e-02
721           	8.138930e-02	5.019680e-02	1.203110e-02	5.099930e-02
722           	8.255380e-02	5.278720e-02	1.298060e-02	5.487850e-02
723           	8.420370e-02	5.527130e-02	1.376720e-02	5.659720e-02
724           	8.437160e-02	5.535020e-02	1.423250e-02	5.515630e-02
725           	8.264170e-02	5.323480e-02	1.382800e-02	5.208400e-02
726           	7.917710e-02	5.076730e-02	1.287240e-02	4.967770e-02
727           	7.686050e-02	4.761860e-02	1.171170e-02	4.678530e-02
728           	7.372810e-02	4.376770e-02	1.068860e-02	4.523800e-02
729           	7.179600e-02	3.990730e-02	1.014820e-02	4.347770e-02
730           	7.424030e-02	3.952050e-02	1.011530e-02	4.326380e-02
731           	7.664330e-02	4.097860e-02	1.010480e-02	4.380240e-02
732           	7.799900e-02	4.070960e-02	1.000190e-02	4.234940e-02
733           	7.850620e-02	3.908870e-02	9.711710e-03	4.029280e-02
734           	7.556180e-02	3.784580e-02	9.448540e-03	3.866520e-02
735           	7.286520e-02	3.721380e-02	9.296320e-03	3.738150e-02
736           	6.992440e-02	3.819500e-02	9.207720e-03	3.712330e-02
737           	6.742160e-02	4.000060e-02	9.290530e-03	3.884160e-02
738           	6.818260e-02	4.146020e-02	9.569150e-03	4.121840e-02
739           	7.196280e-02	4.490700e-02	1.028830e-02	4.511000e-02
740           	7.517920e-02	4.843570e-02	1.123220e-02	4.934030e-02
741           	7.748970e-02	5.228170e-02	1.245860e-02	5.393050e-02
742           	8.085710e-02	5.492210e-02	1.358160e-02	5.687450e-02
743           	8.300130e-02	5.658680e-02	1.384620e-02	5.890550e-02
744           	8.477090e-02	5.704130e-02	1.366820e-02	5.801410e-02
745           	8.652190e-02	5.665910e-02	1.325220e-02	5.599480e-02
746           	8.733690e-02	5.697890e-02	1.328010e-02	5.511770e-02
747           	8.859090e-02	5.342690e-02	1.313780e-02	5.236450e-02
748           	8.958290e-02	5.215460e-02	1.313760e-02	5.171160e-02
749           	8.920000e-02	5.096290e-02	1.329390e-02	5.232970e-02
750           	8.637280e-02	4.921560e-02	1.310050e-02	5.155120e-02
751           	8.438870e-02	4.741250e-02	1.277440e-02	4.949270e-02
752           	8.178580e-02	4.654330e-02	1.233950e-02	4.766780e-02
753           	8.091240e-02	4.765120e-02	1.180080e-02	4.660970e-02
754           	8.172210e-02	5.011980e-02	1.163080e-02	4.759070e-02
755           	8.370890e-02	5.228060e-02	1.197870e-02	5.050730e-02
756           	8.455290e-02	5.295690e-02	1.223860e-02	5.282590e-02
757           	8.446510e-02	5.220370e-02	1.225230e-02	5.323940e-02
758           	8.322770e-02	5.147590e-02	1.226660e-02	5.291160e-02
759           	8.251580e-02	5.084010e-02	1.248280e-02	5.258170e-02
760           	8.166860e-02	5.014700e-02	1.238290e-02	5.088680e-02
761           	8.178790e-02	5.033730e-02	1.227070e-02	4.952530e-02
762           	8.441200e-02	5.086370e-02	1.250120e-02	4.960350e-02
763           	8.769500e-02	5.165780e-02	1.299940e-02	5.187560e-02
764           	8.853000e-02	5.292540e-02	1.339670e-02	5.409370e-02
765           	8.642670e-02	5.359130e-02	1.328390e-02	5.539600e-02
766           	8.233710e-02	5.359740e-02	1.280170e-02	5.513240e-02
767           	7.939820e-02	5.239660e-02	1.229490e-02	5.293210e-02
768           	7.663010e-02	5.194880e-02	1.189380e-02	5.119630e-02
769           	7.463170e-02	5.058400e-02	1.154220e-02	4.883020e-02
770           	7.584240e-02	4.910710e-02	1.118190e-02	4.690520e-02
771           	7.805920e-02	4.768810e-02	1.120720e-02	4.662200e-02
772           	7.891480e-02	4.660980e-02	1.107260e-02	4.605670e-02
773           	7.987910e-02	4.522870e-02	1.079050e-02	4.510900e-02
774           	8.212260e-02	4.214700e-02	1.020660e-02	4.283600e-02
775           	8.454100e-02	4.029340e-02	9.570990e-03	4.073780e-02
776           	8.627330e-02	3.974790e-02	9.318760e-03	3.906870e-02
777           	8.639050e-02	4.080520e-02	9.349710e-03	3.818850e-02
778           	8.433100e-02	4.119340e-02	9.800330e-03	3.858210e-02
779           	8.490240e-02	4.239220e-02	1.038500e-02	4.023170e-02
780           	8.443360e-02	4.466080e-02	1.087300e-02	4.306470e-02
781           	8.428120e-02	4.662570e-02	1.107050e-02	4.468890e-02
782           	8.321910e-02	4.876550e-02	1.120600e-02	4.620580e-02
783           	8.147100e-02	5.248550e-02	1.192200e-02	4.952390e-02
784           	8.227220e-02	5.580980e-02	1.297280e-02	5.349620e-02
785           	8.183900e-02	5.929810e-02	1.421200e-02	5.790870e-02
786           	8.562890e-02	6.256310e-02	1.569410e-02	6.375120e-02
787           	8.994040e-02	6.567330e-02	1.674220e-02	6.612430e-02
788           	9.063590e-02	6.478630e-02	1.696560e-02	6.835980e-02
789           	8.886010e-02	6.172920e-02	1.622950e-02	6.673270e-02
790           	8.616430e-02	5.707510e-02	1.506740e-02	6.292200e-02
791           	8.329140e-02	5.196610e-02	1.377410e-02	5.813300e-02
792           	7.930500e-02	4.840390e-02	1.247220e-02	5.331530e-02
793           	7.943380e-02	4.554800e-02	1.132700e-02	4.878570e-02
794           	8.073060e-02	4.322180e-02	1.053880e-02	4.617260e-02
795           	8.076030e-02	4.151240e-02	1.000340e-02	4.389990e-02
796           	7.772930e-02	4.091650e-02	9.662210e-03	4.140070e-02
797           	7.499950e-02	4.010750e-02	9.549340e-03	3.935960e-02
798           	7.199510e-02	3.915840e-02	9.375010e-03	3.789140e-02
799           	7.077110e-02	3.780410e-02	9.021060e-03	3.707500e-02
800           	7.040780e-02	3.649060e-02	8.738940e-03	3.593060e-02
801           	7.072210e-02	3.565510e-02	8.591940e-03	3.531050e-02
802           	7.105740e-02	3.630290e-02	8.681450e-03	3.631550e-02
803           	7.122930e-02	3.727850e-02	9.075670e-03	3.834340e-02
804           	7.299980e-02	3.817950e-02	9.704070e-03	4.172690e-02
805           	7.545840e-02	4.072150e-02	1.047600e-02	4.546430e-02
806           	7.690910e-02	4.373830e-02	1.132910e-02	4.789420e-02
807           	7.645770e-02	4.826710e-02	1.223030e-02	5.020430e-02
808           	7.781130e-02	5.206520e-02	1.296920e-02	5.109340e-02
809           	8.147360e-02	5.712060e-02	1.386300e-02	5.264240e-02
810           	8.218510e-02	6.007330e-02	1.438250e-02	5.426920e-02
811           	8.286170e-02	6.214380e-02	1.479210e-02	5.696970e-02
812           	8.323580e-02	6.192870e-02	1.517830e-02	6.053380e-02
813           	8.518490e-02	6.145430e-02	1.544140e-02	6.236670e-02
814           	8.776890e-02	6.044960e-02	1.553380e-02	6.387750e-02
815           	8.943930e-02	6.065700e-02	1.554820e-02	6.547640e-02
816           	8.727910e-02	6.351300e-02	1.569610e-02	6.682950e-02
817           	8.678740e-02	6.755780e-02	1.635350e-02	6.813880e-02
818           	8.761210e-02	7.022710e-02	1.656800e-02	6.858250e-02
819           	8.850980e-02	7.077220e-02	1.657810e-02	6.926470e-02
820           	9.103650e-02	6.835130e-02	1.622660e-02	6.737550e-02
821           	9.065120e-02	6.447900e-02	1.566250e-02	6.542020e-02
822           	8.854390e-02	5.882520e-02	1.472170e-02	6.176640e-02
823           	8.652360e-02	5.393550e-02	1.327240e-02	5.717090e-02
824           	8.305310e-02	4.982690e-02	1.197690e-02	5.222030e-02
825           	7.848550e-02	4.614000e-02	1.113060e-02	4.768250e-02
826           	7.395340e-02	4.354490e-02	1.059530e-02	4.367080e-02
827           	7.281620e-02	4.196130e-02	1.040990e-02	4.155420e-02
828           	7.181250e-02	4.147800e-02	1.013040e-02	4.060640e-02
829           	7.060570e-02	3.989630e-02	9.749000e-03	3.864580e-02
830           	6.914070e-02	3.860430e-02	9.277900e-03	3.757400e-02
831           	6.760360e-02	3.737750e-02	8.691800e-03	3.750020e-02
832           	6.555030e-02	3.544420e-02	8.150880e-03	3.559970e-02
833           	6.422360e-02	3.474560e-02	7.657380e-03	3.424900e-02
834           	6.271340e-02	3.426050e-02	7.309920e-03	3.310370e-02
835           	6.080760e-02	3.416220e-02	7.264520e-03	3.260550e-02
836           	5.984260e-02	3.491370e-02	7.468390e-03	3.335500e-02
837           	6.055650e-02	3.540040e-02	7.845090e-03	3.463830e-02
838           	6.232090e-02	3.616660e-02	8.174240e-03	3.626470e-02
839           	6.388210e-02	3.726070e-02	8.487550e-03	3.781310e-02
840           	6.457730e-02	3.745370e-02	8.656480e-03	3.841190e-02
841           	6.509300e-02	3.705710e-02	8.679130e-03	3.764450e-02
842           	6.672920e-02	3.698390e-02	8.571930e-03	3.672600e-02
843           	6.823290e-02	3.693960e-02	8.519570e-03	3.525260e-02
844           	6.828490e-02	3.789790e-02	8.654510e-03	3.557110e-02
845           	6.920560e-02	3.874950e-02	9.056240e-03	3.731870e-02
846           	7.051770e-02	4.026150e-02	9.675830e-03	4.001600e-02
847           	7.237680e-02	4.210400e-02	1.023920e-02	4.272050e-02
848           	7.203400e-02	4.484500e-02	1.068490e-02	4.527370e-02
849           	7.287140e-02	4.691610e-02	1.081940e-02	4.788710e-02
850           	7.566610e-02	4.816350e-02	1.096650e-02	4.979230e-02
851           	7.953780e-02	4.895130e-02	1.133650e-02	5.101690e-02
852           	8.425160e-02	5.040480e-02	1.218520e-02	5.342470e-02
853           	8.915410e-02	5.385860e-02	1.307260e-02	5.632790e-02
854           	9.074530e-02	5.615360e-02	1.376770e-02	5.717240e-02
855           	9.144960e-02	5.674630e-02	1.438770e-02	5.732280e-02
856           	9.313790e-02	5.492540e-02	1.497810e-02	5.618650e-02
857           	9.052010e-02	5.372230e-02	1.508610e-02	5.612350e-02
858           	8.791070e-02	5.318780e-02	1.469380e-02	5.604900e-02
859           	8.531560e-02	5.150330e-02	1.364650e-02	5.426410e-02
860           	8.320910e-02	4.800590e-02	1.280120e-02	5.035830e-02
861           	7.945500e-02	4.672220e-02	1.220760e-02	4.669060e-02
862           	7.581190e-02	4.683010e-02	1.163220e-02	4.529610e-02
863           	7.258220e-02	4.536940e-02	1.081590e-02	4.503370e-02
864           	7.137330e-02	4.368400e-02	9.994490e-03	4.332870e-02
865           	7.253960e-02	4.201210e-02	9.319750e-03	4.111740e-02
866           	7.280970e-02	3.999830e-02	8.951250e-03	3.820500e-02
867           	7.361390e-02	3.779130e-02	8.605700e-03	3.637310e-02
868           	7.496850e-02	3.639390e-02	8.332700e-03	3.560320e-02
869           	7.650390e-02	3.553690e-02	8.269620e-03	3.556740e-02
870           	7.731710e-02	3.608960e-02	8.326270e-03	3.605910e-02
871           	7.438290e-02	3.618490e-02	8.387830e-03	3.561470e-02
872           	7.201490e-02	3.632040e-02	8.276600e-03	3.487520e-02
873           	7.030980e-02	3.606930e-02	8.262300e-03	3.392080e-02
874           	6.802340e-02	3.577720e-02	8.253760e-03	3.395880e-02
875           	6.619150e-02	3.615180e-02	8.269310e-03	3.443570e-02
876           	6.444240e-02	3.673400e-02	8.216420e-03	3.434410e-02
877           	6.395080e-02	3.720020e-02	8.189810e-03	3.384230e-02
878           	6.369670e-02	3.894440e-02	8.356250e-03	3.489490e-02
879           	6.300500e-02	4.078460e-02	8.666000e-03	3.633920e-02
880           	6.426630e-02	4.254210e-02	9.104500e-03	3.813070e-02
881           	6.576340e-02	4.396860e-02	9.650960e-03	4.045850e-02
882           	6.946850e-02	4.482720e-02	1.018070e-02	4.187250e-02
883           	7.256690e-02	4.525850e-02	1.083410e-02	4.369330e-02
884           	7.769450e-02	4.502340e-02	1.135650e-02	4.568120e-02
885           	8.222230e-02	4.553770e-02	1.158390e-02	4.680760e-02
886           	8.594990e-02	4.664980e-02	1.164070e-02	4.733190e-02
887           	8.675890e-02	4.693500e-02	1.156340e-02	4.654500e-02
888           	8.550820e-02	4.679790e-02	1.148700e-02	4.639710e-02
889           	8.281420e-02	4.744710e-02	1.127870e-02	4.610280e-02
890           	7.987780e-02	4.711210e-02	1.108460e-02	4.445270e-02
891           	7.852610e-02	4.792050e-02	1.092650e-02	4.391730e-02
892           	7.975500e-02	4.933970e-02	1.105780e-02	4.520500e-02
893           	8.069420e-02	5.137580e-02	1.161840e-02	4.822070e-02
894           	8.190980e-02	5.431620e-02	1.231330e-02	5.234140e-02
895           	8.147900e-02	5.654730e-02	1.293490e-02	5.533550e-02
896           	8.089130e-02	5.633970e-02	1.344200e-02	5.560200e-02
897           	7.915540e-02	5.488610e-02	1.369550e-02	5.507150e-02
898           	7.803030e-02	5.302440e-02	1.349260e-02	5.329550e-02
899           	7.907810e-02	5.048590e-02	1.266070e-02	5.052040e-02
900           	7.838830e-02	4.655720e-02	1.146770e-02	4.784880e-02
901           	7.612490e-02	4.184390e-02	1.010540e-02	4.427790e-02
902           	7.494790e-02	3.891990e-02	9.084240e-03	4.148980e-02
903           	7.386090e-02	3.782290e-02	8.634810e-03	3.890380e-02
904           	7.245940e-02	3.679950e-02	8.574670e-03	3.680680e-02
905           	7.211330e-02	3.657160e-02	8.582220e-03	3.581250e-02
906           	7.370370e-02	3.666960e-02	8.617870e-03	3.614630e-02
907           	7.595480e-02	3.708610e-02	8.856070e-03	3.663410e-02
908           	7.732080e-02	3.747400e-02	8.956070e-03	3.720960e-02
909           	7.857350e-02	3.788760e-02	8.893890e-03	3.751540e-02
910           	7.786420e-02	3.701490e-02	8.749090e-03	3.625690e-02
911           	7.714580e-02	3.623960e-02	8.573810e-03	3.531670e-02
912           	7.731300e-02	3.574330e-02	8.462360e-03	3.496670e-02
913           	7.685540e-02	3.561670e-02	8.451140e-03	3.464000e-02
914           	7.614100e-02	3.517220e-02	8.512340e-03	3.486100e-02
915           	7.425750e-02	3.551640e-02	8.605480e-03	3.595160e-02
916           	7.297270e-02	3.568750e-02	8.983710e-03	3.681010e-02
917           	7.276270e-02	3.815040e-02	9.473370e-03	3.866960e-02
918           	7.449450e-02	4.006300e-02	1.001010e-02	3.963210e-02
919           	7.484590e-02	4.336840e-02	1.023180e-02	4.144740e-02
920           	7.422620e-02	4.600300e-02	1.064870e-02	4.285580e-02
921           	7.375610e-02	4.733330e-02	1.092400e-02	4.420340e-02
922           	7.359300e-02	4.819810e-02	1.117150e-02	4.605640e-02
923           	7.399830e-02	4.899020e-02	1.153600e-02	4.853240e-02
924           	7.679000e-02	5.003890e-02	1.209760e-02	5.119830e-02
925           	7.966820e-02	5.222740e-02	1.273160e-02	5.384190e-02
926           	8.238890e-02	5.464040e-02	1.336820e-02	5.662300e-02
927           	8.365000e-02	5.645900e-02	1.365130e-02	5.703990e-02
928           	8.552900e-02	5.691260e-02	1.335880e-02	5.710040e-02
929           	8.594050e-02	5.664730e-02	1.287460e-02	5.537660e-02
930           	8.509840e-02	5.494840e-02	1.220370e-02	5.375890e-02
931           	8.303670e-02	5.153740e-02	1.156230e-02	5.127020e-02
932           	8.043530e-02	4.800000e-02	1.103580e-02	4.897330e-02
933           	7.852170e-02	4.504550e-02	1.044770e-02	4.698300e-02
934           	7.794180e-02	4.247290e-02	9.825090e-03	4.465270e-02
935           	7.734400e-02	4.003990e-02	9.466760e-03	4.211650e-02
936           	7.475770e-02	3.757200e-02	9.113340e-03	3.866550e-02
937           	7.184960e-02	3.544920e-02	8.598180e-03	3.555870e-02
938           	6.911840e-02	3.398290e-02	8.307710e-03	3.381670e-02
939           	6.741010e-02	3.303390e-02	8.040670e-03	3.276110e-02
940           	6.586760e-02	3.239580e-02	7.781890e-03	3.225970e-02
941           	6.465960e-02	3.172900e-02	7.565470e-03	3.224430e-02
942           	6.555780e-02	3.151610e-02	7.499950e-03	3.214760e-02
943           	6.774520e-02	3.217580e-02	7.619780e-03	3.294390e-02
944           	6.981710e-02	3.341050e-02	7.843490e-03	3.392430e-02
945           	7.129610e-02	3.545100e-02	8.174470e-03	3.615610e-02
946           	7.076480e-02	3.647630e-02	8.374260e-03	3.786310e-02
947           	6.944060e-02	3.689330e-02	8.501640e-03	3.838740e-02
948           	6.955330e-02	3.723990e-02	8.548960e-03	3.875870e-02
949           	6.896490e-02	3.817500e-02	8.680150e-03	3.996390e-02
950           	6.926860e-02	3.821500e-02	8.772030e-03	3.973500e-02
951           	6.973160e-02	3.854040e-02	8.784170e-03	3.932310e-02
952           	6.857140e-02	3.889390e-02	8.717780e-03	3.860620e-02
953           	6.871600e-02	4.015790e-02	8.570320e-03	3.797840e-02
954           	7.147100e-02	4.043660e-02	8.505660e-03	3.681770e-02
955           	7.553160e-02	4.086260e-02	8.598260e-03	3.667890e-02
956           	7.785850e-02	4.200270e-02	8.847390e-03	3.836180e-02
957           	7.650320e-02	4.285060e-02	9.366610e-03	4.048680e-02
958           	7.556830e-02	4.341030e-02	9.842240e-03	4.270270e-02
959           	7.693160e-02	4.272940e-02	1.030070e-02	4.471380e-02
960           	7.950520e-02	4.400180e-02	1.054440e-02	4.787420e-02
961           	8.316260e-02	4.468490e-02	1.066630e-02	4.893990e-02
962           	8.633020e-02	4.382530e-02	1.076320e-02	4.757900e-02
963           	8.775300e-02	4.272590e-02	1.046860e-02	4.557050e-02
964           	8.560750e-02	4.282510e-02	1.001410e-02	4.365840e-02
965           	8.381340e-02	4.270700e-02	9.821360e-03	4.297460e-02
966           	8.010540e-02	4.150780e-02	9.716620e-03	4.157300e-02
967           	7.785220e-02	4.072590e-02	9.938450e-03	4.086780e-02
968           	7.909470e-02	4.062400e-02	1.005340e-02	4.116610e-02
969           	8.056650e-02	4.035250e-02	1.009670e-02	4.251540e-02
970           	8.244170e-02	3.988060e-02	9.996570e-03	4.340300e-02
971           	8.156500e-02	4.014410e-02	1.001470e-02	4.491450e-02
972           	7.952780e-02	4.113780e-02	1.022480e-02	4.550780e-02
973           	7.941900e-02	4.438030e-02	1.079530e-02	4.702800e-02
974           	8.080040e-02	4.929110e-02	1.186730e-02	5.051640e-02
975           	8.283290e-02	5.574350e-02	1.311010e-02	5.557870e-02
976           	8.967020e-02	6.205220e-02	1.452670e-02	6.187950e-02
977           	9.890960e-02	6.827290e-02	1.598030e-02	6.761150e-02
978           	9.909900e-02	6.923380e-02	1.686160e-02	6.836570e-02
979           	9.500020e-02	6.640030e-02	1.688460e-02	6.756620e-02
980           	8.969160e-02	6.219650e-02	1.603050e-02	6.447060e-02
981           	8.726080e-02	5.593870e-02	1.529150e-02	5.823590e-02
982           	8.557670e-02	5.180070e-02	1.430150e-02	5.366140e-02
983           	8.475880e-02	4.993560e-02	1.308970e-02	5.067650e-02
984           	8.120260e-02	4.846480e-02	1.192000e-02	4.841780e-02
985           	7.996480e-02	4.701300e-02	1.113580e-02	4.721300e-02
986           	7.892070e-02	4.522050e-02	1.082100e-02	4.701500e-02
987           	7.832960e-02	4.397760e-02	1.048450e-02	4.626550e-02
988           	7.615000e-02	4.298230e-02	1.016170e-02	4.418850e-02
989           	7.432630e-02	4.171390e-02	1.009220e-02	4.247610e-02
990           	7.166800e-02	4.047710e-02	9.911110e-03	3.995360e-02
991           	6.943170e-02	3.952280e-02	9.550400e-03	3.864130e-02
992           	6.776830e-02	3.921750e-02	9.233690e-03	3.778090e-02
993           	6.470670e-02	3.991250e-02	9.268800e-03	3.801210e-02
994           	6.403440e-02	4.044940e-02	9.527570e-03	3.826530e-02
995           	6.530830e-02	4.204880e-02	9.794610e-03	4.048630e-02
996           	6.771940e-02	4.305080e-02	9.955090e-03	4.158860e-02
997           	6.827810e-02	4.337790e-02	1.012940e-02	4.251170e-02
998           	6.853940e-02	4.368240e-02	1.010290e-02	4.353520e-02
999           	6.983370e-02	4.464410e-02	9.882490e-03	4.365860e-02
1000          	6.958430e-02	4.438770e-02	9.400790e-03	4.315300e-02
