# Residuals   
# Time        	p             	Ux            	Uy            	Uz            
1             	1.000000e+00	3.138440e-01	1.000000e+00	2.748280e-01
2             	2.906170e-01	5.983510e-01	2.568760e-01	5.943440e-01
3             	4.163260e-02	4.821120e-01	1.518350e-01	4.571670e-01
4             	5.328230e-02	3.271020e-01	9.877750e-02	2.964740e-01
5             	9.008230e-02	2.537060e-01	7.562870e-02	2.376780e-01
6             	1.308720e-01	2.147700e-01	6.084040e-02	2.079160e-01
7             	1.428020e-01	1.823560e-01	5.210400e-02	1.751090e-01
8             	1.226310e-01	1.520400e-01	4.636210e-02	1.452240e-01
9             	1.068350e-01	1.261240e-01	4.077860e-02	1.156250e-01
10            	7.925540e-02	1.154150e-01	3.458140e-02	1.038250e-01
11            	6.268880e-02	1.061120e-01	2.903930e-02	9.890390e-02
12            	5.464810e-02	9.371680e-02	2.464800e-02	8.991480e-02
13            	5.339980e-02	7.961750e-02	2.147510e-02	7.832450e-02
14            	5.276710e-02	6.915760e-02	1.923030e-02	6.843850e-02
15            	5.678910e-02	6.311060e-02	1.771330e-02	6.200600e-02
16            	6.024250e-02	5.870800e-02	1.615360e-02	5.624940e-02
17            	6.195680e-02	5.444970e-02	1.469340e-02	5.101770e-02
18            	6.367810e-02	5.039290e-02	1.327350e-02	4.715510e-02
19            	6.523840e-02	4.727100e-02	1.186360e-02	4.484210e-02
20            	6.578290e-02	4.459070e-02	1.061290e-02	4.288960e-02
21            	6.472900e-02	4.225330e-02	9.729820e-03	4.085050e-02
22            	6.367260e-02	4.017010e-02	9.128670e-03	3.942720e-02
23            	6.432070e-02	3.857140e-02	8.779830e-03	3.865420e-02
24            	6.617600e-02	3.774120e-02	8.571030e-03	3.866030e-02
25            	6.921910e-02	3.699730e-02	8.209550e-03	3.844060e-02
26            	7.228240e-02	3.598770e-02	7.801690e-03	3.741900e-02
27            	7.437740e-02	3.486000e-02	7.484070e-03	3.570070e-02
28            	7.544740e-02	3.396870e-02	7.339930e-03	3.434250e-02
29            	7.705370e-02	3.354290e-02	7.323150e-03	3.389820e-02
30            	7.750910e-02	3.311800e-02	7.354150e-03	3.384420e-02
31            	7.552370e-02	3.240380e-02	7.397070e-03	3.370510e-02
32            	7.119560e-02	3.151250e-02	7.268350e-03	3.341090e-02
33            	6.783910e-02	3.062970e-02	7.143950e-03	3.295350e-02
34            	6.553750e-02	3.001130e-02	6.900360e-03	3.196740e-02
35            	6.414090e-02	2.902440e-02	6.593260e-03	3.049680e-02
36            	6.254510e-02	2.809110e-02	6.276640e-03	2.870750e-02
37            	6.214270e-02	2.707280e-02	6.066310e-03	2.702900e-02
38            	6.156480e-02	2.679360e-02	5.903720e-03	2.614380e-02
39            	6.182660e-02	2.668390e-02	5.759290e-03	2.539500e-02
40            	6.174520e-02	2.752050e-02	5.763480e-03	2.554380e-02
41            	6.150330e-02	2.964880e-02	5.971000e-03	2.657840e-02
42            	6.229190e-02	3.241200e-02	6.401530e-03	2.885750e-02
43            	6.526220e-02	3.519690e-02	7.076530e-03	3.143950e-02
44            	6.836560e-02	3.811780e-02	7.938400e-03	3.439810e-02
45            	7.049070e-02	4.049650e-02	8.744610e-03	3.757370e-02
46            	7.420150e-02	4.282380e-02	9.313630e-03	4.047400e-02
47            	7.532810e-02	4.371200e-02	9.788420e-03	4.287350e-02
48            	7.455870e-02	4.305340e-02	1.010010e-02	4.445340e-02
49            	7.448690e-02	4.285940e-02	1.048350e-02	4.618840e-02
50            	7.297980e-02	4.234370e-02	1.051110e-02	4.604340e-02
51            	7.125180e-02	4.171820e-02	1.022410e-02	4.433830e-02
52            	6.859780e-02	4.198590e-02	9.991390e-03	4.256360e-02
53            	6.640430e-02	4.304370e-02	9.993860e-03	4.209110e-02
54            	6.780920e-02	4.300790e-02	9.756970e-03	4.117080e-02
55            	6.910980e-02	4.171860e-02	9.367120e-03	4.039920e-02
56            	7.068650e-02	4.015720e-02	8.836480e-03	3.925580e-02
57            	7.158260e-02	3.943000e-02	8.602650e-03	3.816490e-02
58            	7.219940e-02	3.954190e-02	8.555570e-03	3.708130e-02
59            	7.199560e-02	3.986090e-02	8.772670e-03	3.620590e-02
60            	7.127930e-02	4.103990e-02	9.038010e-03	3.615680e-02
61            	6.982050e-02	4.172130e-02	9.245910e-03	3.647940e-02
62            	7.038940e-02	4.158810e-02	9.377860e-03	3.730580e-02
63            	7.212880e-02	4.095160e-02	9.520160e-03	3.779050e-02
64            	7.343030e-02	4.027960e-02	9.393550e-03	3.820470e-02
65            	7.371450e-02	4.006710e-02	9.239450e-03	3.838160e-02
66            	7.346120e-02	3.957970e-02	9.104440e-03	3.810800e-02
67            	7.352080e-02	3.960890e-02	9.090180e-03	3.892400e-02
68            	7.410150e-02	4.033680e-02	9.485720e-03	4.021170e-02
69            	7.507540e-02	4.256750e-02	1.015470e-02	4.189420e-02
70            	7.883260e-02	4.564310e-02	1.101310e-02	4.452620e-02
71            	8.204140e-02	4.935040e-02	1.180860e-02	4.692000e-02
72            	8.553770e-02	5.253580e-02	1.263480e-02	4.886900e-02
73            	8.666280e-02	5.620820e-02	1.356920e-02	5.160360e-02
74            	8.852130e-02	6.004600e-02	1.442360e-02	5.468350e-02
75            	8.905650e-02	6.275190e-02	1.495650e-02	5.759230e-02
76            	8.994150e-02	6.337000e-02	1.512050e-02	5.926730e-02
77            	9.070570e-02	6.076460e-02	1.483200e-02	5.817400e-02
78            	8.985640e-02	5.795310e-02	1.430030e-02	5.731780e-02
79            	8.780710e-02	5.526310e-02	1.379920e-02	5.587290e-02
80            	8.457940e-02	5.375990e-02	1.351660e-02	5.463670e-02
81            	8.122440e-02	5.434790e-02	1.320990e-02	5.345600e-02
82            	7.697820e-02	5.413620e-02	1.291670e-02	5.157610e-02
83            	7.467300e-02	5.468010e-02	1.265680e-02	5.014610e-02
84            	7.457470e-02	5.478220e-02	1.233210e-02	4.892940e-02
85            	7.861250e-02	5.324690e-02	1.221610e-02	4.884040e-02
86            	8.002600e-02	5.212990e-02	1.206360e-02	4.884080e-02
87            	8.006990e-02	5.054260e-02	1.175390e-02	4.845570e-02
88            	7.898290e-02	4.957470e-02	1.131960e-02	4.774530e-02
89            	7.854450e-02	4.965450e-02	1.110820e-02	4.733320e-02
90            	7.822040e-02	5.032650e-02	1.100640e-02	4.785230e-02
91            	7.596430e-02	5.075890e-02	1.091310e-02	4.847430e-02
92            	7.458520e-02	4.943190e-02	1.083350e-02	4.745970e-02
93            	7.691450e-02	4.758390e-02	1.089610e-02	4.584420e-02
94            	7.852360e-02	4.592510e-02	1.072110e-02	4.425670e-02
95            	7.877010e-02	4.491900e-02	1.033830e-02	4.360640e-02
96            	7.772510e-02	4.410950e-02	1.001490e-02	4.335460e-02
97            	7.745340e-02	4.343580e-02	9.849260e-03	4.372640e-02
98            	7.821490e-02	4.398270e-02	9.903340e-03	4.428880e-02
99            	7.777570e-02	4.558950e-02	1.014890e-02	4.486740e-02
100           	7.910220e-02	4.739930e-02	1.052200e-02	4.628460e-02
101           	7.930190e-02	5.029520e-02	1.099970e-02	4.816000e-02
102           	8.120890e-02	5.388320e-02	1.170950e-02	4.994090e-02
103           	8.221730e-02	5.587890e-02	1.220440e-02	5.074500e-02
104           	8.217730e-02	5.653590e-02	1.259170e-02	5.197820e-02
105           	8.156090e-02	5.641650e-02	1.297790e-02	5.261930e-02
106           	8.034420e-02	5.533680e-02	1.335410e-02	5.344680e-02
107           	8.090700e-02	5.470160e-02	1.359870e-02	5.444720e-02
108           	7.923200e-02	5.357090e-02	1.320030e-02	5.405540e-02
109           	7.925680e-02	5.184680e-02	1.273020e-02	5.142780e-02
110           	8.054930e-02	4.880960e-02	1.197270e-02	4.825220e-02
111           	8.138220e-02	4.646000e-02	1.131680e-02	4.543340e-02
112           	8.166490e-02	4.546960e-02	1.080990e-02	4.370770e-02
113           	8.410410e-02	4.553760e-02	1.063030e-02	4.211430e-02
114           	8.498840e-02	4.618890e-02	1.052490e-02	4.216140e-02
115           	8.299330e-02	4.596030e-02	1.040740e-02	4.330440e-02
116           	7.984160e-02	4.533340e-02	1.038800e-02	4.445930e-02
117           	7.771000e-02	4.462830e-02	1.050100e-02	4.541600e-02
118           	7.634750e-02	4.434480e-02	1.079010e-02	4.653540e-02
119           	7.529900e-02	4.458610e-02	1.101810e-02	4.593410e-02
120           	7.314930e-02	4.561580e-02	1.099050e-02	4.491100e-02
121           	7.196450e-02	4.665620e-02	1.095020e-02	4.412610e-02
122           	6.998720e-02	4.756920e-02	1.116540e-02	4.405880e-02
123           	6.972630e-02	4.717480e-02	1.120610e-02	4.376140e-02
124           	6.905310e-02	4.645780e-02	1.127140e-02	4.437670e-02
125           	6.851300e-02	4.537000e-02	1.144510e-02	4.440090e-02
126           	7.123910e-02	4.490240e-02	1.144860e-02	4.456660e-02
127           	7.324010e-02	4.587900e-02	1.132440e-02	4.476190e-02
128           	7.609880e-02	4.717200e-02	1.136610e-02	4.516920e-02
129           	7.654980e-02	4.948410e-02	1.148680e-02	4.722900e-02
130           	7.648260e-02	5.289450e-02	1.181510e-02	4.944100e-02
131           	7.787500e-02	5.749510e-02	1.253420e-02	5.210410e-02
132           	7.921320e-02	6.220490e-02	1.353430e-02	5.606330e-02
133           	8.183070e-02	6.658150e-02	1.489060e-02	6.219540e-02
134           	8.638680e-02	7.032310e-02	1.622210e-02	6.829970e-02
135           	9.113660e-02	7.134140e-02	1.705580e-02	7.065460e-02
136           	9.286370e-02	6.832640e-02	1.731410e-02	6.905790e-02
137           	9.252730e-02	6.412610e-02	1.681100e-02	6.476930e-02
138           	8.740070e-02	6.009770e-02	1.590830e-02	5.879230e-02
139           	8.053490e-02	5.807040e-02	1.473860e-02	5.503900e-02
140           	7.366150e-02	5.820280e-02	1.344070e-02	5.174540e-02
141           	7.444820e-02	5.740920e-02	1.241590e-02	4.872980e-02
142           	7.666750e-02	5.605630e-02	1.182000e-02	4.757220e-02
143           	7.838780e-02	5.378590e-02	1.140620e-02	4.703900e-02
144           	7.845100e-02	5.212970e-02	1.106230e-02	4.691460e-02
145           	7.864220e-02	5.074110e-02	1.087020e-02	4.652150e-02
146           	7.768640e-02	4.993210e-02	1.075150e-02	4.556800e-02
147           	7.590070e-02	4.947060e-02	1.092080e-02	4.409930e-02
148           	7.491820e-02	4.972380e-02	1.112200e-02	4.390880e-02
149           	7.325080e-02	4.928970e-02	1.126620e-02	4.387110e-02
150           	7.312770e-02	4.821370e-02	1.139280e-02	4.377570e-02
151           	7.474460e-02	4.678560e-02	1.158410e-02	4.367950e-02
152           	7.554600e-02	4.616580e-02	1.144790e-02	4.492040e-02
153           	7.598930e-02	4.540940e-02	1.125300e-02	4.622130e-02
154           	7.574440e-02	4.470950e-02	1.125090e-02	4.711980e-02
155           	7.607280e-02	4.439350e-02	1.129450e-02	4.804380e-02
156           	7.616820e-02	4.447480e-02	1.121390e-02	4.813260e-02
157           	7.528740e-02	4.496330e-02	1.113140e-02	4.776050e-02
158           	7.433460e-02	4.613560e-02	1.111310e-02	4.750230e-02
159           	7.577000e-02	4.724300e-02	1.103920e-02	4.728470e-02
160           	7.877320e-02	4.844910e-02	1.098660e-02	4.801350e-02
161           	8.062430e-02	4.916690e-02	1.099450e-02	4.929460e-02
162           	8.286080e-02	5.086420e-02	1.112840e-02	5.039760e-02
163           	8.508690e-02	5.292070e-02	1.150890e-02	5.225520e-02
164           	8.976680e-02	5.535740e-02	1.200210e-02	5.435620e-02
165           	9.448200e-02	5.708650e-02	1.258810e-02	5.587430e-02
166           	9.450240e-02	5.798020e-02	1.331930e-02	5.770220e-02
167           	9.190300e-02	5.766830e-02	1.372140e-02	5.907640e-02
168           	8.746520e-02	5.605910e-02	1.385100e-02	5.822790e-02
169           	8.510560e-02	5.589240e-02	1.377680e-02	5.675330e-02
170           	8.441470e-02	5.435020e-02	1.328850e-02	5.468750e-02
171           	7.999250e-02	5.113900e-02	1.278580e-02	5.198440e-02
172           	7.467010e-02	4.752720e-02	1.225010e-02	4.970450e-02
173           	7.089670e-02	4.479710e-02	1.158510e-02	4.804580e-02
174           	6.923890e-02	4.316650e-02	1.092290e-02	4.676360e-02
175           	6.866320e-02	4.267150e-02	1.052490e-02	4.516360e-02
176           	6.790850e-02	4.241830e-02	1.041320e-02	4.457700e-02
177           	7.000310e-02	4.126840e-02	1.033750e-02	4.456490e-02
178           	7.168210e-02	3.970810e-02	1.012620e-02	4.394380e-02
179           	7.233750e-02	3.841490e-02	9.729430e-03	4.247550e-02
180           	7.189560e-02	3.722870e-02	9.292700e-03	4.057490e-02
181           	7.207150e-02	3.597990e-02	8.980260e-03	3.915710e-02
182           	7.221440e-02	3.486050e-02	8.890060e-03	3.829240e-02
183           	7.279670e-02	3.455020e-02	8.940930e-03	3.835170e-02
184           	7.286940e-02	3.499190e-02	9.054660e-03	3.922640e-02
185           	7.268850e-02	3.612400e-02	9.316720e-03	4.106370e-02
186           	7.199090e-02	3.773560e-02	9.775780e-03	4.325450e-02
187           	7.206230e-02	4.045530e-02	1.045110e-02	4.643480e-02
188           	7.415540e-02	4.406170e-02	1.127640e-02	4.986370e-02
189           	7.643340e-02	4.829560e-02	1.223370e-02	5.348410e-02
190           	7.964720e-02	5.233730e-02	1.302590e-02	5.640360e-02
191           	8.439440e-02	5.840370e-02	1.402390e-02	6.011520e-02
192           	8.859640e-02	6.351060e-02	1.514900e-02	6.428950e-02
193           	9.308230e-02	6.734040e-02	1.615080e-02	6.695470e-02
194           	9.400220e-02	6.923840e-02	1.676200e-02	6.832850e-02
195           	9.712900e-02	7.060290e-02	1.746900e-02	6.920910e-02
196           	9.912720e-02	7.040660e-02	1.804320e-02	7.013430e-02
197           	9.678710e-02	6.816920e-02	1.805210e-02	6.915480e-02
198           	9.211230e-02	6.486900e-02	1.783870e-02	6.606320e-02
199           	8.807530e-02	6.310770e-02	1.700300e-02	6.329660e-02
200           	8.448910e-02	6.477550e-02	1.622570e-02	6.214240e-02
201           	8.211910e-02	6.649690e-02	1.554460e-02	6.099840e-02
202           	7.920990e-02	6.686720e-02	1.495330e-02	6.041940e-02
203           	7.735360e-02	6.528470e-02	1.427120e-02	5.989970e-02
204           	7.666380e-02	6.151820e-02	1.361500e-02	5.849170e-02
205           	7.555630e-02	5.663700e-02	1.294380e-02	5.550450e-02
206           	7.471650e-02	5.183830e-02	1.234790e-02	5.119300e-02
207           	7.282040e-02	4.864170e-02	1.170700e-02	4.735240e-02
208           	6.957480e-02	4.579760e-02	1.082110e-02	4.369800e-02
209           	6.699710e-02	4.317640e-02	1.001660e-02	4.150080e-02
210           	6.687420e-02	4.188600e-02	9.353730e-03	4.004290e-02
211           	6.598100e-02	4.028160e-02	8.898600e-03	3.832190e-02
212           	6.541730e-02	3.913690e-02	8.678330e-03	3.762770e-02
213           	6.456320e-02	3.870450e-02	8.678380e-03	3.707040e-02
214           	6.346430e-02	3.849900e-02	8.721860e-03	3.638340e-02
215           	6.273620e-02	3.843280e-02	8.819910e-03	3.624180e-02
216           	6.204760e-02	3.849810e-02	8.894590e-03	3.734610e-02
217           	6.171760e-02	3.843760e-02	8.781910e-03	3.830810e-02
218           	6.145200e-02	3.894590e-02	8.575650e-03	3.916450e-02
219           	6.053320e-02	3.819330e-02	8.240390e-03	3.838230e-02
220           	5.972780e-02	3.671740e-02	7.922030e-03	3.704290e-02
221           	5.908710e-02	3.503240e-02	7.658070e-03	3.561370e-02
222           	5.895870e-02	3.425330e-02	7.514720e-03	3.507650e-02
223           	5.926680e-02	3.399120e-02	7.559650e-03	3.515640e-02
224           	5.909000e-02	3.405250e-02	7.516250e-03	3.571910e-02
225           	5.837020e-02	3.439370e-02	7.589380e-03	3.605710e-02
226           	5.819740e-02	3.473510e-02	7.653690e-03	3.631950e-02
227           	5.773640e-02	3.520170e-02	7.802760e-03	3.623810e-02
228           	5.891590e-02	3.592620e-02	7.971730e-03	3.634820e-02
229           	6.103730e-02	3.710620e-02	8.267690e-03	3.646510e-02
230           	6.332010e-02	3.862790e-02	8.453950e-03	3.729460e-02
231           	6.552930e-02	3.934690e-02	8.653910e-03	3.770640e-02
232           	6.828970e-02	4.003170e-02	8.862760e-03	3.788600e-02
233           	7.043570e-02	4.042450e-02	9.203440e-03	3.863270e-02
234           	7.162520e-02	4.053590e-02	9.449650e-03	3.981820e-02
235           	7.410180e-02	4.091180e-02	9.560320e-03	4.021730e-02
236           	7.631490e-02	4.120770e-02	9.485250e-03	3.988900e-02
237           	7.617700e-02	4.044720e-02	9.320530e-03	3.943010e-02
238           	7.510930e-02	3.921620e-02	9.241430e-03	3.934050e-02
239           	7.444790e-02	3.809940e-02	9.324930e-03	3.940000e-02
240           	7.362770e-02	3.800000e-02	9.702750e-03	3.979880e-02
241           	7.529800e-02	3.949330e-02	1.006410e-02	4.117360e-02
242           	7.813460e-02	4.236100e-02	1.052140e-02	4.324610e-02
243           	8.074670e-02	4.589820e-02	1.112310e-02	4.561910e-02
244           	8.186500e-02	4.959190e-02	1.185120e-02	4.801200e-02
245           	8.250530e-02	5.382700e-02	1.253850e-02	5.129490e-02
246           	8.225230e-02	5.754770e-02	1.313410e-02	5.442440e-02
247           	8.433090e-02	6.003290e-02	1.359420e-02	5.680500e-02
248           	8.599670e-02	6.233910e-02	1.411220e-02	5.772010e-02
249           	8.701260e-02	6.204620e-02	1.462480e-02	5.778850e-02
250           	8.634460e-02	6.029900e-02	1.444770e-02	5.799770e-02
251           	8.410240e-02	5.677760e-02	1.340830e-02	5.533070e-02
252           	8.101720e-02	5.224510e-02	1.235740e-02	5.196470e-02
253           	7.776300e-02	4.827040e-02	1.139360e-02	4.867310e-02
254           	7.635120e-02	4.620630e-02	1.067840e-02	4.562580e-02
255           	7.531850e-02	4.587460e-02	1.042020e-02	4.409770e-02
256           	7.399820e-02	4.546330e-02	1.020630e-02	4.291760e-02
257           	7.247300e-02	4.399860e-02	9.918820e-03	4.242840e-02
258           	7.129940e-02	4.221960e-02	9.799560e-03	4.260860e-02
259           	7.100830e-02	4.034170e-02	9.820770e-03	4.183450e-02
260           	6.970080e-02	3.907180e-02	9.770840e-03	3.990680e-02
261           	6.605350e-02	3.842540e-02	9.409910e-03	3.877220e-02
262           	6.485190e-02	3.715350e-02	8.826450e-03	3.788790e-02
263           	6.438430e-02	3.539890e-02	8.497710e-03	3.729570e-02
264           	6.278480e-02	3.459520e-02	8.467090e-03	3.731880e-02
265           	6.374130e-02	3.474590e-02	8.560270e-03	3.672300e-02
266           	6.643500e-02	3.518990e-02	8.614660e-03	3.622420e-02
267           	6.978590e-02	3.574890e-02	8.448810e-03	3.555530e-02
268           	7.184290e-02	3.642440e-02	8.190150e-03	3.453330e-02
269           	7.381630e-02	3.712220e-02	8.046730e-03	3.420010e-02
270           	7.456340e-02	3.783440e-02	8.100280e-03	3.424170e-02
271           	7.377720e-02	3.813950e-02	8.222380e-03	3.464980e-02
272           	7.310640e-02	3.893370e-02	8.573070e-03	3.553600e-02
273           	7.225840e-02	3.918980e-02	8.774120e-03	3.609690e-02
274           	7.271000e-02	3.868820e-02	8.894420e-03	3.604380e-02
275           	7.328460e-02	3.838030e-02	8.889400e-03	3.685150e-02
276           	7.405590e-02	3.836480e-02	8.740180e-03	3.811330e-02
277           	7.583640e-02	3.955580e-02	8.681820e-03	4.004670e-02
278           	7.643470e-02	4.024850e-02	8.812990e-03	4.141020e-02
279           	7.600350e-02	3.994800e-02	8.928160e-03	4.184610e-02
280           	7.628230e-02	3.929660e-02	9.074710e-03	4.160750e-02
281           	7.539260e-02	3.858500e-02	9.210750e-03	4.175240e-02
282           	7.319140e-02	3.827320e-02	9.290580e-03	4.214160e-02
283           	7.125690e-02	3.818050e-02	9.300540e-03	4.189460e-02
284           	6.908800e-02	3.831150e-02	9.358710e-03	4.130400e-02
285           	6.793200e-02	3.901520e-02	9.627910e-03	4.174440e-02
286           	6.988570e-02	4.066740e-02	1.002420e-02	4.243510e-02
287           	7.492220e-02	4.324770e-02	1.058040e-02	4.322760e-02
288           	7.893780e-02	4.596600e-02	1.099150e-02	4.454140e-02
289           	8.036880e-02	4.850690e-02	1.127630e-02	4.612940e-02
290           	8.161890e-02	5.129260e-02	1.158010e-02	4.853880e-02
291           	8.403060e-02	5.415940e-02	1.219350e-02	5.233250e-02
292           	8.703510e-02	5.817860e-02	1.332780e-02	5.729700e-02
293           	9.126590e-02	6.259320e-02	1.464020e-02	6.312660e-02
294           	9.918250e-02	6.588140e-02	1.557460e-02	6.727360e-02
295           	1.032180e-01	6.576700e-02	1.609550e-02	6.799930e-02
296           	1.008540e-01	6.460470e-02	1.611440e-02	6.710500e-02
297           	9.640450e-02	6.196780e-02	1.565170e-02	6.407200e-02
298           	8.852290e-02	5.976070e-02	1.491560e-02	6.068990e-02
299           	8.422430e-02	5.784690e-02	1.384690e-02	5.759720e-02
300           	8.193370e-02	5.625090e-02	1.270620e-02	5.463380e-02
301           	8.233060e-02	5.408070e-02	1.165650e-02	5.111160e-02
302           	8.007040e-02	5.096610e-02	1.098220e-02	4.858660e-02
303           	7.802870e-02	4.857330e-02	1.056390e-02	4.605500e-02
304           	7.722290e-02	4.483990e-02	1.021590e-02	4.357780e-02
305           	7.840070e-02	4.211150e-02	9.849890e-03	4.114680e-02
306           	7.885400e-02	4.175760e-02	9.273570e-03	3.936530e-02
307           	7.725080e-02	4.133740e-02	8.744840e-03	3.814210e-02
308           	7.573920e-02	4.062640e-02	8.575000e-03	3.768890e-02
309           	7.288340e-02	3.832820e-02	8.462360e-03	3.678320e-02
310           	7.191990e-02	3.580560e-02	8.157050e-03	3.507360e-02
311           	7.101720e-02	3.444160e-02	7.801080e-03	3.332990e-02
312           	6.963620e-02	3.452310e-02	7.607210e-03	3.277860e-02
313           	7.019380e-02	3.572650e-02	7.748830e-03	3.350560e-02
314           	7.074380e-02	3.721170e-02	8.360960e-03	3.549160e-02
315           	7.195730e-02	3.862310e-02	9.022590e-03	3.742590e-02
316           	7.398980e-02	3.993030e-02	9.712860e-03	3.945230e-02
317           	7.812410e-02	4.112460e-02	1.034620e-02	4.130060e-02
318           	8.148660e-02	4.294850e-02	1.105750e-02	4.321290e-02
319           	8.267290e-02	4.625010e-02	1.171490e-02	4.559910e-02
320           	8.228080e-02	5.013980e-02	1.228320e-02	4.853290e-02
321           	8.152750e-02	5.389340e-02	1.308170e-02	5.216700e-02
322           	7.969550e-02	5.775170e-02	1.392590e-02	5.561150e-02
323           	8.096330e-02	6.115970e-02	1.476660e-02	5.852100e-02
324           	8.256360e-02	6.282190e-02	1.535340e-02	6.126920e-02
325           	8.324620e-02	6.364930e-02	1.584160e-02	6.347400e-02
326           	8.408290e-02	6.320020e-02	1.607740e-02	6.474110e-02
327           	8.261870e-02	6.260190e-02	1.588260e-02	6.444080e-02
328           	7.951670e-02	6.298000e-02	1.539800e-02	6.311620e-02
329           	7.798870e-02	6.271690e-02	1.491350e-02	6.082820e-02
330           	7.921210e-02	6.148160e-02	1.429010e-02	5.809310e-02
331           	8.147410e-02	5.854460e-02	1.355680e-02	5.495790e-02
332           	8.236280e-02	5.391480e-02	1.276110e-02	5.142430e-02
333           	7.847290e-02	5.024900e-02	1.164830e-02	4.814120e-02
334           	7.414060e-02	4.721590e-02	1.092450e-02	4.537560e-02
335           	7.051360e-02	4.543290e-02	1.045920e-02	4.418040e-02
336           	6.970390e-02	4.471370e-02	1.015800e-02	4.386760e-02
337           	7.117880e-02	4.407020e-02	9.824640e-03	4.385870e-02
338           	7.263770e-02	4.301250e-02	9.490620e-03	4.375350e-02
339           	7.321750e-02	4.186070e-02	9.118290e-03	4.307800e-02
340           	7.404060e-02	4.071100e-02	8.847450e-03	4.222160e-02
341           	7.560490e-02	4.032830e-02	8.634380e-03	4.135840e-02
342           	7.590950e-02	4.088730e-02	8.735000e-03	4.050820e-02
343           	7.649450e-02	4.235100e-02	9.143880e-03	4.040250e-02
344           	7.790640e-02	4.391340e-02	9.593750e-03	4.046810e-02
345           	7.862150e-02	4.504270e-02	1.006440e-02	4.075810e-02
346           	7.971560e-02	4.532920e-02	1.051090e-02	4.116030e-02
347           	8.039720e-02	4.608220e-02	1.087940e-02	4.230000e-02
348           	8.380790e-02	4.747510e-02	1.118510e-02	4.310150e-02
349           	8.677170e-02	4.871920e-02	1.159410e-02	4.396130e-02
350           	8.723020e-02	4.962610e-02	1.190190e-02	4.450400e-02
351           	8.523140e-02	4.934870e-02	1.231530e-02	4.525280e-02
352           	8.301280e-02	4.988850e-02	1.274440e-02	4.702800e-02
353           	8.155200e-02	5.282940e-02	1.343530e-02	5.003850e-02
354           	7.986850e-02	5.760340e-02	1.431530e-02	5.405760e-02
355           	8.062100e-02	6.321190e-02	1.528480e-02	5.926760e-02
356           	8.210950e-02	6.872350e-02	1.665100e-02	6.529080e-02
357           	8.311620e-02	7.285840e-02	1.797080e-02	7.148950e-02
358           	8.549400e-02	7.580050e-02	1.877610e-02	7.622730e-02
359           	9.156640e-02	7.706890e-02	1.953410e-02	7.933350e-02
360           	9.661380e-02	7.734840e-02	2.019470e-02	8.100310e-02
361           	9.825370e-02	7.777390e-02	2.090310e-02	8.236170e-02
362           	9.415960e-02	7.681510e-02	2.156050e-02	7.924330e-02
363           	8.900270e-02	7.728740e-02	2.154380e-02	7.554940e-02
364           	8.345510e-02	7.701210e-02	2.089150e-02	7.363850e-02
365           	7.824860e-02	7.452170e-02	1.960680e-02	7.327930e-02
366           	7.491100e-02	6.975390e-02	1.795020e-02	7.187360e-02
367           	7.436430e-02	6.652530e-02	1.630150e-02	6.842470e-02
368           	7.571080e-02	6.457760e-02	1.507920e-02	6.483530e-02
369           	8.022090e-02	6.318810e-02	1.477660e-02	6.312550e-02
370           	8.485430e-02	6.192390e-02	1.499920e-02	6.244180e-02
371           	8.612980e-02	6.016760e-02	1.531200e-02	6.164810e-02
372           	8.623710e-02	5.890470e-02	1.545800e-02	6.025000e-02
373           	8.879750e-02	5.847160e-02	1.517470e-02	5.896750e-02
374           	9.043940e-02	5.856990e-02	1.484630e-02	5.884850e-02
375           	8.940240e-02	5.726340e-02	1.419180e-02	5.897950e-02
376           	8.786050e-02	5.559910e-02	1.338820e-02	5.872640e-02
377           	8.490510e-02	5.367800e-02	1.269920e-02	5.737150e-02
378           	8.309510e-02	5.251360e-02	1.217850e-02	5.629770e-02
379           	8.215740e-02	5.233900e-02	1.199250e-02	5.568470e-02
380           	8.077860e-02	5.206000e-02	1.177910e-02	5.469320e-02
381           	7.782250e-02	5.127810e-02	1.150780e-02	5.349990e-02
382           	7.496390e-02	4.925350e-02	1.111890e-02	5.085550e-02
383           	7.296100e-02	4.695460e-02	1.063920e-02	4.774720e-02
384           	7.213950e-02	4.505330e-02	1.038420e-02	4.590480e-02
385           	7.024640e-02	4.419220e-02	1.039900e-02	4.483990e-02
386           	6.869180e-02	4.367900e-02	1.042600e-02	4.467970e-02
387           	6.723630e-02	4.239470e-02	1.030330e-02	4.419360e-02
388           	6.598360e-02	4.112990e-02	9.848440e-03	4.361230e-02
389           	6.432700e-02	4.006090e-02	9.387150e-03	4.318260e-02
390           	6.274090e-02	3.909510e-02	9.103350e-03	4.241860e-02
391           	6.404000e-02	3.905200e-02	8.934670e-03	4.121820e-02
392           	6.546290e-02	3.894650e-02	8.698990e-03	3.932220e-02
393           	6.551840e-02	3.883140e-02	8.606690e-03	3.799340e-02
394           	6.743470e-02	3.865590e-02	8.788550e-03	3.738940e-02
395           	7.102240e-02	3.894670e-02	9.133460e-03	3.870740e-02
396           	7.374220e-02	3.956480e-02	9.454060e-03	4.033210e-02
397           	7.476940e-02	4.008330e-02	9.784040e-03	4.167010e-02
398           	7.592210e-02	4.139760e-02	1.035380e-02	4.340550e-02
399           	7.647620e-02	4.255860e-02	1.101560e-02	4.511810e-02
400           	7.886980e-02	4.376870e-02	1.196280e-02	4.756330e-02
401           	8.178120e-02	4.573560e-02	1.301270e-02	5.073610e-02
402           	8.320330e-02	4.849990e-02	1.417690e-02	5.403530e-02
403           	8.697700e-02	5.354520e-02	1.584260e-02	5.835840e-02
404           	9.307340e-02	6.007210e-02	1.741590e-02	6.245700e-02
405           	9.656600e-02	6.960740e-02	1.910180e-02	6.847330e-02
406           	9.742240e-02	7.900370e-02	2.073430e-02	7.421590e-02
407           	9.981460e-02	8.854340e-02	2.210180e-02	8.005850e-02
408           	1.060450e-01	9.579680e-02	2.319630e-02	8.354070e-02
409           	1.111070e-01	9.678150e-02	2.318890e-02	8.385980e-02
410           	1.115120e-01	8.874930e-02	2.260310e-02	7.898940e-02
411           	1.073340e-01	7.653120e-02	2.112160e-02	7.177260e-02
412           	9.672150e-02	6.733170e-02	1.950440e-02	6.541710e-02
413           	8.421960e-02	6.476070e-02	1.794570e-02	6.199020e-02
414           	7.545470e-02	6.570660e-02	1.658810e-02	6.034920e-02
415           	7.188960e-02	6.565120e-02	1.512350e-02	5.876910e-02
416           	7.005660e-02	6.389430e-02	1.383250e-02	5.607150e-02
417           	7.047550e-02	6.157510e-02	1.276940e-02	5.371840e-02
418           	7.219520e-02	5.951940e-02	1.205050e-02	5.214340e-02
419           	7.431860e-02	5.745240e-02	1.183200e-02	5.111610e-02
420           	7.588970e-02	5.565390e-02	1.187150e-02	5.175900e-02
421           	7.759370e-02	5.431250e-02	1.222300e-02	5.181450e-02
422           	7.693570e-02	5.324720e-02	1.210580e-02	5.030400e-02
423           	7.502350e-02	5.198710e-02	1.178870e-02	4.816920e-02
424           	7.322000e-02	5.169670e-02	1.175410e-02	4.665060e-02
425           	7.492030e-02	5.193920e-02	1.205390e-02	4.622130e-02
426           	7.507480e-02	5.232550e-02	1.239390e-02	4.587940e-02
427           	7.505850e-02	5.268880e-02	1.272130e-02	4.731560e-02
428           	7.572540e-02	5.269610e-02	1.292190e-02	5.004240e-02
429           	7.677660e-02	5.299070e-02	1.300170e-02	5.238440e-02
430           	7.781290e-02	5.277880e-02	1.266240e-02	5.345080e-02
431           	7.842560e-02	5.261510e-02	1.254410e-02	5.434040e-02
432           	7.942090e-02	5.206970e-02	1.259540e-02	5.488820e-02
433           	8.063430e-02	5.209060e-02	1.286090e-02	5.586550e-02
434           	8.263000e-02	5.271470e-02	1.346020e-02	5.747310e-02
435           	8.797850e-02	5.532910e-02	1.428590e-02	5.956670e-02
436           	9.205300e-02	5.969330e-02	1.533000e-02	6.290220e-02
437           	9.681070e-02	6.563980e-02	1.625640e-02	6.617220e-02
438           	9.961650e-02	7.129610e-02	1.700580e-02	6.876360e-02
439           	1.003280e-01	7.608780e-02	1.817470e-02	7.164400e-02
440           	1.027130e-01	7.847130e-02	1.959820e-02	7.589690e-02
441           	1.031820e-01	8.017350e-02	2.125930e-02	8.048890e-02
442           	1.001690e-01	8.231940e-02	2.288450e-02	8.563840e-02
443           	9.221790e-02	8.271940e-02	2.330940e-02	8.936070e-02
444           	8.533050e-02	7.966020e-02	2.250030e-02	8.910740e-02
445           	8.312080e-02	7.457270e-02	2.125190e-02	8.484160e-02
446           	8.302060e-02	7.115070e-02	1.976980e-02	8.022680e-02
447           	7.952790e-02	6.977390e-02	1.848060e-02	7.538780e-02
448           	7.568130e-02	6.794520e-02	1.755700e-02	6.894890e-02
449           	7.602350e-02	6.498470e-02	1.659560e-02	6.363480e-02
450           	7.488630e-02	5.988390e-02	1.552770e-02	6.159280e-02
451           	7.424920e-02	5.483890e-02	1.431880e-02	6.153020e-02
452           	7.503940e-02	5.112810e-02	1.319490e-02	5.961800e-02
453           	7.314290e-02	4.926620e-02	1.244620e-02	5.602240e-02
454           	6.930380e-02	4.650920e-02	1.174110e-02	5.140140e-02
455           	6.580580e-02	4.270040e-02	1.102610e-02	4.618470e-02
456           	6.497970e-02	4.062050e-02	1.025380e-02	4.234900e-02
457           	6.525140e-02	4.015870e-02	9.512780e-03	4.049610e-02
458           	6.427700e-02	3.911130e-02	8.902010e-03	3.915200e-02
459           	6.248690e-02	3.803200e-02	8.737100e-03	3.807340e-02
460           	6.086930e-02	3.729400e-02	8.851520e-03	3.756490e-02
461           	6.037400e-02	3.725860e-02	9.069070e-03	3.787840e-02
462           	6.148080e-02	3.750300e-02	9.223080e-03	3.874830e-02
463           	6.357310e-02	3.748230e-02	9.183120e-03	3.863810e-02
464           	6.500650e-02	3.736120e-02	9.105630e-03	3.832760e-02
465           	6.598360e-02	3.712620e-02	9.138140e-03	3.868130e-02
466           	6.653550e-02	3.772200e-02	9.196920e-03	3.975530e-02
467           	6.755160e-02	3.904600e-02	9.419060e-03	4.150070e-02
468           	6.982310e-02	4.059380e-02	9.714860e-03	4.426570e-02
469           	7.059270e-02	4.273810e-02	1.002300e-02	4.708380e-02
470           	7.047960e-02	4.412270e-02	1.030870e-02	4.837630e-02
471           	7.050170e-02	4.539180e-02	1.046210e-02	4.920420e-02
472           	7.029280e-02	4.595300e-02	1.042140e-02	4.875190e-02
473           	7.001420e-02	4.525180e-02	1.031060e-02	4.795700e-02
474           	6.991500e-02	4.419750e-02	1.010330e-02	4.688020e-02
475           	7.003720e-02	4.326170e-02	9.807250e-03	4.520600e-02
476           	6.968400e-02	4.288780e-02	9.629710e-03	4.377970e-02
477           	7.012110e-02	4.331290e-02	9.707340e-03	4.284590e-02
478           	7.132640e-02	4.559730e-02	1.006400e-02	4.319240e-02
479           	7.413710e-02	4.804310e-02	1.064970e-02	4.447260e-02
480           	7.769540e-02	4.992880e-02	1.115290e-02	4.636350e-02
481           	8.293540e-02	5.112170e-02	1.156600e-02	4.749220e-02
482           	8.820060e-02	5.212790e-02	1.170190e-02	4.872930e-02
483           	9.201540e-02	5.316310e-02	1.157280e-02	5.041830e-02
484           	9.038020e-02	5.223100e-02	1.142360e-02	4.925580e-02
485           	8.506610e-02	5.203520e-02	1.137850e-02	4.797700e-02
486           	8.086570e-02	5.166940e-02	1.133750e-02	4.606250e-02
487           	7.885260e-02	5.278660e-02	1.150790e-02	4.558630e-02
488           	7.992890e-02	5.513700e-02	1.206050e-02	4.721780e-02
489           	8.364610e-02	5.623620e-02	1.271410e-02	4.954800e-02
490           	8.538040e-02	5.480460e-02	1.291800e-02	5.078800e-02
491           	8.450300e-02	5.255830e-02	1.244490e-02	4.959060e-02
492           	8.240300e-02	5.049020e-02	1.176550e-02	4.680510e-02
493           	7.942410e-02	4.929010e-02	1.145740e-02	4.514960e-02
494           	7.649590e-02	4.866590e-02	1.099630e-02	4.393860e-02
495           	7.767290e-02	4.817750e-02	1.077740e-02	4.285180e-02
496           	7.813210e-02	4.916060e-02	1.098520e-02	4.244120e-02
497           	7.887680e-02	5.006910e-02	1.109530e-02	4.246190e-02
498           	8.021580e-02	5.020780e-02	1.112930e-02	4.320680e-02
499           	8.080330e-02	4.950770e-02	1.099350e-02	4.394560e-02
500           	7.759330e-02	4.803800e-02	1.092210e-02	4.416690e-02
501           	7.491040e-02	4.649850e-02	1.089800e-02	4.410770e-02
502           	7.515360e-02	4.577120e-02	1.079440e-02	4.461220e-02
503           	7.448150e-02	4.504570e-02	1.047870e-02	4.359230e-02
504           	7.270740e-02	4.488940e-02	1.031450e-02	4.319920e-02
505           	7.129280e-02	4.462930e-02	1.011430e-02	4.275910e-02
506           	7.103820e-02	4.394840e-02	9.940930e-03	4.090380e-02
507           	7.192770e-02	4.335910e-02	1.006080e-02	3.962500e-02
508           	7.329460e-02	4.326690e-02	1.040650e-02	3.983150e-02
509           	7.500960e-02	4.403560e-02	1.073600e-02	4.175920e-02
510           	7.898810e-02	4.579200e-02	1.112190e-02	4.503600e-02
511           	8.163820e-02	4.745850e-02	1.140330e-02	4.870870e-02
512           	8.159850e-02	4.863590e-02	1.185290e-02	5.090580e-02
513           	8.106700e-02	4.956250e-02	1.220690e-02	5.242450e-02
514           	7.919690e-02	5.187880e-02	1.279870e-02	5.498330e-02
515           	7.660020e-02	5.434230e-02	1.349170e-02	5.611880e-02
516           	7.706570e-02	5.643960e-02	1.424270e-02	5.673860e-02
517           	7.839290e-02	5.744400e-02	1.478380e-02	5.768080e-02
518           	8.246770e-02	5.668840e-02	1.523690e-02	5.742580e-02
519           	8.392770e-02	5.624630e-02	1.579620e-02	5.733210e-02
520           	8.264370e-02	5.776090e-02	1.597640e-02	5.746720e-02
521           	7.973570e-02	5.891570e-02	1.553530e-02	5.664310e-02
522           	7.736330e-02	5.837690e-02	1.479740e-02	5.547230e-02
523           	7.811140e-02	5.735410e-02	1.403430e-02	5.362930e-02
524           	7.826740e-02	5.551920e-02	1.310730e-02	5.136220e-02
525           	7.622100e-02	5.383580e-02	1.240960e-02	5.002060e-02
526           	7.394510e-02	5.170380e-02	1.175330e-02	4.896580e-02
527           	7.377600e-02	4.870820e-02	1.117170e-02	4.709310e-02
528           	7.258250e-02	4.523670e-02	1.050800e-02	4.406290e-02
529           	7.088280e-02	4.220760e-02	9.880350e-03	4.161010e-02
530           	6.816720e-02	4.059100e-02	9.390580e-03	3.980060e-02
531           	6.827850e-02	3.961250e-02	9.082530e-03	3.864370e-02
532           	6.730900e-02	3.833280e-02	8.724600e-03	3.765270e-02
533           	6.558070e-02	3.743160e-02	8.497660e-03	3.656850e-02
534           	6.294280e-02	3.699610e-02	8.407400e-03	3.573660e-02
535           	6.118700e-02	3.717050e-02	8.429900e-03	3.523160e-02
536           	5.933850e-02	3.709990e-02	8.449550e-03	3.498130e-02
537           	5.900130e-02	3.716900e-02	8.558570e-03	3.506620e-02
538           	5.873950e-02	3.756920e-02	8.769220e-03	3.602070e-02
539           	5.961190e-02	3.808510e-02	9.024220e-03	3.740590e-02
540           	6.089450e-02	3.841490e-02	9.204270e-03	3.850920e-02
541           	6.247720e-02	3.872510e-02	9.277500e-03	3.971780e-02
542           	6.359390e-02	3.879860e-02	9.352650e-03	4.093230e-02
543           	6.586390e-02	3.855110e-02	9.364850e-03	4.130680e-02
544           	6.871890e-02	3.906330e-02	9.590430e-03	4.200840e-02
545           	7.288630e-02	4.063830e-02	9.881010e-03	4.320530e-02
546           	7.629470e-02	4.326540e-02	1.020200e-02	4.499850e-02
547           	7.981700e-02	4.660680e-02	1.057180e-02	4.659750e-02
548           	8.212380e-02	5.072680e-02	1.113730e-02	4.923590e-02
549           	8.490830e-02	5.348840e-02	1.180340e-02	5.090460e-02
550           	8.424230e-02	5.579890e-02	1.266920e-02	5.364090e-02
551           	8.481890e-02	5.874860e-02	1.348480e-02	5.627830e-02
552           	8.661740e-02	6.239350e-02	1.451330e-02	5.931790e-02
553           	8.782500e-02	6.678140e-02	1.582470e-02	6.370880e-02
554           	8.544430e-02	6.708620e-02	1.675890e-02	6.526910e-02
555           	8.388800e-02	6.402360e-02	1.645550e-02	6.352590e-02
556           	7.931690e-02	5.809320e-02	1.547160e-02	5.994720e-02
557           	7.383460e-02	5.274060e-02	1.442960e-02	5.685540e-02
558           	6.843080e-02	5.062710e-02	1.357860e-02	5.479330e-02
559           	6.574960e-02	5.105980e-02	1.295290e-02	5.327420e-02
560           	6.422340e-02	5.117930e-02	1.252580e-02	5.179880e-02
561           	6.464090e-02	5.044450e-02	1.209730e-02	4.998890e-02
562           	6.693530e-02	4.949930e-02	1.169870e-02	4.896050e-02
563           	7.031680e-02	4.817350e-02	1.143640e-02	4.777460e-02
564           	7.440050e-02	4.632700e-02	1.119350e-02	4.670580e-02
565           	7.427440e-02	4.546850e-02	1.112900e-02	4.503610e-02
566           	7.362930e-02	4.550260e-02	1.106360e-02	4.436860e-02
567           	7.248450e-02	4.561570e-02	1.126760e-02	4.463580e-02
568           	7.299000e-02	4.537920e-02	1.165480e-02	4.501080e-02
569           	7.257590e-02	4.458060e-02	1.184090e-02	4.505860e-02
570           	7.469650e-02	4.436440e-02	1.191240e-02	4.593930e-02
571           	7.596860e-02	4.459470e-02	1.203910e-02	4.713180e-02
572           	7.804520e-02	4.469060e-02	1.200980e-02	4.875740e-02
573           	7.934650e-02	4.570470e-02	1.217570e-02	5.078690e-02
574           	7.908440e-02	4.757630e-02	1.246580e-02	5.222040e-02
575           	8.064230e-02	5.084690e-02	1.315420e-02	5.478550e-02
576           	8.304890e-02	5.638490e-02	1.403480e-02	5.811470e-02
577           	8.722190e-02	6.367590e-02	1.524990e-02	6.193400e-02
578           	9.086580e-02	7.068670e-02	1.668970e-02	6.668130e-02
579           	9.318960e-02	7.655590e-02	1.817600e-02	7.191240e-02
580           	9.340890e-02	8.108120e-02	1.947930e-02	7.599140e-02
581           	9.368250e-02	8.139620e-02	1.997940e-02	7.731480e-02
582           	9.486520e-02	7.933300e-02	2.011610e-02	7.594470e-02
583           	9.704700e-02	7.475800e-02	1.988640e-02	7.353820e-02
584           	9.506750e-02	6.969150e-02	1.908770e-02	7.008010e-02
585           	8.936600e-02	6.805630e-02	1.869250e-02	6.552220e-02
586           	8.458390e-02	6.899410e-02	1.798790e-02	6.387240e-02
587           	8.086910e-02	7.024120e-02	1.701730e-02	6.316640e-02
588           	8.040250e-02	6.840310e-02	1.595790e-02	6.121480e-02
589           	8.124070e-02	6.390840e-02	1.462630e-02	5.854280e-02
590           	7.941530e-02	5.818850e-02	1.335220e-02	5.598760e-02
591           	7.742030e-02	5.406660e-02	1.252880e-02	5.469150e-02
592           	7.693940e-02	5.233370e-02	1.222890e-02	5.251640e-02
593           	7.631070e-02	5.217460e-02	1.213670e-02	5.136490e-02
594           	7.632710e-02	5.157140e-02	1.190730e-02	4.935150e-02
595           	7.534740e-02	5.191530e-02	1.190910e-02	4.821750e-02
596           	7.424400e-02	5.206650e-02	1.203920e-02	4.831150e-02
597           	7.415640e-02	5.124060e-02	1.214160e-02	4.787930e-02
598           	7.444990e-02	4.961440e-02	1.213660e-02	4.728300e-02
599           	7.529610e-02	4.749150e-02	1.197100e-02	4.646440e-02
600           	7.510610e-02	4.530730e-02	1.153070e-02	4.534930e-02
601           	7.443600e-02	4.391180e-02	1.088270e-02	4.420090e-02
602           	7.425380e-02	4.265100e-02	1.012690e-02	4.329940e-02
603           	7.207270e-02	4.094250e-02	9.640530e-03	4.156660e-02
604           	6.956700e-02	3.911640e-02	9.328980e-03	4.006880e-02
605           	6.710840e-02	3.812900e-02	9.183550e-03	3.932010e-02
606           	6.579880e-02	3.750940e-02	9.089850e-03	3.913320e-02
607           	6.449760e-02	3.782870e-02	9.187640e-03	3.996140e-02
608           	6.370140e-02	3.825500e-02	9.639420e-03	4.121790e-02
609           	6.379090e-02	3.900100e-02	1.019090e-02	4.267140e-02
610           	6.393890e-02	4.016390e-02	1.080950e-02	4.495890e-02
611           	6.507320e-02	4.118990e-02	1.138520e-02	4.620440e-02
612           	6.712110e-02	4.376530e-02	1.209710e-02	4.859800e-02
613           	7.019870e-02	4.774220e-02	1.297210e-02	5.159550e-02
614           	7.465070e-02	5.304930e-02	1.400780e-02	5.526940e-02
615           	7.996750e-02	5.957740e-02	1.527360e-02	6.068470e-02
616           	8.571770e-02	6.733040e-02	1.682830e-02	6.791130e-02
617           	9.073640e-02	7.487280e-02	1.820450e-02	7.590450e-02
618           	9.767810e-02	8.347660e-02	1.950740e-02	8.145700e-02
619           	9.990960e-02	8.755250e-02	2.019730e-02	8.235460e-02
620           	9.747790e-02	8.460360e-02	2.005420e-02	7.761510e-02
621           	9.199920e-02	7.513520e-02	1.914540e-02	6.936660e-02
622           	8.342080e-02	6.349660e-02	1.755140e-02	6.188120e-02
623           	7.660140e-02	5.565910e-02	1.580340e-02	5.756380e-02
624           	7.123910e-02	5.258060e-02	1.447040e-02	5.465290e-02
625           	6.676950e-02	5.249170e-02	1.308680e-02	5.200650e-02
626           	6.685910e-02	5.209180e-02	1.209530e-02	4.967690e-02
627           	6.954990e-02	5.134830e-02	1.131010e-02	4.752420e-02
628           	7.144710e-02	4.984840e-02	1.079400e-02	4.646630e-02
629           	7.260200e-02	4.783870e-02	1.030600e-02	4.501370e-02
630           	7.315680e-02	4.560120e-02	9.918670e-03	4.332400e-02
631           	7.160700e-02	4.413690e-02	9.747870e-03	4.184200e-02
632           	6.905960e-02	4.258110e-02	9.507600e-03	4.031480e-02
633           	6.641610e-02	4.130310e-02	9.397260e-03	3.837700e-02
634           	6.505800e-02	4.097960e-02	9.580820e-03	3.747050e-02
635           	6.531610e-02	4.168120e-02	1.006530e-02	3.801890e-02
636           	6.564590e-02	4.228470e-02	1.042980e-02	3.868000e-02
637           	6.702940e-02	4.272710e-02	1.063950e-02	3.931550e-02
638           	6.822570e-02	4.275430e-02	1.073500e-02	4.084440e-02
639           	6.886600e-02	4.238870e-02	1.081660e-02	4.230180e-02
640           	6.952690e-02	4.196170e-02	1.083300e-02	4.361390e-02
641           	6.922980e-02	4.184850e-02	1.073230e-02	4.483090e-02
642           	6.782950e-02	4.233470e-02	1.073690e-02	4.589270e-02
643           	6.693580e-02	4.316130e-02	1.068310e-02	4.615420e-02
644           	6.706370e-02	4.550070e-02	1.079470e-02	4.720790e-02
645           	6.917810e-02	4.866810e-02	1.095440e-02	4.792190e-02
646           	7.176120e-02	5.164860e-02	1.128960e-02	4.919380e-02
647           	7.506810e-02	5.511810e-02	1.190880e-02	5.175400e-02
648           	7.910050e-02	5.859730e-02	1.280450e-02	5.506990e-02
649           	8.280050e-02	6.134710e-02	1.379070e-02	5.777360e-02
650           	8.460620e-02	6.348400e-02	1.470670e-02	6.040760e-02
651           	8.381400e-02	6.615550e-02	1.599950e-02	6.263270e-02
652           	8.489760e-02	6.713300e-02	1.659350e-02	6.307740e-02
653           	8.383170e-02	6.352610e-02	1.617850e-02	5.953910e-02
654           	8.216420e-02	5.836550e-02	1.511360e-02	5.435960e-02
655           	7.954020e-02	5.333750e-02	1.377250e-02	4.993270e-02
656           	7.654260e-02	5.053810e-02	1.260180e-02	4.693570e-02
657           	7.487300e-02	4.879500e-02	1.134430e-02	4.469710e-02
658           	7.238740e-02	4.710420e-02	1.046810e-02	4.255200e-02
659           	6.999660e-02	4.490230e-02	9.719190e-03	4.085180e-02
660           	6.810430e-02	4.234470e-02	9.238620e-03	3.956880e-02
661           	6.790630e-02	4.047620e-02	9.003430e-03	3.848670e-02
662           	6.773150e-02	4.051330e-02	8.973880e-03	3.858810e-02
663           	6.842490e-02	4.067150e-02	9.038440e-03	3.847240e-02
664           	6.802600e-02	4.034300e-02	9.141290e-03	3.846470e-02
665           	6.873340e-02	3.981600e-02	9.187000e-03	3.840260e-02
666           	6.843020e-02	3.946370e-02	9.054320e-03	3.855410e-02
667           	6.833470e-02	3.922760e-02	8.950190e-03	3.837600e-02
668           	6.623710e-02	3.882840e-02	8.878640e-03	3.769820e-02
669           	6.484050e-02	3.832530e-02	8.896470e-03	3.635270e-02
670           	6.506830e-02	3.889680e-02	9.214860e-03	3.640070e-02
671           	6.472510e-02	3.965430e-02	9.443300e-03	3.711760e-02
672           	6.351170e-02	4.065060e-02	9.554950e-03	3.836130e-02
673           	6.337790e-02	4.074670e-02	9.629600e-03	3.948160e-02
674           	6.564690e-02	4.073410e-02	9.777580e-03	4.087990e-02
675           	6.587040e-02	4.042220e-02	9.947510e-03	4.294180e-02
676           	6.727940e-02	4.080830e-02	1.006650e-02	4.450940e-02
677           	6.919820e-02	4.220310e-02	1.035200e-02	4.627490e-02
678           	6.925720e-02	4.488650e-02	1.063840e-02	4.798300e-02
679           	7.137680e-02	4.839750e-02	1.115240e-02	5.022670e-02
680           	7.278150e-02	5.210080e-02	1.157670e-02	5.276980e-02
681           	7.493720e-02	5.581980e-02	1.223810e-02	5.589480e-02
682           	7.768880e-02	6.012900e-02	1.321680e-02	5.958980e-02
683           	8.080560e-02	6.220940e-02	1.401780e-02	6.266620e-02
684           	8.391220e-02	6.218180e-02	1.424850e-02	6.228840e-02
685           	8.556370e-02	5.898540e-02	1.403950e-02	5.922930e-02
686           	8.445230e-02	5.526120e-02	1.357670e-02	5.644160e-02
687           	8.013600e-02	5.335950e-02	1.301980e-02	5.436830e-02
688           	7.589680e-02	5.173300e-02	1.257090e-02	5.230300e-02
689           	7.474970e-02	4.973430e-02	1.198710e-02	5.023790e-02
690           	7.648540e-02	4.845440e-02	1.180460e-02	4.876640e-02
691           	8.086240e-02	4.850410e-02	1.173460e-02	4.761690e-02
692           	8.543440e-02	4.879740e-02	1.121550e-02	4.591700e-02
693           	8.346370e-02	4.804590e-02	1.052650e-02	4.401470e-02
694           	8.055870e-02	4.667490e-02	9.921780e-03	4.237580e-02
695           	7.828400e-02	4.503570e-02	9.657430e-03	4.199580e-02
696           	7.622890e-02	4.363900e-02	9.541370e-03	4.217390e-02
697           	7.268020e-02	4.364380e-02	9.667120e-03	4.210030e-02
698           	6.996100e-02	4.434150e-02	9.914470e-03	4.226550e-02
699           	6.948520e-02	4.469720e-02	1.030230e-02	4.215900e-02
700           	6.947060e-02	4.463620e-02	1.050120e-02	4.175470e-02
701           	6.872490e-02	4.478600e-02	1.052360e-02	4.185070e-02
702           	6.857570e-02	4.429360e-02	1.039820e-02	4.189990e-02
703           	6.913590e-02	4.390520e-02	1.030800e-02	4.169530e-02
704           	6.925480e-02	4.384040e-02	1.026340e-02	4.142510e-02
705           	6.831680e-02	4.289010e-02	1.003510e-02	4.065660e-02
706           	6.820790e-02	4.201770e-02	9.850420e-03	4.058550e-02
707           	6.846910e-02	4.248390e-02	9.974530e-03	4.135790e-02
708           	6.834550e-02	4.403750e-02	1.022910e-02	4.221980e-02
709           	6.919900e-02	4.675750e-02	1.075100e-02	4.416240e-02
710           	7.158010e-02	5.045410e-02	1.139880e-02	4.694030e-02
711           	7.351190e-02	5.436070e-02	1.203350e-02	5.017470e-02
712           	7.612630e-02	5.984750e-02	1.307950e-02	5.545070e-02
713           	8.027750e-02	6.532400e-02	1.443700e-02	6.100710e-02
714           	8.847130e-02	6.817870e-02	1.595690e-02	6.469630e-02
715           	9.028630e-02	7.012560e-02	1.724180e-02	6.878130e-02
716           	9.202860e-02	7.112470e-02	1.825290e-02	7.072960e-02
717           	9.212080e-02	6.967130e-02	1.823750e-02	6.762400e-02
718           	8.705200e-02	6.498540e-02	1.748740e-02	6.163600e-02
719           	7.967830e-02	6.118430e-02	1.633950e-02	5.642490e-02
720           	7.457790e-02	6.040180e-02	1.479250e-02	5.338760e-02
721           	7.302980e-02	5.964730e-02	1.339300e-02	5.005510e-02
722           	7.319120e-02	5.796550e-02	1.240050e-02	4.738460e-02
723           	7.477260e-02	5.562710e-02	1.190260e-02	4.575820e-02
724           	7.748120e-02	5.286450e-02	1.142920e-02	4.526720e-02
725           	7.848100e-02	5.073620e-02	1.096820e-02	4.567430e-02
726           	7.987710e-02	5.041780e-02	1.074350e-02	4.637080e-02
727           	7.975270e-02	5.050260e-02	1.057640e-02	4.591210e-02
728           	7.812230e-02	5.022020e-02	1.045670e-02	4.411670e-02
729           	7.890430e-02	4.986380e-02	1.047860e-02	4.243230e-02
730           	8.002400e-02	5.013460e-02	1.063080e-02	4.213970e-02
731           	8.085900e-02	5.025420e-02	1.100310e-02	4.288450e-02
732           	8.333970e-02	5.027170e-02	1.149040e-02	4.368530e-02
733           	8.324150e-02	5.005950e-02	1.161190e-02	4.408340e-02
734           	8.055220e-02	4.958560e-02	1.170370e-02	4.446040e-02
735           	7.834810e-02	4.971360e-02	1.190960e-02	4.581560e-02
736           	7.768150e-02	5.188850e-02	1.233080e-02	4.859010e-02
737           	7.720010e-02	5.487050e-02	1.319810e-02	5.104230e-02
738           	7.812210e-02	5.876800e-02	1.434020e-02	5.463640e-02
739           	8.083630e-02	6.399900e-02	1.575540e-02	6.022490e-02
740           	8.351330e-02	7.121820e-02	1.762220e-02	6.664450e-02
741           	8.590440e-02	7.869860e-02	1.945540e-02	7.245480e-02
742           	8.659430e-02	8.379720e-02	2.085510e-02	7.900760e-02
743           	8.942830e-02	8.469640e-02	2.141660e-02	8.169210e-02
744           	9.165220e-02	8.057910e-02	2.139550e-02	8.135050e-02
745           	9.069160e-02	7.393750e-02	2.062250e-02	7.743150e-02
746           	8.821200e-02	6.935260e-02	1.913790e-02	7.156930e-02
747           	8.945910e-02	6.789550e-02	1.773390e-02	6.661430e-02
748           	9.089780e-02	6.831330e-02	1.622760e-02	6.435160e-02
749           	8.915430e-02	6.872170e-02	1.525120e-02	6.366180e-02
750           	8.641640e-02	6.871970e-02	1.503820e-02	6.367270e-02
751           	8.223640e-02	6.732140e-02	1.527170e-02	6.353110e-02
752           	7.917710e-02	6.516880e-02	1.530570e-02	6.291310e-02
753           	7.722610e-02	6.264460e-02	1.465910e-02	6.222640e-02
754           	7.630310e-02	6.064040e-02	1.374830e-02	5.986930e-02
755           	7.639970e-02	5.787400e-02	1.282680e-02	5.686210e-02
756           	7.522250e-02	5.398190e-02	1.197480e-02	5.240150e-02
757           	7.253960e-02	5.134190e-02	1.129160e-02	4.874230e-02
758           	7.218720e-02	4.942820e-02	1.088800e-02	4.542050e-02
759           	7.164780e-02	4.808560e-02	1.026350e-02	4.281940e-02
760           	7.121140e-02	4.781720e-02	9.657770e-03	4.134380e-02
761           	7.039060e-02	4.730960e-02	9.417290e-03	4.051640e-02
762           	7.324450e-02	4.661740e-02	9.600390e-03	4.068600e-02
763           	7.592810e-02	4.661780e-02	9.790930e-03	4.116080e-02
764           	7.747100e-02	4.640850e-02	9.947970e-03	4.146190e-02
765           	7.704740e-02	4.625310e-02	1.013350e-02	4.212130e-02
766           	7.846600e-02	4.709520e-02	1.035640e-02	4.370370e-02
767           	7.825830e-02	4.747100e-02	1.059390e-02	4.495630e-02
768           	7.789450e-02	4.772420e-02	1.105890e-02	4.664060e-02
769           	7.776380e-02	4.780880e-02	1.151100e-02	4.818750e-02
770           	7.759340e-02	4.859070e-02	1.176170e-02	4.900680e-02
771           	7.932040e-02	5.029810e-02	1.192340e-02	4.887560e-02
772           	8.172380e-02	5.163620e-02	1.187250e-02	4.883300e-02
773           	8.297710e-02	5.065890e-02	1.178060e-02	4.882570e-02
774           	8.371750e-02	4.889970e-02	1.160630e-02	4.848940e-02
775           	8.444710e-02	4.815520e-02	1.156980e-02	4.946210e-02
776           	8.386830e-02	4.975880e-02	1.204870e-02	5.161010e-02
777           	8.382890e-02	5.243400e-02	1.251160e-02	5.351250e-02
778           	8.331990e-02	5.315450e-02	1.273720e-02	5.432410e-02
779           	8.393300e-02	5.284750e-02	1.265480e-02	5.416020e-02
780           	8.260890e-02	5.174960e-02	1.250310e-02	5.338610e-02
781           	7.853420e-02	5.145300e-02	1.244370e-02	5.307540e-02
782           	7.811090e-02	5.223180e-02	1.274130e-02	5.361370e-02
783           	8.108230e-02	5.363540e-02	1.297480e-02	5.357220e-02
784           	8.256780e-02	5.411110e-02	1.336360e-02	5.212030e-02
785           	8.238880e-02	5.470190e-02	1.346540e-02	5.122590e-02
786           	8.230790e-02	5.439400e-02	1.337570e-02	5.139300e-02
787           	8.230600e-02	5.278970e-02	1.324570e-02	5.209570e-02
788           	8.333540e-02	5.147880e-02	1.312740e-02	5.291700e-02
789           	8.214080e-02	5.100470e-02	1.340210e-02	5.443840e-02
790           	7.964770e-02	5.101810e-02	1.338960e-02	5.506560e-02
791           	7.861450e-02	5.192570e-02	1.330420e-02	5.580360e-02
792           	7.816360e-02	5.298310e-02	1.331820e-02	5.620000e-02
793           	8.021270e-02	5.490210e-02	1.329570e-02	5.637630e-02
794           	8.510580e-02	5.843260e-02	1.371470e-02	5.716670e-02
795           	8.762590e-02	6.260180e-02	1.415590e-02	5.842830e-02
796           	9.034150e-02	6.497430e-02	1.484370e-02	5.953270e-02
797           	8.875930e-02	6.390280e-02	1.565300e-02	6.159820e-02
798           	8.795620e-02	6.122480e-02	1.619070e-02	6.407170e-02
799           	8.875560e-02	5.816510e-02	1.614060e-02	6.441090e-02
800           	8.660140e-02	5.459840e-02	1.552550e-02	6.170340e-02
801           	8.223660e-02	5.231840e-02	1.446110e-02	5.729460e-02
802           	7.507680e-02	5.050700e-02	1.309880e-02	5.160960e-02
803           	7.000470e-02	4.880660e-02	1.184830e-02	4.683300e-02
804           	6.717720e-02	4.688680e-02	1.099410e-02	4.412910e-02
805           	6.778490e-02	4.492310e-02	1.065510e-02	4.336420e-02
806           	6.961220e-02	4.503290e-02	1.057760e-02	4.461010e-02
807           	7.089990e-02	4.556410e-02	1.047770e-02	4.588120e-02
808           	7.114940e-02	4.592160e-02	1.021340e-02	4.561170e-02
809           	7.046200e-02	4.515470e-02	1.000970e-02	4.358730e-02
810           	6.930520e-02	4.367930e-02	1.015540e-02	4.260040e-02
811           	6.838180e-02	4.196100e-02	1.002910e-02	4.166620e-02
812           	6.792170e-02	3.975570e-02	9.690430e-03	4.000360e-02
813           	6.958900e-02	3.798910e-02	9.355040e-03	3.808520e-02
814           	7.080910e-02	3.745590e-02	9.387520e-03	3.722610e-02
815           	7.255120e-02	3.885790e-02	9.863210e-03	3.839840e-02
816           	7.514020e-02	4.135840e-02	1.058470e-02	4.126690e-02
817           	7.709830e-02	4.433720e-02	1.149300e-02	4.534890e-02
818           	7.946840e-02	4.711470e-02	1.253860e-02	4.967030e-02
819           	8.107880e-02	5.038320e-02	1.354030e-02	5.441100e-02
820           	8.263200e-02	5.423280e-02	1.456000e-02	5.932660e-02
821           	8.578890e-02	5.855260e-02	1.546540e-02	6.303920e-02
822           	9.388210e-02	6.296040e-02	1.650100e-02	6.660860e-02
823           	9.767320e-02	6.665680e-02	1.726960e-02	6.950310e-02
824           	9.951910e-02	6.982640e-02	1.797560e-02	7.259280e-02
825           	9.774680e-02	7.293760e-02	1.886800e-02	7.750320e-02
826           	9.724880e-02	7.369440e-02	1.944370e-02	7.901840e-02
827           	9.900820e-02	7.377690e-02	1.963200e-02	7.946200e-02
828           	1.009880e-01	7.052200e-02	2.004630e-02	7.871530e-02
829           	9.777260e-02	6.742280e-02	2.048220e-02	7.568570e-02
830           	9.105970e-02	6.569420e-02	1.994750e-02	6.921290e-02
831           	8.133430e-02	6.305180e-02	1.853370e-02	6.355060e-02
832           	7.347540e-02	5.895860e-02	1.641730e-02	5.982150e-02
833           	7.161270e-02	5.375890e-02	1.428330e-02	5.649140e-02
834           	7.271830e-02	5.006420e-02	1.274980e-02	5.314100e-02
835           	7.493810e-02	4.879020e-02	1.181980e-02	5.027520e-02
836           	7.847360e-02	4.939280e-02	1.144180e-02	4.898630e-02
837           	7.928540e-02	4.961760e-02	1.132300e-02	4.794780e-02
838           	7.761540e-02	4.868180e-02	1.146280e-02	4.770400e-02
839           	7.608680e-02	4.795910e-02	1.190060e-02	4.846540e-02
840           	7.731990e-02	4.877460e-02	1.227550e-02	4.992280e-02
841           	7.811800e-02	4.981260e-02	1.229740e-02	5.044800e-02
842           	7.788090e-02	4.946400e-02	1.177480e-02	4.918390e-02
843           	7.636240e-02	4.756300e-02	1.127720e-02	4.677040e-02
844           	7.425570e-02	4.551520e-02	1.098160e-02	4.531050e-02
845           	7.453310e-02	4.528980e-02	1.135160e-02	4.691960e-02
846           	7.817600e-02	4.717930e-02	1.237720e-02	4.962150e-02
847           	8.222960e-02	5.074420e-02	1.377160e-02	5.366680e-02
848           	8.480820e-02	5.484300e-02	1.492260e-02	5.913470e-02
849           	8.745210e-02	5.861760e-02	1.581690e-02	6.363280e-02
850           	8.959420e-02	6.319010e-02	1.655640e-02	6.853770e-02
851           	9.022140e-02	6.759000e-02	1.710600e-02	7.223230e-02
852           	8.824340e-02	7.159330e-02	1.757830e-02	7.580410e-02
853           	8.772830e-02	7.378590e-02	1.780480e-02	7.776050e-02
854           	8.838890e-02	7.460140e-02	1.829510e-02	7.897580e-02
855           	9.130400e-02	7.498650e-02	1.867300e-02	7.931580e-02
856           	9.209070e-02	7.527180e-02	1.908850e-02	8.040420e-02
857           	9.185590e-02	7.421690e-02	1.920070e-02	7.912470e-02
858           	9.194850e-02	7.236030e-02	1.970730e-02	7.758580e-02
859           	9.188270e-02	7.143410e-02	1.995150e-02	7.456880e-02
860           	8.938600e-02	7.139460e-02	1.959350e-02	7.311460e-02
861           	8.508620e-02	6.936700e-02	1.894220e-02	7.239860e-02
862           	8.135560e-02	6.566800e-02	1.784740e-02	6.982430e-02
863           	7.969000e-02	6.147580e-02	1.666650e-02	6.642290e-02
864           	7.834830e-02	5.930340e-02	1.547570e-02	6.403140e-02
865           	7.804360e-02	5.790870e-02	1.480230e-02	6.356980e-02
866           	7.645940e-02	5.747760e-02	1.471740e-02	6.252970e-02
867           	7.607680e-02	5.829350e-02	1.482220e-02	6.109050e-02
868           	8.034080e-02	5.610100e-02	1.459010e-02	5.924670e-02
869           	8.139560e-02	5.344230e-02	1.423000e-02	5.890080e-02
870           	7.873330e-02	5.250130e-02	1.390090e-02	5.939880e-02
871           	7.517880e-02	5.180310e-02	1.340060e-02	5.910190e-02
872           	7.475220e-02	5.144050e-02	1.267200e-02	5.769170e-02
873           	7.733930e-02	5.087700e-02	1.211520e-02	5.515540e-02
874           	7.964000e-02	5.002610e-02	1.197050e-02	5.251030e-02
875           	8.130240e-02	4.964170e-02	1.190900e-02	5.072870e-02
876           	8.112760e-02	4.941240e-02	1.192970e-02	4.962600e-02
877           	8.006760e-02	4.863520e-02	1.174730e-02	4.871850e-02
878           	7.830180e-02	4.773430e-02	1.127400e-02	4.724070e-02
879           	7.603280e-02	4.644500e-02	1.072130e-02	4.570850e-02
880           	7.379090e-02	4.560000e-02	1.021790e-02	4.462110e-02
881           	7.218500e-02	4.530040e-02	9.962910e-03	4.442400e-02
882           	7.090540e-02	4.474780e-02	9.945060e-03	4.446000e-02
883           	7.029380e-02	4.472290e-02	1.027400e-02	4.468550e-02
884           	7.045770e-02	4.455300e-02	1.058810e-02	4.502310e-02
885           	7.031380e-02	4.455840e-02	1.080980e-02	4.526150e-02
886           	7.037070e-02	4.480020e-02	1.081550e-02	4.491950e-02
887           	7.072540e-02	4.517140e-02	1.088710e-02	4.533290e-02
888           	7.170490e-02	4.640090e-02	1.101250e-02	4.593280e-02
889           	7.298570e-02	4.790400e-02	1.116680e-02	4.639840e-02
890           	7.469060e-02	4.875850e-02	1.136880e-02	4.699410e-02
891           	7.743900e-02	4.951970e-02	1.157660e-02	4.739780e-02
892           	7.924380e-02	5.034370e-02	1.171250e-02	4.745350e-02
893           	8.234510e-02	5.065000e-02	1.178550e-02	4.735260e-02
894           	8.456290e-02	5.074710e-02	1.179630e-02	4.768570e-02
895           	8.396950e-02	5.046260e-02	1.194270e-02	4.853480e-02
896           	8.294810e-02	5.156600e-02	1.203140e-02	5.061160e-02
897           	8.335950e-02	5.358160e-02	1.222130e-02	5.270450e-02
898           	8.357690e-02	5.644080e-02	1.245680e-02	5.393630e-02
899           	8.331090e-02	6.178580e-02	1.315900e-02	5.585830e-02
900           	8.410740e-02	6.597830e-02	1.375370e-02	5.836820e-02
901           	8.515570e-02	6.965440e-02	1.471020e-02	6.133330e-02
902           	8.567800e-02	7.155080e-02	1.588660e-02	6.269750e-02
903           	8.668910e-02	7.223800e-02	1.684800e-02	6.374220e-02
904           	8.736580e-02	7.054370e-02	1.702180e-02	6.325560e-02
905           	8.717940e-02	6.626570e-02	1.616790e-02	5.973280e-02
906           	8.510730e-02	5.930260e-02	1.468810e-02	5.534210e-02
907           	8.074300e-02	5.423340e-02	1.349510e-02	5.095970e-02
908           	7.780880e-02	5.287510e-02	1.279030e-02	4.763260e-02
909           	7.622100e-02	5.328470e-02	1.256450e-02	4.631280e-02
910           	7.609730e-02	5.591250e-02	1.264840e-02	4.770940e-02
911           	7.710750e-02	5.944100e-02	1.296430e-02	5.060800e-02
912           	7.828530e-02	6.253070e-02	1.349140e-02	5.399460e-02
913           	7.916660e-02	6.491800e-02	1.389170e-02	5.751880e-02
914           	8.292580e-02	6.675700e-02	1.446520e-02	6.172080e-02
915           	8.549470e-02	6.750610e-02	1.487520e-02	6.512100e-02
916           	8.752110e-02	6.707770e-02	1.518710e-02	6.683110e-02
917           	8.923610e-02	6.580780e-02	1.551700e-02	6.681810e-02
918           	9.360280e-02	6.454100e-02	1.587410e-02	6.531770e-02
919           	9.394960e-02	6.275270e-02	1.580340e-02	6.354420e-02
920           	8.823550e-02	6.258160e-02	1.552230e-02	6.233270e-02
921           	8.131180e-02	6.224100e-02	1.501020e-02	6.064280e-02
922           	7.540430e-02	6.138660e-02	1.424620e-02	5.898220e-02
923           	7.184660e-02	6.098990e-02	1.332450e-02	5.701170e-02
924           	7.330420e-02	5.903150e-02	1.223230e-02	5.518250e-02
925           	7.401230e-02	5.485060e-02	1.149450e-02	5.237220e-02
926           	7.306610e-02	5.025820e-02	1.089640e-02	4.906040e-02
927           	7.306270e-02	4.624520e-02	1.043030e-02	4.674660e-02
928           	7.372250e-02	4.415830e-02	1.002250e-02	4.533360e-02
929           	7.557940e-02	4.283420e-02	9.701400e-03	4.440050e-02
930           	7.862530e-02	4.272000e-02	9.576860e-03	4.371950e-02
931           	8.155920e-02	4.313130e-02	9.626180e-03	4.313320e-02
932           	8.304360e-02	4.330840e-02	9.710150e-03	4.196780e-02
933           	8.230770e-02	4.279690e-02	9.790390e-03	4.074780e-02
934           	8.052860e-02	4.161610e-02	9.825140e-03	4.018590e-02
935           	7.822600e-02	4.055280e-02	9.616820e-03	3.954700e-02
936           	7.645720e-02	3.958240e-02	9.306770e-03	3.784980e-02
937           	7.491910e-02	3.905960e-02	8.860710e-03	3.712460e-02
938           	7.345580e-02	3.823360e-02	8.469370e-03	3.656850e-02
939           	7.189250e-02	3.785860e-02	8.371070e-03	3.670010e-02
940           	7.031740e-02	3.821470e-02	8.429870e-03	3.720340e-02
941           	6.995780e-02	3.935890e-02	8.746210e-03	3.868430e-02
942           	7.086790e-02	4.067880e-02	9.136340e-03	3.986410e-02
943           	7.155730e-02	4.216790e-02	9.646270e-03	4.126550e-02
944           	7.139360e-02	4.368890e-02	1.007870e-02	4.206550e-02
945           	7.188520e-02	4.677220e-02	1.055100e-02	4.308280e-02
946           	7.298830e-02	5.026830e-02	1.114250e-02	4.517470e-02
947           	7.614030e-02	5.355120e-02	1.191650e-02	4.829030e-02
948           	8.009940e-02	5.728440e-02	1.283900e-02	5.181810e-02
949           	8.481780e-02	6.051050e-02	1.370270e-02	5.484150e-02
950           	8.845720e-02	6.144020e-02	1.437100e-02	5.708680e-02
951           	9.117680e-02	6.082980e-02	1.492910e-02	5.931600e-02
952           	9.034200e-02	5.960930e-02	1.504560e-02	6.068820e-02
953           	9.027650e-02	5.759900e-02	1.468780e-02	6.165290e-02
954           	9.079520e-02	5.547790e-02	1.434570e-02	6.007120e-02
955           	8.923770e-02	5.637850e-02	1.387520e-02	5.715860e-02
956           	8.741280e-02	5.871210e-02	1.372350e-02	5.561280e-02
957           	8.623370e-02	6.096340e-02	1.365750e-02	5.476150e-02
958           	8.780540e-02	6.191200e-02	1.391840e-02	5.450090e-02
959           	8.998770e-02	6.290650e-02	1.437370e-02	5.552230e-02
960           	9.106620e-02	6.355560e-02	1.454310e-02	5.634020e-02
961           	8.844930e-02	6.212700e-02	1.408190e-02	5.575300e-02
962           	8.486130e-02	5.869690e-02	1.325470e-02	5.479820e-02
963           	8.047270e-02	5.553590e-02	1.260120e-02	5.231260e-02
964           	7.688320e-02	5.297560e-02	1.196230e-02	4.938260e-02
965           	7.580830e-02	5.070660e-02	1.125460e-02	4.607560e-02
966           	7.351980e-02	4.885350e-02	1.078480e-02	4.306450e-02
967           	7.424980e-02	4.736290e-02	1.066030e-02	4.138340e-02
968           	7.477950e-02	4.616490e-02	1.025380e-02	4.082650e-02
969           	7.446000e-02	4.508440e-02	9.531720e-03	4.008100e-02
970           	7.333910e-02	4.290250e-02	8.861400e-03	3.925180e-02
971           	7.231900e-02	4.002370e-02	8.325650e-03	3.838540e-02
972           	7.340030e-02	3.800620e-02	7.895940e-03	3.763130e-02
973           	7.351740e-02	3.686090e-02	7.654630e-03	3.679940e-02
974           	7.302740e-02	3.619620e-02	7.617660e-03	3.605210e-02
975           	7.183850e-02	3.589120e-02	7.574490e-03	3.551100e-02
976           	6.940020e-02	3.579100e-02	7.572280e-03	3.489010e-02
977           	6.773560e-02	3.567490e-02	7.464090e-03	3.374490e-02
978           	6.673330e-02	3.485910e-02	7.302500e-03	3.248670e-02
979           	6.543820e-02	3.428230e-02	7.143330e-03	3.159870e-02
980           	6.498270e-02	3.373950e-02	7.081570e-03	3.105340e-02
981           	6.502150e-02	3.360950e-02	7.166030e-03	3.116860e-02
982           	6.460500e-02	3.420320e-02	7.445250e-03	3.180370e-02
983           	6.419840e-02	3.508000e-02	7.810230e-03	3.295580e-02
984           	6.522070e-02	3.656170e-02	8.142210e-03	3.453230e-02
985           	6.590560e-02	3.751000e-02	8.243540e-03	3.580740e-02
986           	6.629040e-02	3.794340e-02	8.186460e-03	3.687410e-02
987           	6.538290e-02	3.778850e-02	8.167460e-03	3.739250e-02
988           	6.422660e-02	3.703550e-02	8.178950e-03	3.747280e-02
989           	6.383460e-02	3.645920e-02	8.156210e-03	3.749380e-02
990           	6.367460e-02	3.687580e-02	8.070620e-03	3.789010e-02
991           	6.316210e-02	3.779510e-02	8.068280e-03	3.791130e-02
992           	6.344490e-02	3.919850e-02	8.249070e-03	3.851680e-02
993           	6.536480e-02	4.074050e-02	8.539460e-03	3.995270e-02
994           	6.800690e-02	4.176670e-02	8.862120e-03	4.196860e-02
995           	6.887520e-02	4.294750e-02	9.217510e-03	4.383380e-02
996           	6.967810e-02	4.368500e-02	9.450890e-03	4.449660e-02
997           	7.095100e-02	4.387210e-02	9.604830e-03	4.413190e-02
998           	7.220070e-02	4.405530e-02	9.752320e-03	4.378390e-02
999           	7.490780e-02	4.471480e-02	9.958460e-03	4.338900e-02
1000          	7.587980e-02	4.524720e-02	1.030300e-02	4.307330e-02
