# Residuals   
# Time        	p             	Ux            	Uy            	Uz            
1             	1.000000e+00	3.788270e-01	1.000000e+00	3.356850e-01
2             	3.467710e-01	5.992090e-01	2.569200e-01	5.951890e-01
3             	4.376630e-02	4.852420e-01	1.541240e-01	4.589830e-01
4             	5.473270e-02	3.307710e-01	1.006160e-01	2.980370e-01
5             	8.919900e-02	2.574910e-01	7.716200e-02	2.382710e-01
6             	1.261920e-01	2.169940e-01	6.218190e-02	2.080790e-01
7             	1.376910e-01	1.832540e-01	5.336730e-02	1.756330e-01
8             	1.218550e-01	1.526330e-01	4.754940e-02	1.467260e-01
9             	1.072180e-01	1.272900e-01	4.180630e-02	1.170820e-01
10            	8.046970e-02	1.174810e-01	3.550330e-02	1.055710e-01
11            	6.375770e-02	1.082180e-01	2.987580e-02	1.004740e-01
12            	5.661970e-02	9.558800e-02	2.533600e-02	9.092810e-02
13            	5.528900e-02	8.134370e-02	2.212180e-02	7.916140e-02
14            	5.525160e-02	7.077280e-02	1.988760e-02	6.935020e-02
15            	5.977170e-02	6.425420e-02	1.836560e-02	6.276970e-02
16            	6.361300e-02	5.987900e-02	1.676760e-02	5.696960e-02
17            	6.616600e-02	5.598820e-02	1.525250e-02	5.224010e-02
18            	6.773520e-02	5.238890e-02	1.373660e-02	4.892500e-02
19            	6.896040e-02	4.949560e-02	1.221760e-02	4.668240e-02
20            	6.909610e-02	4.694460e-02	1.088580e-02	4.468130e-02
21            	6.785780e-02	4.465160e-02	1.001520e-02	4.277340e-02
22            	6.713870e-02	4.281880e-02	9.441720e-03	4.155310e-02
23            	6.825650e-02	4.142830e-02	9.165520e-03	4.098920e-02
24            	7.044470e-02	4.055400e-02	8.923640e-03	4.070640e-02
25            	7.395490e-02	3.982320e-02	8.539810e-03	3.987710e-02
26            	7.635000e-02	3.836270e-02	8.045390e-03	3.809980e-02
27            	7.614550e-02	3.698110e-02	7.739800e-03	3.635390e-02
28            	7.677730e-02	3.570850e-02	7.629370e-03	3.544900e-02
29            	7.646380e-02	3.500180e-02	7.532370e-03	3.510800e-02
30            	7.355750e-02	3.394530e-02	7.426590e-03	3.417450e-02
31            	7.101160e-02	3.301210e-02	7.305680e-03	3.393700e-02
32            	6.896260e-02	3.182290e-02	7.073680e-03	3.309060e-02
33            	6.698560e-02	3.059910e-02	6.842880e-03	3.188040e-02
34            	6.499200e-02	2.930590e-02	6.578990e-03	3.046470e-02
35            	6.310170e-02	2.803250e-02	6.259710e-03	2.909270e-02
36            	6.220250e-02	2.732580e-02	6.017020e-03	2.823620e-02
37            	6.071870e-02	2.714900e-02	5.780050e-03	2.724020e-02
38            	5.790000e-02	2.739840e-02	5.604980e-03	2.629960e-02
39            	5.635840e-02	2.782300e-02	5.613240e-03	2.642410e-02
40            	5.627700e-02	2.870250e-02	5.815900e-03	2.732140e-02
41            	5.670910e-02	3.028770e-02	6.278720e-03	2.890250e-02
42            	5.802880e-02	3.256750e-02	6.879110e-03	3.091850e-02
43            	6.071840e-02	3.497140e-02	7.590260e-03	3.280180e-02
44            	6.375760e-02	3.747410e-02	8.155040e-03	3.499910e-02
45            	6.772260e-02	3.982930e-02	8.801210e-03	3.782800e-02
46            	6.914060e-02	4.134500e-02	9.220960e-03	4.049080e-02
47            	7.026360e-02	4.114220e-02	9.320970e-03	4.048480e-02
48            	7.122590e-02	4.078140e-02	9.141100e-03	3.985170e-02
49            	7.258590e-02	3.986850e-02	8.831870e-03	3.914890e-02
50            	7.227910e-02	3.836510e-02	8.466640e-03	3.786920e-02
51            	7.124940e-02	3.752910e-02	8.311930e-03	3.645060e-02
52            	7.025880e-02	3.729590e-02	8.390960e-03	3.604310e-02
53            	7.031110e-02	3.629510e-02	8.206130e-03	3.521000e-02
54            	6.959980e-02	3.539650e-02	7.926950e-03	3.442430e-02
55            	6.886940e-02	3.490030e-02	7.811080e-03	3.405870e-02
56            	6.671120e-02	3.419040e-02	7.820400e-03	3.406720e-02
57            	6.603290e-02	3.436740e-02	7.770490e-03	3.463990e-02
58            	6.499300e-02	3.477310e-02	7.627390e-03	3.431690e-02
59            	6.381060e-02	3.531780e-02	7.583720e-03	3.429840e-02
60            	6.177870e-02	3.561780e-02	7.616200e-03	3.440970e-02
61            	6.252250e-02	3.604710e-02	7.731440e-03	3.495200e-02
62            	6.334060e-02	3.750600e-02	8.042930e-03	3.624850e-02
63            	6.280200e-02	3.984190e-02	8.515380e-03	3.768650e-02
64            	6.317540e-02	4.228860e-02	9.078500e-03	3.912360e-02
65            	6.503190e-02	4.449570e-02	9.674940e-03	4.103460e-02
66            	6.733690e-02	4.614950e-02	1.008770e-02	4.364410e-02
67            	7.068300e-02	4.679700e-02	1.033560e-02	4.411470e-02
68            	7.205540e-02	4.730120e-02	1.022020e-02	4.362100e-02
69            	7.265870e-02	4.596670e-02	9.908510e-03	4.148460e-02
70            	7.219580e-02	4.438240e-02	9.657600e-03	3.924160e-02
71            	7.314600e-02	4.379180e-02	9.692870e-03	3.924470e-02
72            	7.432870e-02	4.374560e-02	1.003890e-02	4.010970e-02
73            	7.609520e-02	4.413670e-02	1.052020e-02	4.069620e-02
74            	7.808790e-02	4.387230e-02	1.085940e-02	4.067900e-02
75            	8.002980e-02	4.449860e-02	1.099490e-02	4.164640e-02
76            	7.830190e-02	4.678220e-02	1.100520e-02	4.438050e-02
77            	7.755660e-02	4.934740e-02	1.132920e-02	4.668230e-02
78            	7.792500e-02	5.199350e-02	1.188870e-02	4.918420e-02
79            	7.998300e-02	5.346150e-02	1.228930e-02	5.117050e-02
80            	8.079170e-02	5.483890e-02	1.279580e-02	5.366110e-02
81            	8.186670e-02	5.650380e-02	1.348150e-02	5.704000e-02
82            	8.538810e-02	5.740870e-02	1.417400e-02	6.032160e-02
83            	8.711290e-02	5.886380e-02	1.498230e-02	6.285390e-02
84            	8.700710e-02	6.044590e-02	1.531690e-02	6.490640e-02
85            	8.543310e-02	5.918080e-02	1.484480e-02	6.413560e-02
86            	8.303130e-02	5.377100e-02	1.400510e-02	5.975570e-02
87            	7.933730e-02	4.913980e-02	1.297700e-02	5.502150e-02
88            	7.654030e-02	4.671150e-02	1.198190e-02	5.190510e-02
89            	7.497190e-02	4.504260e-02	1.101790e-02	4.850180e-02
90            	7.427100e-02	4.336600e-02	1.029920e-02	4.505320e-02
91            	7.228860e-02	4.204280e-02	9.781710e-03	4.305920e-02
92            	7.040800e-02	4.073690e-02	9.459670e-03	4.227400e-02
93            	6.845630e-02	3.943550e-02	9.221330e-03	4.142640e-02
94            	6.637820e-02	3.855300e-02	9.051990e-03	4.022060e-02
95            	6.453860e-02	3.814460e-02	8.999900e-03	3.908410e-02
96            	6.464300e-02	3.817250e-02	9.160640e-03	3.913500e-02
97            	6.616210e-02	3.904210e-02	9.341730e-03	4.020140e-02
98            	6.814210e-02	4.022340e-02	9.515110e-03	4.230050e-02
99            	7.086870e-02	4.130310e-02	9.714290e-03	4.434230e-02
100           	7.361890e-02	4.242920e-02	9.718330e-03	4.489350e-02
101           	7.488360e-02	4.328440e-02	9.486750e-03	4.507830e-02
102           	7.535680e-02	4.321890e-02	9.429570e-03	4.472220e-02
103           	7.456050e-02	4.422370e-02	9.468140e-03	4.496870e-02
104           	7.303330e-02	4.517690e-02	9.782270e-03	4.510010e-02
105           	7.151020e-02	4.619930e-02	1.014750e-02	4.511100e-02
106           	7.160280e-02	4.643320e-02	1.055320e-02	4.492430e-02
107           	7.254120e-02	4.670550e-02	1.059280e-02	4.597450e-02
108           	7.387780e-02	4.798840e-02	1.068430e-02	4.739510e-02
109           	7.634440e-02	4.858380e-02	1.079320e-02	4.757230e-02
110           	7.609910e-02	4.936470e-02	1.111390e-02	4.713720e-02
111           	7.676750e-02	5.229320e-02	1.166830e-02	4.746010e-02
112           	7.764040e-02	5.533500e-02	1.192510e-02	4.847910e-02
113           	7.679970e-02	5.523750e-02	1.201150e-02	4.788540e-02
114           	7.578510e-02	5.306980e-02	1.172060e-02	4.637400e-02
115           	7.681320e-02	5.051580e-02	1.122250e-02	4.463070e-02
116           	7.668990e-02	4.783030e-02	1.080370e-02	4.383500e-02
117           	7.524530e-02	4.520300e-02	1.034180e-02	4.321310e-02
118           	7.516420e-02	4.423940e-02	1.020010e-02	4.276380e-02
119           	7.695470e-02	4.581270e-02	1.043420e-02	4.354040e-02
120           	7.899610e-02	4.924090e-02	1.116090e-02	4.497630e-02
121           	8.074300e-02	5.307590e-02	1.185720e-02	4.707050e-02
122           	8.356370e-02	5.673330e-02	1.252410e-02	4.950200e-02
123           	8.435600e-02	6.177640e-02	1.348830e-02	5.334100e-02
124           	8.747490e-02	6.541700e-02	1.475750e-02	5.773080e-02
125           	9.050950e-02	6.865860e-02	1.610740e-02	6.330930e-02
126           	9.197940e-02	7.116320e-02	1.699560e-02	6.883860e-02
127           	9.297100e-02	7.206680e-02	1.705470e-02	6.948690e-02
128           	9.409110e-02	6.877300e-02	1.640860e-02	6.633140e-02
129           	9.217170e-02	6.440170e-02	1.574700e-02	6.280560e-02
130           	8.728420e-02	6.232700e-02	1.555100e-02	6.033810e-02
131           	8.273580e-02	6.535870e-02	1.564340e-02	5.894320e-02
132           	8.087140e-02	6.907490e-02	1.568580e-02	5.822080e-02
133           	8.091470e-02	7.123040e-02	1.551600e-02	5.836940e-02
134           	8.300260e-02	7.092520e-02	1.530170e-02	5.970540e-02
135           	8.535270e-02	6.876150e-02	1.503940e-02	6.128350e-02
136           	8.751330e-02	6.613330e-02	1.441280e-02	6.159120e-02
137           	8.599110e-02	6.263270e-02	1.365970e-02	5.848740e-02
138           	8.395990e-02	5.906490e-02	1.308130e-02	5.409330e-02
139           	8.076820e-02	5.486780e-02	1.240290e-02	5.002380e-02
140           	7.826470e-02	5.060340e-02	1.152460e-02	4.632660e-02
141           	7.671960e-02	4.854930e-02	1.089040e-02	4.293040e-02
142           	7.686150e-02	4.761470e-02	1.070360e-02	4.178300e-02
143           	7.848040e-02	4.783540e-02	1.081100e-02	4.234760e-02
144           	7.967890e-02	4.962970e-02	1.114970e-02	4.343540e-02
145           	7.984300e-02	5.211620e-02	1.152330e-02	4.475180e-02
146           	8.024150e-02	5.389620e-02	1.187190e-02	4.752160e-02
147           	7.961620e-02	5.425070e-02	1.222290e-02	5.108370e-02
148           	7.973630e-02	5.363420e-02	1.262300e-02	5.443350e-02
149           	8.055800e-02	5.358260e-02	1.316690e-02	5.792220e-02
150           	8.080160e-02	5.474480e-02	1.398120e-02	6.026060e-02
151           	8.304390e-02	5.834840e-02	1.498660e-02	6.159620e-02
152           	8.882530e-02	6.298790e-02	1.592190e-02	6.300060e-02
153           	9.325690e-02	6.651130e-02	1.652110e-02	6.396020e-02
154           	9.640970e-02	6.783940e-02	1.699300e-02	6.431780e-02
155           	9.931460e-02	6.963150e-02	1.741220e-02	6.534750e-02
156           	1.020590e-01	7.314880e-02	1.773940e-02	6.859340e-02
157           	1.013240e-01	7.442670e-02	1.793680e-02	7.105650e-02
158           	9.942340e-02	7.619820e-02	1.828970e-02	7.360120e-02
159           	9.633980e-02	7.732500e-02	1.892170e-02	7.512890e-02
160           	9.256850e-02	7.698470e-02	1.931300e-02	7.519360e-02
161           	8.978500e-02	7.302830e-02	1.906430e-02	7.194340e-02
162           	8.519250e-02	6.778860e-02	1.807880e-02	6.737170e-02
163           	8.243950e-02	6.256900e-02	1.671700e-02	6.235870e-02
164           	7.881880e-02	5.785750e-02	1.561940e-02	5.907790e-02
165           	7.381840e-02	5.437780e-02	1.441110e-02	5.761020e-02
166           	7.080250e-02	5.306390e-02	1.331330e-02	5.514590e-02
167           	6.854920e-02	5.347530e-02	1.248560e-02	5.166810e-02
168           	6.687600e-02	5.451310e-02	1.210570e-02	4.892810e-02
169           	6.857450e-02	5.484040e-02	1.201750e-02	4.761260e-02
170           	7.267650e-02	5.470280e-02	1.215210e-02	4.819190e-02
171           	7.662170e-02	5.385320e-02	1.217160e-02	4.996060e-02
172           	8.144920e-02	5.322320e-02	1.212870e-02	5.160270e-02
173           	8.538950e-02	5.366970e-02	1.238660e-02	5.253990e-02
174           	8.675510e-02	5.492070e-02	1.267050e-02	5.267380e-02
175           	8.613740e-02	5.647770e-02	1.302700e-02	5.306100e-02
176           	8.653880e-02	5.792970e-02	1.366080e-02	5.467340e-02
177           	8.704740e-02	5.859000e-02	1.400690e-02	5.665590e-02
178           	8.648510e-02	5.831040e-02	1.426980e-02	5.877420e-02
179           	8.596020e-02	5.882740e-02	1.437430e-02	6.124130e-02
180           	8.186810e-02	5.874360e-02	1.420920e-02	6.175120e-02
181           	7.968740e-02	5.813660e-02	1.396620e-02	6.085860e-02
182           	7.986120e-02	5.627010e-02	1.372590e-02	5.818520e-02
183           	8.136930e-02	5.469910e-02	1.324300e-02	5.402750e-02
184           	8.185690e-02	5.423690e-02	1.270280e-02	5.162420e-02
185           	8.175050e-02	5.546130e-02	1.256800e-02	5.120810e-02
186           	8.256060e-02	5.687270e-02	1.292990e-02	5.241210e-02
187           	8.453630e-02	5.740330e-02	1.345740e-02	5.413320e-02
188           	8.789550e-02	5.841450e-02	1.403880e-02	5.650190e-02
189           	8.997610e-02	5.901400e-02	1.462440e-02	5.940110e-02
190           	9.181210e-02	5.825880e-02	1.476210e-02	6.121730e-02
191           	9.175710e-02	5.608190e-02	1.478080e-02	6.000620e-02
192           	8.903060e-02	5.449480e-02	1.401340e-02	5.712400e-02
193           	8.443010e-02	5.263520e-02	1.300860e-02	5.261810e-02
194           	7.974520e-02	5.101780e-02	1.214050e-02	4.818340e-02
195           	7.744300e-02	5.069100e-02	1.152050e-02	4.472170e-02
196           	7.668880e-02	5.104270e-02	1.131520e-02	4.336860e-02
197           	7.762530e-02	5.086420e-02	1.123340e-02	4.379410e-02
198           	7.721660e-02	5.060730e-02	1.109680e-02	4.477080e-02
199           	7.647880e-02	4.998590e-02	1.085530e-02	4.574640e-02
200           	7.684970e-02	4.870210e-02	1.047800e-02	4.633430e-02
201           	7.526690e-02	4.703540e-02	1.006100e-02	4.559370e-02
202           	7.274220e-02	4.446130e-02	9.650070e-03	4.339090e-02
203           	7.089830e-02	4.272340e-02	9.663760e-03	4.152520e-02
204           	7.102490e-02	4.212530e-02	9.855530e-03	4.028810e-02
205           	7.098880e-02	4.183800e-02	1.004280e-02	4.017960e-02
206           	7.214670e-02	4.152690e-02	1.019430e-02	4.053960e-02
207           	7.466070e-02	4.183230e-02	1.035990e-02	4.119600e-02
208           	7.595610e-02	4.293150e-02	1.059560e-02	4.220600e-02
209           	7.684890e-02	4.484590e-02	1.101540e-02	4.388040e-02
210           	7.924860e-02	4.780840e-02	1.182010e-02	4.651650e-02
211           	8.023920e-02	5.309570e-02	1.284730e-02	5.084690e-02
212           	8.285670e-02	5.748470e-02	1.387350e-02	5.518590e-02
213           	8.640790e-02	6.122630e-02	1.493350e-02	5.922460e-02
214           	9.097100e-02	6.422060e-02	1.600710e-02	6.342350e-02
215           	9.343120e-02	6.685920e-02	1.673460e-02	6.695740e-02
216           	9.512230e-02	7.025760e-02	1.757000e-02	6.942490e-02
217           	9.378590e-02	7.225190e-02	1.813080e-02	6.961400e-02
218           	8.993050e-02	7.283390e-02	1.860070e-02	6.888430e-02
219           	8.754130e-02	7.224810e-02	1.895200e-02	6.710020e-02
220           	8.583870e-02	7.004310e-02	1.857790e-02	6.547590e-02
221           	8.289420e-02	6.503750e-02	1.727960e-02	6.255320e-02
222           	7.908570e-02	5.871780e-02	1.546590e-02	5.772720e-02
223           	7.629520e-02	5.352400e-02	1.385290e-02	5.388030e-02
224           	7.569620e-02	5.014810e-02	1.242010e-02	5.031780e-02
225           	7.665480e-02	4.755610e-02	1.154830e-02	4.744000e-02
226           	7.862690e-02	4.558580e-02	1.109310e-02	4.536760e-02
227           	7.944950e-02	4.393060e-02	1.083690e-02	4.363820e-02
228           	7.850950e-02	4.301760e-02	1.062400e-02	4.175550e-02
229           	7.823620e-02	4.270270e-02	1.031430e-02	4.049920e-02
230           	7.666980e-02	4.202580e-02	1.007620e-02	3.973570e-02
231           	7.419510e-02	4.135350e-02	9.811490e-03	3.966150e-02
232           	7.100950e-02	4.091570e-02	9.684380e-03	4.016740e-02
233           	6.830390e-02	4.039050e-02	9.555390e-03	4.059560e-02
234           	6.648600e-02	4.063670e-02	9.666380e-03	4.170590e-02
235           	6.614760e-02	4.235140e-02	1.003070e-02	4.429520e-02
236           	6.764660e-02	4.422900e-02	1.028900e-02	4.629690e-02
237           	6.932690e-02	4.672780e-02	1.054300e-02	4.876420e-02
238           	7.139140e-02	4.807430e-02	1.079600e-02	4.980590e-02
239           	7.241310e-02	4.844300e-02	1.091980e-02	4.914700e-02
240           	7.225220e-02	4.785010e-02	1.095020e-02	4.784530e-02
241           	7.341180e-02	4.775780e-02	1.090740e-02	4.724690e-02
242           	7.578900e-02	4.920260e-02	1.123470e-02	4.874830e-02
243           	7.919790e-02	5.126920e-02	1.181640e-02	5.110330e-02
244           	8.193360e-02	5.418520e-02	1.241390e-02	5.407860e-02
245           	8.326340e-02	5.740140e-02	1.299330e-02	5.655120e-02
246           	8.255370e-02	6.070840e-02	1.354720e-02	5.737070e-02
247           	8.265540e-02	6.300960e-02	1.403210e-02	5.642730e-02
248           	8.254710e-02	6.456470e-02	1.451520e-02	5.620030e-02
249           	8.278720e-02	6.703200e-02	1.515920e-02	5.700270e-02
250           	8.490680e-02	7.029940e-02	1.627380e-02	6.022030e-02
251           	8.662830e-02	7.289080e-02	1.699760e-02	6.496000e-02
252           	8.911920e-02	7.465430e-02	1.730450e-02	6.799410e-02
253           	9.302200e-02	7.522780e-02	1.733080e-02	6.944650e-02
254           	9.558940e-02	7.500410e-02	1.706410e-02	6.775940e-02
255           	9.279800e-02	7.329160e-02	1.675880e-02	6.382470e-02
256           	8.830150e-02	7.394690e-02	1.719640e-02	6.305700e-02
257           	8.914440e-02	7.433690e-02	1.757730e-02	6.327030e-02
258           	9.137120e-02	7.233380e-02	1.718140e-02	6.238830e-02
259           	9.206320e-02	6.710510e-02	1.611900e-02	5.882400e-02
260           	8.901180e-02	6.048580e-02	1.459020e-02	5.485900e-02
261           	8.331510e-02	5.527370e-02	1.334310e-02	5.270550e-02
262           	7.776790e-02	5.291830e-02	1.274700e-02	5.122850e-02
263           	7.400710e-02	5.237410e-02	1.244810e-02	4.978580e-02
264           	7.281570e-02	5.343840e-02	1.224310e-02	4.944110e-02
265           	7.380210e-02	5.473690e-02	1.224320e-02	4.944300e-02
266           	7.661950e-02	5.623550e-02	1.250630e-02	4.989560e-02
267           	7.792670e-02	5.859750e-02	1.271220e-02	5.154400e-02
268           	7.979340e-02	5.976500e-02	1.264550e-02	5.276280e-02
269           	7.854430e-02	5.963610e-02	1.253520e-02	5.335300e-02
270           	7.746960e-02	5.772240e-02	1.242580e-02	5.282210e-02
271           	7.803660e-02	5.571210e-02	1.247930e-02	5.138120e-02
272           	7.837440e-02	5.433500e-02	1.262600e-02	4.944880e-02
273           	7.867910e-02	5.409720e-02	1.267380e-02	4.873190e-02
274           	7.998370e-02	5.502990e-02	1.278010e-02	4.927090e-02
275           	8.147540e-02	5.551860e-02	1.291930e-02	4.980410e-02
276           	8.317590e-02	5.614140e-02	1.324460e-02	5.095020e-02
277           	8.336000e-02	5.529920e-02	1.350680e-02	5.144350e-02
278           	8.329560e-02	5.445960e-02	1.359580e-02	5.191860e-02
279           	8.273170e-02	5.496620e-02	1.373430e-02	5.379590e-02
280           	8.292350e-02	5.742880e-02	1.408340e-02	5.592700e-02
281           	8.298560e-02	6.055450e-02	1.442360e-02	5.789580e-02
282           	8.323740e-02	6.397140e-02	1.495770e-02	6.099110e-02
283           	8.375630e-02	6.787940e-02	1.569620e-02	6.501650e-02
284           	8.277220e-02	6.991370e-02	1.621530e-02	6.610150e-02
285           	8.242560e-02	7.173800e-02	1.651110e-02	6.566970e-02
286           	8.396290e-02	7.128100e-02	1.678930e-02	6.465120e-02
287           	8.480250e-02	6.794360e-02	1.668820e-02	6.222450e-02
288           	8.243160e-02	6.314800e-02	1.613220e-02	5.856840e-02
289           	7.774870e-02	5.877470e-02	1.528920e-02	5.668690e-02
290           	7.468470e-02	5.520220e-02	1.434290e-02	5.535160e-02
291           	7.411630e-02	5.379640e-02	1.347070e-02	5.375470e-02
292           	7.477340e-02	5.263070e-02	1.265160e-02	5.201270e-02
293           	7.556480e-02	5.207810e-02	1.201610e-02	5.037030e-02
294           	7.576770e-02	5.163350e-02	1.150990e-02	4.905410e-02
295           	7.615340e-02	5.169860e-02	1.145330e-02	4.874010e-02
296           	7.846480e-02	5.127420e-02	1.166820e-02	4.865040e-02
297           	8.001660e-02	5.111940e-02	1.198420e-02	4.898580e-02
298           	8.018450e-02	5.072440e-02	1.211280e-02	4.901880e-02
299           	7.952870e-02	5.098210e-02	1.228030e-02	4.934480e-02
300           	7.802750e-02	5.259150e-02	1.243420e-02	5.082100e-02
301           	7.682190e-02	5.515590e-02	1.269080e-02	5.282820e-02
302           	7.866960e-02	5.886700e-02	1.318760e-02	5.608650e-02
303           	7.927940e-02	6.060350e-02	1.362630e-02	5.827960e-02
304           	7.839800e-02	6.308490e-02	1.399030e-02	5.962100e-02
305           	8.090900e-02	6.454620e-02	1.451120e-02	6.012610e-02
306           	8.334460e-02	6.508490e-02	1.502530e-02	6.035930e-02
307           	8.587600e-02	6.444930e-02	1.539600e-02	6.141500e-02
308           	8.789720e-02	6.175740e-02	1.505040e-02	6.175330e-02
309           	8.799870e-02	5.908120e-02	1.485790e-02	6.282430e-02
310           	8.464050e-02	5.757970e-02	1.476540e-02	6.349610e-02
311           	8.027370e-02	5.697440e-02	1.465610e-02	6.320090e-02
312           	7.866930e-02	5.823380e-02	1.443620e-02	6.206490e-02
313           	7.819680e-02	5.948080e-02	1.440040e-02	6.101450e-02
314           	7.851280e-02	6.156160e-02	1.439410e-02	6.009760e-02
315           	7.980990e-02	6.453940e-02	1.446620e-02	5.915060e-02
316           	8.068470e-02	6.646590e-02	1.463080e-02	5.839980e-02
317           	8.328790e-02	6.678130e-02	1.499570e-02	5.793560e-02
318           	8.567610e-02	6.627680e-02	1.511020e-02	5.862550e-02
319           	9.104840e-02	6.563230e-02	1.514620e-02	5.971660e-02
320           	9.342180e-02	6.536780e-02	1.469680e-02	5.881160e-02
321           	9.218890e-02	6.350860e-02	1.408610e-02	5.570910e-02
322           	8.967120e-02	6.119070e-02	1.362080e-02	5.462760e-02
323           	8.661860e-02	6.012070e-02	1.347490e-02	5.463460e-02
324           	8.265980e-02	5.970810e-02	1.350970e-02	5.352100e-02
325           	8.258550e-02	5.912910e-02	1.355130e-02	5.262590e-02
326           	8.500430e-02	5.676980e-02	1.325330e-02	5.183360e-02
327           	8.450780e-02	5.431560e-02	1.268530e-02	5.121760e-02
328           	8.275380e-02	5.308140e-02	1.234140e-02	5.066030e-02
329           	8.281290e-02	5.269600e-02	1.233100e-02	5.064130e-02
330           	8.257690e-02	5.313700e-02	1.268970e-02	5.247930e-02
331           	8.441350e-02	5.478500e-02	1.339090e-02	5.436470e-02
332           	8.553920e-02	5.652610e-02	1.392030e-02	5.602440e-02
333           	8.866570e-02	5.982690e-02	1.442790e-02	5.676480e-02
334           	8.943670e-02	6.119590e-02	1.468500e-02	5.819440e-02
335           	8.825440e-02	6.101480e-02	1.463560e-02	5.965970e-02
336           	8.756680e-02	6.054510e-02	1.466230e-02	5.963840e-02
337           	8.621930e-02	5.967780e-02	1.465030e-02	5.861160e-02
338           	8.367030e-02	5.909670e-02	1.463200e-02	5.804110e-02
339           	8.006380e-02	5.975900e-02	1.467530e-02	5.802060e-02
340           	7.683230e-02	6.008300e-02	1.466050e-02	5.721590e-02
341           	7.515260e-02	5.881070e-02	1.463150e-02	5.601180e-02
342           	7.596790e-02	5.895830e-02	1.479250e-02	5.669980e-02
343           	7.784400e-02	5.834220e-02	1.486080e-02	5.865160e-02
344           	7.709970e-02	5.824870e-02	1.454340e-02	5.994700e-02
345           	7.711000e-02	5.722690e-02	1.406050e-02	6.035620e-02
346           	7.985190e-02	5.696510e-02	1.404160e-02	6.044310e-02
347           	8.123180e-02	5.775210e-02	1.405130e-02	5.866130e-02
348           	8.119090e-02	5.842630e-02	1.402760e-02	5.704620e-02
349           	7.996030e-02	5.766340e-02	1.414700e-02	5.557790e-02
350           	8.035610e-02	5.731310e-02	1.450710e-02	5.519450e-02
351           	8.335170e-02	5.745610e-02	1.490100e-02	5.692780e-02
352           	8.485320e-02	5.737080e-02	1.534750e-02	5.898720e-02
353           	8.738200e-02	5.704020e-02	1.532090e-02	5.913040e-02
354           	8.748430e-02	5.765070e-02	1.540350e-02	6.006940e-02
355           	8.813710e-02	5.937550e-02	1.564420e-02	6.157580e-02
356           	8.967060e-02	6.220980e-02	1.621890e-02	6.363090e-02
357           	9.074750e-02	6.436660e-02	1.646020e-02	6.468010e-02
358           	9.243180e-02	6.514770e-02	1.655950e-02	6.423370e-02
359           	9.333950e-02	6.439280e-02	1.641810e-02	6.426060e-02
360           	9.119100e-02	6.307490e-02	1.624030e-02	6.418410e-02
361           	8.942220e-02	6.151140e-02	1.615940e-02	6.421650e-02
362           	8.963420e-02	6.155340e-02	1.632690e-02	6.388930e-02
363           	8.765650e-02	6.219070e-02	1.659380e-02	6.458450e-02
364           	8.404150e-02	6.399210e-02	1.675910e-02	6.459160e-02
365           	7.927950e-02	6.313570e-02	1.622970e-02	6.264150e-02
366           	7.551250e-02	5.952790e-02	1.514330e-02	5.921110e-02
367           	7.584960e-02	5.578630e-02	1.395400e-02	5.651770e-02
368           	7.550880e-02	5.312950e-02	1.270630e-02	5.323220e-02
369           	7.496600e-02	5.116240e-02	1.185510e-02	5.042190e-02
370           	7.728570e-02	4.997970e-02	1.140570e-02	4.867920e-02
371           	7.970120e-02	5.036960e-02	1.150150e-02	4.817510e-02
372           	8.119530e-02	5.090720e-02	1.189850e-02	4.819190e-02
373           	8.442410e-02	5.146440e-02	1.237140e-02	4.888030e-02
374           	8.698260e-02	5.158830e-02	1.272400e-02	5.009070e-02
375           	8.610770e-02	5.179800e-02	1.286180e-02	5.084900e-02
376           	8.337980e-02	5.127930e-02	1.279300e-02	5.060850e-02
377           	8.188340e-02	5.099370e-02	1.276250e-02	5.048260e-02
378           	8.109210e-02	5.074250e-02	1.251380e-02	5.018550e-02
379           	8.170450e-02	5.030530e-02	1.216640e-02	4.950990e-02
380           	8.040810e-02	5.039130e-02	1.167810e-02	4.822830e-02
381           	7.772540e-02	5.039970e-02	1.126620e-02	4.796380e-02
382           	7.411650e-02	5.043450e-02	1.117680e-02	4.788330e-02
383           	7.308870e-02	5.074780e-02	1.127340e-02	4.849110e-02
384           	7.160040e-02	5.213070e-02	1.144360e-02	4.985070e-02
385           	7.029560e-02	5.312150e-02	1.173670e-02	5.059530e-02
386           	7.043610e-02	5.379010e-02	1.215860e-02	5.114900e-02
387           	7.265880e-02	5.416590e-02	1.260980e-02	5.090850e-02
388           	7.577720e-02	5.467590e-02	1.297420e-02	5.121820e-02
389           	8.028460e-02	5.515400e-02	1.338790e-02	5.227790e-02
390           	8.254470e-02	5.496230e-02	1.360000e-02	5.300830e-02
391           	8.347480e-02	5.445920e-02	1.368990e-02	5.258180e-02
392           	8.348370e-02	5.279390e-02	1.353240e-02	5.155010e-02
393           	8.184760e-02	5.111970e-02	1.330570e-02	5.159750e-02
394           	7.964740e-02	5.182140e-02	1.335440e-02	5.247160e-02
395           	7.643420e-02	5.446980e-02	1.320080e-02	5.303430e-02
396           	7.516330e-02	5.777240e-02	1.325450e-02	5.328930e-02
397           	7.584660e-02	6.273930e-02	1.359330e-02	5.468350e-02
398           	7.922270e-02	6.738300e-02	1.419640e-02	5.716270e-02
399           	8.255460e-02	7.122280e-02	1.533580e-02	6.134820e-02
400           	8.579760e-02	7.440080e-02	1.634900e-02	6.512820e-02
401           	9.097450e-02	7.381600e-02	1.673620e-02	6.572580e-02
402           	9.327090e-02	7.090480e-02	1.652140e-02	6.436100e-02
403           	9.499390e-02	6.717710e-02	1.588760e-02	6.293980e-02
404           	9.494530e-02	6.255320e-02	1.488730e-02	6.090160e-02
405           	9.064380e-02	5.919190e-02	1.430380e-02	5.967730e-02
406           	8.448490e-02	5.884070e-02	1.431730e-02	5.977930e-02
407           	7.909840e-02	6.011810e-02	1.435620e-02	5.960360e-02
408           	7.517900e-02	6.151760e-02	1.426870e-02	5.819520e-02
409           	7.539760e-02	6.341650e-02	1.425250e-02	5.742060e-02
410           	7.828980e-02	6.457010e-02	1.412450e-02	5.760240e-02
411           	7.874960e-02	6.446120e-02	1.405030e-02	5.803940e-02
412           	7.854190e-02	6.323940e-02	1.403440e-02	5.861910e-02
413           	7.799590e-02	6.057640e-02	1.372060e-02	5.919260e-02
414           	7.633980e-02	5.829330e-02	1.335810e-02	5.817780e-02
415           	7.668470e-02	5.763020e-02	1.300980e-02	5.647560e-02
416           	7.518160e-02	5.760820e-02	1.293300e-02	5.334420e-02
417           	7.493810e-02	5.669870e-02	1.308980e-02	5.155620e-02
418           	7.555960e-02	5.590210e-02	1.333260e-02	5.148480e-02
419           	7.894700e-02	5.594880e-02	1.390850e-02	5.299590e-02
420           	8.246020e-02	5.636460e-02	1.435350e-02	5.482330e-02
421           	8.538930e-02	5.694500e-02	1.488100e-02	5.650920e-02
422           	8.651850e-02	5.646050e-02	1.498280e-02	5.800940e-02
423           	8.573560e-02	5.678340e-02	1.514650e-02	5.912780e-02
424           	8.740490e-02	5.827450e-02	1.574210e-02	6.104050e-02
425           	9.050430e-02	6.212860e-02	1.676420e-02	6.338840e-02
426           	9.318200e-02	6.710760e-02	1.760210e-02	6.650340e-02
427           	9.172190e-02	7.347270e-02	1.886180e-02	7.172720e-02
428           	9.122810e-02	8.108230e-02	2.040410e-02	7.912420e-02
429           	9.284840e-02	8.839140e-02	2.151430e-02	8.550540e-02
430           	9.566320e-02	9.288890e-02	2.186250e-02	8.758700e-02
431           	9.743370e-02	9.198140e-02	2.180590e-02	8.500260e-02
432           	9.775980e-02	8.581750e-02	2.172480e-02	8.108970e-02
433           	9.521780e-02	7.826170e-02	2.159460e-02	7.635660e-02
434           	9.053340e-02	7.187560e-02	2.118160e-02	7.197280e-02
435           	8.528900e-02	7.050210e-02	2.026840e-02	6.853660e-02
436           	8.090770e-02	7.179650e-02	1.883450e-02	6.715110e-02
437           	7.860460e-02	7.096090e-02	1.703300e-02	6.520640e-02
438           	7.664680e-02	6.758780e-02	1.525580e-02	6.209700e-02
439           	7.573010e-02	6.301320e-02	1.369700e-02	5.950340e-02
440           	7.471830e-02	5.821200e-02	1.244860e-02	5.659670e-02
441           	7.231520e-02	5.433210e-02	1.171080e-02	5.382910e-02
442           	7.042200e-02	5.064570e-02	1.119970e-02	5.053330e-02
443           	7.041700e-02	4.796190e-02	1.091720e-02	4.823530e-02
444           	7.108780e-02	4.700780e-02	1.101220e-02	4.691200e-02
445           	7.210170e-02	4.693380e-02	1.120920e-02	4.531520e-02
446           	7.327320e-02	4.727670e-02	1.124660e-02	4.450010e-02
447           	7.489020e-02	4.763950e-02	1.119870e-02	4.412850e-02
448           	7.445830e-02	4.841890e-02	1.124230e-02	4.449180e-02
449           	7.215410e-02	4.931760e-02	1.138450e-02	4.589920e-02
450           	6.930210e-02	5.013080e-02	1.157950e-02	4.802490e-02
451           	6.790620e-02	4.973350e-02	1.177840e-02	4.905770e-02
452           	6.718260e-02	4.877820e-02	1.181360e-02	5.008450e-02
453           	6.681710e-02	4.744200e-02	1.166410e-02	5.113130e-02
454           	6.591620e-02	4.587940e-02	1.124290e-02	5.114110e-02
455           	6.446480e-02	4.390280e-02	1.047240e-02	4.964010e-02
456           	6.337220e-02	4.142950e-02	9.842690e-03	4.697130e-02
457           	6.248070e-02	4.004620e-02	9.488420e-03	4.529390e-02
458           	6.158440e-02	3.940260e-02	9.290600e-03	4.365930e-02
459           	6.159930e-02	3.945080e-02	9.225300e-03	4.213590e-02
460           	6.468330e-02	3.977080e-02	9.382540e-03	4.167300e-02
461           	6.806770e-02	4.005360e-02	9.588890e-03	4.211260e-02
462           	6.999390e-02	4.087160e-02	9.675260e-03	4.290150e-02
463           	7.028660e-02	4.182480e-02	1.005000e-02	4.398080e-02
464           	7.010150e-02	4.289230e-02	1.060690e-02	4.625180e-02
465           	6.983150e-02	4.390630e-02	1.120320e-02	4.785430e-02
466           	7.033130e-02	4.438200e-02	1.151900e-02	4.776270e-02
467           	7.436180e-02	4.509830e-02	1.153290e-02	4.742000e-02
468           	7.898930e-02	4.542700e-02	1.130760e-02	4.620970e-02
469           	8.004130e-02	4.565280e-02	1.102140e-02	4.447840e-02
470           	7.904790e-02	4.495280e-02	1.073520e-02	4.277700e-02
471           	7.774610e-02	4.309350e-02	1.045560e-02	4.154530e-02
472           	7.721980e-02	4.143160e-02	9.848240e-03	4.042270e-02
473           	7.835660e-02	4.026530e-02	9.343010e-03	3.983150e-02
474           	7.749590e-02	3.992600e-02	8.972810e-03	3.996570e-02
475           	7.607180e-02	3.965160e-02	8.935720e-03	3.971930e-02
476           	7.651940e-02	3.823680e-02	8.903680e-03	3.843350e-02
477           	7.441330e-02	3.629090e-02	8.689210e-03	3.619730e-02
478           	7.251460e-02	3.430430e-02	8.253310e-03	3.353720e-02
479           	6.803010e-02	3.299360e-02	7.905340e-03	3.203610e-02
480           	6.318240e-02	3.277170e-02	7.498750e-03	3.156900e-02
481           	5.975930e-02	3.281720e-02	7.219250e-03	3.125330e-02
482           	5.731700e-02	3.298410e-02	7.233170e-03	3.110690e-02
483           	5.708320e-02	3.327250e-02	7.437860e-03	3.138170e-02
484           	5.851560e-02	3.347140e-02	7.652370e-03	3.187190e-02
485           	6.124430e-02	3.400700e-02	7.838450e-03	3.221640e-02
486           	6.356950e-02	3.496920e-02	8.000930e-03	3.258540e-02
487           	6.492580e-02	3.610700e-02	8.246810e-03	3.292870e-02
488           	6.506430e-02	3.753680e-02	8.545380e-03	3.388040e-02
489           	6.701070e-02	3.879490e-02	8.931010e-03	3.532400e-02
490           	6.934810e-02	3.971870e-02	9.404250e-03	3.722920e-02
491           	7.120990e-02	4.081150e-02	9.763920e-03	3.886040e-02
492           	7.329250e-02	4.349400e-02	1.032300e-02	4.134110e-02
493           	7.546300e-02	4.692310e-02	1.104120e-02	4.443570e-02
494           	7.595970e-02	5.052210e-02	1.174690e-02	4.831110e-02
495           	7.774510e-02	5.482320e-02	1.278990e-02	5.306730e-02
496           	8.147540e-02	5.904640e-02	1.423530e-02	5.909050e-02
497           	8.711890e-02	6.258700e-02	1.569240e-02	6.524550e-02
498           	9.257170e-02	6.453710e-02	1.683900e-02	6.870780e-02
499           	9.394260e-02	6.674160e-02	1.764870e-02	7.066200e-02
500           	9.283110e-02	6.681360e-02	1.818580e-02	7.033770e-02
501           	8.870980e-02	6.650790e-02	1.819810e-02	6.847280e-02
502           	8.536180e-02	6.709130e-02	1.775970e-02	6.601330e-02
503           	8.251430e-02	6.652600e-02	1.698250e-02	6.241720e-02
504           	7.990220e-02	6.438880e-02	1.581070e-02	6.051890e-02
505           	7.857530e-02	6.108900e-02	1.475680e-02	5.918010e-02
506           	7.667350e-02	5.761540e-02	1.393700e-02	5.770940e-02
507           	7.418330e-02	5.397450e-02	1.299170e-02	5.515010e-02
508           	7.348650e-02	5.302500e-02	1.247420e-02	5.412980e-02
509           	7.443920e-02	5.526770e-02	1.245680e-02	5.452410e-02
510           	7.698680e-02	5.773460e-02	1.249810e-02	5.433230e-02
511           	7.697080e-02	5.874360e-02	1.237970e-02	5.194680e-02
512           	7.606360e-02	5.820740e-02	1.224460e-02	5.024180e-02
513           	7.550760e-02	5.637200e-02	1.195390e-02	4.834940e-02
514           	7.751660e-02	5.445220e-02	1.185330e-02	4.706400e-02
515           	8.089930e-02	5.338320e-02	1.196900e-02	4.686370e-02
516           	8.393280e-02	5.276020e-02	1.209190e-02	4.677260e-02
517           	8.728400e-02	5.212880e-02	1.238550e-02	4.649220e-02
518           	8.600010e-02	5.225060e-02	1.275490e-02	4.681020e-02
519           	8.529360e-02	5.309540e-02	1.308430e-02	4.812050e-02
520           	8.867950e-02	5.552700e-02	1.358770e-02	4.985110e-02
521           	9.280540e-02	5.901450e-02	1.423150e-02	5.263860e-02
522           	9.340090e-02	6.348240e-02	1.481460e-02	5.612140e-02
523           	9.034230e-02	6.722220e-02	1.559480e-02	5.978970e-02
524           	8.973540e-02	6.937390e-02	1.623780e-02	6.315980e-02
525           	8.824070e-02	7.123770e-02	1.712290e-02	6.670040e-02
526           	8.752120e-02	7.301040e-02	1.787680e-02	6.984820e-02
527           	8.705800e-02	7.414170e-02	1.862800e-02	7.266950e-02
528           	8.809200e-02	7.550190e-02	1.925750e-02	7.609570e-02
529           	8.984740e-02	7.651850e-02	1.947860e-02	7.850150e-02
530           	8.935810e-02	7.687870e-02	1.994080e-02	8.089960e-02
531           	8.840550e-02	7.826510e-02	2.060820e-02	8.150110e-02
532           	8.912070e-02	8.094230e-02	2.117790e-02	8.171740e-02
533           	8.986640e-02	8.119250e-02	2.149710e-02	8.062360e-02
534           	8.915410e-02	8.073930e-02	2.093120e-02	7.837920e-02
535           	8.694800e-02	7.918900e-02	1.948880e-02	7.540930e-02
536           	8.554800e-02	7.477380e-02	1.783400e-02	7.175990e-02
537           	8.069230e-02	6.782660e-02	1.627120e-02	6.722830e-02
538           	7.766450e-02	6.067460e-02	1.497870e-02	6.176200e-02
539           	7.758780e-02	5.706480e-02	1.423730e-02	5.715380e-02
540           	7.717650e-02	5.556130e-02	1.370710e-02	5.458070e-02
541           	7.660700e-02	5.489640e-02	1.340250e-02	5.345950e-02
542           	7.513680e-02	5.427800e-02	1.323440e-02	5.317690e-02
543           	7.330320e-02	5.368400e-02	1.341320e-02	5.368380e-02
544           	7.247240e-02	5.551070e-02	1.393620e-02	5.497730e-02
545           	7.507860e-02	5.919760e-02	1.454190e-02	5.762210e-02
546           	7.897090e-02	6.417660e-02	1.528250e-02	6.192040e-02
547           	8.205770e-02	7.005130e-02	1.627650e-02	6.786990e-02
548           	8.315380e-02	7.610910e-02	1.742930e-02	7.365990e-02
549           	8.452370e-02	7.942640e-02	1.832990e-02	7.594660e-02
550           	8.632780e-02	8.066530e-02	1.877950e-02	7.587630e-02
551           	8.538480e-02	7.902130e-02	1.910070e-02	7.585480e-02
552           	8.488270e-02	7.589530e-02	1.927950e-02	7.568950e-02
553           	8.519260e-02	7.238200e-02	1.925040e-02	7.386780e-02
554           	8.778760e-02	6.977130e-02	1.924020e-02	7.112380e-02
555           	8.760590e-02	6.736450e-02	1.846230e-02	6.716060e-02
556           	8.353980e-02	6.479100e-02	1.700610e-02	6.391480e-02
557           	7.972470e-02	6.177100e-02	1.573840e-02	6.144410e-02
558           	7.481760e-02	5.953950e-02	1.469570e-02	5.921990e-02
559           	7.210770e-02	5.812970e-02	1.381090e-02	5.675690e-02
560           	7.305100e-02	5.733730e-02	1.331480e-02	5.511110e-02
561           	7.351330e-02	5.632780e-02	1.286160e-02	5.399730e-02
562           	7.283080e-02	5.492460e-02	1.237220e-02	5.256020e-02
563           	7.172940e-02	5.354670e-02	1.215440e-02	5.099840e-02
564           	7.094840e-02	5.251930e-02	1.209360e-02	4.979890e-02
565           	7.102900e-02	5.269780e-02	1.224750e-02	5.021740e-02
566           	7.276320e-02	5.400920e-02	1.250780e-02	5.178690e-02
567           	7.688610e-02	5.605160e-02	1.284670e-02	5.415710e-02
568           	8.034370e-02	5.787540e-02	1.348170e-02	5.679330e-02
569           	8.401190e-02	5.901930e-02	1.417130e-02	5.925240e-02
570           	8.649840e-02	6.019070e-02	1.465130e-02	6.171960e-02
571           	8.560530e-02	6.168350e-02	1.496420e-02	6.398880e-02
572           	8.225360e-02	6.294920e-02	1.504970e-02	6.521260e-02
573           	8.075550e-02	6.401330e-02	1.493190e-02	6.530080e-02
574           	7.990640e-02	6.484950e-02	1.479640e-02	6.433540e-02
575           	8.010850e-02	6.629040e-02	1.471010e-02	6.268930e-02
576           	8.176750e-02	6.579300e-02	1.457420e-02	6.011440e-02
577           	8.225960e-02	6.460600e-02	1.443770e-02	5.824370e-02
578           	8.266100e-02	6.372000e-02	1.454520e-02	5.935150e-02
579           	8.315940e-02	6.085780e-02	1.440070e-02	5.983380e-02
580           	8.187660e-02	5.728690e-02	1.389600e-02	5.752540e-02
581           	8.081190e-02	5.431680e-02	1.327270e-02	5.485970e-02
582           	7.872100e-02	5.304820e-02	1.263480e-02	5.246110e-02
583           	7.700700e-02	5.289340e-02	1.199140e-02	5.018320e-02
584           	7.453530e-02	5.367030e-02	1.155940e-02	4.816550e-02
585           	7.472770e-02	5.449060e-02	1.139650e-02	4.758630e-02
586           	7.572250e-02	5.528420e-02	1.174400e-02	4.802490e-02
587           	7.859090e-02	5.548260e-02	1.214220e-02	4.971840e-02
588           	8.177780e-02	5.453050e-02	1.239690e-02	5.147810e-02
589           	8.187770e-02	5.385080e-02	1.238390e-02	5.233370e-02
590           	7.999980e-02	5.363530e-02	1.239850e-02	5.253720e-02
591           	7.901410e-02	5.262710e-02	1.214280e-02	5.232350e-02
592           	7.806000e-02	5.164680e-02	1.168760e-02	5.100670e-02
593           	7.521460e-02	4.984780e-02	1.119110e-02	4.838600e-02
594           	7.214120e-02	4.744930e-02	1.077490e-02	4.536760e-02
595           	6.955930e-02	4.547510e-02	1.031490e-02	4.348340e-02
596           	6.836510e-02	4.328030e-02	9.982510e-03	4.216410e-02
597           	6.954870e-02	4.120940e-02	9.761000e-03	4.148320e-02
598           	7.039900e-02	4.061390e-02	9.832750e-03	4.145020e-02
599           	7.070480e-02	4.112660e-02	1.006950e-02	4.241430e-02
600           	7.217090e-02	4.204270e-02	1.035750e-02	4.343910e-02
601           	7.302300e-02	4.349770e-02	1.071430e-02	4.463580e-02
602           	7.440440e-02	4.577120e-02	1.127560e-02	4.692900e-02
603           	7.425920e-02	4.849030e-02	1.193800e-02	5.068700e-02
604           	7.570500e-02	5.084680e-02	1.250740e-02	5.442590e-02
605           	7.792350e-02	5.292890e-02	1.295970e-02	5.769110e-02
606           	8.016010e-02	5.543360e-02	1.327970e-02	5.997830e-02
607           	8.163490e-02	5.803990e-02	1.369900e-02	6.139020e-02
608           	8.237270e-02	6.029370e-02	1.412610e-02	6.239650e-02
609           	8.385530e-02	6.243770e-02	1.458660e-02	6.350140e-02
610           	8.654880e-02	6.453000e-02	1.553400e-02	6.599700e-02
611           	8.970110e-02	6.604710e-02	1.689900e-02	6.925030e-02
612           	9.305700e-02	6.923910e-02	1.808650e-02	7.315220e-02
613           	9.785160e-02	7.131020e-02	1.880220e-02	7.332850e-02
614           	9.404530e-02	6.970840e-02	1.855740e-02	6.869070e-02
615           	8.753980e-02	6.659580e-02	1.755970e-02	6.435210e-02
616           	7.979110e-02	6.397370e-02	1.586560e-02	6.134040e-02
617           	7.591070e-02	5.970010e-02	1.410710e-02	5.656010e-02
618           	7.896290e-02	5.577110e-02	1.296730e-02	5.222630e-02
619           	8.319090e-02	5.397770e-02	1.249540e-02	4.980050e-02
620           	8.322720e-02	5.324120e-02	1.268130e-02	4.929330e-02
621           	8.255480e-02	5.233660e-02	1.258270e-02	4.946430e-02
622           	8.170960e-02	5.143270e-02	1.242610e-02	5.011850e-02
623           	8.071100e-02	5.088580e-02	1.193500e-02	4.971180e-02
624           	7.906150e-02	4.885540e-02	1.146750e-02	4.830160e-02
625           	7.614030e-02	4.722890e-02	1.109210e-02	4.735740e-02
626           	7.360910e-02	4.609590e-02	1.075900e-02	4.631250e-02
627           	7.465150e-02	4.525820e-02	1.063560e-02	4.526390e-02
628           	7.495170e-02	4.461940e-02	1.052160e-02	4.478910e-02
629           	7.464050e-02	4.424060e-02	1.069310e-02	4.567810e-02
630           	7.435710e-02	4.393720e-02	1.094600e-02	4.691520e-02
631           	7.525370e-02	4.387710e-02	1.131170e-02	4.934460e-02
632           	7.774990e-02	4.468680e-02	1.163750e-02	5.215440e-02
633           	7.990610e-02	4.626050e-02	1.198020e-02	5.364130e-02
634           	8.049770e-02	4.802830e-02	1.240110e-02	5.442510e-02
635           	8.055050e-02	4.973060e-02	1.266170e-02	5.532070e-02
636           	8.169520e-02	5.084660e-02	1.266890e-02	5.513320e-02
637           	8.182800e-02	5.166930e-02	1.261680e-02	5.438440e-02
638           	8.096580e-02	5.149790e-02	1.264280e-02	5.423360e-02
639           	7.869960e-02	5.082390e-02	1.274270e-02	5.289310e-02
640           	7.595590e-02	5.007800e-02	1.251870e-02	5.215410e-02
641           	7.550760e-02	4.926630e-02	1.251640e-02	5.202540e-02
642           	7.534200e-02	5.009160e-02	1.279800e-02	5.335660e-02
643           	7.580870e-02	5.376300e-02	1.334420e-02	5.604770e-02
644           	7.784970e-02	5.856430e-02	1.413060e-02	5.859950e-02
645           	8.221120e-02	6.280310e-02	1.479120e-02	6.065720e-02
646           	8.839170e-02	6.597400e-02	1.545770e-02	6.280470e-02
647           	8.936850e-02	6.823610e-02	1.596070e-02	6.475610e-02
648           	8.780180e-02	6.840570e-02	1.620220e-02	6.472710e-02
649           	8.732260e-02	6.621700e-02	1.616200e-02	6.271470e-02
650           	8.773770e-02	6.216920e-02	1.554440e-02	6.002830e-02
651           	8.664310e-02	5.764110e-02	1.474890e-02	5.584260e-02
652           	8.401710e-02	5.574720e-02	1.400120e-02	5.280490e-02
653           	8.483840e-02	5.625460e-02	1.375290e-02	5.258570e-02
654           	8.680170e-02	5.765190e-02	1.359680e-02	5.345160e-02
655           	8.705310e-02	5.752630e-02	1.348910e-02	5.412440e-02
656           	8.445320e-02	5.876080e-02	1.371440e-02	5.476230e-02
657           	8.190740e-02	6.074780e-02	1.387270e-02	5.506740e-02
658           	8.149010e-02	6.151510e-02	1.396700e-02	5.467150e-02
659           	8.133650e-02	6.090600e-02	1.400920e-02	5.425930e-02
660           	8.316990e-02	5.851860e-02	1.356820e-02	5.426710e-02
661           	8.321250e-02	5.505910e-02	1.291830e-02	5.402840e-02
662           	8.209230e-02	5.193050e-02	1.219020e-02	5.283070e-02
663           	7.994370e-02	4.988000e-02	1.155810e-02	5.071330e-02
664           	7.576780e-02	4.893060e-02	1.085000e-02	4.708080e-02
665           	7.225300e-02	4.824230e-02	1.047230e-02	4.386510e-02
666           	7.220340e-02	4.807830e-02	1.031150e-02	4.221140e-02
667           	7.302700e-02	4.845480e-02	1.031700e-02	4.183360e-02
668           	7.422900e-02	4.779050e-02	1.033180e-02	4.223150e-02
669           	7.453080e-02	4.654450e-02	1.007590e-02	4.176930e-02
670           	7.455740e-02	4.466130e-02	9.836650e-03	4.088710e-02
671           	7.356220e-02	4.309210e-02	9.670590e-03	4.053710e-02
672           	7.411400e-02	4.237930e-02	9.798760e-03	4.066860e-02
673           	7.493320e-02	4.280790e-02	1.011460e-02	4.120400e-02
674           	7.678700e-02	4.470860e-02	1.071000e-02	4.271320e-02
675           	7.850840e-02	4.859010e-02	1.186480e-02	4.679820e-02
676           	7.950710e-02	5.328450e-02	1.277050e-02	5.148650e-02
677           	8.202100e-02	5.781290e-02	1.380660e-02	5.655940e-02
678           	8.379200e-02	6.110940e-02	1.500960e-02	6.166400e-02
679           	8.799580e-02	6.523830e-02	1.625850e-02	6.706190e-02
680           	9.053290e-02	6.901590e-02	1.736310e-02	7.257200e-02
681           	9.090380e-02	7.238830e-02	1.800830e-02	7.579180e-02
682           	9.159600e-02	7.625000e-02	1.856160e-02	7.571700e-02
683           	9.281220e-02	7.947800e-02	1.941380e-02	7.618360e-02
684           	9.614000e-02	8.086620e-02	2.001130e-02	7.628740e-02
685           	9.644470e-02	7.713970e-02	1.989800e-02	7.208630e-02
686           	9.024510e-02	6.869200e-02	1.901660e-02	6.692560e-02
687           	8.170960e-02	6.225620e-02	1.767480e-02	6.217140e-02
688           	7.553430e-02	5.772240e-02	1.590850e-02	5.855570e-02
689           	7.402160e-02	5.434870e-02	1.436930e-02	5.531200e-02
690           	7.466620e-02	5.256020e-02	1.304850e-02	5.268960e-02
691           	7.542080e-02	5.202550e-02	1.233010e-02	5.033770e-02
692           	7.663530e-02	5.232250e-02	1.195230e-02	4.842480e-02
693           	7.616970e-02	5.246970e-02	1.161590e-02	4.643900e-02
694           	7.755530e-02	5.274810e-02	1.159970e-02	4.565130e-02
695           	7.799490e-02	5.404240e-02	1.176470e-02	4.678120e-02
696           	7.836770e-02	5.516610e-02	1.211900e-02	4.831000e-02
697           	7.839920e-02	5.713240e-02	1.283410e-02	5.087220e-02
698           	7.739940e-02	6.019410e-02	1.369800e-02	5.512790e-02
699           	7.716060e-02	6.321600e-02	1.453250e-02	5.947150e-02
700           	7.971040e-02	6.601690e-02	1.539540e-02	6.368890e-02
701           	8.391620e-02	6.833370e-02	1.626650e-02	6.833580e-02
702           	8.771280e-02	6.961470e-02	1.703590e-02	7.222800e-02
703           	8.874930e-02	6.972750e-02	1.741270e-02	7.333920e-02
704           	8.877900e-02	7.045410e-02	1.748030e-02	7.227990e-02
705           	8.703610e-02	6.847730e-02	1.779400e-02	7.111420e-02
706           	8.408740e-02	6.857730e-02	1.792780e-02	7.010270e-02
707           	8.074740e-02	7.081610e-02	1.745790e-02	6.814760e-02
708           	7.661960e-02	7.390280e-02	1.704310e-02	6.541650e-02
709           	7.577560e-02	7.518890e-02	1.655130e-02	6.338110e-02
710           	7.802440e-02	7.378040e-02	1.562920e-02	6.150500e-02
711           	7.969840e-02	6.986720e-02	1.475690e-02	5.934230e-02
712           	8.148900e-02	6.451460e-02	1.400800e-02	5.702770e-02
713           	8.062890e-02	5.956430e-02	1.345880e-02	5.496760e-02
714           	7.795530e-02	5.566090e-02	1.299900e-02	5.318220e-02
715           	7.399490e-02	5.313230e-02	1.267350e-02	5.164920e-02
716           	7.121000e-02	5.209110e-02	1.245020e-02	5.072880e-02
717           	6.992970e-02	5.237320e-02	1.234030e-02	5.138040e-02
718           	6.880010e-02	5.295540e-02	1.212370e-02	5.297440e-02
719           	6.889970e-02	5.302640e-02	1.173230e-02	5.354720e-02
720           	6.902950e-02	5.245440e-02	1.128460e-02	5.249500e-02
721           	6.952760e-02	5.082080e-02	1.094010e-02	5.029970e-02
722           	6.984020e-02	4.951690e-02	1.069880e-02	4.733960e-02
723           	7.027480e-02	4.856150e-02	1.071690e-02	4.447570e-02
724           	7.046380e-02	4.881760e-02	1.091220e-02	4.262280e-02
725           	7.172390e-02	4.959890e-02	1.118990e-02	4.238010e-02
726           	7.484490e-02	5.020750e-02	1.138810e-02	4.347570e-02
727           	7.556060e-02	5.155680e-02	1.175760e-02	4.612280e-02
728           	7.564050e-02	5.245760e-02	1.209060e-02	4.873360e-02
729           	7.477230e-02	5.303250e-02	1.252230e-02	5.175360e-02
730           	7.631850e-02	5.359710e-02	1.277420e-02	5.420850e-02
731           	7.858530e-02	5.373010e-02	1.265410e-02	5.556190e-02
732           	7.990890e-02	5.332160e-02	1.222940e-02	5.567500e-02
733           	8.222510e-02	5.215080e-02	1.180360e-02	5.549440e-02
734           	8.428880e-02	5.083810e-02	1.140470e-02	5.381420e-02
735           	8.560480e-02	4.975670e-02	1.101740e-02	5.215350e-02
736           	8.570760e-02	4.890490e-02	1.088180e-02	5.009940e-02
737           	8.417040e-02	4.847270e-02	1.105200e-02	4.814970e-02
738           	8.276450e-02	4.899370e-02	1.122170e-02	4.800110e-02
739           	8.126370e-02	4.997760e-02	1.165280e-02	4.871410e-02
740           	8.031200e-02	5.145550e-02	1.220720e-02	5.084340e-02
741           	8.026190e-02	5.317400e-02	1.284450e-02	5.370790e-02
742           	8.209350e-02	5.486080e-02	1.341380e-02	5.711770e-02
743           	8.207480e-02	5.640900e-02	1.391980e-02	5.952590e-02
744           	8.342140e-02	5.849820e-02	1.436690e-02	6.092720e-02
745           	8.286040e-02	6.001220e-02	1.478680e-02	6.139680e-02
746           	8.307240e-02	6.159430e-02	1.517990e-02	6.225410e-02
747           	8.401580e-02	6.408700e-02	1.587230e-02	6.453280e-02
748           	8.579160e-02	6.824370e-02	1.667410e-02	6.755620e-02
749           	8.828550e-02	7.395870e-02	1.794010e-02	7.087400e-02
750           	9.267560e-02	8.117430e-02	1.913810e-02	7.427170e-02
751           	9.819100e-02	8.568470e-02	1.995130e-02	7.651290e-02
752           	1.019450e-01	8.453570e-02	2.024050e-02	7.565760e-02
753           	1.013020e-01	7.851200e-02	2.005630e-02	7.334120e-02
754           	9.651110e-02	7.131200e-02	1.927350e-02	6.924580e-02
755           	8.962570e-02	6.887860e-02	1.829970e-02	6.526680e-02
756           	8.444980e-02	6.799250e-02	1.729920e-02	6.259940e-02
757           	8.248580e-02	6.661120e-02	1.616680e-02	6.001020e-02
758           	8.125470e-02	6.374040e-02	1.492460e-02	5.822290e-02
759           	8.023900e-02	6.074660e-02	1.393050e-02	5.652000e-02
760           	8.137770e-02	5.727750e-02	1.356290e-02	5.470860e-02
761           	8.097490e-02	5.541510e-02	1.359270e-02	5.338980e-02
762           	7.998410e-02	5.523740e-02	1.358300e-02	5.320970e-02
763           	8.419120e-02	5.580880e-02	1.359710e-02	5.396490e-02
764           	8.658070e-02	5.606580e-02	1.356820e-02	5.484010e-02
765           	8.692970e-02	5.636200e-02	1.388250e-02	5.523150e-02
766           	8.559480e-02	5.607560e-02	1.415720e-02	5.539800e-02
767           	8.327790e-02	5.415960e-02	1.389010e-02	5.444900e-02
768           	8.089860e-02	5.299660e-02	1.341590e-02	5.334220e-02
769           	7.624440e-02	5.419390e-02	1.295940e-02	5.321720e-02
770           	7.134260e-02	5.530180e-02	1.228160e-02	5.247410e-02
771           	6.823100e-02	5.426000e-02	1.149070e-02	4.979270e-02
772           	6.755470e-02	5.128430e-02	1.103570e-02	4.638930e-02
773           	6.687210e-02	4.886570e-02	1.084460e-02	4.479350e-02
774           	6.724530e-02	4.756040e-02	1.071160e-02	4.341830e-02
775           	6.780090e-02	4.648200e-02	1.031490e-02	4.232070e-02
776           	6.761350e-02	4.586400e-02	9.885990e-03	4.160670e-02
777           	6.852360e-02	4.533560e-02	9.741200e-03	4.174580e-02
778           	6.962160e-02	4.517040e-02	9.796700e-03	4.252240e-02
779           	7.112120e-02	4.470260e-02	9.942720e-03	4.239220e-02
780           	7.360250e-02	4.396360e-02	9.926120e-03	4.191680e-02
781           	7.446770e-02	4.392040e-02	1.007080e-02	4.145880e-02
782           	7.383320e-02	4.428290e-02	1.011210e-02	4.105980e-02
783           	7.342910e-02	4.388170e-02	1.011060e-02	4.060520e-02
784           	7.355620e-02	4.321360e-02	1.020710e-02	4.072590e-02
785           	7.233770e-02	4.398110e-02	1.038200e-02	4.234790e-02
786           	7.300710e-02	4.514100e-02	1.072900e-02	4.453790e-02
787           	7.464750e-02	4.646880e-02	1.096400e-02	4.597210e-02
788           	7.732650e-02	4.861720e-02	1.121600e-02	4.749110e-02
789           	7.889840e-02	5.132600e-02	1.185220e-02	5.057540e-02
790           	7.961470e-02	5.443230e-02	1.271250e-02	5.433390e-02
791           	8.164320e-02	5.647190e-02	1.344500e-02	5.649510e-02
792           	8.244090e-02	5.788120e-02	1.407940e-02	5.774140e-02
793           	8.027910e-02	5.918150e-02	1.459490e-02	5.843490e-02
794           	7.821590e-02	5.894700e-02	1.525870e-02	5.956410e-02
795           	7.861110e-02	5.792190e-02	1.529010e-02	5.897020e-02
796           	7.907970e-02	5.622900e-02	1.477270e-02	5.510310e-02
797           	7.812500e-02	5.429560e-02	1.427480e-02	5.250830e-02
798           	7.797270e-02	5.436070e-02	1.374130e-02	5.176370e-02
799           	7.874750e-02	5.563480e-02	1.348550e-02	5.135680e-02
800           	8.449630e-02	5.727260e-02	1.374110e-02	5.149380e-02
801           	9.014560e-02	5.893090e-02	1.447040e-02	5.286800e-02
802           	9.342240e-02	6.007830e-02	1.506260e-02	5.540960e-02
803           	9.445490e-02	6.118680e-02	1.566620e-02	5.848990e-02
804           	9.282770e-02	6.394450e-02	1.634440e-02	6.183440e-02
805           	8.986700e-02	6.705530e-02	1.665330e-02	6.655190e-02
806           	8.883970e-02	6.890620e-02	1.691220e-02	6.865850e-02
807           	9.045220e-02	6.981410e-02	1.737750e-02	6.992000e-02
808           	9.002270e-02	6.937560e-02	1.778100e-02	7.101510e-02
809           	8.790060e-02	7.084670e-02	1.834060e-02	7.356610e-02
810           	8.586710e-02	7.398350e-02	1.843410e-02	7.435180e-02
811           	8.272220e-02	7.550410e-02	1.823920e-02	7.372700e-02
812           	8.183240e-02	7.568120e-02	1.822160e-02	7.240730e-02
813           	8.403340e-02	7.340190e-02	1.800000e-02	7.020100e-02
814           	8.322940e-02	6.851220e-02	1.718990e-02	6.765540e-02
815           	8.291900e-02	6.457670e-02	1.609340e-02	6.544050e-02
816           	8.361050e-02	6.181290e-02	1.512380e-02	6.274190e-02
817           	8.263580e-02	6.103920e-02	1.466860e-02	6.029030e-02
818           	8.075560e-02	6.168210e-02	1.483510e-02	5.983080e-02
819           	7.971010e-02	6.238370e-02	1.528730e-02	5.993190e-02
820           	7.976700e-02	6.298450e-02	1.576400e-02	6.076410e-02
821           	8.148420e-02	6.338320e-02	1.584220e-02	6.065350e-02
822           	8.311750e-02	6.393730e-02	1.582680e-02	6.015980e-02
823           	8.558550e-02	6.494540e-02	1.570750e-02	6.023910e-02
824           	8.641440e-02	6.429810e-02	1.571880e-02	6.022900e-02
825           	8.592800e-02	6.335560e-02	1.575560e-02	6.106540e-02
826           	8.695260e-02	6.222710e-02	1.502320e-02	6.138000e-02
827           	8.752230e-02	6.035010e-02	1.384020e-02	6.011110e-02
828           	8.540020e-02	5.868780e-02	1.317440e-02	5.877360e-02
829           	8.322030e-02	5.759570e-02	1.317500e-02	5.829120e-02
830           	7.989290e-02	5.730880e-02	1.317710e-02	5.703820e-02
831           	7.767010e-02	5.673040e-02	1.280460e-02	5.472640e-02
832           	7.578390e-02	5.616160e-02	1.211470e-02	5.186430e-02
833           	7.477080e-02	5.416150e-02	1.157520e-02	5.038290e-02
834           	7.388380e-02	5.115640e-02	1.130950e-02	5.022840e-02
835           	7.263700e-02	4.872220e-02	1.137330e-02	5.043230e-02
836           	7.190790e-02	4.677030e-02	1.106770e-02	4.957300e-02
837           	6.949510e-02	4.439360e-02	1.043870e-02	4.709970e-02
838           	6.856480e-02	4.178010e-02	9.670070e-03	4.426430e-02
839           	6.790570e-02	3.959880e-02	9.063060e-03	4.178540e-02
840           	6.643890e-02	3.792660e-02	8.627300e-03	3.915050e-02
841           	6.550210e-02	3.656620e-02	8.348090e-03	3.748760e-02
842           	6.473770e-02	3.511540e-02	8.138100e-03	3.633050e-02
843           	6.346380e-02	3.441040e-02	8.028570e-03	3.554790e-02
844           	6.309750e-02	3.420730e-02	8.081810e-03	3.519220e-02
845           	6.326900e-02	3.447350e-02	8.261530e-03	3.522070e-02
846           	6.361880e-02	3.498480e-02	8.466510e-03	3.535720e-02
847           	6.468720e-02	3.579190e-02	8.575560e-03	3.553380e-02
848           	6.539830e-02	3.628660e-02	8.677580e-03	3.590400e-02
849           	6.404760e-02	3.616970e-02	8.576910e-03	3.568620e-02
850           	6.167940e-02	3.582260e-02	8.511760e-03	3.513340e-02
851           	6.013470e-02	3.553430e-02	8.469980e-03	3.522330e-02
852           	5.971560e-02	3.556680e-02	8.527990e-03	3.571870e-02
853           	6.021940e-02	3.652150e-02	8.762450e-03	3.684120e-02
854           	6.137990e-02	3.810040e-02	9.046460e-03	3.867500e-02
855           	6.158140e-02	3.930920e-02	9.283680e-03	3.987570e-02
856           	6.328710e-02	4.027110e-02	9.652730e-03	4.071270e-02
857           	6.621550e-02	4.223000e-02	1.008470e-02	4.318280e-02
858           	6.960910e-02	4.408230e-02	1.044350e-02	4.569560e-02
859           	7.195260e-02	4.516440e-02	1.084040e-02	4.748220e-02
860           	7.301910e-02	4.605280e-02	1.139360e-02	4.935040e-02
861           	7.608710e-02	4.741000e-02	1.211850e-02	5.147700e-02
862           	8.133880e-02	4.995360e-02	1.313710e-02	5.492940e-02
863           	8.710070e-02	5.438420e-02	1.441070e-02	5.961400e-02
864           	9.270290e-02	5.995320e-02	1.587740e-02	6.599160e-02
865           	9.833120e-02	6.640720e-02	1.733120e-02	7.189550e-02
866           	1.010000e-01	7.204230e-02	1.833180e-02	7.679130e-02
867           	1.004120e-01	7.756470e-02	1.915670e-02	7.964760e-02
868           	1.028820e-01	8.111770e-02	1.986040e-02	7.882320e-02
869           	1.091140e-01	8.279490e-02	2.037560e-02	7.822090e-02
870           	1.099670e-01	8.023020e-02	2.015310e-02	7.574660e-02
871           	1.026640e-01	7.364210e-02	1.941070e-02	7.106290e-02
872           	9.274940e-02	6.862970e-02	1.834640e-02	6.751570e-02
873           	8.737710e-02	6.585150e-02	1.716020e-02	6.505310e-02
874           	8.352090e-02	6.306420e-02	1.615290e-02	6.065710e-02
875           	8.138820e-02	5.910000e-02	1.500840e-02	5.730190e-02
876           	8.009120e-02	5.559420e-02	1.397870e-02	5.513400e-02
877           	8.134200e-02	5.231740e-02	1.339750e-02	5.301600e-02
878           	8.166690e-02	5.156960e-02	1.309070e-02	5.187640e-02
879           	7.872870e-02	5.193530e-02	1.251220e-02	5.143610e-02
880           	7.579980e-02	5.048040e-02	1.196380e-02	4.928250e-02
881           	7.349650e-02	4.924250e-02	1.152770e-02	4.715490e-02
882           	7.037880e-02	4.766690e-02	1.123460e-02	4.603160e-02
883           	6.769780e-02	4.593430e-02	1.072330e-02	4.505460e-02
884           	6.497500e-02	4.424380e-02	1.017530e-02	4.367220e-02
885           	6.410140e-02	4.290670e-02	9.946890e-03	4.205180e-02
886           	6.520920e-02	4.197110e-02	9.895650e-03	4.119020e-02
887           	6.658040e-02	4.105080e-02	1.003200e-02	4.087640e-02
888           	6.755480e-02	4.070690e-02	1.018820e-02	4.094200e-02
889           	6.863010e-02	4.023280e-02	1.026690e-02	4.124680e-02
890           	6.906140e-02	4.081320e-02	1.052570e-02	4.339300e-02
891           	7.051340e-02	4.210710e-02	1.098550e-02	4.585320e-02
892           	7.376030e-02	4.429920e-02	1.147330e-02	4.863540e-02
893           	7.715040e-02	4.682060e-02	1.184770e-02	5.083610e-02
894           	7.989300e-02	4.963590e-02	1.220390e-02	5.319740e-02
895           	8.089600e-02	5.374440e-02	1.295580e-02	5.638370e-02
896           	8.219290e-02	5.846170e-02	1.379800e-02	5.912130e-02
897           	8.290180e-02	6.205800e-02	1.451100e-02	6.173610e-02
898           	8.260830e-02	6.660060e-02	1.510140e-02	6.503690e-02
899           	8.241860e-02	7.022370e-02	1.586090e-02	6.732420e-02
900           	8.177170e-02	7.196310e-02	1.658510e-02	6.976850e-02
901           	8.216490e-02	7.274130e-02	1.727170e-02	7.302380e-02
902           	8.389950e-02	7.273160e-02	1.756260e-02	7.576790e-02
903           	8.483000e-02	7.193310e-02	1.726980e-02	7.567420e-02
904           	8.710520e-02	6.925670e-02	1.703110e-02	7.182920e-02
905           	8.582010e-02	7.069860e-02	1.723230e-02	7.051260e-02
906           	8.412100e-02	7.410010e-02	1.774690e-02	7.130160e-02
907           	8.243500e-02	7.642200e-02	1.785820e-02	7.168830e-02
908           	8.544140e-02	7.553800e-02	1.759020e-02	6.927490e-02
909           	8.366520e-02	7.051660e-02	1.678980e-02	6.513750e-02
910           	7.814980e-02	6.266870e-02	1.537130e-02	6.001980e-02
911           	7.441290e-02	5.684860e-02	1.376490e-02	5.555010e-02
912           	7.155220e-02	5.294460e-02	1.238290e-02	5.175280e-02
913           	7.114480e-02	5.004280e-02	1.137550e-02	4.805060e-02
914           	7.129900e-02	4.799510e-02	1.062910e-02	4.546620e-02
915           	7.107800e-02	4.612560e-02	1.035090e-02	4.446850e-02
916           	7.250910e-02	4.444540e-02	1.025320e-02	4.451810e-02
917           	7.355050e-02	4.298300e-02	1.039860e-02	4.470350e-02
918           	7.174750e-02	4.208350e-02	1.051570e-02	4.457560e-02
919           	7.035780e-02	4.185870e-02	1.076630e-02	4.454250e-02
920           	6.964820e-02	4.227840e-02	1.099860e-02	4.510210e-02
921           	6.957870e-02	4.347880e-02	1.139130e-02	4.649960e-02
922           	7.158690e-02	4.542430e-02	1.180720e-02	4.834970e-02
923           	7.250360e-02	4.810740e-02	1.220530e-02	5.008820e-02
924           	7.389190e-02	5.172090e-02	1.289880e-02	5.261750e-02
925           	7.589990e-02	5.619080e-02	1.364250e-02	5.603480e-02
926           	7.892390e-02	6.081100e-02	1.431940e-02	5.929950e-02
927           	8.172910e-02	6.480960e-02	1.496490e-02	6.172020e-02
928           	8.490040e-02	6.828450e-02	1.540890e-02	6.392550e-02
929           	8.711840e-02	7.015470e-02	1.620070e-02	6.646990e-02
930           	8.808110e-02	7.103460e-02	1.682390e-02	6.828010e-02
931           	8.837800e-02	7.107340e-02	1.686660e-02	6.858350e-02
932           	8.817480e-02	6.970330e-02	1.662080e-02	6.750910e-02
933           	9.042490e-02	6.594520e-02	1.593220e-02	6.577160e-02
934           	9.293850e-02	6.126240e-02	1.516980e-02	6.291540e-02
935           	9.416770e-02	5.992600e-02	1.473490e-02	6.162370e-02
936           	9.222530e-02	6.193940e-02	1.482630e-02	6.117970e-02
937           	8.950780e-02	6.581510e-02	1.512230e-02	6.127440e-02
938           	8.736990e-02	6.902250e-02	1.546600e-02	6.244620e-02
939           	8.784240e-02	7.153920e-02	1.579520e-02	6.410520e-02
940           	8.854540e-02	7.080680e-02	1.572930e-02	6.415430e-02
941           	8.772300e-02	6.740530e-02	1.502100e-02	6.263520e-02
942           	8.533340e-02	6.309370e-02	1.401490e-02	6.064040e-02
943           	8.344650e-02	5.930370e-02	1.313250e-02	5.769420e-02
944           	8.128780e-02	5.743380e-02	1.260510e-02	5.500150e-02
945           	8.031500e-02	5.613910e-02	1.239060e-02	5.208250e-02
946           	7.952060e-02	5.508700e-02	1.225170e-02	5.025530e-02
947           	7.921670e-02	5.370780e-02	1.212410e-02	4.996270e-02
948           	8.168340e-02	5.131440e-02	1.192740e-02	4.918590e-02
949           	8.397720e-02	4.936960e-02	1.174270e-02	4.732710e-02
950           	8.640110e-02	4.904570e-02	1.145500e-02	4.571760e-02
951           	8.633990e-02	4.785240e-02	1.120190e-02	4.385080e-02
952           	8.355000e-02	4.611240e-02	1.086140e-02	4.231680e-02
953           	7.886440e-02	4.389560e-02	1.038570e-02	4.030110e-02
954           	7.438950e-02	4.269950e-02	9.932370e-03	3.921230e-02
955           	7.110480e-02	4.189760e-02	9.442860e-03	3.844950e-02
956           	6.809900e-02	4.170780e-02	9.153700e-03	3.789090e-02
957           	6.516620e-02	4.173120e-02	9.053260e-03	3.753520e-02
958           	6.425970e-02	4.222150e-02	9.097020e-03	3.812580e-02
959           	6.409600e-02	4.344850e-02	9.500330e-03	3.989260e-02
960           	6.442380e-02	4.486990e-02	1.002240e-02	4.184600e-02
961           	6.596320e-02	4.650950e-02	1.052490e-02	4.474590e-02
962           	6.780340e-02	4.786330e-02	1.100210e-02	4.749260e-02
963           	7.008190e-02	4.950330e-02	1.144030e-02	4.959310e-02
964           	7.259500e-02	5.085450e-02	1.175120e-02	5.124750e-02
965           	7.434350e-02	5.242830e-02	1.188850e-02	5.322580e-02
966           	7.668240e-02	5.449880e-02	1.231640e-02	5.523160e-02
967           	7.922180e-02	5.765630e-02	1.305100e-02	5.811700e-02
968           	8.112730e-02	6.150110e-02	1.392680e-02	6.051680e-02
969           	8.424220e-02	6.515480e-02	1.505890e-02	6.292660e-02
970           	8.841180e-02	6.724530e-02	1.612670e-02	6.460250e-02
971           	8.878940e-02	6.710750e-02	1.637810e-02	6.404040e-02
972           	8.752120e-02	6.459220e-02	1.594870e-02	6.164050e-02
973           	8.597990e-02	6.246780e-02	1.534510e-02	5.891060e-02
974           	8.493120e-02	6.160470e-02	1.515150e-02	5.942600e-02
975           	8.409430e-02	6.059840e-02	1.537560e-02	5.999090e-02
976           	8.465280e-02	6.003020e-02	1.562600e-02	6.020390e-02
977           	8.758160e-02	6.004820e-02	1.573300e-02	6.002080e-02
978           	8.963570e-02	6.113870e-02	1.593290e-02	6.039940e-02
979           	9.255260e-02	6.264020e-02	1.581440e-02	6.025950e-02
980           	9.276450e-02	6.446710e-02	1.573940e-02	6.057970e-02
981           	9.057790e-02	6.707950e-02	1.592900e-02	6.244790e-02
982           	8.935260e-02	6.855580e-02	1.614640e-02	6.487170e-02
983           	9.132400e-02	6.898300e-02	1.678850e-02	6.796270e-02
984           	9.038190e-02	6.870030e-02	1.753680e-02	7.159970e-02
985           	9.167000e-02	6.895260e-02	1.861110e-02	7.518470e-02
986           	9.125740e-02	7.040690e-02	1.957920e-02	7.604200e-02
987           	8.915530e-02	7.195340e-02	1.991600e-02	7.261410e-02
988           	8.478320e-02	7.208510e-02	1.952450e-02	6.811420e-02
989           	8.075080e-02	7.134670e-02	1.848580e-02	6.404430e-02
990           	7.809830e-02	6.996940e-02	1.713900e-02	6.177130e-02
991           	7.879590e-02	6.806260e-02	1.600960e-02	6.077750e-02
992           	7.964600e-02	6.514290e-02	1.475850e-02	5.894520e-02
993           	8.045800e-02	6.084260e-02	1.363860e-02	5.634920e-02
994           	7.876080e-02	5.476020e-02	1.277630e-02	5.332240e-02
995           	7.672660e-02	4.987420e-02	1.220300e-02	5.018180e-02
996           	7.535530e-02	4.775760e-02	1.188210e-02	4.810660e-02
997           	7.558500e-02	4.742510e-02	1.155350e-02	4.663200e-02
998           	7.652060e-02	4.761750e-02	1.147070e-02	4.506040e-02
999           	7.580880e-02	4.760670e-02	1.143500e-02	4.452010e-02
1000          	7.454530e-02	4.693210e-02	1.132260e-02	4.508770e-02
