# Residuals   
# Time        	p             	Ux            	Uy            	Uz            
1             	1.000000e+00	4.325670e-01	1.000000e+00	3.871190e-01
2             	3.943500e-01	5.997300e-01	2.569720e-01	5.956980e-01
3             	4.529000e-02	4.872440e-01	1.560890e-01	4.598610e-01
4             	5.529840e-02	3.318250e-01	1.020630e-01	2.987990e-01
5             	8.815190e-02	2.575430e-01	7.834330e-02	2.383920e-01
6             	1.229130e-01	2.166840e-01	6.317860e-02	2.080520e-01
7             	1.345250e-01	1.830700e-01	5.426740e-02	1.757900e-01
8             	1.213260e-01	1.527660e-01	4.836140e-02	1.466190e-01
9             	1.074010e-01	1.277970e-01	4.251700e-02	1.170590e-01
10            	8.105320e-02	1.184230e-01	3.614190e-02	1.060940e-01
11            	6.435950e-02	1.092560e-01	3.044010e-02	1.011960e-01
12            	5.811600e-02	9.653990e-02	2.582530e-02	9.145120e-02
13            	5.644590e-02	8.228670e-02	2.260270e-02	7.923870e-02
14            	5.703610e-02	7.179060e-02	2.040750e-02	6.968960e-02
15            	6.204610e-02	6.510420e-02	1.886560e-02	6.338760e-02
16            	6.586870e-02	6.081800e-02	1.723010e-02	5.780780e-02
17            	6.889810e-02	5.732570e-02	1.569400e-02	5.340720e-02
18            	7.023240e-02	5.405170e-02	1.410160e-02	5.054340e-02
19            	7.138350e-02	5.123190e-02	1.248440e-02	4.832240e-02
20            	7.098720e-02	4.875360e-02	1.108350e-02	4.622470e-02
21            	6.998110e-02	4.650220e-02	1.026480e-02	4.430830e-02
22            	6.934740e-02	4.453640e-02	9.673900e-03	4.284970e-02
23            	7.110490e-02	4.325740e-02	9.420950e-03	4.235640e-02
24            	7.464770e-02	4.246370e-02	9.242050e-03	4.196110e-02
25            	7.687510e-02	4.181480e-02	9.043700e-03	4.131800e-02
26            	7.818440e-02	4.035660e-02	8.612430e-03	3.983910e-02
27            	7.836980e-02	3.891010e-02	8.335660e-03	3.832420e-02
28            	7.831390e-02	3.817000e-02	8.321680e-03	3.786430e-02
29            	7.641620e-02	3.729940e-02	8.234990e-03	3.730730e-02
30            	7.429340e-02	3.666560e-02	8.117210e-03	3.661500e-02
31            	7.229720e-02	3.587900e-02	7.929660e-03	3.604530e-02
32            	7.035130e-02	3.453850e-02	7.595120e-03	3.500470e-02
33            	6.859510e-02	3.296570e-02	7.250390e-03	3.359190e-02
34            	6.743650e-02	3.171780e-02	6.943660e-03	3.209280e-02
35            	6.626140e-02	3.137500e-02	6.735730e-03	3.136660e-02
36            	6.305150e-02	3.082960e-02	6.580870e-03	3.052510e-02
37            	5.949820e-02	3.050130e-02	6.400950e-03	2.955550e-02
38            	5.795350e-02	3.010560e-02	6.215120e-03	2.859410e-02
39            	5.831200e-02	3.032610e-02	6.160620e-03	2.883530e-02
40            	5.892110e-02	3.101570e-02	6.449520e-03	2.995400e-02
41            	5.910830e-02	3.253480e-02	6.959200e-03	3.147780e-02
42            	5.933670e-02	3.497210e-02	7.634800e-03	3.338040e-02
43            	6.088870e-02	3.750190e-02	8.223280e-03	3.541330e-02
44            	6.433630e-02	4.016840e-02	8.746890e-03	3.767440e-02
45            	6.825720e-02	4.222160e-02	9.345970e-03	3.990070e-02
46            	6.849410e-02	4.393250e-02	9.820180e-03	4.204290e-02
47            	6.999700e-02	4.383930e-02	9.901700e-03	4.225190e-02
48            	7.292310e-02	4.329790e-02	9.628320e-03	4.153320e-02
49            	7.487530e-02	4.244810e-02	9.383980e-03	4.085600e-02
50            	7.513490e-02	4.126370e-02	9.373970e-03	4.010440e-02
51            	7.438150e-02	4.145320e-02	9.633070e-03	4.013140e-02
52            	7.438080e-02	4.191430e-02	9.834650e-03	4.054630e-02
53            	7.453720e-02	4.222270e-02	9.848860e-03	4.127060e-02
54            	7.495020e-02	4.320040e-02	1.011200e-02	4.302190e-02
55            	7.496010e-02	4.453100e-02	1.059270e-02	4.628880e-02
56            	7.582360e-02	4.705300e-02	1.120190e-02	4.958100e-02
57            	7.761440e-02	5.180300e-02	1.218650e-02	5.374900e-02
58            	8.101510e-02	5.636700e-02	1.310510e-02	5.690340e-02
59            	8.306850e-02	6.069730e-02	1.432560e-02	6.087430e-02
60            	8.426440e-02	6.494890e-02	1.533870e-02	6.470960e-02
61            	8.850500e-02	6.879510e-02	1.625120e-02	6.824100e-02
62            	8.982340e-02	7.043370e-02	1.679290e-02	6.998960e-02
63            	9.079210e-02	6.913470e-02	1.683520e-02	6.780900e-02
64            	8.888840e-02	6.413640e-02	1.637180e-02	6.354370e-02
65            	8.421900e-02	5.874460e-02	1.506630e-02	5.894320e-02
66            	7.821400e-02	5.424440e-02	1.360150e-02	5.541990e-02
67            	7.629210e-02	5.172000e-02	1.257950e-02	5.277960e-02
68            	7.524420e-02	5.045460e-02	1.186520e-02	4.988080e-02
69            	7.488390e-02	4.909910e-02	1.138190e-02	4.736830e-02
70            	7.572520e-02	4.771890e-02	1.081570e-02	4.557300e-02
71            	7.499300e-02	4.640960e-02	1.029050e-02	4.393630e-02
72            	7.378750e-02	4.513740e-02	1.018470e-02	4.296310e-02
73            	7.598770e-02	4.451270e-02	1.049310e-02	4.290770e-02
74            	7.728400e-02	4.501260e-02	1.104190e-02	4.345870e-02
75            	7.762740e-02	4.627690e-02	1.137930e-02	4.416900e-02
76            	7.654870e-02	4.691710e-02	1.137440e-02	4.442120e-02
77            	7.707900e-02	4.714020e-02	1.134380e-02	4.505570e-02
78            	7.584510e-02	4.727740e-02	1.135410e-02	4.601580e-02
79            	7.507680e-02	4.693960e-02	1.137900e-02	4.658910e-02
80            	7.599970e-02	4.613740e-02	1.136400e-02	4.664390e-02
81            	7.791100e-02	4.758690e-02	1.170440e-02	4.714320e-02
82            	8.073340e-02	5.096930e-02	1.236040e-02	4.849680e-02
83            	8.121340e-02	5.457160e-02	1.309700e-02	5.071080e-02
84            	8.366260e-02	5.808180e-02	1.372140e-02	5.379100e-02
85            	8.452920e-02	6.287970e-02	1.453850e-02	5.752560e-02
86            	8.583580e-02	6.633950e-02	1.524380e-02	6.109770e-02
87            	8.789050e-02	6.650850e-02	1.577960e-02	6.326770e-02
88            	8.937960e-02	6.555460e-02	1.613420e-02	6.488240e-02
89            	8.883620e-02	6.219240e-02	1.606550e-02	6.448800e-02
90            	8.570710e-02	5.773050e-02	1.546140e-02	6.146700e-02
91            	8.201730e-02	5.534370e-02	1.493820e-02	5.894390e-02
92            	7.913030e-02	5.533150e-02	1.451420e-02	5.675220e-02
93            	7.733670e-02	5.535740e-02	1.376090e-02	5.478360e-02
94            	7.648450e-02	5.503740e-02	1.308540e-02	5.309150e-02
95            	7.763840e-02	5.442760e-02	1.255810e-02	5.209560e-02
96            	7.811780e-02	5.359820e-02	1.225540e-02	5.074460e-02
97            	7.918170e-02	5.287680e-02	1.201900e-02	4.859360e-02
98            	8.011790e-02	5.148320e-02	1.166100e-02	4.621310e-02
99            	7.935680e-02	5.019830e-02	1.157710e-02	4.478380e-02
100           	7.874210e-02	4.967890e-02	1.164330e-02	4.457180e-02
101           	7.880100e-02	5.095790e-02	1.181840e-02	4.647900e-02
102           	7.726480e-02	5.286290e-02	1.196350e-02	4.854050e-02
103           	7.677990e-02	5.352870e-02	1.197880e-02	5.005640e-02
104           	7.617760e-02	5.375570e-02	1.190920e-02	5.072810e-02
105           	7.726910e-02	5.572060e-02	1.222290e-02	5.136630e-02
106           	7.692120e-02	5.794520e-02	1.248470e-02	5.185850e-02
107           	7.615030e-02	5.962150e-02	1.279680e-02	5.255370e-02
108           	8.085550e-02	5.927780e-02	1.316300e-02	5.257150e-02
109           	8.243350e-02	5.698100e-02	1.306560e-02	5.155610e-02
110           	8.304990e-02	5.363320e-02	1.293420e-02	5.006410e-02
111           	8.358130e-02	5.323180e-02	1.288740e-02	5.073000e-02
112           	8.460860e-02	5.671410e-02	1.313400e-02	5.336790e-02
113           	8.500760e-02	6.107870e-02	1.339770e-02	5.626180e-02
114           	8.721790e-02	6.471490e-02	1.360140e-02	5.847280e-02
115           	8.756620e-02	6.783680e-02	1.401050e-02	5.921490e-02
116           	8.545330e-02	7.033490e-02	1.473890e-02	6.121180e-02
117           	8.368150e-02	7.250390e-02	1.561500e-02	6.351360e-02
118           	8.398860e-02	7.433500e-02	1.691910e-02	6.671650e-02
119           	8.933200e-02	7.409380e-02	1.828330e-02	6.882530e-02
120           	9.573460e-02	7.277260e-02	1.888160e-02	7.077420e-02
121           	1.000650e-01	7.004070e-02	1.834580e-02	6.931930e-02
122           	9.721940e-02	6.291280e-02	1.666190e-02	6.375430e-02
123           	8.913420e-02	5.814690e-02	1.513700e-02	5.837090e-02
124           	8.338030e-02	5.766870e-02	1.421080e-02	5.548710e-02
125           	8.201820e-02	5.963270e-02	1.413720e-02	5.445960e-02
126           	8.124210e-02	6.167100e-02	1.406520e-02	5.433430e-02
127           	8.087440e-02	6.350380e-02	1.423210e-02	5.532700e-02
128           	8.074550e-02	6.616190e-02	1.425860e-02	5.679630e-02
129           	8.185680e-02	6.834950e-02	1.426370e-02	5.744220e-02
130           	8.368660e-02	6.765850e-02	1.420370e-02	5.647890e-02
131           	8.464850e-02	6.534860e-02	1.387300e-02	5.557080e-02
132           	8.343300e-02	6.199480e-02	1.364190e-02	5.526000e-02
133           	8.152480e-02	6.038650e-02	1.370780e-02	5.667120e-02
134           	8.045460e-02	6.049570e-02	1.392300e-02	5.784810e-02
135           	7.942960e-02	6.198710e-02	1.419250e-02	5.853850e-02
136           	8.079640e-02	6.310680e-02	1.436240e-02	5.796430e-02
137           	8.058190e-02	6.307770e-02	1.468320e-02	5.779870e-02
138           	7.730470e-02	6.314190e-02	1.475290e-02	5.789980e-02
139           	7.639240e-02	6.233410e-02	1.466090e-02	5.775270e-02
140           	7.759420e-02	6.035840e-02	1.446220e-02	5.781450e-02
141           	7.908700e-02	5.818480e-02	1.405120e-02	5.637050e-02
142           	7.955780e-02	5.554070e-02	1.358720e-02	5.465710e-02
143           	7.801450e-02	5.308530e-02	1.315420e-02	5.301140e-02
144           	7.630400e-02	5.173120e-02	1.276660e-02	5.146890e-02
145           	7.817800e-02	5.027370e-02	1.247300e-02	4.954020e-02
146           	8.111240e-02	4.933300e-02	1.212360e-02	4.813170e-02
147           	8.375790e-02	4.976410e-02	1.182710e-02	4.829750e-02
148           	8.659650e-02	5.175810e-02	1.176440e-02	4.901570e-02
149           	8.783100e-02	5.402670e-02	1.186430e-02	4.902780e-02
150           	8.874150e-02	5.578040e-02	1.197850e-02	4.869300e-02
151           	8.659230e-02	5.623250e-02	1.193440e-02	4.890570e-02
152           	8.631100e-02	5.611550e-02	1.190720e-02	4.939580e-02
153           	8.596800e-02	5.521180e-02	1.180850e-02	4.915950e-02
154           	8.520290e-02	5.348700e-02	1.154620e-02	4.859750e-02
155           	8.282290e-02	5.274020e-02	1.136690e-02	4.814850e-02
156           	8.100550e-02	5.439700e-02	1.139800e-02	4.834340e-02
157           	8.153840e-02	5.598560e-02	1.174330e-02	4.901450e-02
158           	8.224150e-02	5.919080e-02	1.270320e-02	5.198040e-02
159           	8.251680e-02	6.277330e-02	1.369460e-02	5.514360e-02
160           	8.478490e-02	6.566480e-02	1.467860e-02	5.830350e-02
161           	8.638320e-02	6.603110e-02	1.493250e-02	6.022040e-02
162           	8.679110e-02	6.261950e-02	1.455760e-02	5.731090e-02
163           	8.627890e-02	5.882230e-02	1.390800e-02	5.429910e-02
164           	8.507680e-02	5.563240e-02	1.350680e-02	5.206570e-02
165           	8.256110e-02	5.357340e-02	1.312150e-02	5.049470e-02
166           	7.970090e-02	5.254560e-02	1.295130e-02	4.956610e-02
167           	8.012240e-02	5.410410e-02	1.363590e-02	5.150900e-02
168           	8.376430e-02	5.611820e-02	1.449320e-02	5.394050e-02
169           	8.402250e-02	5.919500e-02	1.502810e-02	5.757050e-02
170           	8.472020e-02	6.169330e-02	1.562080e-02	6.117650e-02
171           	8.598740e-02	6.478140e-02	1.604110e-02	6.476170e-02
172           	8.762290e-02	6.761740e-02	1.653660e-02	6.825750e-02
173           	9.093710e-02	7.095390e-02	1.738370e-02	7.297260e-02
174           	9.318280e-02	7.400460e-02	1.834790e-02	7.729210e-02
175           	9.435690e-02	7.651880e-02	1.943020e-02	8.026560e-02
176           	9.895620e-02	7.803500e-02	2.010710e-02	8.152740e-02
177           	1.000160e-01	7.718830e-02	2.100900e-02	7.890430e-02
178           	9.465030e-02	7.867480e-02	2.174820e-02	7.557220e-02
179           	8.567820e-02	7.839370e-02	2.136060e-02	7.171410e-02
180           	7.982030e-02	7.475920e-02	1.996950e-02	6.721840e-02
181           	7.838630e-02	6.844140e-02	1.808750e-02	6.289990e-02
182           	7.972660e-02	6.345330e-02	1.637460e-02	6.090890e-02
183           	7.898730e-02	5.997970e-02	1.493220e-02	5.762960e-02
184           	7.780460e-02	5.789810e-02	1.414700e-02	5.505900e-02
185           	7.676880e-02	5.668490e-02	1.384920e-02	5.421290e-02
186           	7.745860e-02	5.631060e-02	1.401690e-02	5.508090e-02
187           	7.854630e-02	5.828940e-02	1.428390e-02	5.806030e-02
188           	8.149170e-02	6.180710e-02	1.474980e-02	6.120510e-02
189           	8.367050e-02	6.435680e-02	1.518900e-02	6.454380e-02
190           	8.660370e-02	6.669670e-02	1.572610e-02	6.744590e-02
191           	9.040700e-02	6.825610e-02	1.589220e-02	6.840870e-02
192           	9.360110e-02	6.738120e-02	1.559780e-02	6.628180e-02
193           	9.600760e-02	6.438290e-02	1.504110e-02	6.255120e-02
194           	9.474670e-02	6.014610e-02	1.443850e-02	5.934150e-02
195           	9.247620e-02	5.607170e-02	1.386990e-02	5.630270e-02
196           	9.033830e-02	5.265530e-02	1.327140e-02	5.338980e-02
197           	8.553730e-02	5.085600e-02	1.262150e-02	5.213000e-02
198           	8.179290e-02	4.900100e-02	1.222850e-02	5.079390e-02
199           	7.860870e-02	4.812450e-02	1.243110e-02	5.055750e-02
200           	7.627920e-02	4.847280e-02	1.258690e-02	5.082620e-02
201           	7.665430e-02	4.935040e-02	1.264130e-02	5.105130e-02
202           	7.762700e-02	5.128980e-02	1.281120e-02	5.164320e-02
203           	7.766630e-02	5.377050e-02	1.302620e-02	5.177500e-02
204           	7.609270e-02	5.572010e-02	1.332410e-02	5.206650e-02
205           	7.512330e-02	5.673020e-02	1.352000e-02	5.214900e-02
206           	7.548140e-02	5.814260e-02	1.373760e-02	5.283730e-02
207           	7.779550e-02	5.930380e-02	1.401000e-02	5.386930e-02
208           	7.970460e-02	5.979310e-02	1.432680e-02	5.560090e-02
209           	8.185540e-02	6.088210e-02	1.498590e-02	5.823840e-02
210           	8.434540e-02	6.256920e-02	1.543810e-02	6.085710e-02
211           	8.623630e-02	6.505830e-02	1.587740e-02	6.339370e-02
212           	8.787330e-02	6.711120e-02	1.660770e-02	6.602580e-02
213           	8.724330e-02	6.956490e-02	1.724830e-02	6.739740e-02
214           	8.613310e-02	7.091590e-02	1.725130e-02	6.847270e-02
215           	8.648520e-02	7.112890e-02	1.713000e-02	6.809320e-02
216           	8.512060e-02	7.018510e-02	1.706420e-02	6.805240e-02
217           	8.298160e-02	6.976540e-02	1.733690e-02	6.834170e-02
218           	8.262030e-02	6.990690e-02	1.757620e-02	6.966690e-02
219           	8.534780e-02	7.041110e-02	1.826420e-02	7.163800e-02
220           	8.587050e-02	7.053590e-02	1.860150e-02	7.235790e-02
221           	8.616790e-02	7.116900e-02	1.858920e-02	7.198570e-02
222           	8.676320e-02	7.176840e-02	1.854810e-02	7.048830e-02
223           	8.914800e-02	6.998050e-02	1.818070e-02	6.758430e-02
224           	8.904820e-02	6.654110e-02	1.699790e-02	6.394110e-02
225           	8.677400e-02	6.234850e-02	1.566280e-02	6.057600e-02
226           	8.312600e-02	5.669400e-02	1.401790e-02	5.583210e-02
227           	8.173900e-02	5.210930e-02	1.263470e-02	5.226040e-02
228           	7.909820e-02	4.811730e-02	1.164750e-02	4.892820e-02
229           	7.584940e-02	4.543660e-02	1.087760e-02	4.602480e-02
230           	7.299870e-02	4.323730e-02	1.032760e-02	4.320620e-02
231           	7.025000e-02	4.152660e-02	9.899070e-03	4.111500e-02
232           	6.824520e-02	4.085780e-02	9.784610e-03	4.068650e-02
233           	6.803760e-02	4.079370e-02	9.914440e-03	4.135510e-02
234           	6.948100e-02	4.148830e-02	1.040900e-02	4.308690e-02
235           	7.045350e-02	4.292370e-02	1.107450e-02	4.521520e-02
236           	7.279660e-02	4.510200e-02	1.179340e-02	4.742390e-02
237           	7.702450e-02	4.880110e-02	1.282820e-02	5.043080e-02
238           	8.218640e-02	5.412260e-02	1.405350e-02	5.406630e-02
239           	8.748050e-02	6.135570e-02	1.548980e-02	5.934160e-02
240           	9.115770e-02	6.900040e-02	1.732430e-02	6.656660e-02
241           	9.197910e-02	7.729360e-02	1.938520e-02	7.457800e-02
242           	9.373480e-02	8.382620e-02	2.111420e-02	8.116970e-02
243           	9.391360e-02	8.863490e-02	2.280560e-02	8.711750e-02
244           	9.382560e-02	9.202620e-02	2.450090e-02	9.397550e-02
245           	9.399420e-02	9.175760e-02	2.488070e-02	9.734910e-02
246           	9.341280e-02	9.004780e-02	2.463410e-02	9.511470e-02
247           	9.339800e-02	8.815280e-02	2.396890e-02	9.007950e-02
248           	8.981780e-02	8.946710e-02	2.349180e-02	8.624770e-02
249           	8.858740e-02	9.127830e-02	2.275430e-02	8.278580e-02
250           	8.844250e-02	9.050520e-02	2.172630e-02	8.056720e-02
251           	8.798990e-02	8.604760e-02	2.037380e-02	7.814040e-02
252           	8.493850e-02	8.014060e-02	1.940190e-02	7.598410e-02
253           	7.943360e-02	7.441830e-02	1.866850e-02	7.451330e-02
254           	7.717870e-02	7.025740e-02	1.793470e-02	7.224250e-02
255           	7.794250e-02	6.749370e-02	1.715440e-02	6.895850e-02
256           	7.759420e-02	6.565210e-02	1.617520e-02	6.639500e-02
257           	7.715070e-02	6.449610e-02	1.524120e-02	6.485030e-02
258           	7.718520e-02	6.299140e-02	1.466320e-02	6.350810e-02
259           	7.749690e-02	6.240930e-02	1.444420e-02	6.145560e-02
260           	7.934600e-02	6.285500e-02	1.487230e-02	6.083860e-02
261           	8.072960e-02	6.328380e-02	1.523850e-02	6.102650e-02
262           	8.289400e-02	6.447140e-02	1.580650e-02	6.193470e-02
263           	8.625570e-02	6.655200e-02	1.633750e-02	6.484510e-02
264           	8.599940e-02	6.646740e-02	1.630930e-02	6.598600e-02
265           	8.450720e-02	6.446280e-02	1.558800e-02	6.559100e-02
266           	8.352000e-02	6.232410e-02	1.482440e-02	6.371150e-02
267           	8.272450e-02	6.024050e-02	1.412800e-02	6.165770e-02
268           	8.208500e-02	5.822540e-02	1.363200e-02	5.926930e-02
269           	8.173650e-02	5.624870e-02	1.332390e-02	5.749910e-02
270           	8.238820e-02	5.576910e-02	1.330670e-02	5.734980e-02
271           	8.227530e-02	5.572170e-02	1.344870e-02	5.874550e-02
272           	8.291550e-02	5.643150e-02	1.390480e-02	6.193310e-02
273           	8.460350e-02	6.017270e-02	1.501000e-02	6.527470e-02
274           	8.579040e-02	6.538910e-02	1.647560e-02	6.823670e-02
275           	8.476420e-02	7.076930e-02	1.782280e-02	7.247820e-02
276           	8.440770e-02	7.538070e-02	1.871020e-02	7.687590e-02
277           	8.368840e-02	7.679450e-02	1.881750e-02	7.785510e-02
278           	8.151620e-02	7.642520e-02	1.843370e-02	7.772010e-02
279           	8.016560e-02	7.453030e-02	1.788470e-02	7.613130e-02
280           	7.941520e-02	7.160220e-02	1.728230e-02	7.330120e-02
281           	7.934370e-02	6.882660e-02	1.690690e-02	7.029930e-02
282           	7.892010e-02	6.708020e-02	1.704080e-02	6.890090e-02
283           	7.990690e-02	6.471680e-02	1.676750e-02	6.819480e-02
284           	7.909430e-02	6.377560e-02	1.638680e-02	6.762320e-02
285           	8.087670e-02	6.469500e-02	1.579740e-02	6.685620e-02
286           	8.327130e-02	6.603390e-02	1.597950e-02	6.664030e-02
287           	8.565420e-02	6.612470e-02	1.606930e-02	6.546750e-02
288           	8.519200e-02	6.498410e-02	1.574910e-02	6.262100e-02
289           	8.565020e-02	6.450770e-02	1.520760e-02	5.955510e-02
290           	8.456320e-02	6.349300e-02	1.482740e-02	5.870080e-02
291           	8.419210e-02	6.307780e-02	1.473750e-02	5.986180e-02
292           	8.604230e-02	6.376530e-02	1.490420e-02	6.163380e-02
293           	8.731160e-02	6.363030e-02	1.472960e-02	6.165800e-02
294           	8.503300e-02	6.265980e-02	1.414840e-02	5.966980e-02
295           	8.153510e-02	5.927700e-02	1.359420e-02	5.592850e-02
296           	7.850190e-02	5.545890e-02	1.329470e-02	5.378580e-02
297           	7.513670e-02	5.273470e-02	1.310510e-02	5.244170e-02
298           	7.450930e-02	5.153070e-02	1.286170e-02	5.258790e-02
299           	7.654910e-02	5.081430e-02	1.252340e-02	5.218220e-02
300           	7.769610e-02	5.102700e-02	1.218570e-02	5.096080e-02
301           	7.797360e-02	5.205810e-02	1.233200e-02	5.134840e-02
302           	7.742970e-02	5.333440e-02	1.262640e-02	5.209620e-02
303           	7.742160e-02	5.485950e-02	1.306820e-02	5.282980e-02
304           	7.710920e-02	5.731050e-02	1.353870e-02	5.339830e-02
305           	7.761640e-02	5.928030e-02	1.370960e-02	5.448020e-02
306           	7.877560e-02	5.951130e-02	1.350970e-02	5.429440e-02
307           	7.885600e-02	5.808810e-02	1.334900e-02	5.382760e-02
308           	7.948090e-02	5.594880e-02	1.346230e-02	5.473990e-02
309           	8.025390e-02	5.391900e-02	1.349510e-02	5.520340e-02
310           	8.101400e-02	5.346700e-02	1.377390e-02	5.583790e-02
311           	8.326510e-02	5.471570e-02	1.446030e-02	5.716470e-02
312           	8.326270e-02	5.736820e-02	1.519380e-02	5.938370e-02
313           	8.549330e-02	6.034500e-02	1.571370e-02	6.058030e-02
314           	8.844070e-02	6.302680e-02	1.563490e-02	6.133660e-02
315           	8.891150e-02	6.435600e-02	1.519310e-02	6.138430e-02
316           	8.630990e-02	6.311320e-02	1.473760e-02	6.027280e-02
317           	8.214940e-02	6.098090e-02	1.439050e-02	5.876020e-02
318           	7.807530e-02	5.983720e-02	1.407800e-02	5.823180e-02
319           	7.568940e-02	5.933180e-02	1.401180e-02	5.831270e-02
320           	7.547640e-02	5.884970e-02	1.398270e-02	5.734860e-02
321           	7.767760e-02	5.859800e-02	1.388700e-02	5.595560e-02
322           	7.838090e-02	5.719240e-02	1.381040e-02	5.543620e-02
323           	7.966530e-02	5.600790e-02	1.367120e-02	5.479690e-02
324           	7.907390e-02	5.457010e-02	1.324270e-02	5.388630e-02
325           	7.666330e-02	5.262380e-02	1.272260e-02	5.181750e-02
326           	7.287870e-02	5.091100e-02	1.224730e-02	4.952170e-02
327           	7.108590e-02	4.934120e-02	1.194930e-02	4.723750e-02
328           	7.216610e-02	4.820550e-02	1.161650e-02	4.577740e-02
329           	7.410340e-02	4.941790e-02	1.171420e-02	4.635910e-02
330           	7.557870e-02	5.066070e-02	1.187520e-02	4.806680e-02
331           	7.593620e-02	5.040630e-02	1.161560e-02	4.769180e-02
332           	7.480280e-02	4.980610e-02	1.135280e-02	4.629050e-02
333           	7.360130e-02	4.878840e-02	1.110470e-02	4.561200e-02
334           	7.261720e-02	4.763440e-02	1.081160e-02	4.544350e-02
335           	7.192800e-02	4.696950e-02	1.050490e-02	4.347900e-02
336           	7.266740e-02	4.687480e-02	1.045820e-02	4.127600e-02
337           	7.243080e-02	4.707930e-02	1.069640e-02	4.076400e-02
338           	7.210390e-02	4.703610e-02	1.076800e-02	4.070540e-02
339           	7.209870e-02	4.681590e-02	1.081000e-02	4.120330e-02
340           	7.334990e-02	4.689130e-02	1.081340e-02	4.222820e-02
341           	7.642480e-02	4.809440e-02	1.131020e-02	4.441090e-02
342           	7.902650e-02	5.080370e-02	1.178920e-02	4.714420e-02
343           	8.223180e-02	5.423630e-02	1.237340e-02	4.924180e-02
344           	8.555140e-02	5.866160e-02	1.304190e-02	5.164840e-02
345           	8.776380e-02	6.228040e-02	1.368290e-02	5.371540e-02
346           	8.793060e-02	6.503280e-02	1.441750e-02	5.672490e-02
347           	8.874680e-02	6.752670e-02	1.538570e-02	6.005510e-02
348           	8.821510e-02	6.974220e-02	1.648370e-02	6.433350e-02
349           	8.982690e-02	7.000630e-02	1.683940e-02	6.703920e-02
350           	9.290930e-02	6.815350e-02	1.613710e-02	6.651440e-02
351           	9.312370e-02	6.602160e-02	1.528060e-02	6.380370e-02
352           	9.096830e-02	6.519450e-02	1.497130e-02	6.145960e-02
353           	8.868940e-02	6.683560e-02	1.534730e-02	6.057310e-02
354           	8.741290e-02	6.951250e-02	1.582860e-02	6.073880e-02
355           	8.806570e-02	7.230540e-02	1.621920e-02	6.111450e-02
356           	9.021110e-02	7.420380e-02	1.652390e-02	6.124270e-02
357           	9.401820e-02	7.474780e-02	1.658100e-02	6.165320e-02
358           	9.715230e-02	7.389280e-02	1.612420e-02	6.208520e-02
359           	9.596310e-02	7.092260e-02	1.542810e-02	6.196980e-02
360           	9.456930e-02	6.624980e-02	1.509190e-02	6.138490e-02
361           	9.143440e-02	6.294330e-02	1.469450e-02	6.013510e-02
362           	8.582970e-02	6.122090e-02	1.464590e-02	5.903650e-02
363           	8.296410e-02	6.112320e-02	1.473950e-02	5.855420e-02
364           	8.146650e-02	6.116420e-02	1.455630e-02	5.717280e-02
365           	7.993820e-02	6.054760e-02	1.421590e-02	5.554900e-02
366           	7.924660e-02	5.917930e-02	1.381680e-02	5.373030e-02
367           	7.865640e-02	5.761610e-02	1.357900e-02	5.265960e-02
368           	7.753330e-02	5.659770e-02	1.347940e-02	5.263550e-02
369           	7.515480e-02	5.595050e-02	1.350430e-02	5.248530e-02
370           	7.406480e-02	5.581120e-02	1.398070e-02	5.278470e-02
371           	7.580300e-02	5.744420e-02	1.490960e-02	5.538460e-02
372           	8.131380e-02	5.922330e-02	1.583660e-02	5.861550e-02
373           	8.957980e-02	6.178340e-02	1.654560e-02	6.232910e-02
374           	9.245320e-02	6.349820e-02	1.657060e-02	6.470730e-02
375           	9.237490e-02	6.350900e-02	1.607200e-02	6.493900e-02
376           	9.084130e-02	6.432910e-02	1.587300e-02	6.478400e-02
377           	8.867050e-02	6.498190e-02	1.607420e-02	6.568560e-02
378           	8.570740e-02	6.543980e-02	1.643210e-02	6.749130e-02
379           	8.413230e-02	6.498930e-02	1.681270e-02	6.754710e-02
380           	8.158410e-02	6.435030e-02	1.679860e-02	6.533180e-02
381           	8.038140e-02	6.360220e-02	1.656210e-02	6.250880e-02
382           	7.935460e-02	6.105770e-02	1.572820e-02	5.954040e-02
383           	7.637130e-02	5.765800e-02	1.442340e-02	5.638640e-02
384           	7.276920e-02	5.383950e-02	1.318820e-02	5.328040e-02
385           	7.137690e-02	5.102950e-02	1.209750e-02	5.004880e-02
386           	6.955510e-02	4.929470e-02	1.124020e-02	4.651910e-02
387           	6.879860e-02	4.796380e-02	1.084180e-02	4.448460e-02
388           	7.071310e-02	4.824260e-02	1.098060e-02	4.499150e-02
389           	7.469240e-02	4.969790e-02	1.131580e-02	4.636320e-02
390           	7.750580e-02	5.199180e-02	1.195160e-02	4.763710e-02
391           	7.984520e-02	5.403340e-02	1.275840e-02	4.958770e-02
392           	8.162340e-02	5.589240e-02	1.374550e-02	5.254700e-02
393           	8.461170e-02	5.799310e-02	1.491810e-02	5.739520e-02
394           	8.512440e-02	6.114270e-02	1.610450e-02	6.399930e-02
395           	8.406030e-02	6.488040e-02	1.731940e-02	6.953770e-02
396           	8.514120e-02	6.931730e-02	1.841950e-02	7.318560e-02
397           	8.635560e-02	7.375420e-02	1.891500e-02	7.429680e-02
398           	8.876070e-02	7.842800e-02	1.945130e-02	7.330950e-02
399           	9.155040e-02	8.267450e-02	1.976890e-02	7.131890e-02
400           	9.381940e-02	8.422690e-02	1.959690e-02	7.031800e-02
401           	9.554830e-02	8.212640e-02	1.918280e-02	7.083440e-02
402           	9.719830e-02	7.787860e-02	1.880580e-02	7.180580e-02
403           	9.851440e-02	7.602340e-02	1.863870e-02	7.404190e-02
404           	9.958040e-02	7.601490e-02	1.862820e-02	7.613610e-02
405           	1.007200e-01	7.559250e-02	1.880070e-02	7.768560e-02
406           	9.940570e-02	7.601410e-02	1.863510e-02	7.815710e-02
407           	9.502730e-02	7.689180e-02	1.877490e-02	7.658300e-02
408           	8.663090e-02	7.790320e-02	1.890680e-02	7.559140e-02
409           	8.223790e-02	7.832970e-02	1.850300e-02	7.350540e-02
410           	8.408070e-02	7.770680e-02	1.791740e-02	7.042620e-02
411           	8.341820e-02	7.468030e-02	1.718530e-02	6.679260e-02
412           	8.030460e-02	6.831690e-02	1.619780e-02	6.362550e-02
413           	7.671570e-02	6.166100e-02	1.509410e-02	6.112340e-02
414           	7.322370e-02	5.776400e-02	1.418470e-02	5.862010e-02
415           	6.945470e-02	5.565930e-02	1.330450e-02	5.693780e-02
416           	6.799420e-02	5.429070e-02	1.259480e-02	5.501590e-02
417           	6.825370e-02	5.345110e-02	1.212360e-02	5.365600e-02
418           	6.850520e-02	5.164620e-02	1.158910e-02	5.110680e-02
419           	6.936880e-02	4.980370e-02	1.134010e-02	4.898710e-02
420           	7.021390e-02	4.839850e-02	1.111940e-02	4.694770e-02
421           	7.210690e-02	4.712600e-02	1.097150e-02	4.488230e-02
422           	7.413970e-02	4.599800e-02	1.086730e-02	4.335000e-02
423           	7.491530e-02	4.516430e-02	1.080480e-02	4.231220e-02
424           	7.372640e-02	4.451930e-02	1.077900e-02	4.188310e-02
425           	7.269330e-02	4.368500e-02	1.093520e-02	4.269290e-02
426           	7.147720e-02	4.388820e-02	1.129200e-02	4.479880e-02
427           	7.127200e-02	4.560830e-02	1.181570e-02	4.762720e-02
428           	7.281910e-02	4.808250e-02	1.238230e-02	5.101400e-02
429           	7.511860e-02	5.118030e-02	1.285380e-02	5.502060e-02
430           	7.757020e-02	5.455300e-02	1.344490e-02	5.884290e-02
431           	8.093170e-02	5.787060e-02	1.406790e-02	6.194360e-02
432           	8.402180e-02	6.131610e-02	1.524900e-02	6.549920e-02
433           	8.564750e-02	6.414550e-02	1.644070e-02	6.887730e-02
434           	8.612220e-02	6.705750e-02	1.741270e-02	7.225220e-02
435           	8.852870e-02	7.151420e-02	1.843440e-02	7.635790e-02
436           	9.286080e-02	7.588000e-02	1.901810e-02	7.921750e-02
437           	9.531250e-02	7.769760e-02	1.893310e-02	7.942900e-02
438           	9.428610e-02	7.716550e-02	1.806110e-02	7.603080e-02
439           	9.042160e-02	7.427350e-02	1.745460e-02	7.150900e-02
440           	8.748360e-02	6.989830e-02	1.742000e-02	6.696300e-02
441           	8.455290e-02	6.588870e-02	1.739240e-02	6.454890e-02
442           	8.484670e-02	6.207380e-02	1.681450e-02	6.289330e-02
443           	8.614880e-02	5.858720e-02	1.613060e-02	6.070990e-02
444           	8.810090e-02	5.651360e-02	1.534460e-02	5.876190e-02
445           	8.564590e-02	5.501000e-02	1.441660e-02	5.644520e-02
446           	8.085330e-02	5.297450e-02	1.315410e-02	5.409250e-02
447           	7.748570e-02	5.051990e-02	1.228940e-02	5.145130e-02
448           	7.626390e-02	4.838430e-02	1.174090e-02	4.956680e-02
449           	7.601170e-02	4.695470e-02	1.154260e-02	4.791110e-02
450           	7.552540e-02	4.610040e-02	1.156280e-02	4.689150e-02
451           	7.514690e-02	4.575270e-02	1.151850e-02	4.660380e-02
452           	7.707450e-02	4.509540e-02	1.115860e-02	4.612000e-02
453           	7.882720e-02	4.418550e-02	1.067420e-02	4.512050e-02
454           	7.845610e-02	4.356790e-02	1.035530e-02	4.414420e-02
455           	7.751340e-02	4.368580e-02	1.017090e-02	4.352480e-02
456           	7.356090e-02	4.302610e-02	9.889850e-03	4.282910e-02
457           	6.993170e-02	4.245630e-02	9.553590e-03	4.236630e-02
458           	6.691570e-02	4.181500e-02	9.181660e-03	4.131270e-02
459           	6.526970e-02	4.150240e-02	8.876280e-03	4.073860e-02
460           	6.469280e-02	4.102020e-02	8.703270e-03	4.007070e-02
461           	6.526760e-02	4.072540e-02	8.629980e-03	3.910310e-02
462           	6.662260e-02	4.084320e-02	8.648230e-03	3.838790e-02
463           	6.807690e-02	4.051970e-02	8.727440e-03	3.827380e-02
464           	6.937660e-02	4.007440e-02	8.740020e-03	3.806570e-02
465           	7.103440e-02	4.010420e-02	8.822570e-03	3.827800e-02
466           	7.277740e-02	3.997330e-02	9.006300e-03	3.866940e-02
467           	7.385240e-02	4.046480e-02	9.358660e-03	3.928310e-02
468           	7.369800e-02	4.140120e-02	9.654140e-03	4.007410e-02
469           	7.391170e-02	4.348680e-02	1.017390e-02	4.223250e-02
470           	7.453630e-02	4.644650e-02	1.093300e-02	4.523230e-02
471           	7.649180e-02	5.058350e-02	1.199500e-02	4.872350e-02
472           	7.956240e-02	5.549920e-02	1.335020e-02	5.329030e-02
473           	8.209940e-02	5.918930e-02	1.460780e-02	5.789520e-02
474           	8.211310e-02	6.292110e-02	1.546970e-02	6.162020e-02
475           	8.204700e-02	6.568620e-02	1.624810e-02	6.455730e-02
476           	8.305910e-02	6.816550e-02	1.690860e-02	6.773640e-02
477           	8.699100e-02	7.061880e-02	1.765340e-02	7.055390e-02
478           	9.247450e-02	7.245740e-02	1.833050e-02	7.340990e-02
479           	9.385260e-02	7.469220e-02	1.884640e-02	7.439060e-02
480           	9.157590e-02	7.484440e-02	1.897580e-02	7.137350e-02
481           	8.695230e-02	7.640780e-02	1.893060e-02	6.929000e-02
482           	8.426170e-02	7.615310e-02	1.846210e-02	6.826960e-02
483           	8.492520e-02	7.238150e-02	1.718220e-02	6.498400e-02
484           	8.387550e-02	6.596500e-02	1.600100e-02	6.034750e-02
485           	8.077750e-02	5.957970e-02	1.493270e-02	5.741960e-02
486           	7.954370e-02	5.438830e-02	1.377740e-02	5.525050e-02
487           	7.622270e-02	5.121190e-02	1.253360e-02	5.218450e-02
488           	7.423230e-02	4.938470e-02	1.168250e-02	4.940390e-02
489           	7.276840e-02	4.903310e-02	1.143240e-02	4.754410e-02
490           	7.591580e-02	4.934020e-02	1.173940e-02	4.719760e-02
491           	7.841950e-02	5.037970e-02	1.206410e-02	4.793100e-02
492           	7.960140e-02	5.077080e-02	1.228650e-02	4.884490e-02
493           	7.833180e-02	5.025410e-02	1.219360e-02	4.856280e-02
494           	7.587170e-02	4.856210e-02	1.191570e-02	4.739150e-02
495           	7.549640e-02	4.714900e-02	1.162070e-02	4.625240e-02
496           	7.718780e-02	4.603930e-02	1.136710e-02	4.603240e-02
497           	7.785950e-02	4.570900e-02	1.107870e-02	4.625010e-02
498           	7.808340e-02	4.578560e-02	1.112140e-02	4.725740e-02
499           	7.901110e-02	4.643730e-02	1.149580e-02	4.931630e-02
500           	8.003570e-02	4.896540e-02	1.232560e-02	5.285340e-02
501           	8.052360e-02	5.344440e-02	1.359510e-02	5.750110e-02
502           	8.224000e-02	5.907570e-02	1.491910e-02	6.128630e-02
503           	8.460700e-02	6.389330e-02	1.584630e-02	6.429200e-02
504           	8.910380e-02	6.787050e-02	1.649460e-02	6.616770e-02
505           	9.339730e-02	6.858340e-02	1.675130e-02	6.745430e-02
506           	9.595060e-02	6.666440e-02	1.660370e-02	6.666430e-02
507           	9.836330e-02	6.551420e-02	1.650420e-02	6.577780e-02
508           	9.410860e-02	6.530150e-02	1.668170e-02	6.558730e-02
509           	9.246700e-02	6.701820e-02	1.783890e-02	6.692080e-02
510           	8.918160e-02	7.061560e-02	1.940240e-02	7.256530e-02
511           	8.849820e-02	7.427700e-02	2.051100e-02	7.645580e-02
512           	8.540870e-02	7.438340e-02	2.054350e-02	7.522210e-02
513           	8.117080e-02	6.980820e-02	1.917410e-02	7.111080e-02
514           	7.786860e-02	6.480720e-02	1.745110e-02	6.828670e-02
515           	7.828980e-02	6.261150e-02	1.641020e-02	6.553540e-02
516           	8.174770e-02	6.396800e-02	1.605800e-02	6.459330e-02
517           	8.565840e-02	6.718570e-02	1.667070e-02	6.477820e-02
518           	8.886690e-02	7.089990e-02	1.748100e-02	6.722990e-02
519           	8.971310e-02	7.371760e-02	1.797740e-02	7.035040e-02
520           	8.776660e-02	7.505750e-02	1.823900e-02	7.298730e-02
521           	8.654380e-02	7.238170e-02	1.801070e-02	7.315560e-02
522           	8.574350e-02	6.879000e-02	1.759280e-02	7.116290e-02
523           	8.470790e-02	6.604180e-02	1.705620e-02	6.899760e-02
524           	8.278270e-02	6.314780e-02	1.608350e-02	6.586650e-02
525           	8.099390e-02	5.904200e-02	1.474940e-02	6.134700e-02
526           	7.857600e-02	5.440250e-02	1.356340e-02	5.717610e-02
527           	7.512540e-02	5.128480e-02	1.258870e-02	5.313640e-02
528           	7.315340e-02	4.998340e-02	1.202450e-02	5.095160e-02
529           	7.328310e-02	5.040870e-02	1.207010e-02	4.995090e-02
530           	7.487770e-02	5.032790e-02	1.211960e-02	4.901820e-02
531           	7.596280e-02	4.956800e-02	1.220870e-02	4.789570e-02
532           	7.618800e-02	4.903780e-02	1.210350e-02	4.729760e-02
533           	7.374450e-02	4.823050e-02	1.183660e-02	4.602840e-02
534           	7.157410e-02	4.789580e-02	1.197090e-02	4.567040e-02
535           	7.089900e-02	4.829430e-02	1.238580e-02	4.665670e-02
536           	7.094650e-02	4.952030e-02	1.303340e-02	4.921620e-02
537           	7.288250e-02	5.161190e-02	1.376470e-02	5.270960e-02
538           	7.552390e-02	5.418480e-02	1.455240e-02	5.647740e-02
539           	7.591760e-02	5.714850e-02	1.503370e-02	6.061740e-02
540           	7.604480e-02	6.076450e-02	1.535850e-02	6.416820e-02
541           	7.734530e-02	6.481500e-02	1.594840e-02	6.741750e-02
542           	7.793580e-02	6.742050e-02	1.636440e-02	7.013110e-02
543           	7.896750e-02	7.001250e-02	1.697910e-02	7.251020e-02
544           	8.059330e-02	7.226750e-02	1.765320e-02	7.413850e-02
545           	8.254760e-02	7.265100e-02	1.782880e-02	7.353190e-02
546           	8.414310e-02	6.898640e-02	1.756190e-02	6.903070e-02
547           	8.423590e-02	6.433080e-02	1.685630e-02	6.460900e-02
548           	8.278910e-02	6.142460e-02	1.605160e-02	6.259090e-02
549           	8.069030e-02	6.000400e-02	1.553180e-02	6.198870e-02
550           	8.086270e-02	5.994080e-02	1.504850e-02	6.108400e-02
551           	8.280420e-02	5.995640e-02	1.449480e-02	5.968080e-02
552           	8.438450e-02	5.937640e-02	1.413450e-02	5.829490e-02
553           	8.503850e-02	5.826500e-02	1.393080e-02	5.670840e-02
554           	8.388010e-02	5.732970e-02	1.365860e-02	5.487670e-02
555           	8.108830e-02	5.614770e-02	1.334530e-02	5.278200e-02
556           	7.975840e-02	5.521820e-02	1.320010e-02	5.086210e-02
557           	7.984740e-02	5.616040e-02	1.332400e-02	5.054190e-02
558           	8.139220e-02	5.755290e-02	1.343320e-02	5.170110e-02
559           	8.289050e-02	5.719110e-02	1.330760e-02	5.267670e-02
560           	8.266940e-02	5.646040e-02	1.304240e-02	5.325250e-02
561           	8.066670e-02	5.579060e-02	1.273730e-02	5.343210e-02
562           	7.921810e-02	5.556700e-02	1.266340e-02	5.465180e-02
563           	7.826320e-02	5.472490e-02	1.224860e-02	5.398190e-02
564           	7.702270e-02	5.342220e-02	1.197720e-02	5.278930e-02
565           	7.392750e-02	5.162650e-02	1.191420e-02	5.266220e-02
566           	7.334060e-02	5.030040e-02	1.206010e-02	5.204560e-02
567           	7.414690e-02	4.998240e-02	1.207740e-02	5.124270e-02
568           	7.546420e-02	4.920190e-02	1.178700e-02	4.979120e-02
569           	7.642490e-02	4.821610e-02	1.143160e-02	4.853420e-02
570           	7.677600e-02	4.786250e-02	1.120060e-02	4.844860e-02
571           	7.741700e-02	4.855360e-02	1.113590e-02	4.861960e-02
572           	7.786820e-02	4.956300e-02	1.116440e-02	4.861110e-02
573           	7.670170e-02	4.967550e-02	1.122380e-02	4.844450e-02
574           	7.577110e-02	5.014420e-02	1.146440e-02	4.869740e-02
575           	7.488040e-02	5.035100e-02	1.202520e-02	4.940810e-02
576           	7.679100e-02	5.049660e-02	1.252020e-02	4.953710e-02
577           	7.838180e-02	5.132880e-02	1.293400e-02	5.051510e-02
578           	7.908250e-02	5.293590e-02	1.338500e-02	5.252140e-02
579           	8.116250e-02	5.578480e-02	1.400710e-02	5.550420e-02
580           	8.473670e-02	5.982880e-02	1.474330e-02	5.963730e-02
581           	9.014720e-02	6.433420e-02	1.551890e-02	6.326790e-02
582           	9.169780e-02	6.760600e-02	1.618200e-02	6.629970e-02
583           	9.145400e-02	7.021810e-02	1.677440e-02	6.892060e-02
584           	9.316300e-02	7.315260e-02	1.744500e-02	7.057500e-02
585           	9.435790e-02	7.516770e-02	1.790530e-02	7.078510e-02
586           	9.632770e-02	7.595630e-02	1.822500e-02	7.083560e-02
587           	9.767430e-02	7.312660e-02	1.789000e-02	6.870400e-02
588           	9.253910e-02	6.623960e-02	1.689420e-02	6.374140e-02
589           	8.733580e-02	6.002860e-02	1.580310e-02	5.878360e-02
590           	8.311390e-02	5.752510e-02	1.490270e-02	5.550630e-02
591           	8.023050e-02	5.678600e-02	1.395500e-02	5.357610e-02
592           	7.852920e-02	5.736320e-02	1.316460e-02	5.198710e-02
593           	7.737740e-02	5.892550e-02	1.262990e-02	5.151370e-02
594           	7.765860e-02	6.097640e-02	1.260610e-02	5.262950e-02
595           	7.956090e-02	6.230770e-02	1.312370e-02	5.445410e-02
596           	8.112670e-02	6.283050e-02	1.342270e-02	5.561950e-02
597           	8.398730e-02	6.365220e-02	1.355500e-02	5.711480e-02
598           	8.351050e-02	6.403010e-02	1.373360e-02	5.825750e-02
599           	8.192280e-02	6.391370e-02	1.361440e-02	5.844160e-02
600           	8.299040e-02	6.122690e-02	1.315880e-02	5.595530e-02
601           	8.126880e-02	5.810520e-02	1.264200e-02	5.256770e-02
602           	7.752960e-02	5.530060e-02	1.212880e-02	5.046880e-02
603           	7.274790e-02	5.221830e-02	1.171070e-02	4.854260e-02
604           	6.939820e-02	4.975360e-02	1.115630e-02	4.708050e-02
605           	6.774190e-02	4.813670e-02	1.069340e-02	4.587710e-02
606           	6.747940e-02	4.671850e-02	1.071740e-02	4.545230e-02
607           	6.817810e-02	4.747350e-02	1.101690e-02	4.627450e-02
608           	6.831310e-02	4.803470e-02	1.125440e-02	4.718380e-02
609           	6.808770e-02	4.783150e-02	1.130590e-02	4.747390e-02
610           	6.906700e-02	4.791690e-02	1.130560e-02	4.697810e-02
611           	6.900400e-02	4.810910e-02	1.134400e-02	4.676330e-02
612           	6.832640e-02	4.865430e-02	1.155310e-02	4.659680e-02
613           	6.828930e-02	4.937290e-02	1.190100e-02	4.733790e-02
614           	6.822210e-02	4.989610e-02	1.241240e-02	4.846490e-02
615           	6.919150e-02	5.062830e-02	1.296440e-02	5.000520e-02
616           	7.006480e-02	5.180650e-02	1.359410e-02	5.183060e-02
617           	7.187550e-02	5.314060e-02	1.409480e-02	5.427600e-02
618           	7.637330e-02	5.642790e-02	1.501090e-02	5.819900e-02
619           	7.961750e-02	5.901830e-02	1.556810e-02	6.131580e-02
620           	8.259720e-02	6.185410e-02	1.648760e-02	6.533970e-02
621           	8.419680e-02	6.590640e-02	1.776990e-02	7.098050e-02
622           	8.656750e-02	6.972230e-02	1.909010e-02	7.655240e-02
623           	8.639180e-02	7.361110e-02	1.985440e-02	8.125400e-02
624           	8.621650e-02	7.498770e-02	2.021780e-02	8.324820e-02
625           	9.013390e-02	7.548020e-02	2.069740e-02	8.215410e-02
626           	9.256760e-02	7.264870e-02	2.119310e-02	8.144720e-02
627           	9.239520e-02	7.177620e-02	2.153620e-02	8.081240e-02
628           	8.899700e-02	7.203470e-02	2.113880e-02	7.762740e-02
629           	8.403670e-02	7.124530e-02	1.976640e-02	7.261130e-02
630           	8.046500e-02	6.809320e-02	1.786900e-02	6.645640e-02
631           	7.950940e-02	6.276200e-02	1.579280e-02	6.132830e-02
632           	7.877650e-02	5.690180e-02	1.386940e-02	5.719780e-02
633           	7.809960e-02	5.286040e-02	1.266770e-02	5.434130e-02
634           	7.792670e-02	5.090360e-02	1.182160e-02	5.163530e-02
635           	7.648170e-02	4.977520e-02	1.133530e-02	5.052430e-02
636           	7.335030e-02	4.892160e-02	1.105400e-02	4.992750e-02
637           	7.178250e-02	4.829180e-02	1.108600e-02	4.935840e-02
638           	7.266850e-02	4.831650e-02	1.149160e-02	4.905270e-02
639           	7.501650e-02	4.861440e-02	1.168160e-02	4.844160e-02
640           	7.579730e-02	4.940340e-02	1.165760e-02	4.810740e-02
641           	7.549360e-02	4.967550e-02	1.167620e-02	4.788780e-02
642           	7.643950e-02	4.989700e-02	1.178850e-02	4.725410e-02
643           	7.722660e-02	5.067630e-02	1.224860e-02	4.762870e-02
644           	7.993730e-02	5.335500e-02	1.300770e-02	4.934660e-02
645           	8.615840e-02	5.732050e-02	1.426320e-02	5.269660e-02
646           	9.330940e-02	6.227090e-02	1.569840e-02	5.733130e-02
647           	9.766660e-02	6.641740e-02	1.668650e-02	6.275890e-02
648           	9.852400e-02	6.904990e-02	1.740110e-02	6.715730e-02
649           	9.629670e-02	7.097590e-02	1.754110e-02	6.963500e-02
650           	9.270860e-02	7.171760e-02	1.739850e-02	7.202960e-02
651           	9.274120e-02	7.244050e-02	1.805680e-02	7.537230e-02
652           	9.235240e-02	7.463640e-02	1.910090e-02	7.936070e-02
653           	9.401520e-02	7.831450e-02	2.031340e-02	8.136230e-02
654           	9.510460e-02	7.979310e-02	2.146310e-02	8.207630e-02
655           	9.406310e-02	7.735810e-02	2.161230e-02	7.891230e-02
656           	8.985100e-02	7.535540e-02	2.095670e-02	7.513220e-02
657           	8.245800e-02	7.235010e-02	1.988810e-02	7.103130e-02
658           	7.665670e-02	6.845430e-02	1.870090e-02	6.902320e-02
659           	7.356700e-02	6.427510e-02	1.743370e-02	6.756530e-02
660           	7.333290e-02	6.095610e-02	1.600780e-02	6.610140e-02
661           	7.353100e-02	5.820450e-02	1.476420e-02	6.307900e-02
662           	7.297220e-02	5.608600e-02	1.382460e-02	5.964620e-02
663           	7.405660e-02	5.378770e-02	1.312540e-02	5.603290e-02
664           	7.559120e-02	5.151980e-02	1.257480e-02	5.248650e-02
665           	7.731410e-02	4.979460e-02	1.228630e-02	4.985390e-02
666           	8.030270e-02	4.940830e-02	1.224110e-02	4.840490e-02
667           	8.243320e-02	5.016310e-02	1.225750e-02	4.675970e-02
668           	8.262520e-02	5.104290e-02	1.259290e-02	4.641950e-02
669           	8.374430e-02	5.258830e-02	1.296270e-02	4.746430e-02
670           	8.394620e-02	5.464900e-02	1.362610e-02	5.071850e-02
671           	8.594020e-02	5.668920e-02	1.441410e-02	5.506590e-02
672           	8.882400e-02	5.927970e-02	1.503260e-02	5.994380e-02
673           	9.054480e-02	6.254840e-02	1.533430e-02	6.369290e-02
674           	9.020580e-02	6.531000e-02	1.556700e-02	6.476880e-02
675           	8.859340e-02	6.696090e-02	1.563460e-02	6.433730e-02
676           	8.475110e-02	6.929530e-02	1.600470e-02	6.498770e-02
677           	8.157970e-02	7.161660e-02	1.644690e-02	6.661220e-02
678           	8.216430e-02	7.045100e-02	1.712460e-02	6.818160e-02
679           	8.369200e-02	6.921650e-02	1.790280e-02	7.097320e-02
680           	8.284360e-02	6.898620e-02	1.837540e-02	7.214640e-02
681           	8.118490e-02	6.940390e-02	1.837030e-02	7.023140e-02
682           	7.755570e-02	6.834970e-02	1.791290e-02	6.852060e-02
683           	7.527520e-02	6.647610e-02	1.718350e-02	6.752530e-02
684           	7.734190e-02	6.477560e-02	1.647440e-02	6.568590e-02
685           	8.064020e-02	6.275720e-02	1.570510e-02	6.336750e-02
686           	8.264330e-02	6.050110e-02	1.527090e-02	6.130890e-02
687           	8.224010e-02	5.966940e-02	1.530790e-02	6.076690e-02
688           	8.204930e-02	5.978280e-02	1.548980e-02	6.058280e-02
689           	8.218720e-02	6.003260e-02	1.595740e-02	6.076340e-02
690           	8.136630e-02	6.019770e-02	1.646950e-02	6.155050e-02
691           	7.936350e-02	6.083940e-02	1.672120e-02	6.305560e-02
692           	7.667230e-02	6.123220e-02	1.656870e-02	6.436460e-02
693           	7.536250e-02	6.272300e-02	1.669850e-02	6.608150e-02
694           	7.482990e-02	6.511070e-02	1.694180e-02	6.852760e-02
695           	7.399830e-02	6.731890e-02	1.712750e-02	7.164930e-02
696           	7.254130e-02	6.802600e-02	1.710700e-02	7.284540e-02
697           	7.146850e-02	6.803260e-02	1.720920e-02	7.200050e-02
698           	7.321870e-02	6.679210e-02	1.693960e-02	6.930840e-02
699           	7.589620e-02	6.630660e-02	1.655700e-02	6.645720e-02
700           	7.930250e-02	6.666720e-02	1.602240e-02	6.380540e-02
701           	8.111230e-02	6.455840e-02	1.516170e-02	6.095570e-02
702           	8.437070e-02	6.012470e-02	1.424190e-02	5.740630e-02
703           	8.542830e-02	5.575300e-02	1.322780e-02	5.443130e-02
704           	8.600350e-02	5.256720e-02	1.235460e-02	5.206930e-02
705           	8.527680e-02	5.064260e-02	1.181620e-02	5.043250e-02
706           	8.644830e-02	4.961070e-02	1.156290e-02	4.970630e-02
707           	8.700340e-02	4.942730e-02	1.151680e-02	4.928920e-02
708           	8.557140e-02	5.095350e-02	1.155060e-02	4.928460e-02
709           	8.431750e-02	5.284200e-02	1.179690e-02	4.934680e-02
710           	8.401860e-02	5.472810e-02	1.213030e-02	4.976660e-02
711           	8.123590e-02	5.548470e-02	1.235400e-02	5.071070e-02
712           	8.020280e-02	5.550250e-02	1.248290e-02	5.205460e-02
713           	7.884710e-02	5.620240e-02	1.255090e-02	5.347540e-02
714           	7.759460e-02	5.683760e-02	1.258610e-02	5.426780e-02
715           	7.663090e-02	5.676810e-02	1.259560e-02	5.438760e-02
716           	7.679940e-02	5.636950e-02	1.257970e-02	5.377230e-02
717           	7.587260e-02	5.597710e-02	1.244190e-02	5.203730e-02
718           	7.378380e-02	5.590050e-02	1.227720e-02	5.037080e-02
719           	7.241840e-02	5.580930e-02	1.230230e-02	4.924220e-02
720           	7.284000e-02	5.681350e-02	1.252500e-02	5.012950e-02
721           	7.397690e-02	5.714860e-02	1.276840e-02	5.137350e-02
722           	7.797050e-02	5.571920e-02	1.289970e-02	5.191460e-02
723           	8.167980e-02	5.393120e-02	1.285000e-02	5.175100e-02
724           	8.608460e-02	5.339480e-02	1.301230e-02	5.235130e-02
725           	8.615850e-02	5.457320e-02	1.311550e-02	5.333660e-02
726           	8.569940e-02	5.733780e-02	1.330190e-02	5.351320e-02
727           	8.308690e-02	6.061920e-02	1.356760e-02	5.455790e-02
728           	8.253630e-02	6.248940e-02	1.357200e-02	5.479870e-02
729           	8.280770e-02	6.271060e-02	1.374460e-02	5.446510e-02
730           	8.297770e-02	6.250060e-02	1.411650e-02	5.535090e-02
731           	8.368320e-02	6.284310e-02	1.463910e-02	5.780230e-02
732           	8.443800e-02	6.298860e-02	1.500860e-02	6.009580e-02
733           	8.615680e-02	6.332560e-02	1.551770e-02	6.276090e-02
734           	9.011170e-02	6.583000e-02	1.635650e-02	6.620870e-02
735           	9.319420e-02	6.890360e-02	1.708550e-02	6.971450e-02
736           	9.384240e-02	7.196560e-02	1.755610e-02	7.090250e-02
737           	9.409700e-02	7.544490e-02	1.830550e-02	7.042450e-02
738           	9.321120e-02	7.898050e-02	1.946910e-02	7.073010e-02
739           	9.354780e-02	8.303040e-02	2.071940e-02	7.358220e-02
740           	9.519940e-02	8.279740e-02	2.083150e-02	7.324130e-02
741           	9.493170e-02	7.686960e-02	1.992050e-02	6.794290e-02
742           	9.045820e-02	6.643530e-02	1.811320e-02	6.094990e-02
743           	8.600700e-02	5.767350e-02	1.593630e-02	5.533940e-02
744           	8.037790e-02	5.420130e-02	1.449400e-02	5.287940e-02
745           	7.865600e-02	5.404790e-02	1.345300e-02	5.054090e-02
746           	7.753790e-02	5.320800e-02	1.253410e-02	4.773740e-02
747           	7.697520e-02	5.189750e-02	1.193540e-02	4.622580e-02
748           	7.585740e-02	5.162030e-02	1.156920e-02	4.619930e-02
749           	7.394510e-02	5.181830e-02	1.148240e-02	4.644030e-02
750           	7.213160e-02	5.248530e-02	1.153410e-02	4.657110e-02
751           	7.293200e-02	5.397340e-02	1.174460e-02	4.748190e-02
752           	7.605280e-02	5.568790e-02	1.199380e-02	4.909680e-02
753           	8.134300e-02	5.701430e-02	1.228610e-02	5.083480e-02
754           	8.641910e-02	5.803770e-02	1.288200e-02	5.250060e-02
755           	8.944050e-02	5.864930e-02	1.338500e-02	5.405720e-02
756           	8.929520e-02	5.915800e-02	1.383240e-02	5.558800e-02
757           	8.907780e-02	6.023750e-02	1.419350e-02	5.783730e-02
758           	8.686880e-02	6.045230e-02	1.401010e-02	5.920850e-02
759           	8.482380e-02	6.002830e-02	1.349890e-02	5.813260e-02
760           	8.290640e-02	6.092410e-02	1.330100e-02	5.712570e-02
761           	8.111030e-02	6.180120e-02	1.312630e-02	5.568850e-02
762           	8.155250e-02	6.112980e-02	1.277750e-02	5.297550e-02
763           	8.057790e-02	5.888860e-02	1.268800e-02	5.098440e-02
764           	8.190190e-02	5.652400e-02	1.237850e-02	4.979580e-02
765           	8.198250e-02	5.509250e-02	1.199520e-02	4.976970e-02
766           	8.174310e-02	5.349540e-02	1.188120e-02	5.035860e-02
767           	8.092200e-02	5.312390e-02	1.211440e-02	5.144670e-02
768           	8.047110e-02	5.488530e-02	1.243560e-02	5.249860e-02
769           	7.936590e-02	5.697830e-02	1.250240e-02	5.279790e-02
770           	7.877670e-02	5.781930e-02	1.263670e-02	5.258760e-02
771           	7.868060e-02	5.720200e-02	1.239120e-02	5.160620e-02
772           	8.057830e-02	5.661020e-02	1.218490e-02	4.897210e-02
773           	8.243870e-02	5.690850e-02	1.225580e-02	4.755940e-02
774           	8.120210e-02	5.794990e-02	1.270060e-02	4.863860e-02
775           	8.032620e-02	5.821220e-02	1.337590e-02	5.115930e-02
776           	8.165480e-02	5.855290e-02	1.390740e-02	5.386240e-02
777           	8.387540e-02	6.037210e-02	1.448200e-02	5.718210e-02
778           	8.398020e-02	6.226560e-02	1.480860e-02	5.913870e-02
779           	8.390140e-02	6.370610e-02	1.468700e-02	5.970320e-02
780           	8.397890e-02	6.508800e-02	1.454670e-02	5.932540e-02
781           	8.448020e-02	6.572700e-02	1.476010e-02	5.861350e-02
782           	8.359130e-02	6.718860e-02	1.507990e-02	6.014460e-02
783           	8.421060e-02	6.787240e-02	1.594170e-02	6.220870e-02
784           	8.843170e-02	6.925860e-02	1.707610e-02	6.514620e-02
785           	9.240630e-02	7.030000e-02	1.798400e-02	6.724640e-02
786           	9.621900e-02	7.063860e-02	1.868360e-02	6.962610e-02
787           	9.710930e-02	6.988440e-02	1.848040e-02	7.069510e-02
788           	9.669620e-02	6.777190e-02	1.797670e-02	6.867970e-02
789           	9.373360e-02	6.851710e-02	1.788810e-02	6.758270e-02
790           	8.967690e-02	7.189640e-02	1.819340e-02	6.739220e-02
791           	8.807370e-02	7.655770e-02	1.885680e-02	6.763770e-02
792           	9.023280e-02	8.144080e-02	1.939180e-02	6.797150e-02
793           	9.186050e-02	8.305040e-02	1.958680e-02	6.851730e-02
794           	9.103470e-02	8.048600e-02	1.920160e-02	6.874600e-02
795           	8.992540e-02	7.543250e-02	1.819460e-02	6.832150e-02
796           	8.868630e-02	7.045400e-02	1.688470e-02	6.651100e-02
797           	8.463720e-02	6.540330e-02	1.577590e-02	6.264290e-02
798           	8.056000e-02	6.174890e-02	1.491270e-02	5.854390e-02
799           	7.730790e-02	5.947300e-02	1.443730e-02	5.658210e-02
800           	7.431490e-02	5.794610e-02	1.402960e-02	5.643900e-02
801           	7.351050e-02	5.674640e-02	1.349420e-02	5.692380e-02
802           	7.492320e-02	5.533800e-02	1.281260e-02	5.599460e-02
803           	7.398700e-02	5.419450e-02	1.253200e-02	5.551070e-02
804           	7.190070e-02	5.331360e-02	1.237500e-02	5.503940e-02
805           	7.054100e-02	5.299000e-02	1.232360e-02	5.378840e-02
806           	7.148870e-02	5.311650e-02	1.228080e-02	5.188510e-02
807           	7.230470e-02	5.307040e-02	1.204150e-02	4.948000e-02
808           	7.344800e-02	5.128670e-02	1.156630e-02	4.767310e-02
809           	7.471350e-02	4.868970e-02	1.092590e-02	4.548860e-02
810           	7.531740e-02	4.630800e-02	1.038230e-02	4.379670e-02
811           	7.656720e-02	4.560340e-02	1.021010e-02	4.437620e-02
812           	7.931490e-02	4.643350e-02	1.054080e-02	4.644440e-02
813           	8.233610e-02	4.811020e-02	1.107460e-02	4.804800e-02
814           	8.458000e-02	4.978850e-02	1.150640e-02	4.918670e-02
815           	8.653940e-02	5.016580e-02	1.164880e-02	4.971820e-02
816           	8.496220e-02	4.996160e-02	1.154500e-02	4.822370e-02
817           	8.127020e-02	4.899270e-02	1.141330e-02	4.607190e-02
818           	7.919480e-02	4.760290e-02	1.109860e-02	4.409340e-02
819           	7.724680e-02	4.666200e-02	1.093660e-02	4.326550e-02
820           	7.567530e-02	4.613980e-02	1.094930e-02	4.322160e-02
821           	7.500030e-02	4.588440e-02	1.107070e-02	4.458820e-02
822           	7.603290e-02	4.555990e-02	1.134700e-02	4.562440e-02
823           	7.754230e-02	4.538480e-02	1.170100e-02	4.666700e-02
824           	7.832110e-02	4.684920e-02	1.213560e-02	4.837770e-02
825           	7.861270e-02	4.931590e-02	1.258910e-02	5.051720e-02
826           	7.926130e-02	5.187400e-02	1.300280e-02	5.237640e-02
827           	7.913180e-02	5.551410e-02	1.348000e-02	5.565070e-02
828           	7.991020e-02	5.894040e-02	1.387530e-02	5.850140e-02
829           	8.039550e-02	6.161710e-02	1.422420e-02	6.071480e-02
830           	8.385860e-02	6.465480e-02	1.487660e-02	6.415650e-02
831           	8.603240e-02	6.712010e-02	1.568850e-02	6.741190e-02
832           	8.850240e-02	6.825550e-02	1.618980e-02	7.020930e-02
833           	8.868170e-02	6.595830e-02	1.643770e-02	7.030760e-02
834           	8.390220e-02	6.189870e-02	1.641880e-02	6.863040e-02
835           	8.061330e-02	5.937890e-02	1.604520e-02	6.515570e-02
836           	7.970920e-02	5.789590e-02	1.530780e-02	6.128910e-02
837           	7.807230e-02	5.740490e-02	1.436780e-02	5.764500e-02
838           	7.866700e-02	5.516290e-02	1.342620e-02	5.421070e-02
839           	7.718970e-02	5.185120e-02	1.226430e-02	5.038390e-02
840           	7.566350e-02	4.782710e-02	1.127160e-02	4.724980e-02
841           	7.414040e-02	4.517630e-02	1.057130e-02	4.467370e-02
842           	7.297720e-02	4.398730e-02	1.023410e-02	4.216390e-02
843           	7.284500e-02	4.359630e-02	1.012350e-02	4.089920e-02
844           	7.265650e-02	4.314010e-02	1.005830e-02	4.052320e-02
845           	7.260490e-02	4.237080e-02	9.933720e-03	4.007950e-02
846           	7.128530e-02	4.211120e-02	9.967070e-03	4.008280e-02
847           	7.034280e-02	4.277100e-02	9.920530e-03	4.020230e-02
848           	7.074890e-02	4.336500e-02	9.904870e-03	4.071470e-02
849           	7.005430e-02	4.280430e-02	9.786330e-03	4.067660e-02
850           	6.931660e-02	4.148210e-02	9.463670e-03	4.023640e-02
851           	6.799200e-02	4.090430e-02	9.276650e-03	4.004860e-02
852           	6.721210e-02	4.027600e-02	9.307990e-03	3.980100e-02
853           	6.698540e-02	4.013350e-02	9.693440e-03	4.013550e-02
854           	6.823570e-02	4.131490e-02	1.030690e-02	4.127580e-02
855           	7.149630e-02	4.345620e-02	1.085530e-02	4.310260e-02
856           	7.386370e-02	4.508790e-02	1.115550e-02	4.441850e-02
857           	7.633180e-02	4.574390e-02	1.121700e-02	4.413050e-02
858           	8.086650e-02	4.648620e-02	1.115580e-02	4.358960e-02
859           	8.262440e-02	4.707110e-02	1.117170e-02	4.330330e-02
860           	8.282640e-02	4.776400e-02	1.127090e-02	4.446150e-02
861           	8.115380e-02	4.974430e-02	1.166950e-02	4.749490e-02
862           	8.092330e-02	5.214710e-02	1.246230e-02	5.127690e-02
863           	8.205950e-02	5.479870e-02	1.334810e-02	5.623350e-02
864           	8.480580e-02	5.897780e-02	1.471860e-02	6.259910e-02
865           	8.745830e-02	6.345940e-02	1.613470e-02	6.859990e-02
866           	8.961700e-02	6.818850e-02	1.739160e-02	7.354570e-02
867           	9.369430e-02	7.151320e-02	1.829870e-02	7.753170e-02
868           	9.807160e-02	7.282480e-02	1.855380e-02	7.852710e-02
869           	9.746970e-02	7.293800e-02	1.862530e-02	7.661790e-02
870           	9.260880e-02	7.540920e-02	1.913560e-02	7.477290e-02
871           	8.982030e-02	7.968020e-02	1.943460e-02	7.468340e-02
872           	8.964530e-02	8.126700e-02	1.951860e-02	7.366670e-02
873           	8.729290e-02	7.869050e-02	1.915810e-02	7.113810e-02
874           	8.252820e-02	7.320970e-02	1.830240e-02	6.785510e-02
875           	7.872120e-02	6.813130e-02	1.705420e-02	6.356570e-02
876           	7.690520e-02	6.376130e-02	1.567120e-02	5.919590e-02
877           	7.703090e-02	6.069260e-02	1.414170e-02	5.468510e-02
878           	7.999290e-02	5.843610e-02	1.318510e-02	5.104470e-02
879           	8.467990e-02	5.551670e-02	1.239900e-02	4.890110e-02
880           	8.606740e-02	5.319220e-02	1.175590e-02	4.701510e-02
881           	8.552900e-02	5.085140e-02	1.116000e-02	4.490720e-02
882           	8.334040e-02	4.891210e-02	1.111830e-02	4.393710e-02
883           	8.069190e-02	4.774840e-02	1.146940e-02	4.459120e-02
884           	7.780710e-02	4.830300e-02	1.202520e-02	4.652870e-02
885           	7.512630e-02	5.082020e-02	1.248000e-02	4.991710e-02
886           	7.452060e-02	5.412750e-02	1.294470e-02	5.336600e-02
887           	7.476190e-02	5.754830e-02	1.352270e-02	5.678510e-02
888           	7.435470e-02	6.118040e-02	1.428060e-02	5.977140e-02
889           	7.470780e-02	6.389370e-02	1.511010e-02	6.087450e-02
890           	7.627770e-02	6.493650e-02	1.576820e-02	6.055530e-02
891           	7.717830e-02	6.456890e-02	1.631190e-02	6.068720e-02
892           	7.808840e-02	6.496710e-02	1.698720e-02	6.206590e-02
893           	7.880040e-02	6.606610e-02	1.764790e-02	6.366020e-02
894           	7.949140e-02	6.733370e-02	1.797340e-02	6.496620e-02
895           	8.010470e-02	6.749430e-02	1.750220e-02	6.501650e-02
896           	7.859570e-02	6.487600e-02	1.659610e-02	6.367420e-02
897           	7.581330e-02	6.071010e-02	1.540150e-02	6.177500e-02
898           	7.347010e-02	5.742760e-02	1.454340e-02	5.995380e-02
899           	7.481040e-02	5.518550e-02	1.389940e-02	5.767370e-02
900           	7.758060e-02	5.288560e-02	1.306950e-02	5.414050e-02
901           	7.769440e-02	5.101440e-02	1.247460e-02	5.046440e-02
902           	7.767830e-02	4.935330e-02	1.228100e-02	4.828400e-02
903           	7.766270e-02	4.742900e-02	1.208420e-02	4.714710e-02
904           	7.733630e-02	4.685260e-02	1.205450e-02	4.752900e-02
905           	7.621860e-02	4.759660e-02	1.243490e-02	4.884470e-02
906           	7.604900e-02	4.894500e-02	1.286300e-02	5.121840e-02
907           	7.574940e-02	5.096990e-02	1.310800e-02	5.444760e-02
908           	7.573890e-02	5.269110e-02	1.308290e-02	5.727620e-02
909           	7.750210e-02	5.400260e-02	1.279330e-02	5.759990e-02
910           	7.876650e-02	5.475910e-02	1.226540e-02	5.642130e-02
911           	7.901250e-02	5.509110e-02	1.182580e-02	5.411430e-02
912           	7.818550e-02	5.419280e-02	1.147310e-02	5.219250e-02
913           	7.876760e-02	5.230110e-02	1.130850e-02	5.064460e-02
914           	7.990960e-02	5.063570e-02	1.127620e-02	5.037530e-02
915           	7.957310e-02	5.015520e-02	1.116800e-02	5.176040e-02
916           	7.898470e-02	5.121760e-02	1.106330e-02	5.306390e-02
917           	8.045190e-02	5.204130e-02	1.100180e-02	5.351050e-02
918           	8.185310e-02	5.245460e-02	1.118540e-02	5.380050e-02
919           	8.299020e-02	5.295520e-02	1.140520e-02	5.408800e-02
920           	8.172710e-02	5.277300e-02	1.161800e-02	5.455970e-02
921           	8.124830e-02	5.243050e-02	1.199260e-02	5.527200e-02
922           	8.257250e-02	5.242590e-02	1.261980e-02	5.572670e-02
923           	8.665380e-02	5.211970e-02	1.291460e-02	5.594470e-02
924           	8.675710e-02	5.095570e-02	1.268910e-02	5.335120e-02
925           	8.413530e-02	4.980710e-02	1.234390e-02	5.007910e-02
926           	8.021530e-02	4.978490e-02	1.201310e-02	4.931810e-02
927           	7.820200e-02	4.940350e-02	1.167530e-02	4.851990e-02
928           	7.656230e-02	4.828480e-02	1.151260e-02	4.736570e-02
929           	7.515440e-02	4.729660e-02	1.151230e-02	4.653120e-02
930           	7.595060e-02	4.647640e-02	1.162430e-02	4.537810e-02
931           	7.655870e-02	4.608260e-02	1.153260e-02	4.523060e-02
932           	7.735200e-02	4.607030e-02	1.149590e-02	4.512130e-02
933           	7.854780e-02	4.589220e-02	1.132620e-02	4.549560e-02
934           	7.964180e-02	4.657990e-02	1.140560e-02	4.596150e-02
935           	7.967560e-02	4.830240e-02	1.189500e-02	4.764460e-02
936           	7.934270e-02	5.140520e-02	1.260080e-02	5.045930e-02
937           	8.223540e-02	5.566150e-02	1.350680e-02	5.407630e-02
938           	8.628160e-02	6.077010e-02	1.478510e-02	5.917650e-02
939           	8.805000e-02	6.446040e-02	1.594710e-02	6.364370e-02
940           	8.706600e-02	6.808800e-02	1.692500e-02	6.919790e-02
941           	8.933540e-02	7.130570e-02	1.781870e-02	7.324790e-02
942           	9.079760e-02	7.291560e-02	1.870790e-02	7.548510e-02
943           	9.255270e-02	7.227930e-02	1.932290e-02	7.590790e-02
944           	9.536540e-02	7.119210e-02	1.923210e-02	7.425090e-02
945           	9.729300e-02	7.016870e-02	1.875780e-02	7.131380e-02
946           	9.703380e-02	7.094120e-02	1.871970e-02	6.912790e-02
947           	9.563760e-02	7.398690e-02	1.884650e-02	6.900330e-02
948           	9.385750e-02	7.585570e-02	1.893040e-02	6.986690e-02
949           	9.334850e-02	7.531650e-02	1.819310e-02	6.893670e-02
950           	8.944810e-02	7.118740e-02	1.698070e-02	6.466750e-02
951           	8.332850e-02	6.604360e-02	1.589090e-02	6.059910e-02
952           	8.100360e-02	6.292780e-02	1.497200e-02	5.867900e-02
953           	7.927050e-02	6.175260e-02	1.457470e-02	5.835230e-02
954           	8.217640e-02	6.146090e-02	1.449210e-02	5.766530e-02
955           	8.521830e-02	6.087610e-02	1.417150e-02	5.590220e-02
956           	8.366160e-02	5.878920e-02	1.387900e-02	5.402210e-02
957           	8.256060e-02	5.769630e-02	1.375740e-02	5.409760e-02
958           	8.246770e-02	5.835930e-02	1.394010e-02	5.519450e-02
959           	8.201160e-02	5.861760e-02	1.375650e-02	5.606590e-02
960           	8.186980e-02	5.798090e-02	1.331760e-02	5.586530e-02
961           	8.183720e-02	5.811730e-02	1.342200e-02	5.606380e-02
962           	8.137510e-02	5.858210e-02	1.387180e-02	5.725250e-02
963           	8.093220e-02	5.923560e-02	1.409960e-02	5.753650e-02
964           	8.287140e-02	5.925180e-02	1.408110e-02	5.735820e-02
965           	8.494900e-02	5.909080e-02	1.405620e-02	5.673340e-02
966           	8.515690e-02	5.847270e-02	1.400220e-02	5.738040e-02
967           	8.527550e-02	5.587280e-02	1.395880e-02	5.663810e-02
968           	8.335880e-02	5.346920e-02	1.365350e-02	5.415430e-02
969           	8.029460e-02	5.027440e-02	1.296050e-02	5.062520e-02
970           	7.825740e-02	4.775520e-02	1.192070e-02	4.739890e-02
971           	7.546420e-02	4.642140e-02	1.095490e-02	4.457970e-02
972           	7.320980e-02	4.596480e-02	1.044890e-02	4.319900e-02
973           	7.096500e-02	4.642650e-02	1.020960e-02	4.297830e-02
974           	6.989970e-02	4.651350e-02	1.009010e-02	4.350300e-02
975           	7.047650e-02	4.756520e-02	1.040430e-02	4.497050e-02
976           	7.317980e-02	4.929120e-02	1.098140e-02	4.678430e-02
977           	7.607620e-02	5.078110e-02	1.142580e-02	4.874000e-02
978           	7.715070e-02	5.263280e-02	1.194180e-02	5.123720e-02
979           	7.668410e-02	5.300050e-02	1.241360e-02	5.261280e-02
980           	7.550860e-02	5.391780e-02	1.286960e-02	5.353060e-02
981           	7.476790e-02	5.395840e-02	1.318120e-02	5.380880e-02
982           	7.481910e-02	5.418140e-02	1.322690e-02	5.383020e-02
983           	7.567280e-02	5.482630e-02	1.306740e-02	5.400150e-02
984           	7.713530e-02	5.601550e-02	1.290130e-02	5.412240e-02
985           	7.747510e-02	5.512020e-02	1.274340e-02	5.331780e-02
986           	7.719620e-02	5.214990e-02	1.222040e-02	5.142180e-02
987           	7.834410e-02	4.988720e-02	1.184740e-02	4.927550e-02
988           	8.021750e-02	4.831290e-02	1.132370e-02	4.625390e-02
989           	7.905350e-02	4.735600e-02	1.082700e-02	4.370350e-02
990           	7.713920e-02	4.695990e-02	1.037170e-02	4.230090e-02
991           	7.726710e-02	4.683110e-02	1.010260e-02	4.212650e-02
992           	7.870110e-02	4.628040e-02	1.004670e-02	4.295350e-02
993           	8.214130e-02	4.494890e-02	9.930750e-03	4.305600e-02
994           	8.404230e-02	4.315200e-02	9.658760e-03	4.227060e-02
995           	8.438300e-02	4.251170e-02	9.398230e-03	4.136910e-02
996           	8.379910e-02	4.298680e-02	9.386730e-03	4.159710e-02
997           	8.400590e-02	4.430400e-02	9.829690e-03	4.247120e-02
998           	8.311760e-02	4.669630e-02	1.071450e-02	4.429490e-02
999           	8.346790e-02	4.931340e-02	1.151990e-02	4.601390e-02
1000          	8.543860e-02	5.082670e-02	1.226730e-02	4.665230e-02
