# Residuals   
# Time        	p             	Ux            	Uy            	Uz            
1             	1.000000e+00	4.777490e-01	1.000000e+00	4.311610e-01
2             	4.353170e-01	6.000790e-01	2.570220e-01	5.960400e-01
3             	4.643070e-02	4.886400e-01	1.578180e-01	4.602690e-01
4             	5.567920e-02	3.325050e-01	1.032670e-01	2.991800e-01
5             	8.735880e-02	2.574930e-01	7.929950e-02	2.383500e-01
6             	1.205940e-01	2.163680e-01	6.397970e-02	2.079380e-01
7             	1.323320e-01	1.828760e-01	5.497760e-02	1.758220e-01
8             	1.209700e-01	1.528560e-01	4.900430e-02	1.464920e-01
9             	1.076270e-01	1.281970e-01	4.308090e-02	1.170820e-01
10            	8.150330e-02	1.190890e-01	3.664210e-02	1.064110e-01
11            	6.488070e-02	1.100320e-01	3.088950e-02	1.016740e-01
12            	5.907620e-02	9.727700e-02	2.621970e-02	9.183980e-02
13            	5.729440e-02	8.307800e-02	2.298020e-02	7.968080e-02
14            	5.852430e-02	7.260200e-02	2.085280e-02	7.035860e-02
15            	6.378370e-02	6.584640e-02	1.928870e-02	6.417350e-02
16            	6.749190e-02	6.160290e-02	1.763150e-02	5.866060e-02
17            	7.056590e-02	5.837440e-02	1.607770e-02	5.452260e-02
18            	7.239250e-02	5.536650e-02	1.440310e-02	5.187950e-02
19            	7.344040e-02	5.254950e-02	1.273920e-02	4.965190e-02
20            	7.289270e-02	5.007280e-02	1.138490e-02	4.765440e-02
21            	7.083810e-02	4.806130e-02	1.054590e-02	4.601190e-02
22            	7.133620e-02	4.587820e-02	9.971590e-03	4.400130e-02
23            	7.363710e-02	4.438970e-02	9.684130e-03	4.291390e-02
24            	7.677570e-02	4.331750e-02	9.458260e-03	4.235440e-02
25            	7.882290e-02	4.253630e-02	9.329420e-03	4.174400e-02
26            	7.971530e-02	4.125700e-02	9.075020e-03	4.071150e-02
27            	7.943750e-02	4.054170e-02	9.028980e-03	4.031460e-02
28            	7.744280e-02	4.018350e-02	9.113440e-03	4.006420e-02
29            	7.574660e-02	3.967290e-02	9.042940e-03	3.964650e-02
30            	7.518090e-02	3.914770e-02	8.803490e-03	3.912700e-02
31            	7.448590e-02	3.839810e-02	8.510050e-03	3.845860e-02
32            	7.332050e-02	3.732510e-02	8.195270e-03	3.700160e-02
33            	7.263650e-02	3.666710e-02	8.015560e-03	3.587200e-02
34            	7.235420e-02	3.664800e-02	8.123150e-03	3.553380e-02
35            	7.040930e-02	3.746950e-02	8.384290e-03	3.656330e-02
36            	6.752430e-02	3.770820e-02	8.509440e-03	3.724610e-02
37            	6.636140e-02	3.808360e-02	8.471230e-03	3.762890e-02
38            	6.711690e-02	3.842000e-02	8.488150e-03	3.800940e-02
39            	6.820240e-02	3.909370e-02	8.670130e-03	3.958200e-02
40            	6.868200e-02	4.070760e-02	8.947130e-03	4.108210e-02
41            	6.884120e-02	4.283400e-02	9.542580e-03	4.220080e-02
42            	6.926910e-02	4.542360e-02	1.040710e-02	4.454730e-02
43            	7.159880e-02	4.765400e-02	1.130390e-02	4.726800e-02
44            	7.411830e-02	4.985020e-02	1.211760e-02	5.042920e-02
45            	7.649570e-02	5.044800e-02	1.265350e-02	5.259760e-02
46            	7.697390e-02	5.071750e-02	1.263940e-02	5.238360e-02
47            	7.620410e-02	4.912060e-02	1.205760e-02	4.972670e-02
48            	7.540730e-02	4.645010e-02	1.125210e-02	4.630730e-02
49            	7.466770e-02	4.455530e-02	1.061380e-02	4.455710e-02
50            	7.261270e-02	4.335500e-02	1.009070e-02	4.300110e-02
51            	7.173520e-02	4.244680e-02	9.750770e-03	4.124860e-02
52            	7.282690e-02	4.223490e-02	9.520360e-03	4.030030e-02
53            	7.359010e-02	4.173140e-02	9.273330e-03	3.946410e-02
54            	7.172500e-02	4.122070e-02	9.039160e-03	3.934250e-02
55            	7.071470e-02	4.062290e-02	9.049840e-03	3.991170e-02
56            	7.148970e-02	4.095080e-02	9.366850e-03	4.108530e-02
57            	7.169310e-02	4.153480e-02	9.746910e-03	4.263980e-02
58            	7.048180e-02	4.180790e-02	9.989850e-03	4.296850e-02
59            	6.924100e-02	4.164410e-02	9.772000e-03	4.235280e-02
60            	7.026980e-02	4.102150e-02	9.388930e-03	4.115280e-02
61            	7.141060e-02	4.126220e-02	9.062590e-03	4.026390e-02
62            	7.323190e-02	4.188160e-02	8.965800e-03	4.054340e-02
63            	7.246380e-02	4.234870e-02	9.072970e-03	4.117290e-02
64            	7.124370e-02	4.273230e-02	9.196150e-03	4.167300e-02
65            	7.101110e-02	4.299780e-02	9.417000e-03	4.166640e-02
66            	7.197340e-02	4.371530e-02	9.806660e-03	4.167120e-02
67            	7.448380e-02	4.486080e-02	1.037750e-02	4.259050e-02
68            	7.749300e-02	4.633730e-02	1.092540e-02	4.439160e-02
69            	8.002960e-02	4.753150e-02	1.143540e-02	4.668440e-02
70            	8.191980e-02	4.921610e-02	1.175780e-02	4.815540e-02
71            	8.371940e-02	4.939770e-02	1.151500e-02	4.756240e-02
72            	8.510670e-02	4.826450e-02	1.099870e-02	4.557720e-02
73            	8.388740e-02	4.839270e-02	1.091450e-02	4.519950e-02
74            	8.025170e-02	4.885200e-02	1.128790e-02	4.534510e-02
75            	7.868040e-02	4.923800e-02	1.157360e-02	4.562520e-02
76            	7.854330e-02	5.038450e-02	1.188940e-02	4.696190e-02
77            	8.147190e-02	5.252740e-02	1.231280e-02	4.902220e-02
78            	8.524370e-02	5.589610e-02	1.310720e-02	5.246940e-02
79            	9.004580e-02	5.986160e-02	1.423840e-02	5.651080e-02
80            	9.235060e-02	6.119640e-02	1.487700e-02	5.938720e-02
81            	9.050860e-02	5.891460e-02	1.472940e-02	5.984170e-02
82            	8.606600e-02	5.484550e-02	1.419720e-02	5.724620e-02
83            	8.118920e-02	5.258730e-02	1.389980e-02	5.417810e-02
84            	7.858130e-02	5.167850e-02	1.374270e-02	5.190560e-02
85            	7.804410e-02	5.235350e-02	1.344980e-02	5.141940e-02
86            	7.884220e-02	5.206210e-02	1.299330e-02	5.208880e-02
87            	7.934920e-02	5.048650e-02	1.238850e-02	5.211070e-02
88            	7.849600e-02	4.920390e-02	1.188060e-02	5.168190e-02
89            	7.696060e-02	4.809090e-02	1.129950e-02	5.040420e-02
90            	7.708900e-02	4.601290e-02	1.057800e-02	4.792450e-02
91            	7.615920e-02	4.295030e-02	9.932540e-03	4.478290e-02
92            	7.556250e-02	4.048610e-02	9.475740e-03	4.210900e-02
93            	7.480640e-02	3.933360e-02	9.152210e-03	4.013530e-02
94            	7.255160e-02	3.843700e-02	8.906730e-03	3.821580e-02
95            	7.029460e-02	3.737610e-02	8.675720e-03	3.683090e-02
96            	6.818230e-02	3.737120e-02	8.549540e-03	3.645320e-02
97            	6.703800e-02	3.693210e-02	8.614560e-03	3.645490e-02
98            	6.701830e-02	3.718800e-02	8.824670e-03	3.710170e-02
99            	6.885170e-02	3.794090e-02	9.117640e-03	3.789740e-02
100           	7.013550e-02	3.894940e-02	9.392030e-03	3.890230e-02
101           	6.987290e-02	4.026150e-02	9.584400e-03	3.965450e-02
102           	7.074990e-02	4.172480e-02	9.916410e-03	4.133410e-02
103           	7.118580e-02	4.332130e-02	1.044930e-02	4.276410e-02
104           	7.288170e-02	4.507070e-02	1.110850e-02	4.402840e-02
105           	7.542900e-02	4.686840e-02	1.186150e-02	4.558150e-02
106           	7.888450e-02	4.877200e-02	1.250360e-02	4.751100e-02
107           	8.183140e-02	5.138740e-02	1.311970e-02	4.972740e-02
108           	8.365890e-02	5.410420e-02	1.374950e-02	5.249250e-02
109           	8.562510e-02	5.813300e-02	1.474240e-02	5.716020e-02
110           	9.119470e-02	6.375250e-02	1.586390e-02	6.354400e-02
111           	9.734330e-02	6.881170e-02	1.702260e-02	6.945300e-02
112           	9.960880e-02	7.183850e-02	1.792330e-02	7.318650e-02
113           	9.923240e-02	7.219670e-02	1.871910e-02	7.742880e-02
114           	9.624210e-02	7.215580e-02	1.974030e-02	8.140770e-02
115           	9.524180e-02	7.475880e-02	2.069590e-02	8.276500e-02
116           	9.270080e-02	7.735840e-02	2.069890e-02	7.981180e-02
117           	8.834550e-02	7.748920e-02	2.048560e-02	7.554650e-02
118           	8.327930e-02	7.552150e-02	1.989400e-02	7.142300e-02
119           	7.962440e-02	7.116160e-02	1.878180e-02	6.813260e-02
120           	7.856660e-02	6.606190e-02	1.717550e-02	6.516880e-02
121           	7.789700e-02	6.233560e-02	1.565650e-02	6.287360e-02
122           	7.873730e-02	6.092170e-02	1.458380e-02	6.037240e-02
123           	7.915090e-02	6.043410e-02	1.422410e-02	5.869090e-02
124           	7.867140e-02	6.039410e-02	1.422970e-02	5.756450e-02
125           	8.170920e-02	5.876470e-02	1.400670e-02	5.683810e-02
126           	8.156610e-02	5.644250e-02	1.369770e-02	5.604700e-02
127           	7.959200e-02	5.451560e-02	1.315500e-02	5.436970e-02
128           	7.869390e-02	5.270150e-02	1.248420e-02	5.233730e-02
129           	7.743320e-02	5.121100e-02	1.187410e-02	5.039010e-02
130           	7.665480e-02	4.958660e-02	1.190330e-02	4.840460e-02
131           	7.508700e-02	4.717370e-02	1.200990e-02	4.637370e-02
132           	7.263700e-02	4.564260e-02	1.199130e-02	4.593950e-02
133           	7.178820e-02	4.529930e-02	1.191470e-02	4.776480e-02
134           	7.396590e-02	4.607100e-02	1.201030e-02	5.005340e-02
135           	7.714680e-02	4.770740e-02	1.217600e-02	5.288490e-02
136           	7.989720e-02	4.900290e-02	1.234010e-02	5.443790e-02
137           	8.166950e-02	5.088780e-02	1.253410e-02	5.553200e-02
138           	8.367810e-02	5.337310e-02	1.278650e-02	5.564180e-02
139           	8.334180e-02	5.688210e-02	1.298890e-02	5.528000e-02
140           	8.120980e-02	5.855950e-02	1.313060e-02	5.426580e-02
141           	7.829870e-02	5.867990e-02	1.346730e-02	5.370870e-02
142           	7.721830e-02	5.847390e-02	1.358660e-02	5.473730e-02
143           	7.759300e-02	5.789380e-02	1.389300e-02	5.514660e-02
144           	7.925850e-02	5.675680e-02	1.429840e-02	5.585000e-02
145           	7.896190e-02	5.516680e-02	1.434160e-02	5.584070e-02
146           	7.643800e-02	5.401170e-02	1.391520e-02	5.424350e-02
147           	7.489240e-02	5.359540e-02	1.356820e-02	5.307530e-02
148           	7.295530e-02	5.276110e-02	1.338140e-02	5.249940e-02
149           	7.226990e-02	5.222030e-02	1.326210e-02	5.226750e-02
150           	7.491580e-02	5.249790e-02	1.327010e-02	5.190130e-02
151           	7.627910e-02	5.287930e-02	1.311990e-02	5.136110e-02
152           	7.751380e-02	5.288030e-02	1.265250e-02	5.074530e-02
153           	7.883460e-02	5.289680e-02	1.235820e-02	5.090510e-02
154           	7.793990e-02	5.260640e-02	1.209130e-02	5.025610e-02
155           	7.634010e-02	5.202790e-02	1.199740e-02	4.947310e-02
156           	7.475670e-02	5.198130e-02	1.206960e-02	4.944630e-02
157           	7.455360e-02	5.252130e-02	1.248000e-02	5.086780e-02
158           	7.484240e-02	5.387250e-02	1.313960e-02	5.336390e-02
159           	7.815840e-02	5.594920e-02	1.370420e-02	5.680400e-02
160           	8.149310e-02	5.830250e-02	1.406660e-02	5.924680e-02
161           	8.356560e-02	6.069810e-02	1.428390e-02	6.002860e-02
162           	8.696560e-02	6.272680e-02	1.455110e-02	6.073900e-02
163           	8.834680e-02	6.357190e-02	1.525310e-02	6.157990e-02
164           	8.950500e-02	6.455760e-02	1.583360e-02	6.180430e-02
165           	8.797240e-02	6.601880e-02	1.686870e-02	6.228110e-02
166           	8.853490e-02	6.681820e-02	1.744860e-02	6.230550e-02
167           	8.426670e-02	6.633700e-02	1.681260e-02	6.166970e-02
168           	8.230700e-02	6.278200e-02	1.567120e-02	5.816940e-02
169           	7.899490e-02	5.917250e-02	1.473370e-02	5.429460e-02
170           	7.418190e-02	5.686170e-02	1.382710e-02	5.214150e-02
171           	7.103350e-02	5.461680e-02	1.304100e-02	5.103900e-02
172           	6.978290e-02	5.255870e-02	1.241660e-02	4.975810e-02
173           	7.401570e-02	5.068450e-02	1.211330e-02	4.764160e-02
174           	7.818280e-02	5.032100e-02	1.208510e-02	4.740800e-02
175           	7.903260e-02	5.058630e-02	1.221920e-02	4.775630e-02
176           	7.888400e-02	5.163950e-02	1.261460e-02	4.901290e-02
177           	7.902340e-02	5.355750e-02	1.315300e-02	5.040600e-02
178           	7.903080e-02	5.536620e-02	1.347980e-02	5.111410e-02
179           	7.864250e-02	5.435730e-02	1.308290e-02	4.942850e-02
180           	7.782370e-02	5.300690e-02	1.231270e-02	4.799260e-02
181           	7.544780e-02	5.152550e-02	1.188600e-02	4.678870e-02
182           	7.336010e-02	5.021160e-02	1.169910e-02	4.657610e-02
183           	7.310150e-02	5.032460e-02	1.171080e-02	4.715130e-02
184           	7.573350e-02	5.111640e-02	1.184480e-02	4.844820e-02
185           	7.731100e-02	5.217190e-02	1.198770e-02	4.931340e-02
186           	7.840310e-02	5.286390e-02	1.221390e-02	4.935440e-02
187           	7.854450e-02	5.282060e-02	1.240390e-02	4.860640e-02
188           	7.752050e-02	5.201040e-02	1.231600e-02	4.702480e-02
189           	7.696050e-02	5.106600e-02	1.226310e-02	4.638710e-02
190           	7.537810e-02	4.932120e-02	1.211050e-02	4.590140e-02
191           	7.368040e-02	4.772670e-02	1.192470e-02	4.588740e-02
192           	7.407520e-02	4.643160e-02	1.162850e-02	4.606650e-02
193           	7.418580e-02	4.570370e-02	1.139690e-02	4.571950e-02
194           	7.424810e-02	4.615900e-02	1.138350e-02	4.567810e-02
195           	7.338970e-02	4.711880e-02	1.149210e-02	4.604320e-02
196           	7.296760e-02	4.879720e-02	1.194810e-02	4.816950e-02
197           	7.419100e-02	5.185250e-02	1.262710e-02	5.196560e-02
198           	7.548680e-02	5.575860e-02	1.347490e-02	5.587310e-02
199           	7.959020e-02	5.955270e-02	1.437470e-02	5.980730e-02
200           	8.482480e-02	6.310310e-02	1.538430e-02	6.332570e-02
201           	8.773600e-02	6.629540e-02	1.647040e-02	6.592420e-02
202           	9.083910e-02	6.981160e-02	1.755900e-02	6.808880e-02
203           	9.270820e-02	7.274810e-02	1.825810e-02	6.965140e-02
204           	9.098050e-02	7.480770e-02	1.870160e-02	6.972140e-02
205           	8.659250e-02	7.730720e-02	1.865890e-02	7.147150e-02
206           	8.759020e-02	7.844060e-02	1.857140e-02	7.447850e-02
207           	9.058030e-02	7.719030e-02	1.817600e-02	7.403850e-02
208           	9.087620e-02	7.360150e-02	1.764810e-02	7.105250e-02
209           	8.657500e-02	6.835080e-02	1.676500e-02	6.530070e-02
210           	8.408100e-02	6.374340e-02	1.553220e-02	6.147580e-02
211           	8.227410e-02	5.949650e-02	1.462260e-02	5.921730e-02
212           	8.128360e-02	5.747180e-02	1.405160e-02	5.801610e-02
213           	8.270040e-02	5.515100e-02	1.373340e-02	5.573830e-02
214           	8.192190e-02	5.351020e-02	1.352910e-02	5.292040e-02
215           	8.044880e-02	5.164940e-02	1.328960e-02	5.095780e-02
216           	8.121880e-02	4.992110e-02	1.285890e-02	4.958760e-02
217           	8.193470e-02	4.892980e-02	1.225030e-02	4.858130e-02
218           	8.141730e-02	4.821710e-02	1.199160e-02	4.915390e-02
219           	7.812830e-02	4.792510e-02	1.185560e-02	4.970230e-02
220           	7.489590e-02	4.791740e-02	1.184960e-02	5.036490e-02
221           	7.477190e-02	4.757570e-02	1.203380e-02	5.073750e-02
222           	7.638230e-02	4.750020e-02	1.190520e-02	5.067710e-02
223           	7.548550e-02	4.837760e-02	1.171580e-02	5.036660e-02
224           	7.333260e-02	4.964300e-02	1.171190e-02	5.060590e-02
225           	7.171780e-02	5.182720e-02	1.205610e-02	5.083250e-02
226           	7.005370e-02	5.334270e-02	1.235270e-02	4.998010e-02
227           	7.101860e-02	5.456460e-02	1.257930e-02	4.953710e-02
228           	7.356380e-02	5.518350e-02	1.273650e-02	5.007050e-02
229           	7.448340e-02	5.491450e-02	1.285780e-02	5.012620e-02
230           	7.659420e-02	5.485140e-02	1.319270e-02	5.076210e-02
231           	8.161230e-02	5.633830e-02	1.368540e-02	5.170060e-02
232           	8.439780e-02	5.833540e-02	1.385420e-02	5.231840e-02
233           	8.382000e-02	6.035470e-02	1.405930e-02	5.210370e-02
234           	8.297570e-02	6.264880e-02	1.432740e-02	5.386440e-02
235           	8.155200e-02	6.497610e-02	1.493780e-02	5.599300e-02
236           	8.072840e-02	6.543400e-02	1.579230e-02	5.746180e-02
237           	8.202050e-02	6.714760e-02	1.654290e-02	6.065130e-02
238           	8.246580e-02	6.915680e-02	1.710930e-02	6.498950e-02
239           	8.529650e-02	7.131750e-02	1.788530e-02	7.008900e-02
240           	8.676700e-02	7.355810e-02	1.895330e-02	7.525180e-02
241           	8.825290e-02	7.540000e-02	1.943490e-02	7.819620e-02
242           	8.928820e-02	7.643430e-02	1.944070e-02	7.727750e-02
243           	8.814460e-02	7.784120e-02	1.937080e-02	7.439470e-02
244           	8.572120e-02	8.142960e-02	1.955090e-02	7.388360e-02
245           	8.800390e-02	8.664570e-02	1.998670e-02	7.476550e-02
246           	9.065610e-02	8.870390e-02	2.044960e-02	7.483630e-02
247           	9.249010e-02	8.426670e-02	2.029860e-02	7.151890e-02
248           	9.065350e-02	7.520360e-02	1.886620e-02	6.539480e-02
249           	8.618520e-02	6.622650e-02	1.736140e-02	5.950640e-02
250           	8.251730e-02	6.130170e-02	1.553750e-02	5.640940e-02
251           	8.085400e-02	5.929430e-02	1.422770e-02	5.395540e-02
252           	8.013960e-02	5.812000e-02	1.338240e-02	5.261020e-02
253           	7.958690e-02	5.665240e-02	1.265520e-02	5.180120e-02
254           	7.819780e-02	5.448930e-02	1.217030e-02	5.039640e-02
255           	7.729900e-02	5.366250e-02	1.202450e-02	5.004460e-02
256           	7.814160e-02	5.400610e-02	1.199000e-02	5.073620e-02
257           	7.791710e-02	5.416820e-02	1.219390e-02	5.224180e-02
258           	7.748400e-02	5.386900e-02	1.256420e-02	5.400120e-02
259           	7.759070e-02	5.371970e-02	1.319610e-02	5.600570e-02
260           	7.714940e-02	5.571860e-02	1.402060e-02	5.826560e-02
261           	7.600260e-02	5.838030e-02	1.478490e-02	6.050960e-02
262           	7.498110e-02	6.047800e-02	1.556850e-02	6.282970e-02
263           	7.709970e-02	6.341070e-02	1.660710e-02	6.620140e-02
264           	8.068670e-02	6.881060e-02	1.795440e-02	7.018960e-02
265           	8.584450e-02	7.701180e-02	1.935100e-02	7.458490e-02
266           	9.171220e-02	8.302540e-02	2.046070e-02	7.780030e-02
267           	9.591720e-02	8.496570e-02	2.098090e-02	8.054380e-02
268           	9.683860e-02	8.515260e-02	2.089310e-02	8.094250e-02
269           	9.686990e-02	8.301950e-02	2.021210e-02	8.003670e-02
270           	9.803850e-02	7.810790e-02	1.949440e-02	7.924530e-02
271           	9.848520e-02	7.328450e-02	1.895890e-02	7.671440e-02
272           	9.699010e-02	7.051830e-02	1.918000e-02	7.446340e-02
273           	9.184300e-02	7.143640e-02	1.978800e-02	7.256510e-02
274           	8.609230e-02	7.330000e-02	2.007610e-02	7.050280e-02
275           	8.082400e-02	7.270360e-02	1.965830e-02	6.925450e-02
276           	7.721970e-02	7.004660e-02	1.837600e-02	6.828310e-02
277           	7.425570e-02	6.705110e-02	1.689700e-02	6.648760e-02
278           	7.359040e-02	6.469620e-02	1.547350e-02	6.490400e-02
279           	7.288000e-02	6.287360e-02	1.433000e-02	6.357510e-02
280           	7.522410e-02	6.173420e-02	1.350420e-02	6.096740e-02
281           	7.598510e-02	6.116840e-02	1.287940e-02	5.787140e-02
282           	7.469360e-02	6.021080e-02	1.259140e-02	5.545150e-02
283           	7.451580e-02	5.894630e-02	1.255380e-02	5.391850e-02
284           	7.649660e-02	5.777650e-02	1.257990e-02	5.344030e-02
285           	7.952190e-02	5.736420e-02	1.271990e-02	5.423260e-02
286           	8.306790e-02	5.724720e-02	1.286220e-02	5.560970e-02
287           	8.469080e-02	5.667610e-02	1.282190e-02	5.687770e-02
288           	8.367590e-02	5.530460e-02	1.252030e-02	5.643930e-02
289           	8.317920e-02	5.419420e-02	1.221540e-02	5.519140e-02
290           	8.329420e-02	5.428070e-02	1.212650e-02	5.397000e-02
291           	8.198640e-02	5.341060e-02	1.189570e-02	5.226390e-02
292           	8.018620e-02	5.036540e-02	1.147770e-02	5.073760e-02
293           	7.949720e-02	4.913530e-02	1.133080e-02	5.133210e-02
294           	8.094950e-02	4.923940e-02	1.161570e-02	5.261420e-02
295           	8.192680e-02	4.997750e-02	1.209770e-02	5.290150e-02
296           	8.284020e-02	5.058540e-02	1.280550e-02	5.211610e-02
297           	8.325450e-02	5.080230e-02	1.321360e-02	5.089270e-02
298           	8.273230e-02	5.142190e-02	1.331350e-02	5.039120e-02
299           	7.994230e-02	5.203340e-02	1.343980e-02	5.113470e-02
300           	7.864720e-02	5.250910e-02	1.331160e-02	5.208740e-02
301           	7.900560e-02	5.404540e-02	1.322920e-02	5.419300e-02
302           	8.178460e-02	5.608270e-02	1.325000e-02	5.520880e-02
303           	8.398840e-02	5.888400e-02	1.343600e-02	5.617600e-02
304           	8.527890e-02	6.068880e-02	1.380700e-02	5.700230e-02
305           	8.573870e-02	6.240410e-02	1.466860e-02	5.800230e-02
306           	8.787200e-02	6.526310e-02	1.574910e-02	6.092100e-02
307           	9.196060e-02	6.720760e-02	1.668470e-02	6.370780e-02
308           	9.519150e-02	6.777570e-02	1.724460e-02	6.529980e-02
309           	9.488570e-02	6.587580e-02	1.687750e-02	6.429050e-02
310           	8.947530e-02	6.222900e-02	1.610910e-02	6.229870e-02
311           	8.585460e-02	5.735940e-02	1.522990e-02	5.843860e-02
312           	8.171560e-02	5.358300e-02	1.449280e-02	5.513290e-02
313           	7.860500e-02	5.076500e-02	1.383140e-02	5.245030e-02
314           	7.788650e-02	5.013450e-02	1.307050e-02	5.090320e-02
315           	7.731280e-02	5.012020e-02	1.229760e-02	4.959450e-02
316           	7.605610e-02	5.019570e-02	1.175580e-02	4.849660e-02
317           	7.492470e-02	5.029980e-02	1.158470e-02	4.800530e-02
318           	7.373250e-02	5.051600e-02	1.179040e-02	4.837260e-02
319           	7.468020e-02	5.125550e-02	1.227790e-02	4.979420e-02
320           	7.569690e-02	5.208790e-02	1.269410e-02	5.195680e-02
321           	7.839940e-02	5.304420e-02	1.279770e-02	5.284840e-02
322           	8.178030e-02	5.400680e-02	1.281510e-02	5.287280e-02
323           	8.527580e-02	5.491060e-02	1.283740e-02	5.366080e-02
324           	8.832160e-02	5.753490e-02	1.323660e-02	5.627380e-02
325           	8.936780e-02	6.020370e-02	1.439340e-02	6.039240e-02
326           	8.988760e-02	6.169560e-02	1.540730e-02	6.459740e-02
327           	8.957460e-02	6.114130e-02	1.569170e-02	6.601380e-02
328           	8.918930e-02	5.957280e-02	1.557790e-02	6.404800e-02
329           	8.675160e-02	5.876680e-02	1.499470e-02	6.020940e-02
330           	8.417330e-02	5.861980e-02	1.423530e-02	5.658650e-02
331           	8.170620e-02	5.754620e-02	1.358730e-02	5.488340e-02
332           	7.990580e-02	5.582030e-02	1.289410e-02	5.403890e-02
333           	8.017160e-02	5.321110e-02	1.258640e-02	5.232440e-02
334           	7.885070e-02	5.062580e-02	1.226840e-02	4.957310e-02
335           	7.643730e-02	4.958890e-02	1.190650e-02	4.677840e-02
336           	7.505950e-02	4.882130e-02	1.158640e-02	4.530340e-02
337           	7.394490e-02	4.861830e-02	1.161760e-02	4.513700e-02
338           	7.443900e-02	4.867210e-02	1.174090e-02	4.528960e-02
339           	7.661770e-02	4.956300e-02	1.211190e-02	4.660940e-02
340           	7.922200e-02	5.113190e-02	1.247730e-02	4.881470e-02
341           	8.146860e-02	5.292650e-02	1.273460e-02	5.052650e-02
342           	8.290230e-02	5.374120e-02	1.283350e-02	5.243610e-02
343           	8.633450e-02	5.415880e-02	1.282230e-02	5.430480e-02
344           	8.797850e-02	5.563140e-02	1.303050e-02	5.727760e-02
345           	8.963990e-02	5.787410e-02	1.376320e-02	6.078840e-02
346           	8.994800e-02	6.123010e-02	1.470160e-02	6.516850e-02
347           	8.864470e-02	6.406770e-02	1.590270e-02	6.795150e-02
348           	8.816060e-02	6.668700e-02	1.717870e-02	6.966510e-02
349           	8.847310e-02	6.853720e-02	1.797430e-02	7.021130e-02
350           	8.947730e-02	6.753520e-02	1.857740e-02	6.875970e-02
351           	8.810530e-02	6.651830e-02	1.853520e-02	6.698630e-02
352           	8.231450e-02	6.454560e-02	1.778100e-02	6.457710e-02
353           	7.556680e-02	6.186180e-02	1.650090e-02	6.219190e-02
354           	7.062250e-02	5.786710e-02	1.484030e-02	5.822570e-02
355           	6.732790e-02	5.330960e-02	1.334590e-02	5.315050e-02
356           	6.635240e-02	5.027520e-02	1.226650e-02	4.984190e-02
357           	6.717640e-02	4.886840e-02	1.182730e-02	4.870330e-02
358           	6.938800e-02	4.778140e-02	1.172440e-02	4.789820e-02
359           	7.326520e-02	4.646480e-02	1.143580e-02	4.661830e-02
360           	7.594330e-02	4.519050e-02	1.116980e-02	4.489020e-02
361           	7.639100e-02	4.466140e-02	1.102860e-02	4.419490e-02
362           	7.496360e-02	4.479280e-02	1.101080e-02	4.447110e-02
363           	7.490620e-02	4.528760e-02	1.109130e-02	4.457020e-02
364           	7.583060e-02	4.616780e-02	1.121060e-02	4.593270e-02
365           	7.665910e-02	4.705190e-02	1.131390e-02	4.737280e-02
366           	7.784290e-02	4.905240e-02	1.146440e-02	4.967090e-02
367           	7.698340e-02	5.197890e-02	1.163650e-02	5.112660e-02
368           	7.659370e-02	5.376890e-02	1.169440e-02	5.154480e-02
369           	7.532140e-02	5.414660e-02	1.197120e-02	5.055260e-02
370           	7.496140e-02	5.479210e-02	1.242600e-02	4.994840e-02
371           	7.391500e-02	5.678110e-02	1.296340e-02	5.100120e-02
372           	7.555700e-02	5.738840e-02	1.332480e-02	5.182710e-02
373           	7.774460e-02	5.658610e-02	1.349760e-02	5.188820e-02
374           	7.843520e-02	5.494310e-02	1.327770e-02	5.138060e-02
375           	7.723900e-02	5.179360e-02	1.281730e-02	4.997150e-02
376           	7.560440e-02	4.965780e-02	1.259190e-02	4.957620e-02
377           	7.388860e-02	4.805090e-02	1.241360e-02	4.878570e-02
378           	7.354570e-02	4.815900e-02	1.216710e-02	4.828000e-02
379           	7.412250e-02	4.982830e-02	1.218920e-02	4.836260e-02
380           	7.653060e-02	5.234680e-02	1.252580e-02	4.973280e-02
381           	7.946920e-02	5.484120e-02	1.313750e-02	5.193380e-02
382           	8.229280e-02	5.689280e-02	1.378060e-02	5.433650e-02
383           	8.554680e-02	5.903750e-02	1.430780e-02	5.624680e-02
384           	8.801170e-02	6.121750e-02	1.488400e-02	5.740400e-02
385           	8.858210e-02	6.331010e-02	1.552160e-02	5.935100e-02
386           	8.970000e-02	6.635990e-02	1.630160e-02	6.212400e-02
387           	9.167980e-02	6.958000e-02	1.718730e-02	6.686150e-02
388           	9.130130e-02	7.046110e-02	1.799350e-02	6.976170e-02
389           	9.068370e-02	6.911710e-02	1.871830e-02	7.085140e-02
390           	9.052130e-02	6.785840e-02	1.859390e-02	6.948920e-02
391           	8.631740e-02	6.707020e-02	1.784220e-02	6.714810e-02
392           	8.063090e-02	6.700340e-02	1.756840e-02	6.636580e-02
393           	7.619760e-02	6.888640e-02	1.773320e-02	6.723430e-02
394           	7.478820e-02	6.937850e-02	1.785910e-02	6.594350e-02
395           	7.548310e-02	6.894370e-02	1.751910e-02	6.422330e-02
396           	7.769300e-02	6.723320e-02	1.684640e-02	6.307550e-02
397           	7.824390e-02	6.355550e-02	1.591320e-02	6.095930e-02
398           	7.726740e-02	5.960060e-02	1.465170e-02	5.823370e-02
399           	7.466600e-02	5.647440e-02	1.371290e-02	5.577180e-02
400           	7.259260e-02	5.455550e-02	1.316300e-02	5.464680e-02
401           	7.412780e-02	5.373160e-02	1.328020e-02	5.508760e-02
402           	7.785960e-02	5.437920e-02	1.337780e-02	5.529890e-02
403           	8.152600e-02	5.658550e-02	1.346070e-02	5.668350e-02
404           	8.486290e-02	5.871200e-02	1.355140e-02	5.792790e-02
405           	8.610530e-02	6.031180e-02	1.373220e-02	5.835450e-02
406           	8.581130e-02	6.112000e-02	1.394630e-02	5.811270e-02
407           	8.582030e-02	6.109210e-02	1.412660e-02	5.753230e-02
408           	8.540270e-02	6.135080e-02	1.439620e-02	5.861770e-02
409           	8.565240e-02	6.241590e-02	1.463960e-02	6.122290e-02
410           	8.806230e-02	6.386680e-02	1.481130e-02	6.355310e-02
411           	9.035580e-02	6.462690e-02	1.477890e-02	6.383390e-02
412           	9.087980e-02	6.672250e-02	1.506570e-02	6.488540e-02
413           	8.972270e-02	6.911910e-02	1.534410e-02	6.523690e-02
414           	8.771740e-02	7.025340e-02	1.603630e-02	6.669700e-02
415           	8.699710e-02	7.086790e-02	1.705770e-02	6.918910e-02
416           	8.823790e-02	7.050870e-02	1.795700e-02	6.994620e-02
417           	9.038220e-02	6.915090e-02	1.795370e-02	6.903500e-02
418           	8.853220e-02	6.585550e-02	1.741690e-02	6.726710e-02
419           	8.545420e-02	6.220630e-02	1.626890e-02	6.394700e-02
420           	7.992620e-02	5.828200e-02	1.478830e-02	6.036280e-02
421           	7.553350e-02	5.625770e-02	1.382290e-02	5.741410e-02
422           	7.397220e-02	5.639720e-02	1.324180e-02	5.523940e-02
423           	7.248740e-02	5.791470e-02	1.309670e-02	5.468200e-02
424           	7.328370e-02	5.965960e-02	1.304880e-02	5.414070e-02
425           	7.395230e-02	6.045590e-02	1.298790e-02	5.348140e-02
426           	7.512840e-02	6.104340e-02	1.313560e-02	5.299520e-02
427           	7.712840e-02	6.140380e-02	1.338490e-02	5.292670e-02
428           	8.021150e-02	6.214010e-02	1.403360e-02	5.438630e-02
429           	8.266270e-02	6.323870e-02	1.476030e-02	5.681820e-02
430           	8.455910e-02	6.366890e-02	1.512310e-02	5.940490e-02
431           	8.749650e-02	6.302210e-02	1.505350e-02	6.059190e-02
432           	8.918760e-02	6.081000e-02	1.482190e-02	5.986800e-02
433           	8.884590e-02	6.054210e-02	1.488930e-02	6.023060e-02
434           	8.614570e-02	6.261810e-02	1.521800e-02	6.158780e-02
435           	8.243370e-02	6.544020e-02	1.540900e-02	6.268990e-02
436           	7.965210e-02	6.729430e-02	1.526250e-02	6.142480e-02
437           	7.897850e-02	6.890440e-02	1.521490e-02	5.944710e-02
438           	8.297970e-02	7.179880e-02	1.588740e-02	5.906510e-02
439           	8.830440e-02	7.508850e-02	1.680540e-02	6.093270e-02
440           	9.348440e-02	7.740760e-02	1.762940e-02	6.430000e-02
441           	9.569540e-02	7.927770e-02	1.833310e-02	6.840040e-02
442           	9.587240e-02	7.759630e-02	1.813540e-02	7.035290e-02
443           	9.468160e-02	7.234390e-02	1.712220e-02	6.873930e-02
444           	9.350650e-02	6.766600e-02	1.641690e-02	6.549990e-02
445           	9.085360e-02	6.554690e-02	1.627450e-02	6.344430e-02
446           	8.699960e-02	6.731230e-02	1.619220e-02	6.282050e-02
447           	8.479230e-02	7.039030e-02	1.595410e-02	6.166490e-02
448           	8.575610e-02	7.282640e-02	1.605990e-02	6.076330e-02
449           	8.751790e-02	7.371830e-02	1.629720e-02	6.217590e-02
450           	8.959220e-02	7.467300e-02	1.674320e-02	6.493200e-02
451           	9.349410e-02	7.482650e-02	1.727130e-02	6.687200e-02
452           	9.625430e-02	7.371790e-02	1.729050e-02	6.805590e-02
453           	9.642820e-02	7.133550e-02	1.691550e-02	6.757050e-02
454           	9.304880e-02	6.775380e-02	1.618520e-02	6.533890e-02
455           	8.766050e-02	6.351720e-02	1.552340e-02	6.147380e-02
456           	8.177300e-02	5.907550e-02	1.451420e-02	5.767980e-02
457           	7.843250e-02	5.589950e-02	1.358670e-02	5.512730e-02
458           	7.641250e-02	5.422220e-02	1.299030e-02	5.281300e-02
459           	7.558400e-02	5.377970e-02	1.266910e-02	5.129540e-02
460           	7.457960e-02	5.336750e-02	1.243410e-02	5.045160e-02
461           	7.208530e-02	5.266510e-02	1.225340e-02	4.944480e-02
462           	7.111800e-02	5.188300e-02	1.205300e-02	4.929760e-02
463           	7.077860e-02	5.118800e-02	1.195450e-02	4.955280e-02
464           	7.174320e-02	5.104100e-02	1.189410e-02	5.004430e-02
465           	7.230540e-02	5.089370e-02	1.208960e-02	5.061310e-02
466           	7.236620e-02	5.122060e-02	1.239890e-02	5.091800e-02
467           	7.334330e-02	5.225270e-02	1.279630e-02	5.191630e-02
468           	7.274350e-02	5.409150e-02	1.353430e-02	5.412900e-02
469           	7.440840e-02	5.579730e-02	1.429070e-02	5.664270e-02
470           	7.560450e-02	5.911310e-02	1.527320e-02	6.087040e-02
471           	7.800960e-02	6.361760e-02	1.619670e-02	6.572260e-02
472           	8.211920e-02	7.075860e-02	1.772180e-02	7.194720e-02
473           	8.681660e-02	7.714470e-02	1.912470e-02	7.614600e-02
474           	8.818660e-02	8.239530e-02	1.997780e-02	7.815390e-02
475           	9.088090e-02	8.400520e-02	2.013730e-02	7.869960e-02
476           	9.242410e-02	8.111780e-02	1.985210e-02	7.757590e-02
477           	9.478480e-02	7.531710e-02	1.935540e-02	7.449610e-02
478           	9.461140e-02	7.398100e-02	1.900700e-02	7.252570e-02
479           	9.135930e-02	7.439430e-02	1.889440e-02	7.252840e-02
480           	8.760580e-02	7.562650e-02	1.922020e-02	7.323770e-02
481           	8.408630e-02	7.606110e-02	1.935290e-02	7.358420e-02
482           	8.141470e-02	7.470290e-02	1.866110e-02	7.224330e-02
483           	7.866230e-02	7.141290e-02	1.729900e-02	6.955280e-02
484           	7.557900e-02	6.567770e-02	1.600310e-02	6.627620e-02
485           	7.401000e-02	6.101710e-02	1.482530e-02	6.327940e-02
486           	7.287270e-02	5.931820e-02	1.410420e-02	6.012730e-02
487           	7.330130e-02	5.931330e-02	1.378520e-02	5.885790e-02
488           	7.432150e-02	5.929430e-02	1.359290e-02	5.725080e-02
489           	7.565500e-02	5.808390e-02	1.337910e-02	5.487450e-02
490           	7.572670e-02	5.741760e-02	1.323760e-02	5.357960e-02
491           	7.547340e-02	5.708250e-02	1.306540e-02	5.349820e-02
492           	7.560200e-02	5.659810e-02	1.324680e-02	5.453830e-02
493           	7.624250e-02	5.631210e-02	1.349630e-02	5.673390e-02
494           	7.904060e-02	5.696880e-02	1.398320e-02	5.900440e-02
495           	8.484040e-02	5.819900e-02	1.448620e-02	6.126830e-02
496           	8.917790e-02	6.008870e-02	1.499100e-02	6.340560e-02
497           	9.082130e-02	6.245700e-02	1.542190e-02	6.393500e-02
498           	9.399410e-02	6.503160e-02	1.592770e-02	6.315390e-02
499           	9.925290e-02	6.785830e-02	1.659820e-02	6.274510e-02
500           	1.001740e-01	7.046290e-02	1.739550e-02	6.441630e-02
501           	9.540800e-02	7.009430e-02	1.781370e-02	6.684480e-02
502           	9.004330e-02	6.896690e-02	1.786040e-02	6.809270e-02
503           	8.842880e-02	7.160600e-02	1.862210e-02	6.979100e-02
504           	8.760740e-02	7.823410e-02	1.957840e-02	7.469180e-02
505           	8.531610e-02	8.520320e-02	2.065250e-02	7.816260e-02
506           	8.444310e-02	8.868650e-02	2.102830e-02	7.860750e-02
507           	8.515810e-02	8.650440e-02	2.088350e-02	7.682850e-02
508           	8.566160e-02	8.164680e-02	2.048670e-02	7.450410e-02
509           	8.362000e-02	7.499980e-02	1.986810e-02	7.170130e-02
510           	8.350750e-02	7.031270e-02	1.903890e-02	6.919810e-02
511           	8.487910e-02	6.765370e-02	1.832550e-02	6.689920e-02
512           	8.477210e-02	6.559070e-02	1.769760e-02	6.647810e-02
513           	8.173420e-02	6.441010e-02	1.733220e-02	6.642170e-02
514           	7.757660e-02	6.627060e-02	1.685340e-02	6.633960e-02
515           	7.743610e-02	6.840300e-02	1.629840e-02	6.457350e-02
516           	7.902560e-02	7.003810e-02	1.581720e-02	6.286250e-02
517           	7.930260e-02	7.088490e-02	1.542990e-02	6.185720e-02
518           	7.892370e-02	6.951010e-02	1.516940e-02	6.098630e-02
519           	8.031390e-02	6.683900e-02	1.519650e-02	6.020540e-02
520           	8.132580e-02	6.420330e-02	1.508900e-02	5.983610e-02
521           	8.335830e-02	6.263370e-02	1.471780e-02	5.898430e-02
522           	8.196690e-02	6.104460e-02	1.435410e-02	5.738140e-02
523           	7.913950e-02	6.036260e-02	1.408170e-02	5.557240e-02
524           	7.924420e-02	5.957930e-02	1.380920e-02	5.455110e-02
525           	7.944390e-02	5.961380e-02	1.360490e-02	5.454230e-02
526           	8.006840e-02	5.932150e-02	1.325150e-02	5.394480e-02
527           	7.930880e-02	5.686080e-02	1.267530e-02	5.203090e-02
528           	7.798690e-02	5.408600e-02	1.227280e-02	5.122420e-02
529           	7.464630e-02	5.139350e-02	1.186820e-02	4.930110e-02
530           	7.324990e-02	5.012930e-02	1.171200e-02	4.718660e-02
531           	7.358810e-02	5.040330e-02	1.207170e-02	4.690130e-02
532           	7.542590e-02	5.181410e-02	1.284070e-02	4.874830e-02
533           	7.778010e-02	5.471620e-02	1.405570e-02	5.234670e-02
534           	8.236470e-02	5.916890e-02	1.535600e-02	5.705130e-02
535           	8.692530e-02	6.431790e-02	1.687050e-02	6.198160e-02
536           	9.107320e-02	6.892120e-02	1.831860e-02	6.669890e-02
537           	9.430090e-02	7.305180e-02	1.974050e-02	7.175320e-02
538           	9.513170e-02	7.718840e-02	2.119460e-02	7.749970e-02
539           	9.316730e-02	8.268660e-02	2.285800e-02	8.472230e-02
540           	9.315600e-02	8.723240e-02	2.397160e-02	8.857170e-02
541           	9.396700e-02	8.792890e-02	2.400110e-02	8.914260e-02
542           	9.153290e-02	8.466930e-02	2.349950e-02	8.865730e-02
543           	8.990430e-02	8.237330e-02	2.325950e-02	8.587890e-02
544           	8.844470e-02	8.451200e-02	2.318160e-02	8.281980e-02
545           	9.045290e-02	8.836190e-02	2.271610e-02	8.072750e-02
546           	9.347780e-02	8.825170e-02	2.184350e-02	7.787230e-02
547           	9.076450e-02	8.273700e-02	2.041450e-02	7.426240e-02
548           	8.511650e-02	7.441200e-02	1.878030e-02	7.082340e-02
549           	7.885420e-02	6.767650e-02	1.797530e-02	6.831260e-02
550           	7.679900e-02	6.501380e-02	1.823030e-02	6.787380e-02
551           	7.810130e-02	6.577280e-02	1.865660e-02	6.864950e-02
552           	7.935110e-02	6.766890e-02	1.852970e-02	6.856900e-02
553           	7.863480e-02	6.981060e-02	1.828930e-02	6.932140e-02
554           	7.601080e-02	7.056220e-02	1.817330e-02	7.079450e-02
555           	7.287740e-02	7.005340e-02	1.806440e-02	7.236320e-02
556           	7.008970e-02	6.865120e-02	1.786780e-02	7.275920e-02
557           	7.099030e-02	6.718290e-02	1.750410e-02	7.192910e-02
558           	7.445700e-02	6.647800e-02	1.705080e-02	7.079150e-02
559           	7.850460e-02	6.827020e-02	1.679480e-02	6.983100e-02
560           	8.150020e-02	6.984830e-02	1.662790e-02	6.813400e-02
561           	8.278370e-02	7.036470e-02	1.671040e-02	6.705630e-02
562           	8.171450e-02	6.967310e-02	1.683560e-02	6.660280e-02
563           	8.058990e-02	6.847910e-02	1.733240e-02	6.846380e-02
564           	8.230100e-02	6.799160e-02	1.809030e-02	7.057620e-02
565           	8.523740e-02	6.691520e-02	1.790850e-02	7.117680e-02
566           	8.384290e-02	6.446020e-02	1.699990e-02	6.747980e-02
567           	7.901380e-02	6.090680e-02	1.572140e-02	6.360520e-02
568           	7.541220e-02	5.701300e-02	1.455360e-02	6.064010e-02
569           	7.523630e-02	5.443290e-02	1.353340e-02	5.763410e-02
570           	7.619950e-02	5.314090e-02	1.278530e-02	5.490970e-02
571           	7.518890e-02	5.190910e-02	1.238880e-02	5.293240e-02
572           	7.327510e-02	5.002760e-02	1.193050e-02	5.094160e-02
573           	7.143920e-02	4.804820e-02	1.148770e-02	4.892830e-02
574           	6.983380e-02	4.731640e-02	1.127740e-02	4.769590e-02
575           	6.902360e-02	4.760620e-02	1.114620e-02	4.752210e-02
576           	6.955230e-02	4.722030e-02	1.098400e-02	4.747660e-02
577           	6.976630e-02	4.647160e-02	1.082480e-02	4.743800e-02
578           	6.857960e-02	4.547720e-02	1.060780e-02	4.643850e-02
579           	6.897750e-02	4.563060e-02	1.054660e-02	4.590810e-02
580           	7.026890e-02	4.637770e-02	1.053260e-02	4.601960e-02
581           	6.910220e-02	4.719300e-02	1.066150e-02	4.658560e-02
582           	6.718990e-02	4.688330e-02	1.087510e-02	4.741650e-02
583           	6.529980e-02	4.643870e-02	1.098350e-02	4.825530e-02
584           	6.449770e-02	4.610700e-02	1.124080e-02	4.916340e-02
585           	6.474040e-02	4.609420e-02	1.151670e-02	4.993990e-02
586           	6.542630e-02	4.652100e-02	1.182460e-02	5.078320e-02
587           	6.685320e-02	4.727310e-02	1.226480e-02	5.161360e-02
588           	6.991920e-02	4.871590e-02	1.272860e-02	5.140830e-02
589           	7.428140e-02	5.061060e-02	1.326920e-02	5.153370e-02
590           	7.773990e-02	5.264430e-02	1.379430e-02	5.174900e-02
591           	8.326440e-02	5.553250e-02	1.429850e-02	5.331070e-02
592           	8.694120e-02	5.841520e-02	1.474290e-02	5.598770e-02
593           	8.895350e-02	6.172860e-02	1.512840e-02	6.009790e-02
594           	9.311610e-02	6.571010e-02	1.570240e-02	6.438630e-02
595           	9.411760e-02	7.064060e-02	1.647250e-02	6.971330e-02
596           	9.320200e-02	7.473520e-02	1.723430e-02	7.534170e-02
597           	9.287230e-02	7.676110e-02	1.810850e-02	7.911810e-02
598           	9.529550e-02	7.832110e-02	1.949120e-02	8.220010e-02
599           	1.010860e-01	7.812890e-02	2.068330e-02	8.345110e-02
600           	1.014610e-01	7.568680e-02	2.152160e-02	8.106760e-02
601           	9.868440e-02	7.361570e-02	2.139990e-02	7.659320e-02
602           	8.914350e-02	7.130680e-02	2.001200e-02	7.128620e-02
603           	7.913580e-02	6.754830e-02	1.809870e-02	6.703940e-02
604           	7.388620e-02	6.163180e-02	1.621230e-02	6.278780e-02
605           	7.355040e-02	5.652140e-02	1.466160e-02	5.917170e-02
606           	7.307390e-02	5.339170e-02	1.353930e-02	5.609820e-02
607           	7.132460e-02	5.119620e-02	1.274120e-02	5.371210e-02
608           	6.928360e-02	4.924540e-02	1.218900e-02	5.162650e-02
609           	6.830250e-02	4.846160e-02	1.199520e-02	5.155160e-02
610           	6.834890e-02	4.936660e-02	1.216190e-02	5.277120e-02
611           	6.998560e-02	5.120800e-02	1.262730e-02	5.481650e-02
612           	7.027820e-02	5.310690e-02	1.305060e-02	5.619720e-02
613           	7.035630e-02	5.424660e-02	1.312840e-02	5.596200e-02
614           	7.107500e-02	5.493730e-02	1.324890e-02	5.587210e-02
615           	7.171990e-02	5.468810e-02	1.320950e-02	5.572820e-02
616           	7.148320e-02	5.355530e-02	1.299200e-02	5.491510e-02
617           	7.221670e-02	5.189790e-02	1.272910e-02	5.306440e-02
618           	7.295930e-02	5.004770e-02	1.234130e-02	5.096680e-02
619           	7.381310e-02	4.831160e-02	1.223150e-02	4.895130e-02
620           	7.478280e-02	4.785260e-02	1.252830e-02	4.830170e-02
621           	7.727790e-02	4.838640e-02	1.277850e-02	4.840920e-02
622           	8.175680e-02	4.973500e-02	1.286500e-02	4.934230e-02
623           	8.381900e-02	5.198430e-02	1.299450e-02	5.142380e-02
624           	8.359020e-02	5.288490e-02	1.318960e-02	5.254890e-02
625           	8.405080e-02	5.291890e-02	1.348780e-02	5.350790e-02
626           	8.606470e-02	5.248790e-02	1.375680e-02	5.373530e-02
627           	8.864060e-02	5.314500e-02	1.386520e-02	5.555940e-02
628           	9.118020e-02	5.493900e-02	1.387920e-02	5.738240e-02
629           	9.107120e-02	5.619450e-02	1.375890e-02	5.933870e-02
630           	9.014740e-02	5.734970e-02	1.383990e-02	6.051350e-02
631           	8.817300e-02	5.926160e-02	1.408410e-02	6.120060e-02
632           	8.724570e-02	6.224410e-02	1.471850e-02	6.208170e-02
633           	8.936180e-02	6.565320e-02	1.533810e-02	6.358430e-02
634           	9.344440e-02	6.874490e-02	1.602260e-02	6.531030e-02
635           	9.686130e-02	7.103880e-02	1.712490e-02	6.805480e-02
636           	9.856780e-02	7.281170e-02	1.802060e-02	7.008760e-02
637           	9.918390e-02	7.238240e-02	1.816700e-02	7.047470e-02
638           	9.874650e-02	6.940220e-02	1.771330e-02	7.005960e-02
639           	9.438520e-02	6.577920e-02	1.709460e-02	6.710180e-02
640           	8.852570e-02	6.417500e-02	1.625330e-02	6.370210e-02
641           	8.412710e-02	6.438060e-02	1.542460e-02	6.152290e-02
642           	8.319650e-02	6.335970e-02	1.513350e-02	6.007610e-02
643           	8.417480e-02	6.091240e-02	1.499180e-02	5.929000e-02
644           	8.266300e-02	5.813630e-02	1.485420e-02	5.836880e-02
645           	8.075580e-02	5.660660e-02	1.492330e-02	5.780310e-02
646           	8.134940e-02	5.763960e-02	1.520610e-02	5.880170e-02
647           	8.426970e-02	6.081820e-02	1.538740e-02	6.072310e-02
648           	8.594650e-02	6.352240e-02	1.564120e-02	6.336400e-02
649           	8.531600e-02	6.404960e-02	1.561220e-02	6.379820e-02
650           	8.284090e-02	6.231160e-02	1.542510e-02	6.214780e-02
651           	8.267320e-02	6.068660e-02	1.539730e-02	6.091400e-02
652           	8.205320e-02	5.942590e-02	1.497480e-02	5.953370e-02
653           	8.291710e-02	5.882890e-02	1.462780e-02	5.816760e-02
654           	8.211650e-02	5.854310e-02	1.442860e-02	5.728650e-02
655           	8.086420e-02	5.837830e-02	1.408220e-02	5.562300e-02
656           	7.988680e-02	5.592750e-02	1.358770e-02	5.363980e-02
657           	7.943190e-02	5.211150e-02	1.320940e-02	5.247320e-02
658           	7.985980e-02	4.915320e-02	1.313620e-02	5.133390e-02
659           	8.005430e-02	4.941880e-02	1.317120e-02	5.150290e-02
660           	7.750980e-02	5.027750e-02	1.298510e-02	5.114760e-02
661           	7.367200e-02	5.113130e-02	1.275800e-02	5.050910e-02
662           	7.272050e-02	5.214460e-02	1.271960e-02	4.955070e-02
663           	7.642110e-02	5.361990e-02	1.301850e-02	4.970670e-02
664           	7.790110e-02	5.467910e-02	1.342230e-02	5.024040e-02
665           	7.815050e-02	5.518630e-02	1.386250e-02	5.095320e-02
666           	7.822550e-02	5.472560e-02	1.403230e-02	5.102790e-02
667           	8.024790e-02	5.439190e-02	1.421330e-02	5.142830e-02
668           	8.057710e-02	5.538350e-02	1.414050e-02	5.169350e-02
669           	8.186100e-02	5.903980e-02	1.427390e-02	5.355930e-02
670           	8.366890e-02	6.320170e-02	1.467570e-02	5.602180e-02
671           	8.412800e-02	6.564500e-02	1.505190e-02	5.783330e-02
672           	8.775070e-02	6.917240e-02	1.586850e-02	6.105910e-02
673           	9.091800e-02	7.302030e-02	1.708450e-02	6.563500e-02
674           	9.308910e-02	7.540820e-02	1.820530e-02	7.030690e-02
675           	9.301690e-02	7.470550e-02	1.850220e-02	7.196330e-02
676           	9.459580e-02	7.133070e-02	1.838000e-02	7.094790e-02
677           	9.471050e-02	6.962110e-02	1.819230e-02	6.948890e-02
678           	9.361200e-02	6.869460e-02	1.759530e-02	6.789590e-02
679           	9.238630e-02	6.966870e-02	1.746950e-02	6.689370e-02
680           	9.020900e-02	7.197850e-02	1.764280e-02	6.686410e-02
681           	8.774010e-02	7.447090e-02	1.789950e-02	6.600840e-02
682           	8.921860e-02	7.699420e-02	1.803800e-02	6.593660e-02
683           	8.990530e-02	7.621700e-02	1.744670e-02	6.543060e-02
684           	8.651020e-02	7.125170e-02	1.664260e-02	6.412770e-02
685           	8.206120e-02	6.600250e-02	1.585710e-02	6.323940e-02
686           	8.001180e-02	6.232430e-02	1.537520e-02	6.181700e-02
687           	8.203990e-02	6.022090e-02	1.452000e-02	6.079160e-02
688           	8.487380e-02	5.848110e-02	1.380170e-02	5.898230e-02
689           	8.591140e-02	5.759420e-02	1.342850e-02	5.769620e-02
690           	8.350950e-02	5.628170e-02	1.310680e-02	5.605020e-02
691           	8.019060e-02	5.488260e-02	1.275440e-02	5.348340e-02
692           	7.878030e-02	5.408090e-02	1.219160e-02	5.055200e-02
693           	7.961790e-02	5.352140e-02	1.165180e-02	4.884160e-02
694           	7.857240e-02	5.347920e-02	1.144630e-02	4.836640e-02
695           	7.751070e-02	5.229930e-02	1.125380e-02	4.762890e-02
696           	7.628270e-02	5.161630e-02	1.122600e-02	4.725320e-02
697           	7.710420e-02	5.267650e-02	1.143440e-02	4.795510e-02
698           	7.843680e-02	5.484020e-02	1.181760e-02	4.992010e-02
699           	7.906440e-02	5.563490e-02	1.222620e-02	5.162010e-02
700           	7.839210e-02	5.539940e-02	1.255930e-02	5.296300e-02
701           	7.828690e-02	5.474800e-02	1.262940e-02	5.314700e-02
702           	7.729440e-02	5.509870e-02	1.262420e-02	5.238410e-02
703           	7.753710e-02	5.608520e-02	1.253780e-02	5.111540e-02
704           	7.873610e-02	5.883040e-02	1.273290e-02	5.118710e-02
705           	7.944890e-02	6.180910e-02	1.324090e-02	5.275960e-02
706           	8.023890e-02	6.433320e-02	1.368280e-02	5.504810e-02
707           	8.127190e-02	6.544400e-02	1.426570e-02	5.632680e-02
708           	8.284400e-02	6.614060e-02	1.479190e-02	5.810550e-02
709           	8.387750e-02	6.640400e-02	1.524920e-02	6.141080e-02
710           	8.550570e-02	6.711650e-02	1.569830e-02	6.472090e-02
711           	8.789330e-02	7.019230e-02	1.636740e-02	6.761640e-02
712           	8.776790e-02	7.441760e-02	1.689120e-02	6.973240e-02
713           	9.005770e-02	7.739240e-02	1.799070e-02	7.113200e-02
714           	9.003780e-02	7.991650e-02	1.892520e-02	7.277950e-02
715           	8.942620e-02	8.105340e-02	1.931210e-02	7.294900e-02
716           	8.851220e-02	8.037260e-02	1.939120e-02	7.252210e-02
717           	8.847330e-02	7.429320e-02	1.849170e-02	6.760190e-02
718           	8.651020e-02	6.673660e-02	1.700540e-02	6.178940e-02
719           	8.347600e-02	6.047650e-02	1.552110e-02	5.739820e-02
720           	8.037800e-02	5.802270e-02	1.448040e-02	5.558170e-02
721           	7.665460e-02	5.857500e-02	1.391950e-02	5.378210e-02
722           	7.417900e-02	5.925880e-02	1.341410e-02	5.243150e-02
723           	7.207230e-02	5.985560e-02	1.316100e-02	5.198480e-02
724           	7.188820e-02	6.069350e-02	1.300370e-02	5.174420e-02
725           	7.413640e-02	6.064760e-02	1.297590e-02	5.117420e-02
726           	7.614110e-02	6.098760e-02	1.313750e-02	5.157300e-02
727           	7.799560e-02	6.111320e-02	1.343850e-02	5.227070e-02
728           	7.975470e-02	6.072730e-02	1.372360e-02	5.291370e-02
729           	8.332560e-02	6.079130e-02	1.383240e-02	5.441360e-02
730           	8.453270e-02	6.135050e-02	1.377180e-02	5.496180e-02
731           	8.369360e-02	6.200420e-02	1.370010e-02	5.440780e-02
732           	8.151190e-02	6.403050e-02	1.379740e-02	5.277540e-02
733           	7.830980e-02	6.633540e-02	1.427020e-02	5.232370e-02
734           	7.800930e-02	6.799200e-02	1.483710e-02	5.295090e-02
735           	8.088900e-02	6.876490e-02	1.540880e-02	5.443150e-02
736           	8.345980e-02	6.848830e-02	1.582610e-02	5.657790e-02
737           	8.555380e-02	6.674990e-02	1.580120e-02	5.759330e-02
738           	8.680020e-02	6.398490e-02	1.532250e-02	5.731280e-02
739           	8.328380e-02	6.118410e-02	1.485340e-02	5.650440e-02
740           	8.139380e-02	5.989660e-02	1.464690e-02	5.628660e-02
741           	7.962660e-02	6.014480e-02	1.471640e-02	5.601030e-02
742           	7.926460e-02	6.227140e-02	1.500450e-02	5.689710e-02
743           	8.299140e-02	6.623910e-02	1.557010e-02	5.939900e-02
744           	8.750260e-02	6.921910e-02	1.630620e-02	6.315940e-02
745           	9.221900e-02	7.179870e-02	1.699660e-02	6.682430e-02
746           	9.369520e-02	7.404930e-02	1.758790e-02	6.903960e-02
747           	9.487800e-02	7.605190e-02	1.779450e-02	7.066550e-02
748           	9.353890e-02	7.557360e-02	1.767290e-02	6.998340e-02
749           	9.311990e-02	7.298530e-02	1.783840e-02	6.852720e-02
750           	9.422070e-02	7.122660e-02	1.799500e-02	6.843650e-02
751           	9.208650e-02	7.037410e-02	1.804760e-02	6.811500e-02
752           	8.495510e-02	7.057080e-02	1.791060e-02	6.718790e-02
753           	8.221780e-02	7.274160e-02	1.779970e-02	6.625040e-02
754           	8.271310e-02	7.473490e-02	1.748710e-02	6.522300e-02
755           	8.249970e-02	7.416050e-02	1.721610e-02	6.382670e-02
756           	8.275400e-02	7.127880e-02	1.653540e-02	6.217480e-02
757           	8.253940e-02	6.658430e-02	1.551310e-02	6.079310e-02
758           	8.388330e-02	6.127120e-02	1.457510e-02	5.831810e-02
759           	8.515250e-02	5.697250e-02	1.381790e-02	5.578730e-02
760           	8.623350e-02	5.473470e-02	1.333680e-02	5.386580e-02
761           	8.559830e-02	5.419270e-02	1.326880e-02	5.336330e-02
762           	8.510770e-02	5.383140e-02	1.318140e-02	5.203720e-02
763           	8.503690e-02	5.422700e-02	1.303990e-02	5.040130e-02
764           	8.444700e-02	5.516960e-02	1.306390e-02	5.031830e-02
765           	8.312790e-02	5.645770e-02	1.347430e-02	5.212850e-02
766           	8.284720e-02	5.806540e-02	1.389530e-02	5.387140e-02
767           	8.267610e-02	5.903350e-02	1.408650e-02	5.485320e-02
768           	8.250250e-02	5.966310e-02	1.411700e-02	5.639500e-02
769           	8.170090e-02	6.003190e-02	1.443610e-02	5.848020e-02
770           	8.246760e-02	6.103000e-02	1.494500e-02	6.045110e-02
771           	8.612410e-02	6.200470e-02	1.554800e-02	6.241410e-02
772           	8.761390e-02	6.456030e-02	1.632470e-02	6.546220e-02
773           	8.846510e-02	6.886380e-02	1.714800e-02	6.813500e-02
774           	8.812470e-02	7.325030e-02	1.784660e-02	6.928190e-02
775           	8.687140e-02	7.622540e-02	1.812800e-02	6.835340e-02
776           	8.489420e-02	7.567360e-02	1.788310e-02	6.729140e-02
777           	8.281510e-02	7.262390e-02	1.768780e-02	6.651020e-02
778           	8.411750e-02	6.906600e-02	1.776280e-02	6.703660e-02
779           	8.582320e-02	6.552010e-02	1.750490e-02	6.780530e-02
780           	8.634660e-02	6.234610e-02	1.650490e-02	6.685720e-02
781           	8.509140e-02	6.047110e-02	1.544960e-02	6.459760e-02
782           	8.248450e-02	5.944550e-02	1.467760e-02	6.240690e-02
783           	7.990650e-02	5.959690e-02	1.440310e-02	6.037220e-02
784           	7.897780e-02	6.032600e-02	1.432240e-02	5.910620e-02
785           	8.122500e-02	6.274210e-02	1.460560e-02	5.916950e-02
786           	8.289760e-02	6.500400e-02	1.486500e-02	5.996010e-02
787           	8.488130e-02	6.618470e-02	1.528750e-02	6.168400e-02
788           	8.566540e-02	6.693160e-02	1.572630e-02	6.224380e-02
789           	8.614980e-02	6.644720e-02	1.589940e-02	6.242440e-02
790           	8.571000e-02	6.501290e-02	1.541030e-02	6.175130e-02
791           	8.444870e-02	6.404510e-02	1.496030e-02	6.093010e-02
792           	8.406830e-02	6.414310e-02	1.524380e-02	6.015590e-02
793           	8.367830e-02	6.434160e-02	1.530160e-02	5.947050e-02
794           	8.466100e-02	6.522320e-02	1.500770e-02	5.892370e-02
795           	8.381070e-02	6.742070e-02	1.505700e-02	5.859120e-02
796           	8.520640e-02	6.833600e-02	1.580170e-02	5.876890e-02
797           	8.591830e-02	6.801130e-02	1.597830e-02	5.844010e-02
798           	8.274710e-02	6.511660e-02	1.561280e-02	5.794970e-02
799           	7.967150e-02	6.202500e-02	1.523260e-02	5.658740e-02
800           	8.051370e-02	6.120690e-02	1.506940e-02	5.628350e-02
801           	8.210010e-02	6.250730e-02	1.460990e-02	5.580960e-02
802           	8.214170e-02	6.316810e-02	1.432930e-02	5.595620e-02
803           	8.187950e-02	6.377570e-02	1.429480e-02	5.730540e-02
804           	7.903610e-02	6.389790e-02	1.436370e-02	5.902180e-02
805           	7.719200e-02	6.352020e-02	1.431200e-02	6.020050e-02
806           	7.756460e-02	6.208630e-02	1.420850e-02	5.992860e-02
807           	7.677410e-02	6.028370e-02	1.400980e-02	5.870340e-02
808           	7.503880e-02	5.704700e-02	1.351300e-02	5.706130e-02
809           	7.379330e-02	5.409640e-02	1.306080e-02	5.526040e-02
810           	7.316680e-02	5.378320e-02	1.278570e-02	5.329230e-02
811           	7.293680e-02	5.417730e-02	1.263350e-02	5.206860e-02
812           	7.458460e-02	5.502660e-02	1.256490e-02	5.127090e-02
813           	7.595090e-02	5.659970e-02	1.269980e-02	5.115340e-02
814           	7.675690e-02	5.745190e-02	1.285400e-02	5.162540e-02
815           	7.818180e-02	5.721080e-02	1.287180e-02	5.158630e-02
816           	7.776560e-02	5.531100e-02	1.267440e-02	5.073510e-02
817           	7.715800e-02	5.226930e-02	1.240220e-02	4.889770e-02
818           	7.751160e-02	4.957360e-02	1.199580e-02	4.660640e-02
819           	7.716690e-02	4.820500e-02	1.165250e-02	4.530710e-02
820           	7.610060e-02	4.719530e-02	1.161090e-02	4.466290e-02
821           	7.533370e-02	4.691040e-02	1.135900e-02	4.369850e-02
822           	7.434470e-02	4.766470e-02	1.133370e-02	4.298440e-02
823           	7.586250e-02	4.922050e-02	1.182250e-02	4.411400e-02
824           	7.802790e-02	5.184040e-02	1.278770e-02	4.661700e-02
825           	8.047830e-02	5.535400e-02	1.351970e-02	4.952320e-02
826           	8.195080e-02	5.840110e-02	1.404210e-02	5.258400e-02
827           	8.258370e-02	6.130920e-02	1.451930e-02	5.587340e-02
828           	8.242500e-02	6.444640e-02	1.502930e-02	6.014670e-02
829           	8.215280e-02	6.838210e-02	1.591240e-02	6.658530e-02
830           	8.304440e-02	7.104420e-02	1.693180e-02	7.261000e-02
831           	8.610920e-02	7.507480e-02	1.820350e-02	7.794250e-02
832           	9.338640e-02	7.781050e-02	1.987020e-02	8.118760e-02
833           	9.683640e-02	7.961200e-02	2.144680e-02	8.329200e-02
834           	9.599140e-02	8.079890e-02	2.233430e-02	8.287040e-02
835           	9.119670e-02	7.843310e-02	2.225990e-02	7.976740e-02
836           	8.539490e-02	7.389340e-02	2.170630e-02	7.587240e-02
837           	8.242020e-02	6.887370e-02	2.065140e-02	7.426760e-02
838           	8.098300e-02	6.533730e-02	1.934210e-02	7.329820e-02
839           	8.064780e-02	6.260060e-02	1.850190e-02	7.169440e-02
840           	8.177460e-02	6.187120e-02	1.834240e-02	7.053150e-02
841           	8.534020e-02	6.259620e-02	1.819940e-02	6.929900e-02
842           	8.802500e-02	6.516710e-02	1.810520e-02	6.821260e-02
843           	8.777830e-02	6.816150e-02	1.796980e-02	6.730180e-02
844           	8.624620e-02	7.167090e-02	1.781690e-02	6.736530e-02
845           	8.690280e-02	7.496330e-02	1.809500e-02	6.923490e-02
846           	8.923020e-02	7.911950e-02	1.874690e-02	7.356810e-02
847           	9.147140e-02	8.426770e-02	1.963360e-02	7.863750e-02
848           	9.364100e-02	8.866400e-02	2.032010e-02	8.239540e-02
849           	9.206810e-02	8.754410e-02	2.032550e-02	8.218800e-02
850           	8.715430e-02	8.064920e-02	1.997540e-02	7.687900e-02
851           	8.126530e-02	7.182240e-02	1.909700e-02	7.006770e-02
852           	7.740830e-02	6.374330e-02	1.789530e-02	6.330000e-02
853           	7.629910e-02	5.952290e-02	1.699350e-02	5.984060e-02
854           	7.652920e-02	6.031100e-02	1.622250e-02	6.001620e-02
855           	7.786340e-02	6.207660e-02	1.562550e-02	6.080930e-02
856           	7.915670e-02	6.347680e-02	1.507130e-02	6.081890e-02
857           	7.846610e-02	6.293690e-02	1.474530e-02	6.001340e-02
858           	7.825820e-02	6.077680e-02	1.427870e-02	5.843370e-02
859           	7.941480e-02	5.884020e-02	1.360390e-02	5.626410e-02
860           	7.893550e-02	5.709010e-02	1.309880e-02	5.377430e-02
861           	7.820500e-02	5.621670e-02	1.298280e-02	5.244930e-02
862           	7.696970e-02	5.572510e-02	1.320260e-02	5.205740e-02
863           	7.616950e-02	5.630570e-02	1.391290e-02	5.367640e-02
864           	7.740870e-02	5.708230e-02	1.446220e-02	5.553120e-02
865           	7.846150e-02	5.680750e-02	1.431650e-02	5.643880e-02
866           	7.895710e-02	5.695120e-02	1.395620e-02	5.618070e-02
867           	7.855830e-02	5.678910e-02	1.379380e-02	5.529910e-02
868           	7.724010e-02	5.589930e-02	1.368300e-02	5.463870e-02
869           	7.343240e-02	5.562230e-02	1.387520e-02	5.453650e-02
870           	7.252110e-02	5.596510e-02	1.446210e-02	5.531490e-02
871           	7.541100e-02	5.666180e-02	1.493310e-02	5.573280e-02
872           	7.716330e-02	5.717820e-02	1.531180e-02	5.708110e-02
873           	7.792110e-02	5.839790e-02	1.532530e-02	5.729300e-02
874           	8.115170e-02	6.171510e-02	1.557150e-02	5.790150e-02
875           	8.379910e-02	6.386330e-02	1.553100e-02	5.965760e-02
876           	8.218150e-02	6.548610e-02	1.541830e-02	6.091300e-02
877           	8.099630e-02	6.723050e-02	1.539790e-02	6.215370e-02
878           	7.940200e-02	6.871280e-02	1.573540e-02	6.373860e-02
879           	7.836510e-02	6.783250e-02	1.581600e-02	6.437240e-02
880           	7.846530e-02	6.379790e-02	1.563390e-02	6.224700e-02
881           	7.737230e-02	5.766150e-02	1.519000e-02	5.785710e-02
882           	7.473030e-02	5.262250e-02	1.448300e-02	5.384010e-02
883           	7.118180e-02	4.964230e-02	1.341490e-02	5.153280e-02
884           	6.804060e-02	4.895420e-02	1.261310e-02	5.043980e-02
885           	6.806390e-02	4.874900e-02	1.207900e-02	4.990010e-02
886           	6.906710e-02	4.993520e-02	1.211600e-02	5.071650e-02
887           	7.049300e-02	5.207840e-02	1.253300e-02	5.195910e-02
888           	7.283400e-02	5.448100e-02	1.321640e-02	5.321880e-02
889           	7.493360e-02	5.786000e-02	1.419730e-02	5.528420e-02
890           	7.749830e-02	6.254330e-02	1.532360e-02	5.830480e-02
891           	8.091420e-02	6.734960e-02	1.651560e-02	6.247390e-02
892           	8.490000e-02	7.110330e-02	1.745840e-02	6.581170e-02
893           	8.830090e-02	7.249250e-02	1.815190e-02	6.884130e-02
894           	8.851460e-02	7.380580e-02	1.855820e-02	7.222660e-02
895           	9.021950e-02	7.302990e-02	1.849870e-02	7.312340e-02
896           	9.373640e-02	7.212670e-02	1.843180e-02	7.261060e-02
897           	9.903180e-02	7.155420e-02	1.814430e-02	7.243220e-02
898           	9.907190e-02	7.026830e-02	1.808480e-02	7.265930e-02
899           	9.657750e-02	7.079180e-02	1.802990e-02	7.300580e-02
900           	9.415270e-02	7.397770e-02	1.837770e-02	7.326090e-02
901           	9.149730e-02	7.740380e-02	1.867250e-02	7.134720e-02
902           	8.880160e-02	7.886670e-02	1.847810e-02	6.846850e-02
903           	8.683180e-02	7.874180e-02	1.797630e-02	6.727860e-02
904           	8.553160e-02	7.556640e-02	1.716220e-02	6.581060e-02
905           	8.284210e-02	6.941820e-02	1.585260e-02	6.384370e-02
906           	7.822180e-02	6.224100e-02	1.479530e-02	6.069210e-02
907           	7.401840e-02	5.821300e-02	1.410510e-02	5.748850e-02
908           	7.138450e-02	5.591600e-02	1.341460e-02	5.510280e-02
909           	7.065480e-02	5.328030e-02	1.280260e-02	5.277780e-02
910           	7.225330e-02	5.102860e-02	1.224940e-02	5.141370e-02
911           	7.257970e-02	5.008520e-02	1.194280e-02	5.182290e-02
912           	7.126530e-02	5.035700e-02	1.187690e-02	5.259210e-02
913           	7.112510e-02	5.137800e-02	1.188130e-02	5.349270e-02
914           	7.121530e-02	5.262990e-02	1.208830e-02	5.458580e-02
915           	7.081960e-02	5.441850e-02	1.250320e-02	5.631330e-02
916           	7.157830e-02	5.562800e-02	1.278010e-02	5.714930e-02
917           	7.301100e-02	5.618670e-02	1.281250e-02	5.634490e-02
918           	7.441840e-02	5.783770e-02	1.294720e-02	5.574400e-02
919           	7.945560e-02	6.110300e-02	1.349820e-02	5.668280e-02
920           	8.555130e-02	6.437890e-02	1.420510e-02	5.865470e-02
921           	8.821730e-02	6.492560e-02	1.452950e-02	5.913630e-02
922           	8.839540e-02	6.426990e-02	1.490110e-02	5.907480e-02
923           	8.965470e-02	6.429690e-02	1.489950e-02	6.044350e-02
924           	9.119000e-02	6.414570e-02	1.484280e-02	6.108090e-02
925           	9.196550e-02	6.209500e-02	1.467240e-02	6.167120e-02
926           	9.173400e-02	5.888310e-02	1.420440e-02	6.020920e-02
927           	9.049840e-02	5.803990e-02	1.369440e-02	5.818080e-02
928           	8.656700e-02	5.789810e-02	1.317920e-02	5.672510e-02
929           	8.329920e-02	5.646720e-02	1.268770e-02	5.419110e-02
930           	7.977780e-02	5.498690e-02	1.262570e-02	5.210830e-02
931           	7.749630e-02	5.580520e-02	1.281580e-02	5.159970e-02
932           	7.578040e-02	5.769550e-02	1.321230e-02	5.283800e-02
933           	7.630360e-02	5.930150e-02	1.359880e-02	5.480180e-02
934           	8.017650e-02	5.988040e-02	1.390020e-02	5.622310e-02
935           	8.444160e-02	6.016970e-02	1.399630e-02	5.782430e-02
936           	8.641030e-02	5.854740e-02	1.386900e-02	5.770300e-02
937           	8.520370e-02	5.668510e-02	1.378720e-02	5.709990e-02
938           	8.304310e-02	5.502070e-02	1.398700e-02	5.722800e-02
939           	8.067950e-02	5.491070e-02	1.428880e-02	5.810340e-02
940           	7.951880e-02	5.519780e-02	1.464190e-02	5.863190e-02
941           	8.076700e-02	5.776860e-02	1.491390e-02	6.061140e-02
942           	8.312460e-02	6.147610e-02	1.516870e-02	6.294090e-02
943           	8.626460e-02	6.412630e-02	1.519770e-02	6.402090e-02
944           	8.998970e-02	6.596050e-02	1.524360e-02	6.477760e-02
945           	9.126950e-02	6.720780e-02	1.565750e-02	6.683750e-02
946           	8.958490e-02	6.762680e-02	1.641600e-02	6.801380e-02
947           	8.809920e-02	6.650060e-02	1.716180e-02	6.692250e-02
948           	8.485860e-02	6.463110e-02	1.732810e-02	6.463820e-02
949           	8.554900e-02	6.377210e-02	1.719480e-02	6.279950e-02
950           	8.669920e-02	6.208350e-02	1.654400e-02	5.940190e-02
951           	8.332060e-02	5.859330e-02	1.550080e-02	5.619470e-02
952           	7.736800e-02	5.554010e-02	1.463610e-02	5.548590e-02
953           	7.492020e-02	5.385930e-02	1.399990e-02	5.575370e-02
954           	7.501620e-02	5.437710e-02	1.353300e-02	5.567290e-02
955           	7.767540e-02	5.612680e-02	1.341950e-02	5.518030e-02
956           	7.853060e-02	5.763980e-02	1.354370e-02	5.402940e-02
957           	7.927680e-02	5.760230e-02	1.329000e-02	5.253590e-02
958           	7.935060e-02	5.526540e-02	1.301400e-02	5.030140e-02
959           	7.881820e-02	5.217040e-02	1.272270e-02	4.848720e-02
960           	7.795910e-02	4.978360e-02	1.234270e-02	4.738240e-02
961           	7.595750e-02	4.927680e-02	1.215510e-02	4.601150e-02
962           	7.672010e-02	4.987110e-02	1.228580e-02	4.555220e-02
963           	8.114590e-02	5.209350e-02	1.277420e-02	4.608030e-02
964           	8.345700e-02	5.443150e-02	1.325620e-02	4.737170e-02
965           	8.446220e-02	5.675450e-02	1.384100e-02	5.044390e-02
966           	8.503960e-02	5.970350e-02	1.449660e-02	5.423970e-02
967           	8.427290e-02	6.382200e-02	1.544020e-02	5.840530e-02
968           	8.414580e-02	6.696330e-02	1.630860e-02	6.274680e-02
969           	8.840000e-02	7.015280e-02	1.757820e-02	6.904920e-02
970           	9.309410e-02	7.384920e-02	1.926880e-02	7.603630e-02
971           	9.648460e-02	7.769870e-02	2.066210e-02	8.148160e-02
972           	1.010380e-01	8.225650e-02	2.143620e-02	8.425260e-02
973           	1.020630e-01	8.421550e-02	2.152770e-02	8.331490e-02
974           	9.554050e-02	8.349240e-02	2.136020e-02	7.899280e-02
975           	9.055380e-02	8.333310e-02	2.074080e-02	7.446130e-02
976           	8.860640e-02	8.155450e-02	1.928500e-02	7.019660e-02
977           	8.828800e-02	7.449830e-02	1.726170e-02	6.488540e-02
978           	8.607210e-02	6.464460e-02	1.546650e-02	5.906480e-02
979           	8.350030e-02	5.732430e-02	1.424380e-02	5.476360e-02
980           	8.111490e-02	5.384100e-02	1.361970e-02	5.259390e-02
981           	8.051340e-02	5.322940e-02	1.336700e-02	5.160840e-02
982           	7.883010e-02	5.243910e-02	1.328350e-02	5.110610e-02
983           	7.462150e-02	5.238340e-02	1.335750e-02	5.212600e-02
984           	7.027420e-02	5.362770e-02	1.359640e-02	5.394210e-02
985           	6.964940e-02	5.490610e-02	1.369150e-02	5.590960e-02
986           	7.092130e-02	5.591560e-02	1.351310e-02	5.621450e-02
987           	7.245110e-02	5.647400e-02	1.318800e-02	5.515790e-02
988           	7.424200e-02	5.614840e-02	1.290530e-02	5.386140e-02
989           	7.646130e-02	5.522590e-02	1.273440e-02	5.268010e-02
990           	7.759880e-02	5.357430e-02	1.256640e-02	5.026130e-02
991           	7.871480e-02	5.198830e-02	1.247780e-02	4.832550e-02
992           	7.918450e-02	5.081020e-02	1.226990e-02	4.670520e-02
993           	8.042580e-02	5.038570e-02	1.205790e-02	4.577030e-02
994           	8.126240e-02	5.121690e-02	1.225490e-02	4.622590e-02
995           	8.329780e-02	5.291920e-02	1.231230e-02	4.770980e-02
996           	8.665980e-02	5.541530e-02	1.262600e-02	5.030660e-02
997           	8.990180e-02	5.731090e-02	1.304750e-02	5.284790e-02
998           	9.150300e-02	5.990230e-02	1.343230e-02	5.570060e-02
999           	9.309050e-02	6.158710e-02	1.407180e-02	5.868600e-02
1000          	9.292670e-02	6.292270e-02	1.474390e-02	6.229140e-02
