# Residuals   
# Time        	p             	Ux            	Uy            	Uz            
1             	1.000000e+00	5.162660e-01	1.000000e+00	4.692970e-01
2             	4.710110e-01	6.003310e-01	2.570680e-01	5.962870e-01
3             	4.826880e-02	4.896650e-01	1.593690e-01	4.604110e-01
4             	5.551810e-02	3.312850e-01	1.057950e-01	2.992540e-01
5             	8.698660e-02	2.560510e-01	8.117440e-02	2.380110e-01
6             	1.198520e-01	2.171730e-01	6.558030e-02	2.085290e-01
7             	1.312660e-01	1.850210e-01	5.637170e-02	1.774320e-01
8             	1.205860e-01	1.549760e-01	5.028570e-02	1.481370e-01
9             	1.075510e-01	1.298070e-01	4.419770e-02	1.182510e-01
10            	8.154340e-02	1.206770e-01	3.755730e-02	1.076460e-01
11            	6.517880e-02	1.115920e-01	3.167910e-02	1.031380e-01
12            	5.960460e-02	9.881380e-02	2.691650e-02	9.319480e-02
13            	5.782280e-02	8.461670e-02	2.360560e-02	8.094680e-02
14            	5.956140e-02	7.404580e-02	2.148110e-02	7.167040e-02
15            	6.512060e-02	6.704810e-02	1.986540e-02	6.554350e-02
16            	6.921410e-02	6.276040e-02	1.815910e-02	6.001070e-02
17            	7.220950e-02	5.968880e-02	1.652990e-02	5.591630e-02
18            	7.455640e-02	5.679040e-02	1.485060e-02	5.330820e-02
19            	7.548330e-02	5.398120e-02	1.314770e-02	5.120470e-02
20            	7.433540e-02	5.155360e-02	1.184630e-02	4.927640e-02
21            	7.217060e-02	4.936450e-02	1.091840e-02	4.744040e-02
22            	7.294550e-02	4.755960e-02	1.031750e-02	4.573150e-02
23            	7.546820e-02	4.613310e-02	1.005160e-02	4.429530e-02
24            	7.885770e-02	4.479930e-02	9.874710e-03	4.344880e-02
25            	8.083670e-02	4.393930e-02	9.773400e-03	4.295110e-02
26            	8.179910e-02	4.286400e-02	9.587610e-03	4.199250e-02
27            	8.077480e-02	4.234110e-02	9.584890e-03	4.187400e-02
28            	7.774450e-02	4.202970e-02	9.683780e-03	4.237780e-02
29            	7.733610e-02	4.174860e-02	9.677710e-03	4.218560e-02
30            	7.666840e-02	4.136440e-02	9.523330e-03	4.164190e-02
31            	7.678530e-02	4.085110e-02	9.230160e-03	4.085590e-02
32            	7.671380e-02	4.031100e-02	8.884700e-03	3.940490e-02
33            	7.708290e-02	4.024020e-02	8.817880e-03	3.831910e-02
34            	7.668170e-02	4.090080e-02	9.194260e-03	3.849620e-02
35            	7.559640e-02	4.217160e-02	9.778540e-03	4.033520e-02
36            	7.481160e-02	4.345410e-02	1.021720e-02	4.263030e-02
37            	7.512300e-02	4.458210e-02	1.048920e-02	4.444870e-02
38            	7.540240e-02	4.549110e-02	1.072350e-02	4.589220e-02
39            	7.622540e-02	4.733290e-02	1.112580e-02	4.819820e-02
40            	7.763910e-02	5.036360e-02	1.157290e-02	5.111500e-02
41            	7.748690e-02	5.239030e-02	1.207530e-02	5.336480e-02
42            	7.871760e-02	5.415770e-02	1.301450e-02	5.649460e-02
43            	8.214320e-02	5.545580e-02	1.412820e-02	6.030110e-02
44            	8.285970e-02	5.605820e-02	1.496770e-02	6.268540e-02
45            	8.171570e-02	5.696750e-02	1.508020e-02	6.153260e-02
46            	7.871700e-02	5.600870e-02	1.471340e-02	5.805660e-02
47            	7.630900e-02	5.427640e-02	1.389940e-02	5.471480e-02
48            	7.528640e-02	5.232010e-02	1.283510e-02	5.124970e-02
49            	7.477670e-02	4.949210e-02	1.174800e-02	4.786110e-02
50            	7.559920e-02	4.697620e-02	1.098180e-02	4.444110e-02
51            	7.420010e-02	4.417090e-02	1.014900e-02	4.089140e-02
52            	7.104080e-02	4.115460e-02	9.428930e-03	3.819200e-02
53            	6.796300e-02	3.840850e-02	8.896600e-03	3.625200e-02
54            	6.487700e-02	3.715820e-02	8.653160e-03	3.592760e-02
55            	6.388570e-02	3.723870e-02	8.575980e-03	3.642030e-02
56            	6.278400e-02	3.735280e-02	8.527680e-03	3.665020e-02
57            	6.214450e-02	3.757800e-02	8.662710e-03	3.744970e-02
58            	6.298280e-02	3.808990e-02	8.847720e-03	3.866140e-02
59            	6.395300e-02	3.891020e-02	9.126360e-03	3.980530e-02
60            	6.480820e-02	3.980390e-02	9.212590e-03	4.044720e-02
61            	6.581700e-02	4.105640e-02	9.380350e-03	4.113760e-02
62            	6.748060e-02	4.227160e-02	9.746490e-03	4.189230e-02
63            	7.049470e-02	4.392010e-02	1.042910e-02	4.289860e-02
64            	7.412540e-02	4.547710e-02	1.130940e-02	4.431450e-02
65            	7.789370e-02	4.770720e-02	1.242670e-02	4.651450e-02
66            	8.199340e-02	5.052780e-02	1.363950e-02	4.925300e-02
67            	8.776510e-02	5.364930e-02	1.479660e-02	5.212040e-02
68            	9.210600e-02	5.763260e-02	1.596970e-02	5.652020e-02
69            	9.472900e-02	6.177610e-02	1.720760e-02	6.146810e-02
70            	9.618030e-02	6.605280e-02	1.857540e-02	6.751800e-02
71            	9.707000e-02	7.115540e-02	1.981630e-02	7.458680e-02
72            	9.962860e-02	7.657220e-02	2.111450e-02	8.130470e-02
73            	9.916900e-02	8.106560e-02	2.224730e-02	8.660430e-02
74            	1.006610e-01	8.453610e-02	2.345840e-02	9.110870e-02
75            	1.035800e-01	8.708140e-02	2.466700e-02	9.366950e-02
76            	1.053060e-01	8.734210e-02	2.530930e-02	9.321710e-02
77            	1.005420e-01	8.413540e-02	2.501870e-02	8.604550e-02
78            	8.966330e-02	7.838690e-02	2.421560e-02	7.871290e-02
79            	7.907810e-02	7.207760e-02	2.261900e-02	7.452830e-02
80            	7.322570e-02	6.688710e-02	2.045700e-02	7.280660e-02
81            	7.214850e-02	6.475290e-02	1.885830e-02	7.221900e-02
82            	7.264680e-02	6.438690e-02	1.775110e-02	7.153140e-02
83            	7.479320e-02	6.466070e-02	1.699150e-02	7.058190e-02
84            	7.553830e-02	6.449840e-02	1.660300e-02	6.996080e-02
85            	7.647920e-02	6.521360e-02	1.684510e-02	7.027400e-02
86            	8.039980e-02	6.679160e-02	1.722100e-02	6.866520e-02
87            	8.350180e-02	6.668140e-02	1.735540e-02	6.678070e-02
88            	8.430460e-02	6.536380e-02	1.741460e-02	6.548650e-02
89            	8.350920e-02	6.514510e-02	1.736440e-02	6.577250e-02
90            	8.651190e-02	6.602090e-02	1.741010e-02	6.693570e-02
91            	9.054730e-02	6.690200e-02	1.751790e-02	6.846490e-02
92            	9.365830e-02	6.853260e-02	1.754040e-02	7.006550e-02
93            	9.558580e-02	7.273090e-02	1.808680e-02	7.267360e-02
94            	9.490540e-02	7.745810e-02	1.903290e-02	7.682770e-02
95            	9.350300e-02	8.015020e-02	2.065320e-02	8.065810e-02
96            	9.201400e-02	8.205570e-02	2.214570e-02	8.302520e-02
97            	9.156370e-02	8.399020e-02	2.299350e-02	8.467610e-02
98            	8.806360e-02	8.474780e-02	2.288610e-02	8.520060e-02
99            	8.316230e-02	8.368750e-02	2.195830e-02	8.345090e-02
100           	7.884360e-02	8.041990e-02	2.080250e-02	7.805570e-02
101           	7.651420e-02	7.648130e-02	1.952810e-02	7.240440e-02
102           	7.774150e-02	7.265330e-02	1.851350e-02	6.909590e-02
103           	7.729630e-02	6.886540e-02	1.785280e-02	6.721960e-02
104           	7.785830e-02	6.586750e-02	1.730790e-02	6.625400e-02
105           	7.658820e-02	6.333530e-02	1.642300e-02	6.504250e-02
106           	7.456270e-02	5.979200e-02	1.529860e-02	6.141980e-02
107           	7.330650e-02	5.634440e-02	1.416960e-02	5.697510e-02
108           	7.231700e-02	5.350930e-02	1.315520e-02	5.251840e-02
109           	7.127800e-02	5.199040e-02	1.267750e-02	4.973500e-02
110           	6.998860e-02	5.072590e-02	1.234440e-02	4.791840e-02
111           	6.879210e-02	5.010230e-02	1.220390e-02	4.713240e-02
112           	6.910540e-02	4.988710e-02	1.222550e-02	4.742210e-02
113           	6.925420e-02	5.042320e-02	1.248030e-02	4.781840e-02
114           	7.080580e-02	5.194820e-02	1.292390e-02	4.893420e-02
115           	7.303100e-02	5.408900e-02	1.364190e-02	5.093570e-02
116           	7.563520e-02	5.592770e-02	1.451470e-02	5.354440e-02
117           	8.088360e-02	5.834570e-02	1.544560e-02	5.706550e-02
118           	8.456180e-02	6.106310e-02	1.615390e-02	6.047520e-02
119           	8.847380e-02	6.334770e-02	1.655650e-02	6.328440e-02
120           	9.069510e-02	6.451480e-02	1.669250e-02	6.529530e-02
121           	9.083740e-02	6.578870e-02	1.657270e-02	6.732920e-02
122           	9.023190e-02	6.895900e-02	1.654170e-02	6.931330e-02
123           	8.944380e-02	7.125550e-02	1.691040e-02	7.089590e-02
124           	9.063310e-02	7.302670e-02	1.784930e-02	7.242940e-02
125           	9.024610e-02	7.161270e-02	1.833250e-02	7.185160e-02
126           	8.611980e-02	6.867420e-02	1.820060e-02	6.795330e-02
127           	8.118740e-02	6.688120e-02	1.802600e-02	6.492590e-02
128           	7.786210e-02	6.659460e-02	1.735780e-02	6.291910e-02
129           	7.663490e-02	6.405560e-02	1.658050e-02	5.946710e-02
130           	7.690150e-02	6.067810e-02	1.567310e-02	5.628230e-02
131           	7.581390e-02	5.761460e-02	1.481600e-02	5.376050e-02
132           	7.207310e-02	5.496000e-02	1.379320e-02	5.150200e-02
133           	7.220840e-02	5.259320e-02	1.306840e-02	4.811060e-02
134           	7.314600e-02	5.262750e-02	1.289090e-02	4.571190e-02
135           	7.553830e-02	5.455740e-02	1.294070e-02	4.527190e-02
136           	7.802970e-02	5.694030e-02	1.329530e-02	4.654480e-02
137           	8.086440e-02	5.921330e-02	1.367130e-02	4.923370e-02
138           	8.097280e-02	6.015860e-02	1.392650e-02	5.128400e-02
139           	7.937380e-02	6.010190e-02	1.429060e-02	5.280640e-02
140           	7.607120e-02	5.961590e-02	1.467330e-02	5.407990e-02
141           	7.428080e-02	6.110230e-02	1.534160e-02	5.574440e-02
142           	7.623010e-02	6.465990e-02	1.645200e-02	5.783740e-02
143           	7.823800e-02	6.663510e-02	1.709050e-02	6.039080e-02
144           	7.899300e-02	6.832830e-02	1.768870e-02	6.496780e-02
145           	8.114300e-02	7.124010e-02	1.857250e-02	7.032520e-02
146           	8.361160e-02	7.373940e-02	1.944180e-02	7.378950e-02
147           	8.548300e-02	7.448630e-02	1.976810e-02	7.467200e-02
148           	8.622070e-02	7.300430e-02	1.958940e-02	7.335030e-02
149           	8.421670e-02	7.035230e-02	1.877390e-02	7.047990e-02
150           	8.260410e-02	6.778670e-02	1.781930e-02	6.768100e-02
151           	7.924520e-02	6.661700e-02	1.708370e-02	6.482330e-02
152           	7.866010e-02	6.765900e-02	1.695620e-02	6.362930e-02
153           	7.885990e-02	6.967140e-02	1.686280e-02	6.365590e-02
154           	7.990530e-02	7.062470e-02	1.680660e-02	6.374570e-02
155           	8.122500e-02	6.914200e-02	1.652740e-02	6.352560e-02
156           	8.307770e-02	6.629180e-02	1.608730e-02	6.254940e-02
157           	8.314260e-02	6.438990e-02	1.569480e-02	6.128040e-02
158           	8.046640e-02	6.305720e-02	1.548170e-02	6.042840e-02
159           	7.758330e-02	6.199070e-02	1.530050e-02	5.968480e-02
160           	7.648780e-02	6.147680e-02	1.510140e-02	5.832780e-02
161           	7.816870e-02	6.055540e-02	1.490160e-02	5.654780e-02
162           	7.940600e-02	5.847460e-02	1.455540e-02	5.519140e-02
163           	8.133040e-02	5.595470e-02	1.422260e-02	5.398300e-02
164           	8.172620e-02	5.479830e-02	1.411430e-02	5.318470e-02
165           	8.243560e-02	5.634080e-02	1.424310e-02	5.440230e-02
166           	8.385640e-02	5.954820e-02	1.456670e-02	5.688180e-02
167           	8.605630e-02	6.340960e-02	1.514310e-02	6.083170e-02
168           	8.601980e-02	6.838760e-02	1.592630e-02	6.659400e-02
169           	8.597470e-02	7.089170e-02	1.652190e-02	6.905900e-02
170           	8.396140e-02	7.369330e-02	1.732570e-02	7.271120e-02
171           	8.223340e-02	7.501750e-02	1.828620e-02	7.476700e-02
172           	8.284190e-02	7.422140e-02	1.871250e-02	7.342930e-02
173           	8.208960e-02	7.120390e-02	1.854800e-02	6.991980e-02
174           	8.189570e-02	6.755510e-02	1.812660e-02	6.750120e-02
175           	8.078920e-02	6.514960e-02	1.764370e-02	6.615420e-02
176           	8.012730e-02	6.318530e-02	1.712170e-02	6.515980e-02
177           	7.984910e-02	6.086000e-02	1.627640e-02	6.315700e-02
178           	7.853630e-02	5.908060e-02	1.543980e-02	6.122480e-02
179           	7.820150e-02	5.918220e-02	1.523240e-02	6.043050e-02
180           	7.887620e-02	6.239570e-02	1.554670e-02	6.145880e-02
181           	8.074240e-02	6.587650e-02	1.583200e-02	6.192650e-02
182           	8.280830e-02	6.931080e-02	1.635990e-02	6.295750e-02
183           	8.462010e-02	7.137570e-02	1.681180e-02	6.410180e-02
184           	8.573830e-02	7.267240e-02	1.695460e-02	6.437520e-02
185           	8.700680e-02	7.217640e-02	1.680240e-02	6.400830e-02
186           	8.522680e-02	7.001290e-02	1.640160e-02	6.325210e-02
187           	8.455250e-02	6.764150e-02	1.620980e-02	6.236780e-02
188           	8.348710e-02	6.727540e-02	1.636890e-02	6.294420e-02
189           	8.529420e-02	6.733310e-02	1.661150e-02	6.278160e-02
190           	8.473850e-02	6.731020e-02	1.672950e-02	6.269040e-02
191           	8.177800e-02	6.715230e-02	1.646740e-02	6.386110e-02
192           	7.837120e-02	6.569650e-02	1.610590e-02	6.394650e-02
193           	7.534880e-02	6.394470e-02	1.591700e-02	6.193940e-02
194           	7.490460e-02	6.373830e-02	1.579410e-02	6.113610e-02
195           	7.517820e-02	6.486400e-02	1.568420e-02	6.053220e-02
196           	7.516990e-02	6.653050e-02	1.543840e-02	6.030070e-02
197           	7.558990e-02	6.582960e-02	1.523050e-02	6.010400e-02
198           	7.428270e-02	6.331810e-02	1.462960e-02	5.899530e-02
199           	7.389370e-02	6.034500e-02	1.395430e-02	5.759040e-02
200           	7.419650e-02	5.798370e-02	1.349030e-02	5.654910e-02
201           	7.463200e-02	5.588690e-02	1.337870e-02	5.579670e-02
202           	7.531910e-02	5.402040e-02	1.333510e-02	5.438340e-02
203           	7.972370e-02	5.363270e-02	1.357750e-02	5.392800e-02
204           	8.582530e-02	5.472160e-02	1.388440e-02	5.430240e-02
205           	8.913180e-02	5.731070e-02	1.411030e-02	5.506200e-02
206           	8.909390e-02	5.986250e-02	1.431300e-02	5.537830e-02
207           	9.013360e-02	6.242290e-02	1.440900e-02	5.567710e-02
208           	8.764560e-02	6.364720e-02	1.423180e-02	5.687450e-02
209           	8.551830e-02	6.226770e-02	1.400910e-02	5.641990e-02
210           	8.263030e-02	5.945150e-02	1.385100e-02	5.569160e-02
211           	7.961910e-02	5.617630e-02	1.355690e-02	5.440300e-02
212           	7.754050e-02	5.351430e-02	1.314490e-02	5.270050e-02
213           	7.625490e-02	5.244660e-02	1.288140e-02	5.192430e-02
214           	7.487950e-02	5.264220e-02	1.291570e-02	5.192350e-02
215           	7.682880e-02	5.362460e-02	1.307180e-02	5.165470e-02
216           	7.914520e-02	5.419160e-02	1.318410e-02	5.124360e-02
217           	7.996810e-02	5.410260e-02	1.323260e-02	5.123720e-02
218           	7.989780e-02	5.428250e-02	1.327780e-02	5.220910e-02
219           	8.123200e-02	5.479720e-02	1.342840e-02	5.313940e-02
220           	8.130170e-02	5.507270e-02	1.357870e-02	5.277350e-02
221           	8.323890e-02	5.583740e-02	1.358430e-02	5.192990e-02
222           	8.444250e-02	5.679290e-02	1.386920e-02	5.149120e-02
223           	8.499490e-02	5.645330e-02	1.403740e-02	5.133800e-02
224           	8.521120e-02	5.512010e-02	1.401760e-02	5.083940e-02
225           	8.447420e-02	5.570770e-02	1.401360e-02	5.149380e-02
226           	8.219740e-02	5.717720e-02	1.423950e-02	5.265480e-02
227           	8.172870e-02	5.873380e-02	1.429000e-02	5.440140e-02
228           	8.140010e-02	6.129280e-02	1.449870e-02	5.672880e-02
229           	8.160160e-02	6.382930e-02	1.482730e-02	5.910040e-02
230           	8.228660e-02	6.631520e-02	1.544430e-02	6.153460e-02
231           	8.402700e-02	6.927880e-02	1.609390e-02	6.506570e-02
232           	8.519420e-02	7.098620e-02	1.701310e-02	6.847100e-02
233           	8.656390e-02	7.299900e-02	1.770300e-02	7.068470e-02
234           	8.710830e-02	7.379570e-02	1.815770e-02	7.076220e-02
235           	8.612770e-02	7.339190e-02	1.856900e-02	6.931280e-02
236           	8.555440e-02	7.122730e-02	1.893470e-02	6.754510e-02
237           	8.672630e-02	6.638110e-02	1.830000e-02	6.389860e-02
238           	8.675560e-02	6.116090e-02	1.714930e-02	6.044970e-02
239           	8.573480e-02	5.868690e-02	1.638160e-02	5.829930e-02
240           	8.527840e-02	5.819690e-02	1.594420e-02	5.725340e-02
241           	8.280320e-02	5.917520e-02	1.556730e-02	5.723660e-02
242           	8.162250e-02	6.027840e-02	1.512310e-02	5.678430e-02
243           	8.121030e-02	6.118800e-02	1.468680e-02	5.589250e-02
244           	7.938510e-02	6.160220e-02	1.421730e-02	5.500320e-02
245           	7.801240e-02	6.111650e-02	1.397340e-02	5.441630e-02
246           	7.655040e-02	6.125630e-02	1.389350e-02	5.488510e-02
247           	7.562040e-02	6.159850e-02	1.393510e-02	5.575940e-02
248           	7.498250e-02	6.079890e-02	1.360770e-02	5.603660e-02
249           	7.469350e-02	5.966330e-02	1.327720e-02	5.513030e-02
250           	7.336360e-02	5.885140e-02	1.305640e-02	5.457830e-02
251           	7.347660e-02	5.752270e-02	1.286790e-02	5.374150e-02
252           	7.190720e-02	5.559590e-02	1.250390e-02	5.251260e-02
253           	7.014520e-02	5.300070e-02	1.202650e-02	5.033730e-02
254           	6.862860e-02	5.085640e-02	1.153620e-02	4.834160e-02
255           	6.833540e-02	4.888800e-02	1.112820e-02	4.717410e-02
256           	6.982190e-02	4.799230e-02	1.097070e-02	4.648390e-02
257           	7.088790e-02	4.813080e-02	1.099370e-02	4.675280e-02
258           	7.140980e-02	4.874270e-02	1.106640e-02	4.733550e-02
259           	7.373530e-02	4.885120e-02	1.115710e-02	4.724680e-02
260           	7.473070e-02	4.891610e-02	1.120350e-02	4.746200e-02
261           	7.631180e-02	5.031590e-02	1.166330e-02	4.898910e-02
262           	7.591020e-02	5.182500e-02	1.232360e-02	5.012040e-02
263           	7.704970e-02	5.321000e-02	1.302110e-02	5.135610e-02
264           	7.924090e-02	5.346390e-02	1.384250e-02	5.228810e-02
265           	8.261320e-02	5.397680e-02	1.447130e-02	5.301670e-02
266           	8.451890e-02	5.524750e-02	1.463090e-02	5.331130e-02
267           	8.421010e-02	5.664240e-02	1.455400e-02	5.427460e-02
268           	8.445290e-02	5.761370e-02	1.430980e-02	5.517420e-02
269           	8.304960e-02	5.902990e-02	1.427330e-02	5.568010e-02
270           	8.148510e-02	5.990890e-02	1.454920e-02	5.653550e-02
271           	8.094560e-02	6.146300e-02	1.473100e-02	5.864910e-02
272           	8.501370e-02	6.380630e-02	1.493270e-02	6.155300e-02
273           	8.914330e-02	6.610400e-02	1.529810e-02	6.472730e-02
274           	9.091810e-02	6.944150e-02	1.623710e-02	6.878820e-02
275           	9.341190e-02	7.185090e-02	1.727210e-02	7.170590e-02
276           	9.575350e-02	7.336440e-02	1.828380e-02	7.309180e-02
277           	9.749460e-02	7.263960e-02	1.884740e-02	7.260380e-02
278           	9.598510e-02	7.062440e-02	1.925210e-02	7.094720e-02
279           	9.146910e-02	7.016350e-02	1.906770e-02	6.923180e-02
280           	8.588730e-02	6.902940e-02	1.876940e-02	6.861430e-02
281           	8.132250e-02	6.773550e-02	1.840500e-02	6.880730e-02
282           	7.794670e-02	6.652220e-02	1.807190e-02	6.915420e-02
283           	7.664320e-02	6.438020e-02	1.754450e-02	6.822990e-02
284           	7.949210e-02	6.406160e-02	1.692730e-02	6.710920e-02
285           	8.470600e-02	6.473900e-02	1.625320e-02	6.572570e-02
286           	8.631980e-02	6.492830e-02	1.588620e-02	6.378970e-02
287           	8.273730e-02	6.417240e-02	1.539230e-02	6.062960e-02
288           	8.227030e-02	6.387930e-02	1.515340e-02	5.942890e-02
289           	8.377350e-02	6.195750e-02	1.499980e-02	5.936490e-02
290           	8.599770e-02	5.941590e-02	1.453260e-02	5.869430e-02
291           	8.406430e-02	5.669370e-02	1.368980e-02	5.722210e-02
292           	8.005770e-02	5.516010e-02	1.302790e-02	5.639930e-02
293           	7.750050e-02	5.376490e-02	1.241490e-02	5.533280e-02
294           	7.616840e-02	5.168950e-02	1.195460e-02	5.284520e-02
295           	7.449810e-02	4.952630e-02	1.137870e-02	4.989550e-02
296           	7.262790e-02	4.719880e-02	1.077000e-02	4.791500e-02
297           	7.232750e-02	4.535560e-02	1.023190e-02	4.655010e-02
298           	7.231250e-02	4.384990e-02	9.876140e-03	4.453120e-02
299           	7.126940e-02	4.251800e-02	9.746310e-03	4.189740e-02
300           	6.973010e-02	4.155440e-02	9.762050e-03	4.008020e-02
301           	6.840530e-02	4.069670e-02	9.690640e-03	3.981930e-02
302           	6.784610e-02	4.076470e-02	9.668680e-03	4.031810e-02
303           	6.860540e-02	4.201250e-02	9.985090e-03	4.136090e-02
304           	6.919180e-02	4.313400e-02	1.050490e-02	4.265020e-02
305           	7.040740e-02	4.476020e-02	1.099570e-02	4.439600e-02
306           	7.435770e-02	4.691690e-02	1.153530e-02	4.603520e-02
307           	7.713830e-02	4.796810e-02	1.191540e-02	4.681380e-02
308           	7.800090e-02	4.830990e-02	1.215550e-02	4.658850e-02
309           	7.872450e-02	4.851070e-02	1.221140e-02	4.738400e-02
310           	7.932770e-02	4.868130e-02	1.230480e-02	4.838000e-02
311           	7.997350e-02	4.961990e-02	1.259450e-02	5.113830e-02
312           	8.156760e-02	5.277070e-02	1.294230e-02	5.456080e-02
313           	8.272680e-02	5.675950e-02	1.342440e-02	5.763250e-02
314           	8.270160e-02	6.080220e-02	1.422940e-02	6.124730e-02
315           	8.257580e-02	6.690470e-02	1.521040e-02	6.531970e-02
316           	8.504440e-02	7.367630e-02	1.637960e-02	6.858060e-02
317           	8.969670e-02	7.823440e-02	1.760920e-02	7.094080e-02
318           	8.958000e-02	7.990690e-02	1.882110e-02	7.082420e-02
319           	9.020410e-02	7.865050e-02	1.898800e-02	7.007770e-02
320           	9.016560e-02	7.417620e-02	1.849880e-02	6.777670e-02
321           	8.753490e-02	6.647120e-02	1.744920e-02	6.348760e-02
322           	8.291520e-02	6.090980e-02	1.646940e-02	6.053590e-02
323           	7.796710e-02	5.946060e-02	1.568830e-02	6.034720e-02
324           	7.608260e-02	6.125960e-02	1.516810e-02	5.954590e-02
325           	7.684380e-02	6.394860e-02	1.498650e-02	5.915520e-02
326           	7.838410e-02	6.561510e-02	1.476300e-02	5.894740e-02
327           	7.880470e-02	6.650840e-02	1.444730e-02	5.801010e-02
328           	7.791890e-02	6.794890e-02	1.432500e-02	5.851600e-02
329           	7.706030e-02	6.788550e-02	1.415080e-02	5.847850e-02
330           	7.711960e-02	6.614590e-02	1.418300e-02	5.907170e-02
331           	7.873570e-02	6.324010e-02	1.402060e-02	5.874500e-02
332           	7.938680e-02	6.153290e-02	1.365240e-02	5.859300e-02
333           	8.202050e-02	6.053800e-02	1.350980e-02	5.830630e-02
334           	8.281160e-02	5.872860e-02	1.323840e-02	5.663660e-02
335           	8.206040e-02	5.620530e-02	1.278700e-02	5.379910e-02
336           	7.833510e-02	5.402480e-02	1.205680e-02	5.081390e-02
337           	7.452760e-02	5.182800e-02	1.152260e-02	4.795390e-02
338           	7.172270e-02	5.097010e-02	1.111240e-02	4.512040e-02
339           	7.270610e-02	5.145440e-02	1.095460e-02	4.364670e-02
340           	7.461010e-02	5.183220e-02	1.088420e-02	4.350080e-02
341           	7.554090e-02	5.210410e-02	1.095160e-02	4.383560e-02
342           	7.575810e-02	5.129180e-02	1.089830e-02	4.383860e-02
343           	7.471440e-02	5.039510e-02	1.090010e-02	4.412550e-02
344           	7.348030e-02	4.964220e-02	1.071980e-02	4.425940e-02
345           	7.300270e-02	4.955770e-02	1.057970e-02	4.383180e-02
346           	7.496560e-02	5.064310e-02	1.058320e-02	4.347200e-02
347           	7.670240e-02	5.188800e-02	1.067030e-02	4.350530e-02
348           	7.912200e-02	5.326340e-02	1.104150e-02	4.415170e-02
349           	8.186110e-02	5.469600e-02	1.184340e-02	4.564220e-02
350           	8.437820e-02	5.631990e-02	1.271330e-02	4.746600e-02
351           	8.538290e-02	5.739940e-02	1.347920e-02	4.971980e-02
352           	8.630840e-02	5.841400e-02	1.407180e-02	5.255610e-02
353           	8.608940e-02	6.036500e-02	1.478400e-02	5.700530e-02
354           	8.287280e-02	6.402290e-02	1.567380e-02	6.192350e-02
355           	8.283290e-02	6.877810e-02	1.709760e-02	6.780690e-02
356           	8.591670e-02	7.536270e-02	1.894830e-02	7.540480e-02
357           	8.843470e-02	8.187810e-02	2.064170e-02	8.135830e-02
358           	9.041810e-02	8.508530e-02	2.197700e-02	8.444360e-02
359           	9.161450e-02	8.381600e-02	2.197260e-02	8.230730e-02
360           	9.082000e-02	7.656820e-02	2.120890e-02	7.626680e-02
361           	8.804460e-02	6.808100e-02	1.992430e-02	6.966920e-02
362           	8.723990e-02	6.439540e-02	1.876440e-02	6.546500e-02
363           	8.746530e-02	6.482210e-02	1.836840e-02	6.511660e-02
364           	8.665100e-02	6.763630e-02	1.832720e-02	6.666230e-02
365           	8.631600e-02	6.860250e-02	1.824960e-02	6.743820e-02
366           	8.456590e-02	6.817840e-02	1.754420e-02	6.735850e-02
367           	8.216710e-02	6.567110e-02	1.650550e-02	6.614680e-02
368           	8.092070e-02	6.245200e-02	1.555190e-02	6.341820e-02
369           	7.948860e-02	6.053520e-02	1.500920e-02	6.090600e-02
370           	7.926460e-02	6.074960e-02	1.471990e-02	5.984970e-02
371           	7.868310e-02	6.022180e-02	1.453590e-02	5.882990e-02
372           	8.024180e-02	5.934890e-02	1.448800e-02	5.843560e-02
373           	8.033330e-02	5.851410e-02	1.415430e-02	5.723190e-02
374           	7.978540e-02	5.748700e-02	1.385930e-02	5.628100e-02
375           	8.054100e-02	5.643340e-02	1.361870e-02	5.494920e-02
376           	8.205150e-02	5.655600e-02	1.355180e-02	5.526420e-02
377           	8.099720e-02	5.532200e-02	1.336310e-02	5.523700e-02
378           	7.929920e-02	5.408490e-02	1.301530e-02	5.540630e-02
379           	7.636830e-02	5.266700e-02	1.249390e-02	5.444310e-02
380           	7.518460e-02	5.252740e-02	1.215210e-02	5.257200e-02
381           	7.672450e-02	5.313090e-02	1.204190e-02	5.201120e-02
382           	7.706800e-02	5.306590e-02	1.205060e-02	5.159080e-02
383           	7.557110e-02	5.225430e-02	1.209090e-02	5.153140e-02
384           	7.410800e-02	5.176630e-02	1.201150e-02	5.157120e-02
385           	7.252560e-02	5.121250e-02	1.184450e-02	5.057540e-02
386           	7.157510e-02	5.065670e-02	1.176810e-02	4.962970e-02
387           	7.234050e-02	5.069630e-02	1.198520e-02	4.917970e-02
388           	7.225570e-02	5.041980e-02	1.240340e-02	4.923780e-02
389           	7.297250e-02	4.980420e-02	1.269660e-02	5.010850e-02
390           	7.481290e-02	4.965970e-02	1.309770e-02	5.104820e-02
391           	7.666720e-02	5.116820e-02	1.347130e-02	5.199460e-02
392           	8.073090e-02	5.358500e-02	1.377180e-02	5.267320e-02
393           	8.187500e-02	5.506820e-02	1.381160e-02	5.260530e-02
394           	8.127880e-02	5.600880e-02	1.369700e-02	5.283980e-02
395           	8.254790e-02	5.828590e-02	1.390670e-02	5.453170e-02
396           	8.375120e-02	5.997000e-02	1.429460e-02	5.675350e-02
397           	8.636510e-02	6.179340e-02	1.475350e-02	6.007460e-02
398           	8.894140e-02	6.339750e-02	1.520600e-02	6.403140e-02
399           	8.856180e-02	6.663980e-02	1.605940e-02	6.894450e-02
400           	8.716770e-02	6.796660e-02	1.702550e-02	7.067860e-02
401           	8.671040e-02	7.033970e-02	1.806700e-02	7.182940e-02
402           	8.856470e-02	7.205390e-02	1.877020e-02	7.259500e-02
403           	8.775420e-02	7.129350e-02	1.882830e-02	7.180000e-02
404           	8.679040e-02	6.617560e-02	1.854640e-02	6.882500e-02
405           	8.269220e-02	5.994990e-02	1.788130e-02	6.482080e-02
406           	7.976900e-02	5.725240e-02	1.672500e-02	6.266270e-02
407           	7.935120e-02	5.720780e-02	1.565420e-02	6.152920e-02
408           	8.048800e-02	5.781670e-02	1.473180e-02	6.060700e-02
409           	8.037580e-02	5.809270e-02	1.418090e-02	5.997870e-02
410           	7.822440e-02	5.742180e-02	1.386280e-02	5.841060e-02
411           	7.514160e-02	5.590810e-02	1.347780e-02	5.596310e-02
412           	7.375630e-02	5.384730e-02	1.312310e-02	5.287740e-02
413           	7.271020e-02	5.222420e-02	1.288360e-02	5.084160e-02
414           	7.226620e-02	5.115070e-02	1.285950e-02	4.998020e-02
415           	7.228820e-02	5.162960e-02	1.314240e-02	5.048880e-02
416           	7.538980e-02	5.342020e-02	1.347110e-02	5.292620e-02
417           	7.983790e-02	5.589750e-02	1.386550e-02	5.604690e-02
418           	8.446360e-02	5.876560e-02	1.429840e-02	5.882980e-02
419           	8.764410e-02	6.045420e-02	1.442860e-02	5.994300e-02
420           	8.986590e-02	6.163210e-02	1.476670e-02	6.126530e-02
421           	9.158110e-02	6.297950e-02	1.548060e-02	6.314760e-02
422           	9.208920e-02	6.530400e-02	1.644930e-02	6.514570e-02
423           	8.938820e-02	6.738660e-02	1.715590e-02	6.668040e-02
424           	8.805750e-02	6.747260e-02	1.742580e-02	6.604940e-02
425           	8.527070e-02	6.447770e-02	1.704770e-02	6.379830e-02
426           	8.323000e-02	6.087290e-02	1.667770e-02	6.023290e-02
427           	8.198250e-02	5.930340e-02	1.620710e-02	5.782240e-02
428           	8.084280e-02	5.988110e-02	1.576850e-02	5.981210e-02
429           	7.939810e-02	5.984330e-02	1.501070e-02	5.960520e-02
430           	7.747050e-02	5.767520e-02	1.424190e-02	5.667650e-02
431           	7.541570e-02	5.594560e-02	1.361230e-02	5.319890e-02
432           	7.418370e-02	5.566280e-02	1.325510e-02	5.210230e-02
433           	7.450650e-02	5.524590e-02	1.321670e-02	5.161010e-02
434           	7.556480e-02	5.458420e-02	1.309700e-02	5.168840e-02
435           	7.567470e-02	5.338340e-02	1.272640e-02	5.062300e-02
436           	7.417690e-02	5.238410e-02	1.234190e-02	4.928230e-02
437           	7.147000e-02	5.096780e-02	1.207670e-02	4.842260e-02
438           	7.120270e-02	5.044160e-02	1.177070e-02	4.752280e-02
439           	7.096240e-02	5.002770e-02	1.142100e-02	4.651430e-02
440           	6.974930e-02	4.955050e-02	1.108600e-02	4.549900e-02
441           	7.016100e-02	4.893360e-02	1.079420e-02	4.394480e-02
442           	7.088000e-02	4.812960e-02	1.063600e-02	4.261540e-02
443           	7.224120e-02	4.865830e-02	1.076320e-02	4.293040e-02
444           	7.277320e-02	4.937660e-02	1.090790e-02	4.414560e-02
445           	7.288050e-02	5.025500e-02	1.130110e-02	4.563590e-02
446           	7.410340e-02	5.154660e-02	1.176700e-02	4.789340e-02
447           	7.442090e-02	5.243660e-02	1.205210e-02	5.023230e-02
448           	7.383980e-02	5.286850e-02	1.224270e-02	5.096330e-02
449           	7.422300e-02	5.490030e-02	1.257350e-02	5.133410e-02
450           	7.558070e-02	5.790680e-02	1.331560e-02	5.166970e-02
451           	7.819900e-02	6.107530e-02	1.402510e-02	5.304900e-02
452           	7.949360e-02	6.268960e-02	1.467510e-02	5.599560e-02
453           	7.995040e-02	6.231620e-02	1.512190e-02	5.739030e-02
454           	8.058110e-02	6.156390e-02	1.557750e-02	5.848650e-02
455           	7.959740e-02	6.058870e-02	1.558330e-02	5.948000e-02
456           	7.984050e-02	6.114260e-02	1.584830e-02	6.152450e-02
457           	8.106750e-02	6.440430e-02	1.644360e-02	6.436090e-02
458           	8.127450e-02	6.823220e-02	1.713530e-02	6.678330e-02
459           	8.200330e-02	7.370550e-02	1.813870e-02	6.967960e-02
460           	8.471370e-02	7.986340e-02	1.950900e-02	7.304320e-02
461           	8.737810e-02	8.476320e-02	2.101240e-02	7.618650e-02
462           	8.975520e-02	8.549050e-02	2.164200e-02	7.666850e-02
463           	9.231030e-02	8.346230e-02	2.120240e-02	7.472180e-02
464           	9.208730e-02	7.748950e-02	2.009220e-02	7.051570e-02
465           	8.967010e-02	7.002820e-02	1.892590e-02	6.746840e-02
466           	8.418520e-02	6.357250e-02	1.809170e-02	6.593860e-02
467           	8.010480e-02	6.073400e-02	1.761190e-02	6.438740e-02
468           	7.932200e-02	6.175970e-02	1.749400e-02	6.356600e-02
469           	8.111540e-02	6.447620e-02	1.715560e-02	6.397530e-02
470           	8.302440e-02	6.741100e-02	1.700630e-02	6.347770e-02
471           	8.562190e-02	7.077020e-02	1.706750e-02	6.286580e-02
472           	8.603760e-02	7.401720e-02	1.720270e-02	6.373220e-02
473           	8.607290e-02	7.513590e-02	1.747150e-02	6.524200e-02
474           	8.443390e-02	7.385890e-02	1.761150e-02	6.594380e-02
475           	8.298980e-02	7.070180e-02	1.734220e-02	6.647330e-02
476           	8.305210e-02	6.784300e-02	1.697380e-02	6.675400e-02
477           	8.529380e-02	6.668090e-02	1.679260e-02	6.755300e-02
478           	8.812530e-02	6.657420e-02	1.667100e-02	6.916970e-02
479           	9.049970e-02	6.745730e-02	1.693660e-02	6.949920e-02
480           	9.159460e-02	6.873260e-02	1.715080e-02	6.855700e-02
481           	9.262510e-02	7.005760e-02	1.722440e-02	6.646080e-02
482           	9.045950e-02	7.169440e-02	1.718920e-02	6.448780e-02
483           	8.623060e-02	7.184870e-02	1.716070e-02	6.333900e-02
484           	8.342800e-02	6.978370e-02	1.679380e-02	6.255570e-02
485           	8.185090e-02	6.651790e-02	1.638810e-02	6.237050e-02
486           	7.909790e-02	6.375310e-02	1.587260e-02	6.167870e-02
487           	7.626950e-02	6.182340e-02	1.545850e-02	6.083540e-02
488           	7.412980e-02	6.149920e-02	1.517440e-02	6.080430e-02
489           	7.456850e-02	6.197420e-02	1.493920e-02	6.018880e-02
490           	7.425880e-02	6.191650e-02	1.440410e-02	5.817290e-02
491           	7.228630e-02	6.102790e-02	1.396090e-02	5.627760e-02
492           	7.142880e-02	6.120670e-02	1.387820e-02	5.527870e-02
493           	7.512560e-02	6.234880e-02	1.414860e-02	5.526890e-02
494           	7.897290e-02	6.200420e-02	1.433360e-02	5.517990e-02
495           	7.992790e-02	6.043120e-02	1.441920e-02	5.581600e-02
496           	7.876150e-02	5.788690e-02	1.406300e-02	5.565190e-02
497           	7.598360e-02	5.555990e-02	1.371320e-02	5.460160e-02
498           	7.466060e-02	5.291730e-02	1.355370e-02	5.261860e-02
499           	7.491750e-02	5.252960e-02	1.344470e-02	5.098560e-02
500           	7.523850e-02	5.367090e-02	1.323210e-02	5.060820e-02
501           	7.508710e-02	5.409070e-02	1.304200e-02	5.021960e-02
502           	7.699210e-02	5.391170e-02	1.281620e-02	4.947630e-02
503           	7.853380e-02	5.443260e-02	1.294920e-02	5.062080e-02
504           	7.714990e-02	5.626310e-02	1.357890e-02	5.486540e-02
505           	7.881070e-02	5.783640e-02	1.424040e-02	5.813800e-02
506           	8.358430e-02	5.845200e-02	1.477010e-02	6.015830e-02
507           	8.547370e-02	5.976970e-02	1.534430e-02	6.235050e-02
508           	8.558850e-02	6.136360e-02	1.584510e-02	6.341250e-02
509           	8.832960e-02	6.291910e-02	1.611400e-02	6.308450e-02
510           	9.140850e-02	6.382170e-02	1.634210e-02	6.254700e-02
511           	9.152960e-02	6.323000e-02	1.641550e-02	6.100030e-02
512           	8.893640e-02	6.229200e-02	1.658880e-02	6.106950e-02
513           	8.486500e-02	6.205700e-02	1.675910e-02	6.276590e-02
514           	8.349650e-02	6.101200e-02	1.695170e-02	6.239330e-02
515           	8.327510e-02	6.097200e-02	1.675220e-02	6.253590e-02
516           	8.307090e-02	6.159560e-02	1.623100e-02	6.207730e-02
517           	8.251560e-02	6.150010e-02	1.559710e-02	5.864780e-02
518           	8.054360e-02	5.934440e-02	1.473400e-02	5.419810e-02
519           	7.683430e-02	5.654390e-02	1.367680e-02	4.998890e-02
520           	7.480420e-02	5.370310e-02	1.275890e-02	4.615520e-02
521           	7.354860e-02	5.090900e-02	1.213010e-02	4.331310e-02
522           	7.441260e-02	4.981660e-02	1.187400e-02	4.205270e-02
523           	7.514150e-02	4.925540e-02	1.196070e-02	4.231410e-02
524           	7.663620e-02	4.950960e-02	1.216420e-02	4.389340e-02
525           	7.833030e-02	5.038030e-02	1.277500e-02	4.610520e-02
526           	8.135610e-02	5.204920e-02	1.336060e-02	4.974330e-02
527           	8.492860e-02	5.321140e-02	1.385360e-02	5.344360e-02
528           	8.763160e-02	5.413980e-02	1.429220e-02	5.660900e-02
529           	8.843830e-02	5.578250e-02	1.465810e-02	5.988160e-02
530           	8.714610e-02	5.860820e-02	1.491050e-02	6.286820e-02
531           	8.560640e-02	6.069180e-02	1.545480e-02	6.537250e-02
532           	8.534520e-02	6.135060e-02	1.601330e-02	6.665880e-02
533           	8.666590e-02	6.265050e-02	1.688190e-02	6.752410e-02
534           	8.568200e-02	6.419500e-02	1.773570e-02	6.825410e-02
535           	8.421120e-02	6.430480e-02	1.829690e-02	6.887280e-02
536           	8.266860e-02	6.326920e-02	1.803640e-02	6.757530e-02
537           	8.056280e-02	6.128190e-02	1.734700e-02	6.571310e-02
538           	7.853800e-02	5.973370e-02	1.636350e-02	6.266490e-02
539           	7.710200e-02	5.931990e-02	1.521870e-02	6.050150e-02
540           	7.806820e-02	5.722160e-02	1.400950e-02	5.824270e-02
541           	7.902210e-02	5.460200e-02	1.302070e-02	5.563310e-02
542           	7.792950e-02	5.312930e-02	1.258050e-02	5.370860e-02
543           	7.689080e-02	5.336280e-02	1.237690e-02	5.292080e-02
544           	7.628690e-02	5.343380e-02	1.239610e-02	5.211250e-02
545           	7.724700e-02	5.249730e-02	1.221220e-02	5.098120e-02
546           	8.081220e-02	5.219250e-02	1.250460e-02	5.119240e-02
547           	8.222780e-02	5.317980e-02	1.290980e-02	5.191480e-02
548           	8.263970e-02	5.369620e-02	1.365390e-02	5.356530e-02
549           	8.190540e-02	5.348090e-02	1.430280e-02	5.422690e-02
550           	8.104910e-02	5.368170e-02	1.491050e-02	5.545690e-02
551           	8.307080e-02	5.557600e-02	1.537900e-02	5.856920e-02
552           	8.578120e-02	5.899800e-02	1.625580e-02	6.262580e-02
553           	8.774010e-02	6.356670e-02	1.712240e-02	6.518820e-02
554           	9.009010e-02	6.828350e-02	1.807140e-02	6.718630e-02
555           	9.257330e-02	7.153160e-02	1.867650e-02	6.947640e-02
556           	9.589710e-02	7.419550e-02	1.925850e-02	7.152380e-02
557           	9.724920e-02	7.622410e-02	1.972230e-02	7.436770e-02
558           	9.438120e-02	7.730050e-02	1.976470e-02	7.556610e-02
559           	9.125690e-02	7.412910e-02	1.943530e-02	7.201950e-02
560           	8.850080e-02	6.779700e-02	1.869200e-02	6.549290e-02
561           	8.553350e-02	6.183080e-02	1.784760e-02	5.998580e-02
562           	8.117870e-02	6.079850e-02	1.694480e-02	5.846870e-02
563           	7.918210e-02	6.231330e-02	1.648400e-02	5.851010e-02
564           	8.067830e-02	6.397020e-02	1.624570e-02	5.933330e-02
565           	8.291380e-02	6.542600e-02	1.622770e-02	6.051090e-02
566           	8.534790e-02	6.612380e-02	1.597180e-02	6.211240e-02
567           	8.592520e-02	6.546830e-02	1.535430e-02	6.214680e-02
568           	8.422480e-02	6.409310e-02	1.516040e-02	6.153350e-02
569           	8.301150e-02	6.238040e-02	1.522390e-02	6.136260e-02
570           	8.164710e-02	6.079270e-02	1.518360e-02	6.087490e-02
571           	7.941640e-02	5.950550e-02	1.511820e-02	5.988310e-02
572           	7.798430e-02	5.943030e-02	1.527310e-02	5.929490e-02
573           	7.938460e-02	6.045980e-02	1.550110e-02	5.957620e-02
574           	8.298470e-02	6.211960e-02	1.592160e-02	6.034940e-02
575           	8.600060e-02	6.353140e-02	1.621910e-02	6.119720e-02
576           	8.573310e-02	6.429480e-02	1.642210e-02	6.234200e-02
577           	8.614810e-02	6.508880e-02	1.686410e-02	6.453640e-02
578           	8.545300e-02	6.608000e-02	1.702660e-02	6.603740e-02
579           	8.270410e-02	6.711700e-02	1.695570e-02	6.638370e-02
580           	8.085990e-02	6.695390e-02	1.664930e-02	6.549110e-02
581           	8.227700e-02	6.528120e-02	1.595150e-02	6.332610e-02
582           	8.411750e-02	6.433850e-02	1.526530e-02	6.146910e-02
583           	8.615510e-02	6.335960e-02	1.483590e-02	6.099130e-02
584           	8.613160e-02	6.230250e-02	1.467050e-02	5.929390e-02
585           	8.482240e-02	6.150370e-02	1.475070e-02	5.574480e-02
586           	8.252300e-02	5.947020e-02	1.454720e-02	5.310140e-02
587           	7.890310e-02	5.567550e-02	1.349230e-02	5.090360e-02
588           	7.385870e-02	5.122400e-02	1.218630e-02	4.777060e-02
589           	6.905230e-02	4.848670e-02	1.128520e-02	4.529110e-02
590           	6.712580e-02	4.731200e-02	1.084100e-02	4.462880e-02
591           	6.732250e-02	4.701170e-02	1.079670e-02	4.509010e-02
592           	6.897810e-02	4.764280e-02	1.097940e-02	4.654750e-02
593           	7.033890e-02	4.919310e-02	1.122490e-02	4.834460e-02
594           	7.230070e-02	5.020400e-02	1.136210e-02	4.973690e-02
595           	7.480540e-02	5.064650e-02	1.152710e-02	5.091670e-02
596           	7.932800e-02	5.143490e-02	1.176670e-02	5.272270e-02
597           	8.229560e-02	5.272440e-02	1.212840e-02	5.415690e-02
598           	8.393110e-02	5.479980e-02	1.244180e-02	5.545940e-02
599           	8.291380e-02	5.728270e-02	1.299100e-02	5.656290e-02
600           	8.218610e-02	5.769380e-02	1.348020e-02	5.742940e-02
601           	8.075420e-02	5.841920e-02	1.390080e-02	5.836200e-02
602           	7.931620e-02	5.811820e-02	1.416850e-02	5.826570e-02
603           	7.937360e-02	5.670030e-02	1.446260e-02	5.752010e-02
604           	8.019010e-02	5.547050e-02	1.414840e-02	5.857430e-02
605           	7.889440e-02	5.374280e-02	1.359680e-02	5.815910e-02
606           	7.586150e-02	5.191870e-02	1.309300e-02	5.624030e-02
607           	7.567750e-02	5.099750e-02	1.278210e-02	5.452520e-02
608           	7.722780e-02	5.066430e-02	1.272260e-02	5.297820e-02
609           	7.834110e-02	5.003690e-02	1.253480e-02	5.127850e-02
610           	7.727660e-02	4.932650e-02	1.216990e-02	4.987100e-02
611           	7.686440e-02	4.797780e-02	1.190860e-02	4.877750e-02
612           	7.467470e-02	4.697270e-02	1.182660e-02	4.789460e-02
613           	7.311610e-02	4.622610e-02	1.161380e-02	4.719900e-02
614           	7.343460e-02	4.644560e-02	1.157900e-02	4.653960e-02
615           	7.373050e-02	4.661500e-02	1.166370e-02	4.626450e-02
616           	7.369650e-02	4.618550e-02	1.166090e-02	4.695500e-02
617           	7.371080e-02	4.579380e-02	1.154100e-02	4.718960e-02
618           	7.419900e-02	4.709100e-02	1.135680e-02	4.680330e-02
619           	7.536430e-02	4.877220e-02	1.146280e-02	4.798600e-02
620           	7.737370e-02	5.085380e-02	1.186860e-02	5.065680e-02
621           	8.000800e-02	5.303550e-02	1.223100e-02	5.287410e-02
622           	8.146120e-02	5.470870e-02	1.280330e-02	5.423740e-02
623           	8.294410e-02	5.597050e-02	1.326090e-02	5.510800e-02
624           	8.135700e-02	5.506500e-02	1.363110e-02	5.447220e-02
625           	7.882840e-02	5.428140e-02	1.381430e-02	5.352860e-02
626           	7.609260e-02	5.501770e-02	1.397240e-02	5.411020e-02
627           	7.523920e-02	5.571900e-02	1.436880e-02	5.480300e-02
628           	7.471640e-02	5.651140e-02	1.444550e-02	5.599580e-02
629           	7.546640e-02	5.603820e-02	1.424450e-02	5.663900e-02
630           	7.768680e-02	5.627680e-02	1.406430e-02	5.666830e-02
631           	7.913250e-02	5.670590e-02	1.403100e-02	5.640310e-02
632           	7.898000e-02	5.747250e-02	1.437850e-02	5.714080e-02
633           	7.795670e-02	5.940730e-02	1.476180e-02	5.911330e-02
634           	7.941410e-02	6.164900e-02	1.483870e-02	6.015190e-02
635           	8.324170e-02	6.180820e-02	1.450880e-02	6.011620e-02
636           	8.497300e-02	6.091990e-02	1.419960e-02	5.853900e-02
637           	8.612190e-02	6.025500e-02	1.454370e-02	5.806630e-02
638           	8.600600e-02	6.085370e-02	1.543600e-02	5.999630e-02
639           	8.517350e-02	6.170930e-02	1.578020e-02	6.319410e-02
640           	8.663290e-02	6.206200e-02	1.552980e-02	6.396720e-02
641           	8.827230e-02	6.006950e-02	1.486530e-02	6.279060e-02
642           	8.848310e-02	5.913560e-02	1.436570e-02	6.092130e-02
643           	9.102470e-02	5.899720e-02	1.450690e-02	5.900400e-02
644           	8.914160e-02	5.861430e-02	1.461250e-02	5.679490e-02
645           	8.713150e-02	5.818980e-02	1.478730e-02	5.668020e-02
646           	8.526750e-02	5.737370e-02	1.496010e-02	5.680840e-02
647           	8.193180e-02	5.728480e-02	1.495380e-02	5.720720e-02
648           	7.726520e-02	5.763650e-02	1.482550e-02	5.735150e-02
649           	7.389490e-02	5.818690e-02	1.451690e-02	5.680270e-02
650           	7.095030e-02	5.819620e-02	1.412480e-02	5.499860e-02
651           	6.998080e-02	5.797140e-02	1.372470e-02	5.292570e-02
652           	7.206130e-02	5.846070e-02	1.356460e-02	5.228720e-02
653           	7.745790e-02	5.867460e-02	1.380010e-02	5.347360e-02
654           	8.082850e-02	5.909740e-02	1.399630e-02	5.441250e-02
655           	8.233330e-02	5.935700e-02	1.389030e-02	5.530260e-02
656           	8.281470e-02	5.957760e-02	1.405440e-02	5.613590e-02
657           	8.475800e-02	6.034820e-02	1.458230e-02	5.652010e-02
658           	8.850830e-02	6.228210e-02	1.537900e-02	5.769230e-02
659           	8.799570e-02	6.470610e-02	1.600000e-02	5.963760e-02
660           	8.990390e-02	6.628040e-02	1.630420e-02	6.103090e-02
661           	9.453430e-02	6.727380e-02	1.652160e-02	6.174550e-02
662           	9.716160e-02	6.652980e-02	1.639960e-02	6.177860e-02
663           	9.642300e-02	6.534580e-02	1.656210e-02	6.170150e-02
664           	9.390390e-02	6.551950e-02	1.689330e-02	6.350360e-02
665           	9.143570e-02	6.807730e-02	1.719520e-02	6.501330e-02
666           	8.916830e-02	7.047280e-02	1.731050e-02	6.554980e-02
667           	8.835890e-02	7.284070e-02	1.730670e-02	6.561550e-02
668           	8.923050e-02	7.378440e-02	1.716480e-02	6.492780e-02
669           	8.715030e-02	7.232530e-02	1.683440e-02	6.352870e-02
670           	8.570150e-02	7.218450e-02	1.691390e-02	6.429730e-02
671           	8.681230e-02	7.353820e-02	1.762500e-02	6.687120e-02
672           	8.861230e-02	7.445570e-02	1.858820e-02	6.898940e-02
673           	9.118510e-02	7.446410e-02	1.920320e-02	7.077870e-02
674           	9.457590e-02	7.262960e-02	1.896860e-02	7.142850e-02
675           	9.315570e-02	6.954740e-02	1.806460e-02	6.882830e-02
676           	8.847990e-02	6.725220e-02	1.741740e-02	6.569560e-02
677           	8.553090e-02	6.785230e-02	1.721970e-02	6.427880e-02
678           	8.597190e-02	7.140870e-02	1.725340e-02	6.464030e-02
679           	8.745340e-02	7.502070e-02	1.752540e-02	6.662450e-02
680           	8.688060e-02	7.863720e-02	1.801400e-02	6.882470e-02
681           	8.668170e-02	7.836410e-02	1.822890e-02	6.927940e-02
682           	8.832120e-02	7.574680e-02	1.796420e-02	6.724290e-02
683           	8.946510e-02	7.094250e-02	1.720340e-02	6.361100e-02
684           	8.572440e-02	6.623350e-02	1.657870e-02	6.187200e-02
685           	8.292770e-02	6.349540e-02	1.609140e-02	6.147470e-02
686           	8.040100e-02	6.104830e-02	1.522800e-02	5.967330e-02
687           	8.014130e-02	6.003590e-02	1.455760e-02	5.770370e-02
688           	8.005200e-02	5.977150e-02	1.425810e-02	5.606150e-02
689           	8.091130e-02	6.158750e-02	1.452670e-02	5.670050e-02
690           	8.073590e-02	6.452070e-02	1.510060e-02	5.876710e-02
691           	8.021000e-02	6.824690e-02	1.587930e-02	6.158450e-02
692           	8.373930e-02	7.139360e-02	1.643130e-02	6.387560e-02
693           	8.545110e-02	7.461610e-02	1.672740e-02	6.565100e-02
694           	8.790990e-02	7.416960e-02	1.676590e-02	6.558230e-02
695           	8.863640e-02	7.119140e-02	1.631730e-02	6.326780e-02
696           	8.769960e-02	6.735790e-02	1.566940e-02	6.082150e-02
697           	8.696620e-02	6.478590e-02	1.505460e-02	5.924690e-02
698           	8.662500e-02	6.387540e-02	1.499610e-02	5.787140e-02
699           	8.352950e-02	6.496460e-02	1.475890e-02	5.684910e-02
700           	8.107320e-02	6.578660e-02	1.451880e-02	5.612740e-02
701           	8.128810e-02	6.690210e-02	1.472550e-02	5.802620e-02
702           	8.141280e-02	6.972720e-02	1.513780e-02	6.127870e-02
703           	8.294630e-02	7.244760e-02	1.571690e-02	6.387130e-02
704           	8.478110e-02	7.435750e-02	1.627020e-02	6.553570e-02
705           	8.399540e-02	7.405260e-02	1.649200e-02	6.605330e-02
706           	8.223090e-02	7.119440e-02	1.636100e-02	6.609690e-02
707           	8.066970e-02	6.778260e-02	1.604690e-02	6.547860e-02
708           	7.981380e-02	6.663370e-02	1.584550e-02	6.413950e-02
709           	8.017000e-02	6.852720e-02	1.592080e-02	6.363000e-02
710           	8.056810e-02	7.320780e-02	1.631600e-02	6.554390e-02
711           	8.085550e-02	7.762310e-02	1.703480e-02	6.699450e-02
712           	8.291600e-02	7.942150e-02	1.825940e-02	6.838460e-02
713           	8.667890e-02	7.925390e-02	1.907870e-02	6.892580e-02
714           	8.868270e-02	7.645700e-02	1.915680e-02	6.835230e-02
715           	9.119440e-02	7.254520e-02	1.895720e-02	6.761840e-02
716           	9.111050e-02	6.817020e-02	1.803570e-02	6.624790e-02
717           	9.056670e-02	6.411690e-02	1.684240e-02	6.331400e-02
718           	8.726490e-02	6.142720e-02	1.617160e-02	6.093410e-02
719           	8.420340e-02	6.128010e-02	1.616390e-02	6.123490e-02
720           	8.232380e-02	6.305680e-02	1.604720e-02	6.149480e-02
721           	8.122480e-02	6.533730e-02	1.579470e-02	6.050350e-02
722           	8.163670e-02	6.769440e-02	1.544750e-02	6.030360e-02
723           	8.253280e-02	6.809620e-02	1.505330e-02	5.943510e-02
724           	8.082180e-02	6.776850e-02	1.479320e-02	5.842650e-02
725           	7.923360e-02	6.823300e-02	1.482390e-02	5.874660e-02
726           	7.857570e-02	6.675030e-02	1.491840e-02	5.886980e-02
727           	7.796030e-02	6.448460e-02	1.473730e-02	5.801580e-02
728           	7.702770e-02	6.402640e-02	1.467330e-02	5.755560e-02
729           	7.659040e-02	6.450400e-02	1.477480e-02	5.826770e-02
730           	7.574280e-02	6.511420e-02	1.487870e-02	5.924330e-02
731           	7.510960e-02	6.413520e-02	1.496570e-02	6.003210e-02
732           	7.611470e-02	6.211430e-02	1.507370e-02	5.883170e-02
733           	7.614470e-02	5.952540e-02	1.473390e-02	5.618960e-02
734           	7.719260e-02	5.806150e-02	1.450480e-02	5.415140e-02
735           	7.889170e-02	5.883260e-02	1.430730e-02	5.344760e-02
736           	8.072860e-02	6.070390e-02	1.430420e-02	5.488250e-02
737           	8.491750e-02	6.203090e-02	1.471430e-02	5.617780e-02
738           	8.502430e-02	6.252400e-02	1.500870e-02	5.690490e-02
739           	8.351650e-02	6.172140e-02	1.518950e-02	5.660940e-02
740           	8.595020e-02	6.079610e-02	1.527980e-02	5.720460e-02
741           	8.565870e-02	6.117130e-02	1.527350e-02	5.876570e-02
742           	8.418990e-02	6.232130e-02	1.522860e-02	6.042070e-02
743           	8.201430e-02	6.322080e-02	1.523550e-02	6.129030e-02
744           	8.246150e-02	6.484220e-02	1.576940e-02	6.206600e-02
745           	8.566250e-02	6.754900e-02	1.671710e-02	6.393940e-02
746           	8.796670e-02	7.040010e-02	1.747100e-02	6.624820e-02
747           	8.914850e-02	7.152500e-02	1.800410e-02	6.770920e-02
748           	9.097670e-02	7.151260e-02	1.820650e-02	6.776390e-02
749           	9.021580e-02	7.220410e-02	1.859990e-02	6.819220e-02
750           	8.812080e-02	7.417930e-02	1.919920e-02	6.977320e-02
751           	8.701880e-02	7.784270e-02	1.997070e-02	7.238910e-02
752           	8.578060e-02	8.141990e-02	2.063810e-02	7.397060e-02
753           	8.227080e-02	8.193310e-02	2.065140e-02	7.321370e-02
754           	8.161260e-02	8.027390e-02	2.022380e-02	7.108490e-02
755           	8.087960e-02	7.655630e-02	1.911530e-02	6.943720e-02
756           	7.914290e-02	7.186190e-02	1.767780e-02	6.816130e-02
757           	7.455930e-02	6.627700e-02	1.630760e-02	6.706380e-02
758           	7.114330e-02	6.137970e-02	1.530160e-02	6.427460e-02
759           	7.036750e-02	5.778660e-02	1.439730e-02	6.074130e-02
760           	6.952340e-02	5.640340e-02	1.346030e-02	5.715220e-02
761           	6.908130e-02	5.581850e-02	1.289020e-02	5.524310e-02
762           	6.948100e-02	5.476760e-02	1.239280e-02	5.354740e-02
763           	7.011170e-02	5.340960e-02	1.183700e-02	5.153740e-02
764           	7.051530e-02	5.289690e-02	1.147220e-02	4.975910e-02
765           	7.093770e-02	5.329250e-02	1.149150e-02	4.834820e-02
766           	7.155220e-02	5.310540e-02	1.166070e-02	4.715430e-02
767           	7.347170e-02	5.264020e-02	1.216230e-02	4.691920e-02
768           	7.674870e-02	5.243910e-02	1.296070e-02	4.784910e-02
769           	7.944170e-02	5.278070e-02	1.358950e-02	4.962560e-02
770           	8.144870e-02	5.262050e-02	1.415190e-02	5.177210e-02
771           	8.376030e-02	5.283450e-02	1.464360e-02	5.325390e-02
772           	8.401840e-02	5.602470e-02	1.534200e-02	5.650140e-02
773           	8.286150e-02	6.081900e-02	1.592070e-02	5.995340e-02
774           	8.134680e-02	6.649690e-02	1.701050e-02	6.577440e-02
775           	8.434210e-02	7.249360e-02	1.846010e-02	7.200770e-02
776           	8.629730e-02	7.665080e-02	1.957680e-02	7.725470e-02
777           	8.719500e-02	7.971630e-02	2.058060e-02	8.269150e-02
778           	8.907200e-02	8.034950e-02	2.120480e-02	8.373520e-02
779           	9.138100e-02	7.836330e-02	2.171560e-02	8.110720e-02
780           	9.154510e-02	7.745260e-02	2.221050e-02	8.018210e-02
781           	8.809160e-02	7.618890e-02	2.208120e-02	7.778700e-02
782           	8.368600e-02	7.385540e-02	2.089830e-02	7.411060e-02
783           	7.681410e-02	6.943350e-02	1.908490e-02	6.965960e-02
784           	7.352100e-02	6.430170e-02	1.718990e-02	6.562410e-02
785           	7.249050e-02	5.949460e-02	1.577290e-02	6.230480e-02
786           	7.235640e-02	5.625430e-02	1.484270e-02	5.957770e-02
787           	7.369640e-02	5.524280e-02	1.439790e-02	5.726710e-02
788           	7.650790e-02	5.573050e-02	1.421140e-02	5.653000e-02
789           	7.866740e-02	5.678340e-02	1.395640e-02	5.581360e-02
790           	7.835870e-02	5.702320e-02	1.374660e-02	5.537620e-02
791           	7.859660e-02	5.636350e-02	1.343920e-02	5.501100e-02
792           	7.848260e-02	5.593440e-02	1.299440e-02	5.369890e-02
793           	7.707820e-02	5.571590e-02	1.299790e-02	5.373630e-02
794           	7.627910e-02	5.601710e-02	1.295120e-02	5.382500e-02
795           	7.512170e-02	5.511060e-02	1.285050e-02	5.379600e-02
796           	7.447200e-02	5.303840e-02	1.246550e-02	5.346080e-02
797           	7.570110e-02	5.113380e-02	1.211880e-02	5.282460e-02
798           	7.677560e-02	4.928270e-02	1.167290e-02	5.153810e-02
799           	7.626060e-02	4.714440e-02	1.127760e-02	4.951870e-02
800           	7.507800e-02	4.520770e-02	1.112370e-02	4.804480e-02
801           	7.471690e-02	4.424990e-02	1.115470e-02	4.702990e-02
802           	7.431280e-02	4.437860e-02	1.139150e-02	4.684170e-02
803           	7.327600e-02	4.556770e-02	1.178550e-02	4.714640e-02
804           	7.335450e-02	4.786110e-02	1.243450e-02	4.920020e-02
805           	7.655050e-02	5.034390e-02	1.296300e-02	5.223460e-02
806           	8.135530e-02	5.234520e-02	1.362330e-02	5.508540e-02
807           	8.488700e-02	5.479670e-02	1.400980e-02	5.785210e-02
808           	8.520000e-02	5.718880e-02	1.417410e-02	5.965330e-02
809           	8.425300e-02	6.035670e-02	1.405050e-02	5.956460e-02
810           	8.435340e-02	6.317880e-02	1.427720e-02	6.038250e-02
811           	8.632820e-02	6.442210e-02	1.473940e-02	6.281990e-02
812           	8.636740e-02	6.436070e-02	1.523210e-02	6.466330e-02
813           	8.646630e-02	6.520880e-02	1.588190e-02	6.521410e-02
814           	8.442000e-02	6.484700e-02	1.643000e-02	6.468760e-02
815           	8.531380e-02	6.218140e-02	1.658130e-02	6.278590e-02
816           	8.485540e-02	6.071930e-02	1.652570e-02	6.136000e-02
817           	8.106930e-02	6.098310e-02	1.604220e-02	5.963390e-02
818           	7.872160e-02	6.239570e-02	1.564060e-02	5.916990e-02
819           	7.612290e-02	6.215120e-02	1.544520e-02	5.905160e-02
820           	7.478540e-02	6.104440e-02	1.522340e-02	5.818250e-02
821           	7.789400e-02	5.956830e-02	1.510200e-02	5.615420e-02
822           	8.258550e-02	5.847610e-02	1.487650e-02	5.518180e-02
823           	8.469190e-02	5.741860e-02	1.478670e-02	5.477820e-02
824           	8.590260e-02	5.633090e-02	1.458360e-02	5.307500e-02
825           	8.476240e-02	5.576010e-02	1.418800e-02	5.111060e-02
826           	8.566190e-02	5.645210e-02	1.397040e-02	5.085220e-02
827           	8.740320e-02	5.819820e-02	1.407410e-02	5.260480e-02
828           	8.882460e-02	5.958710e-02	1.426310e-02	5.513460e-02
829           	8.843400e-02	6.215950e-02	1.442910e-02	5.892860e-02
830           	8.819810e-02	6.478550e-02	1.472470e-02	6.329100e-02
831           	9.101750e-02	6.728290e-02	1.527960e-02	6.907710e-02
832           	9.153960e-02	6.863780e-02	1.610600e-02	7.249260e-02
833           	9.219790e-02	6.890060e-02	1.688780e-02	7.121350e-02
834           	8.968940e-02	6.771590e-02	1.737420e-02	6.871710e-02
835           	8.641940e-02	6.668820e-02	1.762220e-02	6.710110e-02
836           	8.558650e-02	6.836040e-02	1.809440e-02	6.722850e-02
837           	8.397540e-02	7.088310e-02	1.842200e-02	6.853740e-02
838           	8.360790e-02	7.358890e-02	1.836260e-02	6.968620e-02
839           	8.337690e-02	7.391150e-02	1.814740e-02	6.964770e-02
840           	8.419010e-02	7.166490e-02	1.763570e-02	6.941000e-02
841           	8.322540e-02	6.879360e-02	1.729180e-02	6.779940e-02
842           	8.100550e-02	6.589150e-02	1.684340e-02	6.554170e-02
843           	7.984270e-02	6.279960e-02	1.618830e-02	6.219900e-02
844           	7.980370e-02	5.967570e-02	1.539580e-02	5.725920e-02
845           	8.155390e-02	5.825340e-02	1.469640e-02	5.396830e-02
846           	8.173990e-02	5.743510e-02	1.379320e-02	5.185850e-02
847           	8.177290e-02	5.633940e-02	1.308760e-02	5.022430e-02
848           	8.027370e-02	5.462710e-02	1.244610e-02	4.963370e-02
849           	7.801960e-02	5.316710e-02	1.222940e-02	5.013100e-02
850           	7.733690e-02	5.358810e-02	1.218970e-02	5.187450e-02
851           	8.066870e-02	5.531380e-02	1.245310e-02	5.502350e-02
852           	8.214780e-02	5.733480e-02	1.294710e-02	5.764010e-02
853           	8.293650e-02	5.768750e-02	1.301790e-02	5.883340e-02
854           	8.220190e-02	5.706120e-02	1.294290e-02	5.709640e-02
855           	7.957240e-02	5.658630e-02	1.293230e-02	5.483250e-02
856           	7.820940e-02	5.653910e-02	1.300440e-02	5.341520e-02
857           	7.634270e-02	5.598460e-02	1.305430e-02	5.239980e-02
858           	7.359630e-02	5.570370e-02	1.316150e-02	5.132770e-02
859           	7.318490e-02	5.696770e-02	1.378880e-02	5.194470e-02
860           	7.467570e-02	5.946900e-02	1.460920e-02	5.406470e-02
861           	7.732450e-02	6.099290e-02	1.498960e-02	5.560530e-02
862           	8.024810e-02	6.211070e-02	1.526400e-02	5.727950e-02
863           	8.100070e-02	6.194900e-02	1.527420e-02	5.810810e-02
864           	8.062320e-02	6.272890e-02	1.505080e-02	5.895940e-02
865           	8.109110e-02	6.456390e-02	1.502670e-02	5.970140e-02
866           	8.337780e-02	6.778340e-02	1.492890e-02	6.170360e-02
867           	8.346810e-02	6.859650e-02	1.520970e-02	6.375610e-02
868           	8.488160e-02	7.077720e-02	1.600640e-02	6.630350e-02
869           	8.763350e-02	7.263240e-02	1.699790e-02	6.825710e-02
870           	9.092580e-02	7.190760e-02	1.753020e-02	6.766860e-02
871           	9.543940e-02	6.893130e-02	1.719590e-02	6.446050e-02
872           	9.436380e-02	6.354950e-02	1.654670e-02	6.041250e-02
873           	8.963590e-02	5.880540e-02	1.570540e-02	5.638060e-02
874           	8.329450e-02	5.581980e-02	1.490310e-02	5.493110e-02
875           	7.695090e-02	5.660630e-02	1.440140e-02	5.659080e-02
876           	7.352510e-02	5.910440e-02	1.412820e-02	5.761690e-02
877           	7.403090e-02	6.073140e-02	1.415180e-02	5.750740e-02
878           	7.526090e-02	6.206420e-02	1.410040e-02	5.794090e-02
879           	7.618580e-02	6.211660e-02	1.382710e-02	5.743230e-02
880           	7.634150e-02	6.042260e-02	1.342700e-02	5.560490e-02
881           	7.555650e-02	5.794440e-02	1.300770e-02	5.393290e-02
882           	7.561390e-02	5.546160e-02	1.289380e-02	5.213480e-02
883           	7.686020e-02	5.378070e-02	1.300320e-02	5.136610e-02
884           	7.852460e-02	5.322540e-02	1.314280e-02	5.034480e-02
885           	8.149020e-02	5.391980e-02	1.339380e-02	4.970620e-02
886           	8.536200e-02	5.433690e-02	1.373320e-02	5.060640e-02
887           	8.810290e-02	5.534420e-02	1.398580e-02	5.240940e-02
888           	9.069100e-02	5.696460e-02	1.412300e-02	5.439570e-02
889           	8.991550e-02	5.843980e-02	1.426300e-02	5.682250e-02
890           	8.927720e-02	5.936980e-02	1.453370e-02	5.977970e-02
891           	8.976620e-02	6.227610e-02	1.503490e-02	6.384240e-02
892           	9.072560e-02	6.610950e-02	1.593850e-02	6.836360e-02
893           	9.170790e-02	7.142590e-02	1.727810e-02	7.522290e-02
894           	9.222050e-02	7.709750e-02	1.887360e-02	8.126730e-02
895           	9.333720e-02	8.084480e-02	2.035870e-02	8.304610e-02
896           	9.783260e-02	8.220780e-02	2.142030e-02	8.095900e-02
897           	9.834330e-02	8.017110e-02	2.115050e-02	7.620490e-02
898           	9.194900e-02	7.398710e-02	1.991260e-02	6.972350e-02
899           	8.316600e-02	6.695070e-02	1.851680e-02	6.394050e-02
900           	7.596230e-02	6.171970e-02	1.722570e-02	6.032570e-02
901           	7.108400e-02	5.949520e-02	1.577760e-02	5.779550e-02
902           	6.908350e-02	5.682780e-02	1.455380e-02	5.557530e-02
903           	6.921100e-02	5.385790e-02	1.357510e-02	5.298360e-02
904           	6.995920e-02	5.138810e-02	1.268050e-02	5.067290e-02
905           	7.042250e-02	4.926940e-02	1.219280e-02	4.934440e-02
906           	7.181910e-02	4.804050e-02	1.189630e-02	4.814890e-02
907           	7.178510e-02	4.742940e-02	1.195000e-02	4.734440e-02
908           	7.276100e-02	4.900440e-02	1.249470e-02	4.781320e-02
909           	7.476470e-02	5.220920e-02	1.348100e-02	5.033230e-02
910           	7.396750e-02	5.608090e-02	1.448370e-02	5.482440e-02
911           	7.415290e-02	5.964090e-02	1.535370e-02	5.973080e-02
912           	7.494680e-02	6.226790e-02	1.612940e-02	6.459590e-02
913           	7.568480e-02	6.426170e-02	1.688310e-02	6.835440e-02
914           	7.839200e-02	6.645860e-02	1.787180e-02	7.201390e-02
915           	8.404440e-02	6.872470e-02	1.847740e-02	7.490290e-02
916           	8.974200e-02	7.106720e-02	1.862720e-02	7.462450e-02
917           	9.204460e-02	7.230870e-02	1.875740e-02	7.229970e-02
918           	9.143670e-02	7.303710e-02	1.878380e-02	6.888700e-02
919           	8.939570e-02	7.262380e-02	1.857100e-02	6.888870e-02
920           	8.633730e-02	6.967140e-02	1.823860e-02	6.928350e-02
921           	8.674860e-02	6.585250e-02	1.748370e-02	6.897250e-02
922           	8.767520e-02	6.518270e-02	1.689150e-02	6.911340e-02
923           	8.850780e-02	6.549080e-02	1.631610e-02	6.920960e-02
924           	8.844810e-02	6.527610e-02	1.533730e-02	6.762560e-02
925           	8.543700e-02	6.307800e-02	1.427000e-02	6.386200e-02
926           	8.097450e-02	5.876780e-02	1.365200e-02	5.908340e-02
927           	7.650240e-02	5.370220e-02	1.314870e-02	5.451120e-02
928           	7.262940e-02	5.078760e-02	1.265860e-02	5.091080e-02
929           	7.091140e-02	5.022940e-02	1.208010e-02	4.927980e-02
930           	7.231090e-02	5.035720e-02	1.163660e-02	4.915440e-02
931           	7.321450e-02	5.014780e-02	1.128590e-02	4.914230e-02
932           	7.232560e-02	4.925130e-02	1.096980e-02	4.800400e-02
933           	7.015660e-02	4.771030e-02	1.068990e-02	4.618800e-02
934           	6.894350e-02	4.598570e-02	1.050380e-02	4.410350e-02
935           	6.933290e-02	4.499130e-02	1.040570e-02	4.334120e-02
936           	6.925000e-02	4.449840e-02	1.050540e-02	4.297750e-02
937           	6.917320e-02	4.340200e-02	1.047200e-02	4.190760e-02
938           	6.998600e-02	4.310480e-02	1.057510e-02	4.148680e-02
939           	7.067030e-02	4.364070e-02	1.090310e-02	4.224000e-02
940           	7.338670e-02	4.526270e-02	1.152060e-02	4.443290e-02
941           	7.750860e-02	4.776570e-02	1.220890e-02	4.813600e-02
942           	8.116810e-02	5.117760e-02	1.294520e-02	5.206350e-02
943           	8.313300e-02	5.408080e-02	1.373610e-02	5.553060e-02
944           	8.315300e-02	5.600660e-02	1.411740e-02	5.800790e-02
945           	8.402810e-02	5.767430e-02	1.423710e-02	5.911090e-02
946           	8.535180e-02	5.998630e-02	1.438340e-02	5.988610e-02
947           	8.594940e-02	6.458230e-02	1.465780e-02	6.148810e-02
948           	8.568310e-02	6.815860e-02	1.535250e-02	6.408860e-02
949           	8.527840e-02	7.183440e-02	1.691180e-02	6.722880e-02
950           	8.569520e-02	7.437950e-02	1.845630e-02	7.076230e-02
951           	8.615120e-02	7.510120e-02	1.925820e-02	7.176990e-02
952           	8.611340e-02	7.270960e-02	1.933900e-02	6.883980e-02
953           	8.452300e-02	6.853430e-02	1.910890e-02	6.663440e-02
954           	8.075450e-02	6.629340e-02	1.854430e-02	6.624860e-02
955           	7.607330e-02	6.470700e-02	1.763600e-02	6.559080e-02
956           	7.295920e-02	6.113190e-02	1.630060e-02	6.283080e-02
957           	7.178280e-02	5.736350e-02	1.487590e-02	5.945660e-02
958           	7.114280e-02	5.462620e-02	1.385800e-02	5.677130e-02
959           	7.081170e-02	5.404560e-02	1.350460e-02	5.522350e-02
960           	7.292800e-02	5.533410e-02	1.350690e-02	5.434070e-02
961           	7.580470e-02	5.634960e-02	1.371790e-02	5.323770e-02
962           	7.772970e-02	5.603850e-02	1.362530e-02	5.115590e-02
963           	7.986810e-02	5.539260e-02	1.351620e-02	5.046230e-02
964           	8.206430e-02	5.575700e-02	1.367950e-02	5.173090e-02
965           	8.678480e-02	5.800770e-02	1.446940e-02	5.579600e-02
966           	9.118510e-02	6.136190e-02	1.533640e-02	6.086930e-02
967           	9.330300e-02	6.502170e-02	1.590130e-02	6.581100e-02
968           	9.311470e-02	6.757820e-02	1.619130e-02	6.920390e-02
969           	8.931830e-02	6.975270e-02	1.636410e-02	7.004720e-02
970           	8.674800e-02	7.077620e-02	1.614490e-02	6.969330e-02
971           	8.531760e-02	7.205840e-02	1.631900e-02	6.831080e-02
972           	8.420550e-02	7.398560e-02	1.690620e-02	6.654820e-02
973           	8.328120e-02	7.318860e-02	1.758410e-02	6.540550e-02
974           	8.229990e-02	7.209000e-02	1.810870e-02	6.621480e-02
975           	8.198070e-02	7.067330e-02	1.829280e-02	6.613870e-02
976           	7.994320e-02	6.772570e-02	1.811920e-02	6.713250e-02
977           	7.995230e-02	6.407440e-02	1.749680e-02	6.611900e-02
978           	8.129660e-02	6.137780e-02	1.689580e-02	6.331610e-02
979           	8.116940e-02	6.033410e-02	1.594370e-02	6.094070e-02
980           	8.030160e-02	6.078560e-02	1.525840e-02	5.915140e-02
981           	7.965960e-02	6.083960e-02	1.450670e-02	5.728830e-02
982           	7.683430e-02	6.052920e-02	1.429160e-02	5.575370e-02
983           	7.517910e-02	6.077530e-02	1.434600e-02	5.512750e-02
984           	7.716800e-02	6.102620e-02	1.438070e-02	5.553210e-02
985           	8.053800e-02	6.121160e-02	1.452610e-02	5.631920e-02
986           	8.137190e-02	5.956360e-02	1.435460e-02	5.569420e-02
987           	7.990980e-02	5.695440e-02	1.382440e-02	5.460970e-02
988           	7.835880e-02	5.485510e-02	1.326380e-02	5.291640e-02
989           	7.777980e-02	5.473650e-02	1.278420e-02	5.187140e-02
990           	7.720860e-02	5.601970e-02	1.258290e-02	5.144520e-02
991           	7.681160e-02	5.677930e-02	1.274580e-02	5.105830e-02
992           	7.541180e-02	5.743020e-02	1.301350e-02	5.140350e-02
993           	7.637770e-02	5.831080e-02	1.336100e-02	5.341120e-02
994           	7.874580e-02	6.100300e-02	1.438570e-02	5.686480e-02
995           	8.132430e-02	6.354820e-02	1.553030e-02	6.001650e-02
996           	8.358600e-02	6.603150e-02	1.643110e-02	6.280440e-02
997           	8.428560e-02	6.797050e-02	1.710470e-02	6.528130e-02
998           	8.368030e-02	6.979330e-02	1.770880e-02	6.702120e-02
999           	8.472530e-02	7.229190e-02	1.831440e-02	6.906440e-02
1000          	8.545110e-02	7.591010e-02	1.927020e-02	7.234550e-02
