# Residuals   
# Time        	p             	Ux            	Uy            	Uz            
1             	1.000000e+00	5.494920e-01	1.000000e+00	5.026410e-01
2             	5.024140e-01	6.005200e-01	2.571080e-01	5.964730e-01
3             	4.900150e-02	4.904450e-01	1.607790e-01	4.603950e-01
4             	5.574250e-02	3.316050e-01	1.067080e-01	2.992930e-01
5             	8.650690e-02	2.559250e-01	8.187340e-02	2.378430e-01
6             	1.185500e-01	2.168870e-01	6.615770e-02	2.083520e-01
7             	1.299630e-01	1.848480e-01	5.687990e-02	1.773700e-01
8             	1.204710e-01	1.550280e-01	5.075030e-02	1.480010e-01
9             	1.079520e-01	1.300970e-01	4.460500e-02	1.182420e-01
10            	8.192860e-02	1.210850e-01	3.790840e-02	1.078080e-01
11            	6.555390e-02	1.120780e-01	3.199850e-02	1.033840e-01
12            	6.018320e-02	9.931550e-02	2.720430e-02	9.340280e-02
13            	5.839230e-02	8.516270e-02	2.389030e-02	8.121550e-02
14            	6.039740e-02	7.465760e-02	2.179100e-02	7.212400e-02
15            	6.605340e-02	6.758290e-02	2.017320e-02	6.604980e-02
16            	7.062560e-02	6.336780e-02	1.847770e-02	6.067270e-02
17            	7.336200e-02	6.048250e-02	1.683740e-02	5.675240e-02
18            	7.625310e-02	5.778640e-02	1.514240e-02	5.424860e-02
19            	7.712880e-02	5.497800e-02	1.345500e-02	5.231350e-02
20            	7.599320e-02	5.254810e-02	1.216310e-02	5.043840e-02
21            	7.375230e-02	5.051330e-02	1.124410e-02	4.872550e-02
22            	7.421610e-02	4.907390e-02	1.065070e-02	4.730430e-02
23            	7.763640e-02	4.795010e-02	1.040760e-02	4.586330e-02
24            	8.103730e-02	4.660770e-02	1.021620e-02	4.478680e-02
25            	8.275170e-02	4.563920e-02	1.017870e-02	4.419090e-02
26            	8.393360e-02	4.465210e-02	1.012830e-02	4.349940e-02
27            	8.164100e-02	4.417830e-02	1.021500e-02	4.400690e-02
28            	7.892080e-02	4.395190e-02	1.035420e-02	4.486730e-02
29            	7.908310e-02	4.372040e-02	1.045370e-02	4.489260e-02
30            	8.001280e-02	4.380050e-02	1.035640e-02	4.453960e-02
31            	7.958580e-02	4.368740e-02	1.012900e-02	4.389480e-02
32            	8.032200e-02	4.347560e-02	9.830100e-03	4.251160e-02
33            	8.075280e-02	4.368420e-02	9.810140e-03	4.163000e-02
34            	8.000630e-02	4.451260e-02	1.029420e-02	4.194910e-02
35            	8.049750e-02	4.608350e-02	1.090720e-02	4.353080e-02
36            	7.985820e-02	4.786110e-02	1.160040e-02	4.607130e-02
37            	7.970860e-02	4.891160e-02	1.193590e-02	4.816130e-02
38            	7.970270e-02	4.995020e-02	1.215840e-02	4.955040e-02
39            	8.085570e-02	5.211330e-02	1.251140e-02	5.158760e-02
40            	8.182550e-02	5.503890e-02	1.293960e-02	5.521460e-02
41            	8.153290e-02	5.785210e-02	1.361130e-02	5.923990e-02
42            	8.333450e-02	5.971830e-02	1.468580e-02	6.414610e-02
43            	8.625000e-02	6.036910e-02	1.590850e-02	6.760470e-02
44            	8.810580e-02	6.132970e-02	1.649140e-02	6.890220e-02
45            	8.757210e-02	6.220580e-02	1.672210e-02	6.663100e-02
46            	8.364990e-02	6.266850e-02	1.661860e-02	6.336890e-02
47            	8.050710e-02	6.172190e-02	1.606790e-02	6.003080e-02
48            	8.094110e-02	5.897820e-02	1.514140e-02	5.686040e-02
49            	8.184760e-02	5.547500e-02	1.387500e-02	5.370250e-02
50            	8.018720e-02	5.181470e-02	1.261180e-02	4.954900e-02
51            	7.666630e-02	4.849200e-02	1.164300e-02	4.549040e-02
52            	7.132030e-02	4.536220e-02	1.077700e-02	4.211940e-02
53            	6.956560e-02	4.293490e-02	1.006190e-02	4.077810e-02
54            	6.862280e-02	4.196570e-02	9.722090e-03	4.035040e-02
55            	6.719780e-02	4.135420e-02	9.464010e-03	3.952600e-02
56            	6.561210e-02	4.058280e-02	9.194360e-03	3.897950e-02
57            	6.447490e-02	3.901100e-02	8.862240e-03	3.779680e-02
58            	6.258990e-02	3.789510e-02	8.728300e-03	3.664890e-02
59            	6.111240e-02	3.705040e-02	8.737540e-03	3.591720e-02
60            	6.036670e-02	3.684540e-02	8.917780e-03	3.599050e-02
61            	5.997360e-02	3.744780e-02	9.076670e-03	3.647320e-02
62            	6.041530e-02	3.825570e-02	9.184800e-03	3.787280e-02
63            	6.107690e-02	3.942300e-02	9.444810e-03	4.013280e-02
64            	6.194530e-02	4.050640e-02	9.656540e-03	4.217750e-02
65            	6.256800e-02	4.115530e-02	9.899780e-03	4.343390e-02
66            	6.332460e-02	4.214050e-02	1.032380e-02	4.416990e-02
67            	6.542970e-02	4.383160e-02	1.080210e-02	4.476430e-02
68            	6.880640e-02	4.559290e-02	1.117520e-02	4.532050e-02
69            	7.263630e-02	4.738520e-02	1.158200e-02	4.620240e-02
70            	7.639560e-02	4.981890e-02	1.200790e-02	4.819850e-02
71            	8.068640e-02	5.168090e-02	1.240050e-02	5.036920e-02
72            	8.505870e-02	5.396550e-02	1.281830e-02	5.285630e-02
73            	8.817010e-02	5.677570e-02	1.358130e-02	5.652410e-02
74            	9.011670e-02	5.990480e-02	1.496990e-02	6.129040e-02
75            	9.245480e-02	6.402400e-02	1.686680e-02	6.681760e-02
76            	9.367620e-02	6.875740e-02	1.868100e-02	7.279810e-02
77            	9.263310e-02	7.358490e-02	1.972980e-02	7.853890e-02
78            	9.118830e-02	7.499230e-02	1.997230e-02	8.011900e-02
79            	8.996590e-02	7.249900e-02	1.964820e-02	7.716700e-02
80            	8.832880e-02	6.932910e-02	1.918140e-02	7.437780e-02
81            	8.793900e-02	6.759940e-02	1.852070e-02	7.133330e-02
82            	8.712380e-02	6.567690e-02	1.767830e-02	6.802510e-02
83            	8.386550e-02	6.316740e-02	1.699290e-02	6.562870e-02
84            	8.056420e-02	6.134470e-02	1.613620e-02	6.438620e-02
85            	7.948270e-02	5.910550e-02	1.522860e-02	6.144150e-02
86            	7.912550e-02	5.707670e-02	1.435550e-02	5.808440e-02
87            	7.907820e-02	5.532270e-02	1.374430e-02	5.567400e-02
88            	8.001970e-02	5.485630e-02	1.354360e-02	5.478070e-02
89            	8.144030e-02	5.587900e-02	1.381830e-02	5.571690e-02
90            	8.376150e-02	5.851210e-02	1.435440e-02	5.745880e-02
91            	8.432660e-02	6.149000e-02	1.540300e-02	6.138420e-02
92            	8.359650e-02	6.518580e-02	1.717410e-02	6.745440e-02
93            	8.575670e-02	6.978500e-02	1.916520e-02	7.442890e-02
94            	8.646270e-02	7.469010e-02	2.003360e-02	7.784920e-02
95            	8.752500e-02	7.645640e-02	1.963440e-02	7.798380e-02
96            	8.467100e-02	7.479390e-02	1.865170e-02	7.592290e-02
97            	8.486520e-02	7.016570e-02	1.729700e-02	7.166810e-02
98            	8.195690e-02	6.570360e-02	1.609640e-02	6.579510e-02
99            	7.826720e-02	6.333550e-02	1.525750e-02	6.284920e-02
100           	7.470610e-02	6.005720e-02	1.467140e-02	6.060100e-02
101           	7.172140e-02	5.737360e-02	1.410750e-02	5.865570e-02
102           	7.158270e-02	5.568030e-02	1.358730e-02	5.643910e-02
103           	7.188360e-02	5.567220e-02	1.343720e-02	5.410000e-02
104           	7.339680e-02	5.597460e-02	1.337200e-02	5.432960e-02
105           	7.536940e-02	5.688540e-02	1.345080e-02	5.563190e-02
106           	7.694090e-02	5.776860e-02	1.321260e-02	5.655160e-02
107           	7.643170e-02	5.709330e-02	1.288920e-02	5.564050e-02
108           	7.431730e-02	5.544600e-02	1.250080e-02	5.362630e-02
109           	7.255430e-02	5.398450e-02	1.222150e-02	5.191290e-02
110           	7.152380e-02	5.215010e-02	1.199880e-02	4.994130e-02
111           	7.191560e-02	5.101800e-02	1.181200e-02	4.877570e-02
112           	7.342800e-02	5.107460e-02	1.182640e-02	4.846230e-02
113           	7.478900e-02	5.225960e-02	1.174070e-02	4.860840e-02
114           	7.654560e-02	5.432720e-02	1.175330e-02	4.944800e-02
115           	7.617390e-02	5.662840e-02	1.218970e-02	5.159840e-02
116           	7.537120e-02	5.912130e-02	1.288920e-02	5.423150e-02
117           	7.654660e-02	6.102770e-02	1.367780e-02	5.594000e-02
118           	7.684700e-02	6.174140e-02	1.419920e-02	5.717760e-02
119           	7.688280e-02	6.095350e-02	1.426100e-02	5.735580e-02
120           	7.699820e-02	5.821360e-02	1.408240e-02	5.636290e-02
121           	7.918440e-02	5.569920e-02	1.359010e-02	5.449990e-02
122           	7.881130e-02	5.339840e-02	1.310610e-02	5.246010e-02
123           	7.683170e-02	5.252590e-02	1.286020e-02	5.084510e-02
124           	7.532100e-02	5.329060e-02	1.279990e-02	5.004450e-02
125           	7.642520e-02	5.557000e-02	1.310220e-02	5.002980e-02
126           	7.797040e-02	5.867200e-02	1.373240e-02	5.220120e-02
127           	8.291750e-02	6.082960e-02	1.449380e-02	5.539930e-02
128           	8.904060e-02	6.221020e-02	1.519750e-02	5.811990e-02
129           	8.928160e-02	6.339840e-02	1.554230e-02	5.974570e-02
130           	8.656550e-02	6.390140e-02	1.556110e-02	6.007990e-02
131           	8.370980e-02	6.375160e-02	1.524900e-02	5.897620e-02
132           	8.412400e-02	6.347940e-02	1.514980e-02	5.829780e-02
133           	8.553600e-02	6.348300e-02	1.521760e-02	5.853100e-02
134           	8.740470e-02	6.382570e-02	1.574280e-02	6.021050e-02
135           	8.964060e-02	6.501110e-02	1.627230e-02	6.186460e-02
136           	9.214100e-02	6.635990e-02	1.681250e-02	6.272210e-02
137           	9.542150e-02	6.677980e-02	1.730350e-02	6.499820e-02
138           	9.573150e-02	6.661730e-02	1.785630e-02	6.721370e-02
139           	9.425890e-02	6.579930e-02	1.802070e-02	6.804580e-02
140           	9.319810e-02	6.601520e-02	1.793620e-02	6.843290e-02
141           	9.230660e-02	6.752610e-02	1.776680e-02	6.857250e-02
142           	8.980160e-02	6.973990e-02	1.750400e-02	6.874390e-02
143           	8.803890e-02	7.285040e-02	1.753230e-02	6.917780e-02
144           	8.801340e-02	7.663490e-02	1.788730e-02	6.863370e-02
145           	8.879570e-02	8.079340e-02	1.868540e-02	7.087060e-02
146           	8.966260e-02	8.321980e-02	1.932340e-02	7.365210e-02
147           	8.906350e-02	8.236050e-02	1.970820e-02	7.373520e-02
148           	8.638630e-02	7.766720e-02	1.909660e-02	7.088830e-02
149           	8.276200e-02	7.047700e-02	1.749070e-02	6.550510e-02
150           	7.886630e-02	6.413160e-02	1.592220e-02	6.047430e-02
151           	7.702710e-02	6.103170e-02	1.477090e-02	5.842850e-02
152           	7.666990e-02	6.009250e-02	1.393750e-02	5.763390e-02
153           	7.929770e-02	5.994090e-02	1.354220e-02	5.753240e-02
154           	8.142010e-02	6.030060e-02	1.347060e-02	5.772070e-02
155           	8.164890e-02	6.271000e-02	1.376340e-02	5.805790e-02
156           	8.358750e-02	6.563590e-02	1.459470e-02	5.930520e-02
157           	8.762820e-02	6.853590e-02	1.543260e-02	6.183630e-02
158           	9.040510e-02	7.060710e-02	1.621090e-02	6.397310e-02
159           	9.192200e-02	7.155690e-02	1.684440e-02	6.579430e-02
160           	9.245370e-02	7.132690e-02	1.711930e-02	6.580470e-02
161           	9.092170e-02	6.894070e-02	1.706280e-02	6.486220e-02
162           	8.793970e-02	6.674520e-02	1.697310e-02	6.401660e-02
163           	8.534990e-02	6.498050e-02	1.686070e-02	6.380950e-02
164           	8.413910e-02	6.494590e-02	1.634190e-02	6.150100e-02
165           	8.232920e-02	6.454430e-02	1.564940e-02	5.916920e-02
166           	8.154650e-02	6.420510e-02	1.516480e-02	5.752520e-02
167           	8.144300e-02	6.461800e-02	1.486470e-02	5.746480e-02
168           	7.984570e-02	6.603460e-02	1.477370e-02	5.883780e-02
169           	7.847700e-02	6.735370e-02	1.517210e-02	6.066730e-02
170           	7.926320e-02	6.773940e-02	1.571090e-02	6.341550e-02
171           	8.076140e-02	6.703930e-02	1.613130e-02	6.630490e-02
172           	8.118230e-02	6.734990e-02	1.678140e-02	6.936760e-02
173           	8.194040e-02	6.843340e-02	1.742070e-02	7.178750e-02
174           	8.399320e-02	6.980280e-02	1.765230e-02	7.198520e-02
175           	8.519090e-02	7.085170e-02	1.770120e-02	7.111980e-02
176           	8.460970e-02	7.162590e-02	1.771090e-02	6.822720e-02
177           	8.451420e-02	7.163510e-02	1.767370e-02	6.505400e-02
178           	8.447430e-02	7.208950e-02	1.750250e-02	6.293410e-02
179           	8.579540e-02	7.128700e-02	1.732410e-02	6.238340e-02
180           	8.551660e-02	6.987360e-02	1.729100e-02	6.304140e-02
181           	8.349350e-02	6.779420e-02	1.731810e-02	6.424080e-02
182           	8.449990e-02	6.636280e-02	1.732260e-02	6.550870e-02
183           	8.405850e-02	6.597770e-02	1.717150e-02	6.688040e-02
184           	8.219130e-02	6.553760e-02	1.713560e-02	6.801820e-02
185           	8.016020e-02	6.519310e-02	1.716920e-02	6.929880e-02
186           	7.898200e-02	6.608100e-02	1.731670e-02	7.045780e-02
187           	8.003330e-02	6.825620e-02	1.779120e-02	7.122370e-02
188           	8.233280e-02	7.264400e-02	1.839520e-02	7.178000e-02
189           	8.585760e-02	7.778200e-02	1.903290e-02	7.124650e-02
190           	8.774310e-02	8.051830e-02	1.943790e-02	7.054140e-02
191           	8.969930e-02	8.027910e-02	1.960280e-02	7.064350e-02
192           	8.983280e-02	7.923510e-02	1.942820e-02	7.176180e-02
193           	8.943710e-02	7.593910e-02	1.900500e-02	7.220590e-02
194           	8.763890e-02	7.114200e-02	1.865050e-02	7.196480e-02
195           	8.617680e-02	6.780080e-02	1.787660e-02	6.990940e-02
196           	8.545190e-02	6.744840e-02	1.722390e-02	6.760490e-02
197           	8.534070e-02	6.889690e-02	1.694540e-02	6.729520e-02
198           	8.529040e-02	7.113760e-02	1.689730e-02	6.679320e-02
199           	8.388360e-02	7.258110e-02	1.687930e-02	6.577980e-02
200           	8.261730e-02	7.321950e-02	1.712970e-02	6.492270e-02
201           	7.972140e-02	7.141210e-02	1.745860e-02	6.462990e-02
202           	7.893240e-02	6.951500e-02	1.756260e-02	6.432890e-02
203           	7.901040e-02	6.764720e-02	1.725250e-02	6.414900e-02
204           	8.009030e-02	6.668880e-02	1.675920e-02	6.497230e-02
205           	7.984370e-02	6.607440e-02	1.655270e-02	6.495420e-02
206           	8.052900e-02	6.530240e-02	1.657880e-02	6.333510e-02
207           	7.926830e-02	6.509500e-02	1.619630e-02	6.151540e-02
208           	7.921470e-02	6.431710e-02	1.568920e-02	5.856400e-02
209           	8.186860e-02	6.316410e-02	1.521040e-02	5.525480e-02
210           	8.267200e-02	6.156770e-02	1.481200e-02	5.291110e-02
211           	8.258960e-02	6.018450e-02	1.455050e-02	5.229710e-02
212           	8.196120e-02	5.996650e-02	1.455250e-02	5.292880e-02
213           	8.111580e-02	6.014620e-02	1.474830e-02	5.436650e-02
214           	8.070440e-02	6.039920e-02	1.503360e-02	5.624360e-02
215           	8.070620e-02	6.070640e-02	1.514470e-02	5.807450e-02
216           	8.028650e-02	6.125710e-02	1.504150e-02	5.941310e-02
217           	7.983710e-02	6.192300e-02	1.478810e-02	6.041010e-02
218           	7.813410e-02	6.391900e-02	1.469800e-02	6.227210e-02
219           	7.916520e-02	6.540080e-02	1.493530e-02	6.363710e-02
220           	8.089130e-02	6.759350e-02	1.578680e-02	6.586750e-02
221           	8.474010e-02	7.061150e-02	1.702510e-02	6.861770e-02
222           	8.808890e-02	7.459290e-02	1.852160e-02	7.229910e-02
223           	9.253560e-02	7.801210e-02	1.966540e-02	7.286570e-02
224           	9.226350e-02	7.898040e-02	2.007460e-02	7.131940e-02
225           	8.899430e-02	7.721460e-02	1.991420e-02	6.939510e-02
226           	8.602310e-02	7.405430e-02	1.923420e-02	6.863040e-02
227           	8.403410e-02	7.033180e-02	1.830870e-02	6.717470e-02
228           	8.235410e-02	6.793600e-02	1.744660e-02	6.599340e-02
229           	8.019900e-02	6.609880e-02	1.664510e-02	6.437310e-02
230           	7.905900e-02	6.422120e-02	1.647970e-02	6.382490e-02
231           	7.868110e-02	6.452540e-02	1.664740e-02	6.455430e-02
232           	7.831150e-02	6.533980e-02	1.659400e-02	6.436430e-02
233           	7.806640e-02	6.610770e-02	1.659670e-02	6.444980e-02
234           	7.740090e-02	6.586830e-02	1.623540e-02	6.462740e-02
235           	7.840480e-02	6.473600e-02	1.560770e-02	6.350730e-02
236           	7.880750e-02	6.315330e-02	1.511930e-02	6.144860e-02
237           	7.935730e-02	6.212940e-02	1.482050e-02	6.044390e-02
238           	7.956460e-02	6.197680e-02	1.476290e-02	6.100360e-02
239           	7.900100e-02	6.338750e-02	1.494450e-02	6.120800e-02
240           	8.121250e-02	6.550830e-02	1.526750e-02	6.204710e-02
241           	8.494860e-02	6.690950e-02	1.529780e-02	6.146400e-02
242           	8.765610e-02	6.807020e-02	1.533130e-02	6.118990e-02
243           	8.869340e-02	6.749090e-02	1.537710e-02	6.172880e-02
244           	8.858710e-02	6.539610e-02	1.527310e-02	6.254460e-02
245           	8.717150e-02	6.304340e-02	1.504300e-02	6.220200e-02
246           	8.447200e-02	6.171330e-02	1.493080e-02	6.107210e-02
247           	8.253670e-02	6.182990e-02	1.466800e-02	5.937880e-02
248           	8.146300e-02	6.331380e-02	1.439540e-02	5.920070e-02
249           	8.107970e-02	6.481530e-02	1.418560e-02	5.914630e-02
250           	8.087420e-02	6.665740e-02	1.463920e-02	6.017290e-02
251           	8.228610e-02	6.899630e-02	1.544170e-02	6.231870e-02
252           	8.401720e-02	7.092530e-02	1.633870e-02	6.516750e-02
253           	8.481080e-02	7.137710e-02	1.664220e-02	6.699120e-02
254           	8.555170e-02	6.927390e-02	1.675840e-02	6.733020e-02
255           	8.507550e-02	6.577800e-02	1.643700e-02	6.838170e-02
256           	8.315130e-02	6.273210e-02	1.585950e-02	6.849160e-02
257           	8.134260e-02	5.947450e-02	1.514700e-02	6.545450e-02
258           	7.915840e-02	5.637210e-02	1.439670e-02	6.121390e-02
259           	7.737940e-02	5.408800e-02	1.394350e-02	5.704570e-02
260           	7.391800e-02	5.313970e-02	1.365730e-02	5.285130e-02
261           	7.210430e-02	5.216860e-02	1.335240e-02	5.046940e-02
262           	7.275460e-02	5.193700e-02	1.294800e-02	5.067560e-02
263           	7.256930e-02	5.053270e-02	1.226010e-02	5.040670e-02
264           	6.948470e-02	4.911170e-02	1.153930e-02	4.933940e-02
265           	6.592850e-02	4.822320e-02	1.118230e-02	4.865010e-02
266           	6.551550e-02	4.825890e-02	1.104360e-02	4.802760e-02
267           	6.562580e-02	4.828200e-02	1.100520e-02	4.672690e-02
268           	6.743420e-02	4.844340e-02	1.120710e-02	4.574640e-02
269           	6.959140e-02	4.872580e-02	1.147490e-02	4.527410e-02
270           	7.074130e-02	4.883870e-02	1.180110e-02	4.570450e-02
271           	7.321590e-02	4.930350e-02	1.214300e-02	4.648740e-02
272           	7.623230e-02	4.973140e-02	1.233750e-02	4.748700e-02
273           	7.919090e-02	4.977690e-02	1.224410e-02	4.779130e-02
274           	8.166380e-02	4.960460e-02	1.202090e-02	4.715090e-02
275           	8.110120e-02	4.968140e-02	1.176960e-02	4.631000e-02
276           	8.191340e-02	5.001270e-02	1.155190e-02	4.646910e-02
277           	8.181350e-02	5.159180e-02	1.183900e-02	4.816490e-02
278           	8.236750e-02	5.493090e-02	1.246550e-02	5.222130e-02
279           	8.545240e-02	5.809540e-02	1.308400e-02	5.720730e-02
280           	8.839470e-02	6.149710e-02	1.397640e-02	6.325030e-02
281           	9.094160e-02	6.488690e-02	1.496070e-02	6.860530e-02
282           	9.043450e-02	6.741320e-02	1.606980e-02	7.191730e-02
283           	9.013130e-02	6.729820e-02	1.678080e-02	7.199830e-02
284           	9.051760e-02	6.687090e-02	1.736370e-02	7.118620e-02
285           	9.071500e-02	6.612450e-02	1.787590e-02	7.010150e-02
286           	8.867310e-02	6.333360e-02	1.815550e-02	6.723530e-02
287           	8.477030e-02	6.107620e-02	1.806270e-02	6.420310e-02
288           	7.955660e-02	5.922850e-02	1.773530e-02	6.284810e-02
289           	7.472160e-02	5.765780e-02	1.718660e-02	6.204130e-02
290           	7.235050e-02	5.667960e-02	1.635290e-02	6.124030e-02
291           	7.202810e-02	5.564260e-02	1.519280e-02	5.892840e-02
292           	7.204360e-02	5.519440e-02	1.394810e-02	5.571100e-02
293           	7.178330e-02	5.483680e-02	1.300640e-02	5.321360e-02
294           	7.199860e-02	5.406170e-02	1.247900e-02	5.249530e-02
295           	7.284040e-02	5.220640e-02	1.212640e-02	5.142190e-02
296           	7.195870e-02	4.925540e-02	1.159780e-02	4.851450e-02
297           	7.007320e-02	4.668560e-02	1.104380e-02	4.545670e-02
298           	6.726860e-02	4.517220e-02	1.061170e-02	4.328830e-02
299           	6.494900e-02	4.458690e-02	1.042440e-02	4.228960e-02
300           	6.479160e-02	4.476450e-02	1.046210e-02	4.191040e-02
301           	6.662740e-02	4.577220e-02	1.072890e-02	4.194580e-02
302           	6.945110e-02	4.772290e-02	1.098990e-02	4.258240e-02
303           	7.272200e-02	5.001820e-02	1.152590e-02	4.416220e-02
304           	7.521480e-02	5.195980e-02	1.209120e-02	4.628260e-02
305           	7.881400e-02	5.277670e-02	1.254040e-02	4.900080e-02
306           	8.055440e-02	5.377960e-02	1.305300e-02	5.191980e-02
307           	8.148520e-02	5.650670e-02	1.386400e-02	5.596140e-02
308           	8.353440e-02	5.953850e-02	1.499510e-02	6.020790e-02
309           	8.621340e-02	6.350740e-02	1.621030e-02	6.431100e-02
310           	8.799830e-02	6.677410e-02	1.702270e-02	6.720340e-02
311           	8.841010e-02	6.870890e-02	1.743640e-02	6.905790e-02
312           	8.990660e-02	6.850680e-02	1.757990e-02	6.832300e-02
313           	9.105880e-02	6.685360e-02	1.715100e-02	6.581680e-02
314           	8.953130e-02	6.351550e-02	1.681210e-02	6.328820e-02
315           	8.988380e-02	6.123940e-02	1.708450e-02	6.412690e-02
316           	8.944260e-02	6.001780e-02	1.726170e-02	6.606240e-02
317           	8.682410e-02	6.004370e-02	1.756780e-02	6.633220e-02
318           	8.368500e-02	6.223590e-02	1.783190e-02	6.514070e-02
319           	8.326690e-02	6.536960e-02	1.801300e-02	6.387360e-02
320           	8.484120e-02	6.824910e-02	1.794720e-02	6.290560e-02
321           	8.673460e-02	6.727770e-02	1.769920e-02	6.268910e-02
322           	8.417230e-02	6.574760e-02	1.750390e-02	6.218620e-02
323           	8.097040e-02	6.350430e-02	1.713960e-02	6.193610e-02
324           	7.916130e-02	6.124930e-02	1.701680e-02	6.274720e-02
325           	7.781630e-02	6.124700e-02	1.674030e-02	6.415020e-02
326           	7.579020e-02	6.277920e-02	1.656590e-02	6.335560e-02
327           	7.443330e-02	6.312870e-02	1.592320e-02	6.066350e-02
328           	7.498370e-02	6.157380e-02	1.485470e-02	5.743030e-02
329           	7.666260e-02	5.980750e-02	1.422510e-02	5.506820e-02
330           	7.935880e-02	5.828760e-02	1.391550e-02	5.495140e-02
331           	8.034350e-02	5.785790e-02	1.373640e-02	5.622590e-02
332           	8.138660e-02	5.796850e-02	1.347760e-02	5.695650e-02
333           	8.373330e-02	5.885520e-02	1.333160e-02	5.758600e-02
334           	8.293200e-02	5.924070e-02	1.302540e-02	5.765380e-02
335           	8.161000e-02	5.907130e-02	1.280690e-02	5.761740e-02
336           	7.932770e-02	5.789160e-02	1.294150e-02	5.733980e-02
337           	7.836800e-02	5.596720e-02	1.311130e-02	5.636450e-02
338           	8.109290e-02	5.426050e-02	1.302350e-02	5.511650e-02
339           	8.165600e-02	5.275530e-02	1.283370e-02	5.350630e-02
340           	8.094740e-02	5.210770e-02	1.258170e-02	5.221610e-02
341           	7.885950e-02	5.152550e-02	1.245930e-02	5.115140e-02
342           	7.487900e-02	5.175310e-02	1.231160e-02	5.072020e-02
343           	7.112160e-02	5.206910e-02	1.252180e-02	5.073090e-02
344           	6.911480e-02	5.226980e-02	1.284660e-02	5.176450e-02
345           	7.005190e-02	5.256850e-02	1.322760e-02	5.285320e-02
346           	7.131950e-02	5.370920e-02	1.358490e-02	5.365480e-02
347           	7.250970e-02	5.695870e-02	1.421230e-02	5.577740e-02
348           	7.500120e-02	6.132170e-02	1.502330e-02	5.928890e-02
349           	7.972950e-02	6.559090e-02	1.574020e-02	6.239320e-02
350           	8.616180e-02	6.871550e-02	1.613220e-02	6.505270e-02
351           	8.985480e-02	6.989950e-02	1.631780e-02	6.666100e-02
352           	8.787170e-02	6.870290e-02	1.628870e-02	6.630470e-02
353           	8.681040e-02	6.631790e-02	1.645330e-02	6.539930e-02
354           	8.503530e-02	6.355760e-02	1.671740e-02	6.533120e-02
355           	8.448220e-02	6.235030e-02	1.739320e-02	6.679350e-02
356           	8.197970e-02	6.165470e-02	1.749690e-02	6.739520e-02
357           	7.761600e-02	6.032150e-02	1.679360e-02	6.555780e-02
358           	7.562220e-02	5.734410e-02	1.559120e-02	6.159820e-02
359           	7.400820e-02	5.423220e-02	1.427770e-02	5.738690e-02
360           	7.279470e-02	5.244360e-02	1.318340e-02	5.461460e-02
361           	6.996680e-02	5.129030e-02	1.263550e-02	5.343570e-02
362           	6.953120e-02	5.080820e-02	1.262380e-02	5.405900e-02
363           	6.952130e-02	5.135110e-02	1.281420e-02	5.463820e-02
364           	6.985510e-02	5.252070e-02	1.308260e-02	5.485290e-02
365           	7.067710e-02	5.403450e-02	1.342300e-02	5.555770e-02
366           	7.288050e-02	5.633650e-02	1.398230e-02	5.725800e-02
367           	7.526560e-02	5.832860e-02	1.468710e-02	5.947730e-02
368           	7.884210e-02	6.005790e-02	1.499650e-02	6.042150e-02
369           	8.245410e-02	5.997470e-02	1.493330e-02	5.880490e-02
370           	8.454100e-02	5.930420e-02	1.433180e-02	5.771250e-02
371           	8.650650e-02	5.837000e-02	1.400490e-02	5.639330e-02
372           	8.593660e-02	5.788150e-02	1.377240e-02	5.610410e-02
373           	8.572060e-02	5.784010e-02	1.383930e-02	5.621200e-02
374           	8.592390e-02	5.961420e-02	1.422770e-02	5.772240e-02
375           	8.513420e-02	6.197600e-02	1.477710e-02	5.963960e-02
376           	8.335960e-02	6.363050e-02	1.550010e-02	6.006110e-02
377           	8.120730e-02	6.514990e-02	1.590030e-02	6.018050e-02
378           	7.976560e-02	6.574480e-02	1.636830e-02	6.008220e-02
379           	7.826340e-02	6.580130e-02	1.641940e-02	5.932610e-02
380           	7.862980e-02	6.619480e-02	1.633550e-02	5.870870e-02
381           	7.986790e-02	6.808950e-02	1.644830e-02	5.935090e-02
382           	8.243270e-02	7.074560e-02	1.672260e-02	6.091590e-02
383           	8.440270e-02	7.137250e-02	1.691670e-02	6.372110e-02
384           	8.634280e-02	7.090560e-02	1.686000e-02	6.716830e-02
385           	8.791360e-02	7.030230e-02	1.659460e-02	6.900510e-02
386           	8.725280e-02	7.016490e-02	1.631060e-02	6.864890e-02
387           	8.636610e-02	6.932060e-02	1.616470e-02	6.558800e-02
388           	8.121210e-02	6.852660e-02	1.584310e-02	6.208390e-02
389           	7.989800e-02	6.759120e-02	1.595130e-02	6.004570e-02
390           	8.223610e-02	6.765660e-02	1.637650e-02	5.924450e-02
391           	8.229270e-02	6.899010e-02	1.679590e-02	6.025110e-02
392           	8.121070e-02	7.123590e-02	1.744680e-02	6.345690e-02
393           	8.183790e-02	7.364330e-02	1.846940e-02	6.817300e-02
394           	8.521450e-02	7.664410e-02	1.960490e-02	7.347970e-02
395           	8.797610e-02	7.833980e-02	2.003010e-02	7.755590e-02
396           	8.902000e-02	8.130030e-02	2.052440e-02	7.859380e-02
397           	8.662580e-02	8.722050e-02	2.110170e-02	8.048830e-02
398           	8.550320e-02	9.349550e-02	2.202520e-02	8.296190e-02
399           	8.737300e-02	9.625310e-02	2.230050e-02	8.388020e-02
400           	8.892470e-02	9.129610e-02	2.194980e-02	7.939390e-02
401           	8.921230e-02	8.284130e-02	2.093900e-02	7.357720e-02
402           	8.916990e-02	7.408290e-02	1.948900e-02	6.832370e-02
403           	8.641310e-02	6.884270e-02	1.797190e-02	6.470190e-02
404           	8.365610e-02	6.794560e-02	1.716580e-02	6.264210e-02
405           	8.340200e-02	6.992370e-02	1.657760e-02	6.143590e-02
406           	8.299760e-02	7.235230e-02	1.610980e-02	5.990960e-02
407           	8.203210e-02	7.329730e-02	1.599200e-02	5.916100e-02
408           	8.299960e-02	7.386270e-02	1.601160e-02	5.920050e-02
409           	8.372740e-02	7.276590e-02	1.587110e-02	6.025540e-02
410           	8.436160e-02	6.864200e-02	1.543870e-02	6.018980e-02
411           	8.570570e-02	6.486850e-02	1.490390e-02	5.876290e-02
412           	8.406880e-02	6.254450e-02	1.445300e-02	5.775960e-02
413           	8.149910e-02	6.214370e-02	1.455570e-02	5.754580e-02
414           	7.990390e-02	6.343420e-02	1.483090e-02	5.788390e-02
415           	7.907110e-02	6.451960e-02	1.483590e-02	5.767670e-02
416           	7.892850e-02	6.511580e-02	1.487560e-02	5.754440e-02
417           	7.945080e-02	6.603140e-02	1.498800e-02	5.793580e-02
418           	7.858720e-02	6.800150e-02	1.542030e-02	6.005620e-02
419           	7.882640e-02	7.016900e-02	1.640610e-02	6.336170e-02
420           	8.020400e-02	7.301940e-02	1.759880e-02	6.706100e-02
421           	8.270930e-02	7.487720e-02	1.839420e-02	6.941950e-02
422           	8.610320e-02	7.537470e-02	1.863700e-02	7.113900e-02
423           	9.010540e-02	7.515130e-02	1.874480e-02	7.203920e-02
424           	9.327300e-02	7.583490e-02	1.916960e-02	7.311190e-02
425           	9.462540e-02	7.830480e-02	1.989400e-02	7.591400e-02
426           	9.595070e-02	8.323590e-02	2.067700e-02	7.821440e-02
427           	9.999690e-02	8.901130e-02	2.167430e-02	7.878730e-02
428           	1.018890e-01	9.232320e-02	2.299500e-02	7.946340e-02
429           	1.007410e-01	9.326410e-02	2.342990e-02	7.846630e-02
430           	1.003840e-01	9.009710e-02	2.292610e-02	7.660100e-02
431           	9.688170e-02	8.377400e-02	2.194810e-02	7.420390e-02
432           	9.420910e-02	7.521050e-02	2.029590e-02	6.958110e-02
433           	9.224510e-02	7.107000e-02	1.906350e-02	6.716780e-02
434           	9.022930e-02	7.148470e-02	1.878210e-02	6.777820e-02
435           	8.800590e-02	7.434120e-02	1.866570e-02	6.904390e-02
436           	8.618340e-02	7.904360e-02	1.910710e-02	7.214290e-02
437           	8.729070e-02	8.345750e-02	1.971170e-02	7.682750e-02
438           	8.994140e-02	8.716860e-02	2.041360e-02	8.000280e-02
439           	9.211970e-02	8.704140e-02	2.017830e-02	7.994750e-02
440           	9.115080e-02	8.116140e-02	1.904810e-02	7.654540e-02
441           	8.823840e-02	7.340550e-02	1.735460e-02	7.105950e-02
442           	8.479300e-02	6.854360e-02	1.623580e-02	6.776900e-02
443           	8.300430e-02	6.712850e-02	1.569150e-02	6.463360e-02
444           	8.235060e-02	6.607220e-02	1.525670e-02	6.113290e-02
445           	8.094770e-02	6.488400e-02	1.493530e-02	5.864320e-02
446           	7.999020e-02	6.408230e-02	1.500490e-02	5.838730e-02
447           	8.126120e-02	6.357910e-02	1.519360e-02	5.921030e-02
448           	8.206030e-02	6.360700e-02	1.571090e-02	6.110900e-02
449           	8.252890e-02	6.390950e-02	1.587350e-02	6.302290e-02
450           	8.181590e-02	6.370780e-02	1.597110e-02	6.458600e-02
451           	8.081490e-02	6.340870e-02	1.613900e-02	6.576190e-02
452           	8.094190e-02	6.397820e-02	1.622870e-02	6.746690e-02
453           	8.294370e-02	6.453950e-02	1.644140e-02	6.856590e-02
454           	8.428640e-02	6.537640e-02	1.645760e-02	6.825240e-02
455           	8.385770e-02	6.622900e-02	1.633560e-02	6.750980e-02
456           	8.243150e-02	6.515510e-02	1.581930e-02	6.555290e-02
457           	8.219940e-02	6.448630e-02	1.516140e-02	6.439350e-02
458           	8.417370e-02	6.557240e-02	1.500430e-02	6.495780e-02
459           	8.540570e-02	6.649690e-02	1.511030e-02	6.372060e-02
460           	8.299070e-02	6.553090e-02	1.502600e-02	6.146830e-02
461           	8.057800e-02	6.369420e-02	1.502030e-02	5.956700e-02
462           	8.020960e-02	6.106340e-02	1.509160e-02	5.846960e-02
463           	7.972900e-02	5.866950e-02	1.516790e-02	5.838880e-02
464           	7.869520e-02	5.724350e-02	1.489880e-02	5.893470e-02
465           	7.596970e-02	5.633530e-02	1.431010e-02	5.843060e-02
466           	7.270960e-02	5.433150e-02	1.367320e-02	5.620070e-02
467           	6.909800e-02	5.256270e-02	1.301660e-02	5.401680e-02
468           	6.785190e-02	5.201440e-02	1.245380e-02	5.217050e-02
469           	6.776840e-02	5.231690e-02	1.227940e-02	5.111000e-02
470           	6.980010e-02	5.381720e-02	1.241320e-02	5.107730e-02
471           	7.338670e-02	5.581400e-02	1.265860e-02	5.176530e-02
472           	7.668540e-02	5.726550e-02	1.279620e-02	5.324780e-02
473           	7.746470e-02	5.834520e-02	1.307440e-02	5.334900e-02
474           	7.695160e-02	5.773680e-02	1.336810e-02	5.304280e-02
475           	7.750080e-02	5.646880e-02	1.355360e-02	5.223930e-02
476           	7.814900e-02	5.477310e-02	1.342420e-02	5.103520e-02
477           	7.715760e-02	5.328090e-02	1.322880e-02	5.023190e-02
478           	7.643670e-02	5.327520e-02	1.345360e-02	5.079890e-02
479           	7.569500e-02	5.596170e-02	1.400530e-02	5.287830e-02
480           	7.569700e-02	6.052910e-02	1.475790e-02	5.594960e-02
481           	7.744090e-02	6.553440e-02	1.565450e-02	6.043010e-02
482           	8.043210e-02	6.939340e-02	1.639410e-02	6.489040e-02
483           	8.127800e-02	7.272380e-02	1.694700e-02	6.876860e-02
484           	8.456580e-02	7.545730e-02	1.749720e-02	7.124390e-02
485           	8.796990e-02	7.726680e-02	1.809930e-02	7.193700e-02
486           	8.721420e-02	7.658690e-02	1.842470e-02	7.189820e-02
487           	8.972960e-02	7.442900e-02	1.875540e-02	7.218990e-02
488           	8.978950e-02	7.095820e-02	1.830350e-02	7.013910e-02
489           	8.698950e-02	6.840140e-02	1.783470e-02	6.632760e-02
490           	8.318100e-02	6.677930e-02	1.780720e-02	6.388150e-02
491           	7.877150e-02	6.698210e-02	1.748840e-02	6.233060e-02
492           	7.628450e-02	6.697710e-02	1.676230e-02	6.043060e-02
493           	7.388140e-02	6.552120e-02	1.579270e-02	5.874510e-02
494           	7.128950e-02	6.160390e-02	1.485480e-02	5.752540e-02
495           	6.910350e-02	5.655460e-02	1.420130e-02	5.574820e-02
496           	6.637820e-02	5.266260e-02	1.359830e-02	5.345840e-02
497           	6.441690e-02	5.032960e-02	1.291060e-02	5.098210e-02
498           	6.368860e-02	4.936560e-02	1.244740e-02	4.898520e-02
499           	6.475190e-02	4.991600e-02	1.230740e-02	4.834450e-02
500           	6.581450e-02	5.074780e-02	1.242730e-02	4.866330e-02
501           	6.635540e-02	5.133330e-02	1.276240e-02	4.918640e-02
502           	6.819390e-02	5.196240e-02	1.322740e-02	4.977590e-02
503           	6.995810e-02	5.314380e-02	1.358810e-02	5.077310e-02
504           	7.090990e-02	5.438700e-02	1.395700e-02	5.273680e-02
505           	7.207650e-02	5.632760e-02	1.426220e-02	5.596770e-02
506           	7.411470e-02	5.801910e-02	1.467490e-02	5.879870e-02
507           	7.669620e-02	5.906370e-02	1.507070e-02	6.131970e-02
508           	7.959930e-02	6.026700e-02	1.541190e-02	6.309110e-02
509           	8.342020e-02	6.219730e-02	1.568640e-02	6.460420e-02
510           	8.595850e-02	6.510460e-02	1.577460e-02	6.590260e-02
511           	8.761770e-02	6.784980e-02	1.584380e-02	6.665870e-02
512           	8.845650e-02	6.920020e-02	1.636860e-02	6.529380e-02
513           	8.727660e-02	6.912160e-02	1.710600e-02	6.502420e-02
514           	8.390820e-02	6.716110e-02	1.759490e-02	6.459840e-02
515           	7.911110e-02	6.515690e-02	1.798100e-02	6.467720e-02
516           	7.615060e-02	6.398230e-02	1.819480e-02	6.639560e-02
517           	7.501340e-02	6.333260e-02	1.762490e-02	6.655960e-02
518           	7.385290e-02	6.148080e-02	1.650990e-02	6.352930e-02
519           	7.311920e-02	5.927920e-02	1.507230e-02	5.869670e-02
520           	7.352970e-02	5.702820e-02	1.374720e-02	5.354020e-02
521           	7.423080e-02	5.590940e-02	1.306610e-02	4.975300e-02
522           	7.748410e-02	5.656280e-02	1.305850e-02	4.843720e-02
523           	8.043140e-02	5.561770e-02	1.291310e-02	4.726220e-02
524           	8.181100e-02	5.275020e-02	1.225740e-02	4.639090e-02
525           	8.111890e-02	4.996010e-02	1.186240e-02	4.536800e-02
526           	8.077160e-02	4.880980e-02	1.166320e-02	4.435250e-02
527           	8.188700e-02	4.961790e-02	1.182550e-02	4.491800e-02
528           	8.252400e-02	5.243060e-02	1.216960e-02	4.744100e-02
529           	8.326800e-02	5.517050e-02	1.259040e-02	5.011980e-02
530           	8.431400e-02	5.639740e-02	1.289720e-02	5.231840e-02
531           	8.539140e-02	5.661640e-02	1.329700e-02	5.321910e-02
532           	8.433650e-02	5.801390e-02	1.382060e-02	5.505990e-02
533           	8.294640e-02	6.119070e-02	1.463290e-02	5.698060e-02
534           	7.878320e-02	6.442950e-02	1.561050e-02	5.873490e-02
535           	7.583100e-02	6.515130e-02	1.628190e-02	5.934480e-02
536           	7.599300e-02	6.453500e-02	1.647770e-02	5.962220e-02
537           	7.800240e-02	6.181490e-02	1.601740e-02	5.843730e-02
538           	8.002860e-02	5.735150e-02	1.512890e-02	5.684570e-02
539           	8.013380e-02	5.603390e-02	1.458230e-02	5.633130e-02
540           	7.864950e-02	5.630890e-02	1.434920e-02	5.712690e-02
541           	7.813780e-02	5.731370e-02	1.444560e-02	5.779040e-02
542           	7.949990e-02	5.924080e-02	1.484470e-02	5.813800e-02
543           	8.130650e-02	6.176950e-02	1.525700e-02	5.851660e-02
544           	8.116670e-02	6.364650e-02	1.531740e-02	5.859470e-02
545           	8.073030e-02	6.445730e-02	1.548330e-02	5.886700e-02
546           	8.090320e-02	6.580530e-02	1.573470e-02	5.922650e-02
547           	8.199280e-02	6.587970e-02	1.609280e-02	6.014290e-02
548           	8.047050e-02	6.429360e-02	1.628000e-02	6.121940e-02
549           	7.817480e-02	6.295150e-02	1.663270e-02	6.247050e-02
550           	7.582480e-02	6.290980e-02	1.713960e-02	6.363110e-02
551           	7.714310e-02	6.587410e-02	1.791640e-02	6.695470e-02
552           	8.404450e-02	6.977340e-02	1.855330e-02	6.988480e-02
553           	9.202230e-02	7.266480e-02	1.912850e-02	7.228350e-02
554           	9.319070e-02	7.465280e-02	1.941030e-02	7.385990e-02
555           	9.442660e-02	7.442950e-02	1.978140e-02	7.483940e-02
556           	9.693080e-02	7.344230e-02	1.999550e-02	7.635320e-02
557           	9.876490e-02	7.273140e-02	1.974140e-02	7.686080e-02
558           	9.689330e-02	7.257520e-02	1.891870e-02	7.556530e-02
559           	9.330440e-02	7.411900e-02	1.848810e-02	7.420100e-02
560           	9.267030e-02	7.804670e-02	1.853540e-02	7.437320e-02
561           	9.216710e-02	8.181290e-02	1.886240e-02	7.438080e-02
562           	9.081510e-02	8.246080e-02	1.907850e-02	7.255190e-02
563           	8.932810e-02	7.861820e-02	1.874740e-02	6.936570e-02
564           	8.490640e-02	7.141080e-02	1.767320e-02	6.534000e-02
565           	7.962140e-02	6.416120e-02	1.617610e-02	6.128210e-02
566           	7.490570e-02	5.916890e-02	1.503790e-02	5.841640e-02
567           	7.223230e-02	5.622190e-02	1.402430e-02	5.660300e-02
568           	7.309910e-02	5.569140e-02	1.341130e-02	5.623370e-02
569           	7.381330e-02	5.736930e-02	1.337440e-02	5.679670e-02
570           	7.426400e-02	5.924080e-02	1.373130e-02	5.712300e-02
571           	7.594540e-02	6.089530e-02	1.417700e-02	5.659190e-02
572           	7.644920e-02	6.159020e-02	1.437110e-02	5.570340e-02
573           	7.878870e-02	6.267520e-02	1.419560e-02	5.480220e-02
574           	8.283880e-02	6.306390e-02	1.395700e-02	5.437740e-02
575           	8.392470e-02	6.208340e-02	1.367800e-02	5.432420e-02
576           	8.307050e-02	6.040890e-02	1.345830e-02	5.444740e-02
577           	8.349020e-02	6.003060e-02	1.374930e-02	5.462740e-02
578           	8.432020e-02	6.007390e-02	1.407920e-02	5.505560e-02
579           	8.438630e-02	6.170110e-02	1.464910e-02	5.675990e-02
580           	8.420930e-02	6.354630e-02	1.519410e-02	5.985730e-02
581           	8.353940e-02	6.475980e-02	1.576370e-02	6.303170e-02
582           	8.534450e-02	6.522070e-02	1.612870e-02	6.426620e-02
583           	8.632120e-02	6.816290e-02	1.649620e-02	6.582520e-02
584           	8.556660e-02	7.193080e-02	1.682360e-02	6.840810e-02
585           	8.763180e-02	7.520930e-02	1.738680e-02	7.034890e-02
586           	9.086900e-02	7.723960e-02	1.772440e-02	7.083170e-02
587           	9.131690e-02	7.607360e-02	1.812700e-02	7.019710e-02
588           	8.947130e-02	7.344430e-02	1.882400e-02	6.947500e-02
589           	8.648090e-02	7.257650e-02	1.933850e-02	6.951370e-02
590           	8.411710e-02	7.562240e-02	1.988930e-02	7.170790e-02
591           	8.225760e-02	7.743080e-02	1.979630e-02	7.403360e-02
592           	8.065900e-02	7.597460e-02	1.912160e-02	7.378810e-02
593           	7.793390e-02	7.217660e-02	1.806390e-02	7.085240e-02
594           	7.482360e-02	6.741520e-02	1.700770e-02	6.719030e-02
595           	7.282560e-02	6.384780e-02	1.592030e-02	6.402750e-02
596           	7.273290e-02	6.239910e-02	1.495050e-02	6.098910e-02
597           	7.312380e-02	6.143460e-02	1.437250e-02	5.877890e-02
598           	7.325140e-02	5.950960e-02	1.382640e-02	5.661310e-02
599           	7.127540e-02	5.701730e-02	1.329530e-02	5.405780e-02
600           	7.031130e-02	5.521630e-02	1.273840e-02	5.192040e-02
601           	7.045800e-02	5.352690e-02	1.226680e-02	5.028180e-02
602           	7.091700e-02	5.248160e-02	1.192860e-02	4.924350e-02
603           	7.192410e-02	5.108510e-02	1.166190e-02	4.825320e-02
604           	7.163030e-02	4.985760e-02	1.142220e-02	4.726690e-02
605           	7.237790e-02	4.870230e-02	1.136480e-02	4.668040e-02
606           	7.187330e-02	4.860110e-02	1.137040e-02	4.655360e-02
607           	7.112200e-02	4.908890e-02	1.158450e-02	4.751680e-02
608           	7.329730e-02	4.955690e-02	1.191350e-02	4.886290e-02
609           	7.622500e-02	5.130680e-02	1.240800e-02	5.186080e-02
610           	7.823830e-02	5.410290e-02	1.316200e-02	5.455460e-02
611           	8.146650e-02	5.786360e-02	1.404490e-02	5.687860e-02
612           	8.175660e-02	6.246980e-02	1.539730e-02	5.982630e-02
613           	8.261090e-02	6.843870e-02	1.653300e-02	6.321710e-02
614           	8.411420e-02	7.298110e-02	1.726250e-02	6.522840e-02
615           	8.204300e-02	7.365860e-02	1.761490e-02	6.656370e-02
616           	7.801230e-02	7.038200e-02	1.767510e-02	6.583450e-02
617           	7.381610e-02	6.440680e-02	1.730580e-02	6.436620e-02
618           	7.278180e-02	6.130750e-02	1.712780e-02	6.328370e-02
619           	7.308290e-02	6.128440e-02	1.685840e-02	6.145640e-02
620           	7.142870e-02	6.060960e-02	1.651230e-02	6.016710e-02
621           	6.930920e-02	6.087040e-02	1.649680e-02	6.029710e-02
622           	6.756980e-02	6.008610e-02	1.666280e-02	6.088510e-02
623           	6.778180e-02	5.954570e-02	1.712920e-02	6.262960e-02
624           	6.967680e-02	6.038200e-02	1.751500e-02	6.466930e-02
625           	7.346080e-02	6.328180e-02	1.758300e-02	6.751740e-02
626           	7.754960e-02	6.689380e-02	1.799770e-02	7.032450e-02
627           	8.001100e-02	6.962830e-02	1.793400e-02	7.127140e-02
628           	8.090950e-02	7.089450e-02	1.795940e-02	7.145980e-02
629           	8.182830e-02	7.156250e-02	1.825180e-02	7.167090e-02
630           	8.238720e-02	7.310500e-02	1.873600e-02	7.176190e-02
631           	8.359270e-02	7.571830e-02	1.938590e-02	7.247630e-02
632           	8.568160e-02	7.709880e-02	1.961980e-02	7.321820e-02
633           	8.885680e-02	7.692990e-02	1.945840e-02	7.408630e-02
634           	9.058040e-02	7.438050e-02	1.876760e-02	7.352630e-02
635           	9.049770e-02	7.073100e-02	1.806360e-02	7.151130e-02
636           	8.696420e-02	6.550930e-02	1.715930e-02	6.818540e-02
637           	8.196610e-02	5.973420e-02	1.597060e-02	6.325260e-02
638           	7.774630e-02	5.616110e-02	1.492120e-02	5.836970e-02
639           	7.422080e-02	5.399650e-02	1.404890e-02	5.471190e-02
640           	7.176820e-02	5.282210e-02	1.343850e-02	5.302000e-02
641           	6.923430e-02	5.222120e-02	1.308570e-02	5.263360e-02
642           	6.774320e-02	5.223440e-02	1.293480e-02	5.234560e-02
643           	6.798740e-02	5.250090e-02	1.306490e-02	5.288510e-02
644           	6.991990e-02	5.381390e-02	1.349130e-02	5.446620e-02
645           	7.154040e-02	5.599870e-02	1.421310e-02	5.674110e-02
646           	7.189380e-02	5.850350e-02	1.508100e-02	5.862430e-02
647           	7.202780e-02	6.077440e-02	1.606020e-02	5.953210e-02
648           	7.316120e-02	6.305220e-02	1.692520e-02	5.968880e-02
649           	7.478620e-02	6.451110e-02	1.774750e-02	6.046120e-02
650           	7.927250e-02	6.604500e-02	1.822560e-02	6.213120e-02
651           	8.387620e-02	6.824120e-02	1.842820e-02	6.382710e-02
652           	8.771630e-02	7.137470e-02	1.879250e-02	6.562740e-02
653           	8.920860e-02	7.574320e-02	1.932310e-02	6.750220e-02
654           	8.980010e-02	7.740210e-02	1.934700e-02	6.868870e-02
655           	9.026250e-02	7.530240e-02	1.897930e-02	6.959300e-02
656           	9.086150e-02	7.301270e-02	1.867680e-02	7.217440e-02
657           	8.941980e-02	7.332740e-02	1.869760e-02	7.516960e-02
658           	8.967770e-02	7.686920e-02	1.925710e-02	7.602490e-02
659           	9.110450e-02	8.087980e-02	2.010640e-02	7.706880e-02
660           	8.994550e-02	8.289580e-02	2.095370e-02	7.914090e-02
661           	8.580310e-02	8.048390e-02	2.139230e-02	7.914540e-02
662           	8.165060e-02	7.606430e-02	2.094170e-02	7.705580e-02
663           	7.812820e-02	7.062250e-02	1.977500e-02	7.389860e-02
664           	7.716210e-02	6.677620e-02	1.860420e-02	7.151480e-02
665           	7.505510e-02	6.424020e-02	1.756680e-02	7.088630e-02
666           	7.471970e-02	6.307710e-02	1.673080e-02	6.832350e-02
667           	7.581510e-02	6.145700e-02	1.577000e-02	6.463450e-02
668           	7.497070e-02	5.889120e-02	1.468270e-02	6.074900e-02
669           	7.390700e-02	5.716080e-02	1.382590e-02	5.727420e-02
670           	7.267880e-02	5.617540e-02	1.348230e-02	5.552650e-02
671           	7.431760e-02	5.629480e-02	1.326010e-02	5.532010e-02
672           	7.571300e-02	5.666600e-02	1.307430e-02	5.510870e-02
673           	7.788360e-02	5.728360e-02	1.314770e-02	5.455600e-02
674           	7.879140e-02	5.815020e-02	1.321490e-02	5.451120e-02
675           	8.023860e-02	5.886240e-02	1.333100e-02	5.512990e-02
676           	8.049340e-02	5.723730e-02	1.352670e-02	5.516140e-02
677           	8.107970e-02	5.643750e-02	1.414900e-02	5.553530e-02
678           	8.251820e-02	5.742810e-02	1.472030e-02	5.719200e-02
679           	8.192970e-02	5.871960e-02	1.493930e-02	5.803470e-02
680           	8.141260e-02	6.111490e-02	1.536550e-02	5.849200e-02
681           	7.945720e-02	6.358650e-02	1.577530e-02	5.965870e-02
682           	7.999420e-02	6.596600e-02	1.662610e-02	6.227430e-02
683           	8.116380e-02	6.842790e-02	1.781400e-02	6.455470e-02
684           	8.436500e-02	7.174730e-02	1.914550e-02	6.849460e-02
685           	8.591400e-02	7.591590e-02	2.031920e-02	7.515260e-02
686           	8.704330e-02	7.999330e-02	2.150630e-02	8.285340e-02
687           	8.850350e-02	8.418730e-02	2.265360e-02	9.027840e-02
688           	8.703520e-02	8.759250e-02	2.351690e-02	9.569080e-02
689           	9.035960e-02	8.811680e-02	2.414820e-02	9.521020e-02
690           	9.531080e-02	8.680670e-02	2.422770e-02	9.090210e-02
691           	9.610930e-02	8.312500e-02	2.391760e-02	8.399970e-02
692           	9.266560e-02	7.933140e-02	2.298600e-02	7.714000e-02
693           	8.836400e-02	7.549330e-02	2.140590e-02	7.192610e-02
694           	8.588100e-02	7.145000e-02	1.964420e-02	6.745140e-02
695           	8.337420e-02	6.724220e-02	1.838100e-02	6.464080e-02
696           	8.112850e-02	6.432120e-02	1.757440e-02	6.432830e-02
697           	7.966100e-02	6.421970e-02	1.733250e-02	6.609930e-02
698           	7.767940e-02	6.550450e-02	1.754220e-02	6.864260e-02
699           	7.606140e-02	6.767870e-02	1.787110e-02	7.065540e-02
700           	7.516140e-02	7.036860e-02	1.839170e-02	7.282790e-02
701           	7.592700e-02	7.247480e-02	1.924820e-02	7.556630e-02
702           	7.925300e-02	7.478550e-02	2.039300e-02	7.843180e-02
703           	8.297500e-02	7.885550e-02	2.139010e-02	8.147290e-02
704           	8.732360e-02	8.250540e-02	2.191430e-02	8.285980e-02
705           	9.190660e-02	8.363720e-02	2.169030e-02	8.163730e-02
706           	9.328820e-02	8.193710e-02	2.124530e-02	7.809360e-02
707           	9.445270e-02	8.125990e-02	2.043140e-02	7.428650e-02
708           	9.580820e-02	8.157470e-02	1.976820e-02	7.317260e-02
709           	9.677110e-02	7.977210e-02	1.972250e-02	7.325690e-02
710           	9.698970e-02	7.796670e-02	1.977320e-02	7.423720e-02
711           	9.304260e-02	7.523030e-02	1.939680e-02	7.409760e-02
712           	8.951100e-02	7.382730e-02	1.904780e-02	7.357380e-02
713           	8.502470e-02	7.195760e-02	1.842690e-02	7.281280e-02
714           	8.091380e-02	6.897140e-02	1.741980e-02	7.102520e-02
715           	7.775720e-02	6.569610e-02	1.628520e-02	6.786110e-02
716           	7.648790e-02	6.302390e-02	1.529910e-02	6.458350e-02
717           	7.609830e-02	6.085490e-02	1.467630e-02	6.168910e-02
718           	7.690300e-02	5.930770e-02	1.422960e-02	5.905120e-02
719           	7.680570e-02	5.814750e-02	1.383400e-02	5.705390e-02
720           	7.608070e-02	5.750180e-02	1.365600e-02	5.616550e-02
721           	7.624090e-02	5.755240e-02	1.396820e-02	5.656630e-02
722           	7.606250e-02	5.810800e-02	1.449460e-02	5.740460e-02
723           	7.709780e-02	5.850760e-02	1.475560e-02	5.805020e-02
724           	7.930700e-02	5.941190e-02	1.484670e-02	5.863700e-02
725           	8.002670e-02	5.997150e-02	1.519020e-02	5.885090e-02
726           	8.056970e-02	6.041720e-02	1.526830e-02	5.856800e-02
727           	7.989620e-02	6.048930e-02	1.531430e-02	5.803960e-02
728           	8.123100e-02	6.242700e-02	1.557720e-02	5.857090e-02
729           	8.581730e-02	6.628510e-02	1.629720e-02	6.170200e-02
730           	8.874960e-02	6.928770e-02	1.674500e-02	6.467640e-02
731           	9.056030e-02	7.251900e-02	1.722040e-02	6.696500e-02
732           	9.187920e-02	7.255910e-02	1.765770e-02	6.812770e-02
733           	9.063880e-02	7.243210e-02	1.755650e-02	6.983020e-02
734           	8.864660e-02	7.041610e-02	1.772420e-02	7.019430e-02
735           	8.659990e-02	6.850460e-02	1.824030e-02	7.111420e-02
736           	8.446560e-02	6.720680e-02	1.882110e-02	7.205870e-02
737           	8.308850e-02	6.701610e-02	1.876280e-02	7.049470e-02
738           	7.925280e-02	6.785580e-02	1.810040e-02	6.743530e-02
739           	7.555330e-02	6.624610e-02	1.696000e-02	6.369770e-02
740           	7.448610e-02	6.191970e-02	1.543520e-02	5.906850e-02
741           	7.347450e-02	5.832060e-02	1.392670e-02	5.516910e-02
742           	7.209790e-02	5.618630e-02	1.318070e-02	5.284460e-02
743           	7.148270e-02	5.490720e-02	1.281110e-02	5.184700e-02
744           	7.159660e-02	5.395740e-02	1.243660e-02	5.106880e-02
745           	7.359920e-02	5.294890e-02	1.224400e-02	5.033620e-02
746           	7.595060e-02	5.259080e-02	1.221090e-02	4.983500e-02
747           	7.674630e-02	5.219770e-02	1.224350e-02	4.954260e-02
748           	7.760180e-02	5.160670e-02	1.194090e-02	4.815100e-02
749           	7.661680e-02	5.032170e-02	1.163430e-02	4.636300e-02
750           	7.348530e-02	4.919090e-02	1.145450e-02	4.509570e-02
751           	7.116660e-02	4.808770e-02	1.131420e-02	4.430990e-02
752           	7.044230e-02	4.772200e-02	1.136530e-02	4.451270e-02
753           	6.988460e-02	4.830260e-02	1.141690e-02	4.593940e-02
754           	7.149290e-02	4.994300e-02	1.199250e-02	4.803340e-02
755           	7.383210e-02	5.230680e-02	1.286030e-02	5.109710e-02
756           	7.576600e-02	5.558390e-02	1.355000e-02	5.343630e-02
757           	7.603930e-02	5.937790e-02	1.405490e-02	5.564410e-02
758           	7.563970e-02	6.122840e-02	1.449660e-02	5.686040e-02
759           	7.564910e-02	6.273900e-02	1.509170e-02	5.806310e-02
760           	7.597040e-02	6.499280e-02	1.593650e-02	6.035190e-02
761           	7.767640e-02	6.866900e-02	1.705530e-02	6.346450e-02
762           	8.331540e-02	7.314550e-02	1.867060e-02	6.718780e-02
763           	8.977880e-02	7.521690e-02	1.958510e-02	6.940440e-02
764           	9.606340e-02	7.749730e-02	2.015220e-02	7.110700e-02
765           	9.745980e-02	7.893140e-02	2.034410e-02	7.379170e-02
766           	9.426790e-02	7.912850e-02	2.010960e-02	7.731910e-02
767           	9.116070e-02	7.858160e-02	1.991080e-02	7.966760e-02
768           	9.014840e-02	7.717830e-02	1.991850e-02	8.109280e-02
769           	9.004820e-02	7.678940e-02	1.998190e-02	8.131290e-02
770           	9.134700e-02	7.733130e-02	1.998310e-02	7.982090e-02
771           	9.103770e-02	7.443570e-02	1.935620e-02	7.447700e-02
772           	8.758200e-02	6.970500e-02	1.839600e-02	6.898810e-02
773           	8.488880e-02	6.540250e-02	1.764830e-02	6.588980e-02
774           	8.124620e-02	6.104900e-02	1.696510e-02	6.364150e-02
775           	7.667400e-02	5.841080e-02	1.622580e-02	6.120960e-02
776           	7.438680e-02	5.701650e-02	1.551330e-02	5.887020e-02
777           	7.437410e-02	5.635500e-02	1.507640e-02	5.665890e-02
778           	7.441600e-02	5.551060e-02	1.443730e-02	5.528740e-02
779           	7.521760e-02	5.511180e-02	1.378620e-02	5.387350e-02
780           	7.555770e-02	5.421130e-02	1.304490e-02	5.329330e-02
781           	7.529900e-02	5.265690e-02	1.251470e-02	5.212250e-02
782           	7.395950e-02	5.143700e-02	1.225620e-02	5.029640e-02
783           	7.269300e-02	5.123280e-02	1.231050e-02	4.904070e-02
784           	7.073190e-02	5.162310e-02	1.243180e-02	4.830370e-02
785           	6.967920e-02	5.177530e-02	1.227690e-02	4.827160e-02
786           	7.175800e-02	5.123350e-02	1.199560e-02	4.872380e-02
787           	7.445830e-02	5.048030e-02	1.155070e-02	4.818520e-02
788           	7.555310e-02	4.928020e-02	1.104010e-02	4.706370e-02
789           	7.539320e-02	4.667610e-02	1.054000e-02	4.537100e-02
790           	7.479540e-02	4.428580e-02	9.955050e-03	4.391690e-02
791           	7.325630e-02	4.202360e-02	9.476740e-03	4.244110e-02
792           	7.140680e-02	4.078020e-02	9.208390e-03	4.154590e-02
793           	7.007240e-02	4.049260e-02	9.177080e-03	4.126380e-02
794           	6.978000e-02	4.078560e-02	9.238810e-03	4.178810e-02
795           	6.915310e-02	4.146620e-02	9.543600e-03	4.303810e-02
796           	6.735590e-02	4.259790e-02	9.886140e-03	4.447620e-02
797           	6.775060e-02	4.425190e-02	1.035670e-02	4.588010e-02
798           	6.903030e-02	4.613700e-02	1.091100e-02	4.734610e-02
799           	7.013850e-02	4.863290e-02	1.156320e-02	4.935580e-02
800           	7.230870e-02	5.123530e-02	1.229170e-02	5.133550e-02
801           	7.469640e-02	5.400300e-02	1.287110e-02	5.349830e-02
802           	7.770160e-02	5.551080e-02	1.313530e-02	5.513550e-02
803           	8.017670e-02	5.662730e-02	1.329670e-02	5.631580e-02
804           	8.239780e-02	5.796120e-02	1.342310e-02	5.695230e-02
805           	8.385100e-02	5.880090e-02	1.366440e-02	5.704560e-02
806           	8.493750e-02	5.940330e-02	1.386700e-02	5.683870e-02
807           	8.491940e-02	6.056570e-02	1.420310e-02	5.714950e-02
808           	8.404130e-02	6.104790e-02	1.451610e-02	5.734850e-02
809           	8.326910e-02	6.020140e-02	1.454290e-02	5.812410e-02
810           	8.255330e-02	5.844130e-02	1.450680e-02	5.904540e-02
811           	8.124820e-02	5.827440e-02	1.467650e-02	5.943480e-02
812           	8.222070e-02	5.910020e-02	1.484020e-02	5.841360e-02
813           	8.518700e-02	5.889330e-02	1.455530e-02	5.605890e-02
814           	8.465180e-02	5.683460e-02	1.385600e-02	5.322370e-02
815           	8.240140e-02	5.364590e-02	1.328740e-02	5.180050e-02
816           	8.178120e-02	5.209250e-02	1.325980e-02	5.177010e-02
817           	8.150050e-02	5.105330e-02	1.331660e-02	5.149620e-02
818           	8.060410e-02	5.069190e-02	1.322630e-02	5.160490e-02
819           	7.920310e-02	5.192810e-02	1.342710e-02	5.222040e-02
820           	7.723320e-02	5.392330e-02	1.368310e-02	5.241370e-02
821           	7.709660e-02	5.691340e-02	1.398130e-02	5.355230e-02
822           	7.571380e-02	5.843850e-02	1.424870e-02	5.443470e-02
823           	7.406310e-02	5.930980e-02	1.432700e-02	5.537090e-02
824           	7.820970e-02	5.979060e-02	1.440010e-02	5.500580e-02
825           	8.282040e-02	6.014620e-02	1.430010e-02	5.480260e-02
826           	8.290380e-02	6.145880e-02	1.425650e-02	5.615950e-02
827           	8.183760e-02	6.260100e-02	1.422240e-02	5.779080e-02
828           	8.136440e-02	6.316310e-02	1.425160e-02	5.808880e-02
829           	8.158390e-02	6.459430e-02	1.488230e-02	5.918550e-02
830           	8.361000e-02	6.661870e-02	1.564900e-02	6.136840e-02
831           	8.464650e-02	6.906170e-02	1.654790e-02	6.340890e-02
832           	8.517530e-02	7.064880e-02	1.738370e-02	6.469790e-02
833           	8.523520e-02	7.066150e-02	1.796240e-02	6.585710e-02
834           	8.381610e-02	6.905910e-02	1.824000e-02	6.451770e-02
835           	8.244380e-02	6.540290e-02	1.766690e-02	6.167170e-02
836           	8.122230e-02	6.061950e-02	1.691780e-02	5.978030e-02
837           	8.230470e-02	5.757650e-02	1.623220e-02	5.823070e-02
838           	8.272290e-02	5.648400e-02	1.573920e-02	5.657030e-02
839           	8.231390e-02	5.651300e-02	1.550000e-02	5.511230e-02
840           	8.206900e-02	5.831830e-02	1.541090e-02	5.501550e-02
841           	8.219330e-02	6.100370e-02	1.579650e-02	5.757310e-02
842           	8.260620e-02	6.552810e-02	1.677520e-02	6.219330e-02
843           	8.503580e-02	7.100970e-02	1.787000e-02	6.678030e-02
844           	8.582530e-02	7.576900e-02	1.867210e-02	7.054020e-02
845           	8.673510e-02	7.902880e-02	1.920820e-02	7.308790e-02
846           	8.833600e-02	7.972250e-02	1.889240e-02	7.322790e-02
847           	9.045020e-02	7.702590e-02	1.833060e-02	6.976200e-02
848           	9.166670e-02	7.138500e-02	1.785090e-02	6.555180e-02
849           	9.156630e-02	6.556460e-02	1.763380e-02	6.309500e-02
850           	8.880350e-02	6.352420e-02	1.713740e-02	6.225240e-02
851           	8.464250e-02	6.404790e-02	1.646910e-02	6.128520e-02
852           	8.075300e-02	6.377020e-02	1.571880e-02	6.044090e-02
853           	8.030070e-02	6.273320e-02	1.507080e-02	5.980590e-02
854           	8.009680e-02	6.178000e-02	1.428810e-02	5.916830e-02
855           	7.805700e-02	6.006050e-02	1.340780e-02	5.754600e-02
856           	7.428460e-02	5.817080e-02	1.282460e-02	5.572320e-02
857           	7.082500e-02	5.653870e-02	1.247570e-02	5.463840e-02
858           	7.125110e-02	5.497660e-02	1.229260e-02	5.383410e-02
859           	7.194590e-02	5.381870e-02	1.210640e-02	5.256810e-02
860           	7.148100e-02	5.301240e-02	1.196530e-02	5.140820e-02
861           	6.941250e-02	5.210740e-02	1.216550e-02	5.038510e-02
862           	6.677360e-02	5.143010e-02	1.256060e-02	5.096950e-02
863           	6.532650e-02	5.126100e-02	1.306950e-02	5.238860e-02
864           	6.655300e-02	5.262420e-02	1.362100e-02	5.486920e-02
865           	6.936970e-02	5.502240e-02	1.422330e-02	5.888870e-02
866           	7.237890e-02	5.726980e-02	1.464600e-02	6.163210e-02
867           	7.512330e-02	5.958630e-02	1.472240e-02	6.311160e-02
868           	7.697010e-02	6.000440e-02	1.436350e-02	6.306070e-02
869           	7.769450e-02	5.840590e-02	1.380150e-02	6.099570e-02
870           	7.570980e-02	5.685530e-02	1.348650e-02	5.879850e-02
871           	7.404830e-02	5.674210e-02	1.344810e-02	5.676570e-02
872           	7.365560e-02	5.797550e-02	1.363890e-02	5.614850e-02
873           	7.319600e-02	5.820930e-02	1.366360e-02	5.531350e-02
874           	7.473490e-02	5.907970e-02	1.370610e-02	5.425400e-02
875           	7.566590e-02	5.935370e-02	1.417210e-02	5.371410e-02
876           	7.626620e-02	5.932030e-02	1.446560e-02	5.371080e-02
877           	7.910270e-02	5.991290e-02	1.438100e-02	5.437780e-02
878           	8.055380e-02	5.941780e-02	1.381810e-02	5.427810e-02
879           	8.076090e-02	5.788310e-02	1.311900e-02	5.304460e-02
880           	8.007600e-02	5.657130e-02	1.285770e-02	5.216870e-02
881           	7.959940e-02	5.504310e-02	1.275730e-02	5.205440e-02
882           	7.709870e-02	5.445390e-02	1.242020e-02	5.214490e-02
883           	7.546690e-02	5.401270e-02	1.194640e-02	5.125550e-02
884           	7.474320e-02	5.308210e-02	1.159790e-02	5.043440e-02
885           	7.457200e-02	5.189090e-02	1.132270e-02	4.984840e-02
886           	7.442820e-02	5.163260e-02	1.155820e-02	5.095470e-02
887           	7.668660e-02	5.283820e-02	1.217010e-02	5.245230e-02
888           	7.826480e-02	5.350640e-02	1.279080e-02	5.405430e-02
889           	7.969250e-02	5.418980e-02	1.318540e-02	5.665690e-02
890           	7.988030e-02	5.553850e-02	1.360990e-02	5.768500e-02
891           	8.026670e-02	5.803570e-02	1.442500e-02	5.874780e-02
892           	7.796950e-02	6.129500e-02	1.554370e-02	5.915590e-02
893           	7.537900e-02	6.297320e-02	1.616620e-02	5.924980e-02
894           	7.319830e-02	6.334270e-02	1.632630e-02	5.903570e-02
895           	7.225820e-02	6.372850e-02	1.613810e-02	5.804430e-02
896           	7.403070e-02	6.318470e-02	1.561380e-02	5.706170e-02
897           	7.609860e-02	6.135350e-02	1.538220e-02	5.658220e-02
898           	7.745340e-02	5.832170e-02	1.469350e-02	5.413300e-02
899           	7.637930e-02	5.596660e-02	1.409270e-02	5.093000e-02
900           	7.425360e-02	5.527480e-02	1.385060e-02	5.039700e-02
901           	7.506970e-02	5.463940e-02	1.399080e-02	5.125830e-02
902           	7.741940e-02	5.552440e-02	1.457080e-02	5.294640e-02
903           	8.063690e-02	5.822260e-02	1.517690e-02	5.502040e-02
904           	8.402620e-02	6.186720e-02	1.576450e-02	5.824210e-02
905           	8.679790e-02	6.671880e-02	1.647000e-02	6.399660e-02
906           	9.140150e-02	7.106920e-02	1.729170e-02	6.878330e-02
907           	9.482400e-02	7.239760e-02	1.762950e-02	6.952330e-02
908           	9.556340e-02	7.260600e-02	1.788330e-02	6.980060e-02
909           	9.396860e-02	7.288200e-02	1.813770e-02	7.021700e-02
910           	9.184770e-02	7.116220e-02	1.786570e-02	6.870790e-02
911           	9.015300e-02	6.835040e-02	1.751500e-02	6.750180e-02
912           	8.627810e-02	6.787790e-02	1.768380e-02	6.811400e-02
913           	8.379170e-02	6.958850e-02	1.771010e-02	6.821730e-02
914           	8.427980e-02	7.239220e-02	1.771790e-02	6.786330e-02
915           	8.410470e-02	7.346620e-02	1.763160e-02	6.688140e-02
916           	8.505430e-02	7.266970e-02	1.745100e-02	6.606490e-02
917           	8.398730e-02	7.011520e-02	1.715370e-02	6.512690e-02
918           	8.484080e-02	6.760750e-02	1.690010e-02	6.394160e-02
919           	8.600130e-02	6.521160e-02	1.643890e-02	6.335950e-02
920           	8.590910e-02	6.471640e-02	1.624820e-02	6.303300e-02
921           	8.529310e-02	6.462920e-02	1.603660e-02	6.198060e-02
922           	8.381450e-02	6.413800e-02	1.557270e-02	6.028940e-02
923           	8.007670e-02	6.338630e-02	1.516580e-02	5.923980e-02
924           	7.575320e-02	6.210010e-02	1.497870e-02	5.899400e-02
925           	7.766790e-02	6.055210e-02	1.461430e-02	5.831720e-02
926           	8.367060e-02	5.860990e-02	1.428610e-02	5.696160e-02
927           	8.737670e-02	5.710690e-02	1.430450e-02	5.489930e-02
928           	8.914900e-02	5.624040e-02	1.420170e-02	5.436840e-02
929           	8.810940e-02	5.526900e-02	1.407620e-02	5.232440e-02
930           	8.363360e-02	5.440840e-02	1.407470e-02	5.072860e-02
931           	7.850190e-02	5.445170e-02	1.411200e-02	5.109450e-02
932           	7.589210e-02	5.548300e-02	1.439720e-02	5.396050e-02
933           	7.549680e-02	5.677050e-02	1.479380e-02	5.780090e-02
934           	7.612020e-02	5.858500e-02	1.520870e-02	6.085760e-02
935           	7.696120e-02	6.002780e-02	1.540320e-02	6.252630e-02
936           	7.778490e-02	6.105030e-02	1.549900e-02	6.309580e-02
937           	7.825440e-02	6.193730e-02	1.556530e-02	6.314390e-02
938           	7.805690e-02	6.316940e-02	1.587820e-02	6.417780e-02
939           	7.935910e-02	6.485900e-02	1.633510e-02	6.599540e-02
940           	8.254750e-02	6.629590e-02	1.697990e-02	6.785460e-02
941           	8.681190e-02	6.804210e-02	1.778810e-02	6.958250e-02
942           	8.962470e-02	6.942200e-02	1.823050e-02	7.004300e-02
943           	9.008920e-02	7.008570e-02	1.812270e-02	6.958430e-02
944           	8.967350e-02	6.979200e-02	1.744050e-02	6.782720e-02
945           	8.629040e-02	6.763750e-02	1.626060e-02	6.427630e-02
946           	8.226940e-02	6.346200e-02	1.538480e-02	6.055620e-02
947           	8.014610e-02	5.894720e-02	1.468820e-02	5.784920e-02
948           	7.893650e-02	5.546240e-02	1.414280e-02	5.586370e-02
949           	7.822540e-02	5.286280e-02	1.372810e-02	5.368360e-02
950           	7.869640e-02	5.170950e-02	1.333400e-02	5.251480e-02
951           	7.809630e-02	5.173960e-02	1.285280e-02	5.175450e-02
952           	7.554410e-02	5.278960e-02	1.260140e-02	5.190720e-02
953           	7.409010e-02	5.334240e-02	1.255780e-02	5.268670e-02
954           	7.413820e-02	5.342560e-02	1.260510e-02	5.318430e-02
955           	7.512480e-02	5.355240e-02	1.292740e-02	5.354910e-02
956           	7.721440e-02	5.441440e-02	1.309310e-02	5.474630e-02
957           	8.043120e-02	5.539900e-02	1.318910e-02	5.509800e-02
958           	8.160710e-02	5.640140e-02	1.344860e-02	5.481910e-02
959           	8.143340e-02	5.856550e-02	1.385880e-02	5.417410e-02
960           	8.247770e-02	6.142660e-02	1.435210e-02	5.426980e-02
961           	8.367080e-02	6.386200e-02	1.485060e-02	5.595840e-02
962           	8.361160e-02	6.459840e-02	1.531200e-02	5.824000e-02
963           	8.423140e-02	6.346290e-02	1.578120e-02	5.946040e-02
964           	8.346300e-02	6.211760e-02	1.605210e-02	5.992420e-02
965           	8.383770e-02	6.180550e-02	1.617320e-02	6.013430e-02
966           	8.471190e-02	6.348120e-02	1.653270e-02	6.078290e-02
967           	8.443840e-02	6.821270e-02	1.698000e-02	6.200510e-02
968           	8.317990e-02	7.317870e-02	1.765370e-02	6.459660e-02
969           	8.326100e-02	7.827480e-02	1.846630e-02	6.922930e-02
970           	8.560650e-02	8.167990e-02	1.969180e-02	7.401610e-02
971           	8.763450e-02	8.499230e-02	2.110470e-02	7.889680e-02
972           	8.897100e-02	8.616130e-02	2.225100e-02	8.229700e-02
973           	9.295290e-02	8.383310e-02	2.242740e-02	8.281680e-02
974           	9.626500e-02	7.858920e-02	2.133190e-02	8.137480e-02
975           	9.459000e-02	7.416970e-02	1.992620e-02	7.744510e-02
976           	8.914360e-02	7.213920e-02	1.935250e-02	7.317860e-02
977           	8.536480e-02	7.381840e-02	1.953970e-02	7.019860e-02
978           	8.334230e-02	7.573570e-02	1.973870e-02	6.787080e-02
979           	8.334100e-02	7.699030e-02	1.956460e-02	6.649530e-02
980           	8.352100e-02	7.495140e-02	1.908700e-02	6.417450e-02
981           	8.297850e-02	7.149020e-02	1.854950e-02	6.367560e-02
982           	8.411470e-02	6.865050e-02	1.807060e-02	6.406560e-02
983           	8.418870e-02	6.661890e-02	1.788750e-02	6.432980e-02
984           	8.131230e-02	6.515490e-02	1.781330e-02	6.453700e-02
985           	7.742770e-02	6.542840e-02	1.780800e-02	6.485520e-02
986           	7.415970e-02	6.715060e-02	1.779250e-02	6.654980e-02
987           	7.294480e-02	6.898340e-02	1.815920e-02	6.842610e-02
988           	7.549940e-02	7.111170e-02	1.792030e-02	7.028700e-02
989           	7.845220e-02	7.181310e-02	1.761640e-02	6.996310e-02
990           	7.746380e-02	7.019890e-02	1.710030e-02	6.788570e-02
991           	7.333650e-02	6.658800e-02	1.645650e-02	6.548100e-02
992           	7.189340e-02	6.275070e-02	1.581710e-02	6.208910e-02
993           	7.275640e-02	5.980970e-02	1.523170e-02	5.851920e-02
994           	7.706550e-02	5.854630e-02	1.488830e-02	5.655880e-02
995           	7.969930e-02	5.742060e-02	1.438270e-02	5.533750e-02
996           	8.036090e-02	5.625020e-02	1.375400e-02	5.385620e-02
997           	7.725380e-02	5.532020e-02	1.344590e-02	5.269940e-02
998           	7.534010e-02	5.516020e-02	1.319550e-02	5.254930e-02
999           	7.482170e-02	5.514770e-02	1.300500e-02	5.335000e-02
1000          	7.424200e-02	5.550800e-02	1.299890e-02	5.469840e-02
