# Residuals   
# Time        	p             	Ux            	Uy            	Uz            
1             	1.000000e+00	3.397870e-01	1.000000e+00	2.656690e-01
2             	1.591610e-01	5.816940e-01	2.981750e-01	6.076330e-01
3             	3.824360e-02	4.512510e-01	1.506540e-01	4.707340e-01
4             	5.218920e-02	3.126980e-01	9.626920e-02	3.119570e-01
5             	1.231420e-01	2.667070e-01	7.374210e-02	2.525750e-01
6             	1.749870e-01	2.282850e-01	5.887660e-02	2.018910e-01
7             	1.330890e-01	1.855080e-01	4.969430e-02	1.617480e-01
8             	1.076170e-01	1.449980e-01	4.258170e-02	1.372700e-01
9             	6.670220e-02	1.153040e-01	3.451290e-02	1.122370e-01
10            	5.337550e-02	1.019780e-01	2.791570e-02	9.287530e-02
11            	4.539490e-02	9.042110e-02	2.345410e-02	7.988000e-02
12            	4.191300e-02	7.924200e-02	2.018960e-02	6.930790e-02
13            	4.012260e-02	6.848950e-02	1.788200e-02	5.932560e-02
14            	3.966930e-02	6.019070e-02	1.626650e-02	5.228900e-02
15            	4.061810e-02	5.288660e-02	1.482020e-02	4.736390e-02
16            	4.209350e-02	4.710050e-02	1.344320e-02	4.323760e-02
17            	4.448100e-02	4.257010e-02	1.211890e-02	3.957230e-02
18            	4.730480e-02	3.883640e-02	1.090380e-02	3.652230e-02
19            	4.985020e-02	3.584910e-02	9.805300e-03	3.411730e-02
20            	5.119860e-02	3.315950e-02	8.885960e-03	3.227870e-02
21            	5.378170e-02	3.087910e-02	8.147220e-03	3.069830e-02
22            	5.647090e-02	2.898130e-02	7.635780e-03	2.934160e-02
23            	6.017180e-02	2.741350e-02	7.232450e-03	2.787760e-02
24            	5.452350e-02	2.601340e-02	7.054870e-03	2.667480e-02
25            	4.934210e-02	2.450160e-02	6.757000e-03	2.544410e-02
26            	4.542020e-02	2.333220e-02	6.623490e-03	2.444990e-02
27            	4.276000e-02	2.212730e-02	6.353430e-03	2.369170e-02
28            	4.094490e-02	2.122610e-02	6.251490e-03	2.311430e-02
29            	3.907110e-02	2.066240e-02	6.201380e-03	2.265630e-02
30            	3.817950e-02	2.032890e-02	6.179280e-03	2.251490e-02
31            	3.703030e-02	2.024360e-02	6.087450e-03	2.232850e-02
32            	3.571170e-02	1.998720e-02	5.890700e-03	2.180170e-02
33            	3.437150e-02	1.967430e-02	5.665760e-03	2.093970e-02
34            	3.342520e-02	1.946850e-02	5.564810e-03	2.016190e-02
35            	3.282620e-02	1.956900e-02	5.542400e-03	1.975080e-02
36            	3.306160e-02	1.962180e-02	5.568500e-03	1.967560e-02
37            	3.346610e-02	1.977160e-02	5.620170e-03	1.999670e-02
38            	3.396660e-02	1.979270e-02	5.620490e-03	2.025410e-02
39            	3.438120e-02	1.955430e-02	5.538560e-03	2.022210e-02
40            	3.434460e-02	1.929620e-02	5.372320e-03	1.980840e-02
41            	3.342770e-02	1.876670e-02	5.184860e-03	1.911640e-02
42            	3.225540e-02	1.839130e-02	5.051930e-03	1.874380e-02
43            	3.083340e-02	1.832390e-02	4.975450e-03	1.857030e-02
44            	2.906760e-02	1.846230e-02	4.905810e-03	1.860370e-02
45            	2.748260e-02	1.862550e-02	4.842280e-03	1.853320e-02
46            	2.684690e-02	1.860210e-02	4.862610e-03	1.838510e-02
47            	2.688230e-02	1.846140e-02	4.876840e-03	1.835010e-02
48            	2.693700e-02	1.828550e-02	4.891740e-03	1.832620e-02
49            	2.719380e-02	1.838510e-02	4.944830e-03	1.846910e-02
50            	2.767410e-02	1.884080e-02	4.977510e-03	1.861230e-02
51            	2.801350e-02	1.974640e-02	5.082750e-03	1.874720e-02
52            	2.800000e-02	2.082040e-02	5.253910e-03	1.860510e-02
53            	2.748050e-02	2.196830e-02	5.431390e-03	1.871200e-02
54            	2.661380e-02	2.279810e-02	5.499540e-03	1.874490e-02
55            	2.661280e-02	2.318030e-02	5.484810e-03	1.885360e-02
56            	2.758480e-02	2.341430e-02	5.615360e-03	1.914770e-02
57            	2.952420e-02	2.370320e-02	5.686930e-03	1.976060e-02
58            	3.110890e-02	2.457400e-02	5.845850e-03	2.125780e-02
59            	3.206490e-02	2.578870e-02	5.933710e-03	2.279330e-02
60            	3.246880e-02	2.688250e-02	6.165640e-03	2.364510e-02
61            	3.297800e-02	2.859340e-02	6.497510e-03	2.452880e-02
62            	3.361260e-02	3.083810e-02	6.959330e-03	2.532690e-02
63            	3.425970e-02	3.344550e-02	7.477240e-03	2.672480e-02
64            	3.528920e-02	3.637960e-02	8.135620e-03	2.869740e-02
65            	3.698700e-02	3.786250e-02	8.678630e-03	3.007190e-02
66            	3.954860e-02	3.918480e-02	9.024540e-03	3.187740e-02
67            	4.179960e-02	3.961960e-02	9.144190e-03	3.332080e-02
68            	4.315820e-02	3.981890e-02	9.461520e-03	3.514370e-02
69            	4.382060e-02	3.993010e-02	9.620310e-03	3.665300e-02
70            	4.393070e-02	3.898880e-02	9.567070e-03	3.701560e-02
71            	4.299500e-02	3.840090e-02	9.517090e-03	3.644430e-02
72            	4.131710e-02	3.780360e-02	9.326800e-03	3.536650e-02
73            	4.023150e-02	3.711920e-02	8.892080e-03	3.369100e-02
74            	4.036330e-02	3.645170e-02	8.532110e-03	3.176900e-02
75            	4.065500e-02	3.596740e-02	8.172120e-03	3.042520e-02
76            	4.105230e-02	3.544040e-02	7.979200e-03	2.932630e-02
77            	4.134980e-02	3.489300e-02	7.933030e-03	2.824740e-02
78            	4.212270e-02	3.466880e-02	7.950820e-03	2.796650e-02
79            	4.271920e-02	3.459510e-02	8.102960e-03	2.837160e-02
80            	4.328330e-02	3.378110e-02	8.169540e-03	2.864150e-02
81            	4.424100e-02	3.403270e-02	8.250520e-03	2.912080e-02
82            	4.488520e-02	3.456690e-02	8.384320e-03	2.957000e-02
83            	4.375000e-02	3.569700e-02	8.503310e-03	2.976330e-02
84            	4.159600e-02	3.545680e-02	8.506850e-03	2.948870e-02
85            	4.088150e-02	3.452840e-02	8.401290e-03	2.842830e-02
86            	4.059160e-02	3.363510e-02	8.433620e-03	2.723940e-02
87            	4.024690e-02	3.289950e-02	8.474610e-03	2.682450e-02
88            	4.082040e-02	3.248750e-02	8.507000e-03	2.685640e-02
89            	4.090530e-02	3.195220e-02	8.541050e-03	2.759140e-02
90            	4.126680e-02	3.148220e-02	8.417760e-03	2.824030e-02
91            	4.151480e-02	3.143520e-02	8.188580e-03	2.855160e-02
92            	4.202760e-02	3.237430e-02	7.941020e-03	2.838760e-02
93            	4.287680e-02	3.359250e-02	7.820770e-03	2.831350e-02
94            	4.216880e-02	3.507070e-02	7.949020e-03	2.831880e-02
95            	4.119250e-02	3.741870e-02	8.201760e-03	2.894970e-02
96            	4.076490e-02	3.958570e-02	8.521190e-03	3.007000e-02
97            	4.120420e-02	4.055180e-02	8.751060e-03	3.161590e-02
98            	4.153110e-02	4.132150e-02	8.900270e-03	3.358850e-02
99            	4.198900e-02	4.091230e-02	8.855110e-03	3.521700e-02
100           	4.279630e-02	4.074930e-02	9.075390e-03	3.676360e-02
101           	4.348370e-02	3.991990e-02	9.427880e-03	3.705370e-02
102           	4.527790e-02	3.893690e-02	9.675680e-03	3.742640e-02
103           	4.600350e-02	3.793790e-02	9.843270e-03	3.758470e-02
104           	4.654440e-02	3.740630e-02	9.804060e-03	3.772420e-02
105           	4.498730e-02	3.684390e-02	9.525450e-03	3.691140e-02
106           	4.240640e-02	3.562560e-02	8.967160e-03	3.521030e-02
107           	4.069760e-02	3.407380e-02	8.384320e-03	3.276200e-02
108           	4.002520e-02	3.281380e-02	7.912190e-03	3.042970e-02
109           	3.992070e-02	3.138510e-02	7.447820e-03	2.839470e-02
110           	4.022290e-02	3.000490e-02	7.061280e-03	2.716770e-02
111           	4.100410e-02	2.875280e-02	6.822930e-03	2.667600e-02
112           	4.192220e-02	2.741350e-02	6.674350e-03	2.631770e-02
113           	4.141420e-02	2.621650e-02	6.574010e-03	2.578190e-02
114           	3.984210e-02	2.535910e-02	6.460340e-03	2.519020e-02
115           	3.796560e-02	2.470890e-02	6.310760e-03	2.442150e-02
116           	3.638900e-02	2.446250e-02	6.136570e-03	2.353490e-02
117           	3.593490e-02	2.479570e-02	6.050430e-03	2.307660e-02
118           	3.586030e-02	2.503910e-02	6.174260e-03	2.309430e-02
119           	3.603700e-02	2.532830e-02	6.192340e-03	2.320130e-02
120           	3.584270e-02	2.554690e-02	6.093810e-03	2.246840e-02
121           	3.474490e-02	2.592400e-02	6.051420e-03	2.158610e-02
122           	3.416610e-02	2.682830e-02	6.188830e-03	2.176740e-02
123           	3.469250e-02	2.871740e-02	6.544030e-03	2.311590e-02
124           	3.516530e-02	3.128210e-02	6.904110e-03	2.495210e-02
125           	3.700840e-02	3.326940e-02	7.198880e-03	2.651030e-02
126           	3.862640e-02	3.391580e-02	7.353190e-03	2.738780e-02
127           	3.947110e-02	3.342260e-02	7.409180e-03	2.799150e-02
128           	4.021170e-02	3.248410e-02	7.350950e-03	2.810070e-02
129           	3.990390e-02	3.214930e-02	7.270390e-03	2.702700e-02
130           	3.829980e-02	3.208390e-02	7.208500e-03	2.562120e-02
131           	3.713810e-02	3.225840e-02	7.233830e-03	2.486750e-02
132           	3.686930e-02	3.339330e-02	7.411310e-03	2.535840e-02
133           	3.799290e-02	3.469750e-02	7.653020e-03	2.637710e-02
134           	3.881450e-02	3.548960e-02	7.929180e-03	2.683090e-02
135           	3.928040e-02	3.520710e-02	8.013150e-03	2.715180e-02
136           	3.969740e-02	3.470910e-02	7.953050e-03	2.800050e-02
137           	4.045930e-02	3.445750e-02	7.983630e-03	2.878200e-02
138           	4.024180e-02	3.563860e-02	8.179900e-03	2.989350e-02
139           	4.041280e-02	3.741280e-02	8.470090e-03	3.105310e-02
140           	4.147770e-02	3.929780e-02	8.903860e-03	3.246900e-02
141           	4.197720e-02	4.181300e-02	9.383870e-03	3.387290e-02
142           	4.225460e-02	4.459560e-02	9.879060e-03	3.500530e-02
143           	4.239380e-02	4.704030e-02	1.046200e-02	3.674210e-02
144           	4.266930e-02	4.748540e-02	1.087780e-02	3.872690e-02
145           	4.461820e-02	4.731430e-02	1.110840e-02	3.934530e-02
146           	4.696270e-02	4.777670e-02	1.144130e-02	4.059120e-02
147           	4.823470e-02	4.836980e-02	1.180670e-02	4.252090e-02
148           	4.867850e-02	4.783120e-02	1.178600e-02	4.309870e-02
149           	4.857300e-02	4.556260e-02	1.139500e-02	4.193880e-02
150           	4.806180e-02	4.291930e-02	1.087660e-02	4.035520e-02
151           	4.706300e-02	4.125590e-02	1.025520e-02	3.823120e-02
152           	4.593650e-02	4.091500e-02	9.560650e-03	3.590570e-02
153           	4.451270e-02	4.133340e-02	9.216830e-03	3.433870e-02
154           	4.358510e-02	4.163000e-02	9.060480e-03	3.347240e-02
155           	4.368620e-02	4.260370e-02	9.135540e-03	3.328370e-02
156           	4.445630e-02	4.411260e-02	9.535470e-03	3.419760e-02
157           	4.612890e-02	4.550570e-02	9.983250e-03	3.590570e-02
158           	4.754900e-02	4.681910e-02	1.046980e-02	3.805300e-02
159           	4.883510e-02	4.619840e-02	1.075580e-02	3.939540e-02
160           	4.976990e-02	4.461930e-02	1.071170e-02	3.952710e-02
161           	5.076100e-02	4.360030e-02	1.061230e-02	3.952520e-02
162           	5.120010e-02	4.319160e-02	1.054210e-02	3.972260e-02
163           	5.091590e-02	4.340920e-02	1.050660e-02	3.950580e-02
164           	4.968660e-02	4.377140e-02	1.038930e-02	3.831380e-02
165           	4.814430e-02	4.267300e-02	1.012290e-02	3.620270e-02
166           	4.649610e-02	4.171850e-02	1.006620e-02	3.511650e-02
167           	4.751750e-02	4.150970e-02	1.004110e-02	3.505290e-02
168           	4.885400e-02	4.050520e-02	9.818530e-03	3.458530e-02
169           	4.890190e-02	3.894160e-02	9.472730e-03	3.365240e-02
170           	4.751240e-02	3.665790e-02	8.766360e-03	3.166050e-02
171           	4.720160e-02	3.468790e-02	8.005840e-03	2.930130e-02
172           	4.583830e-02	3.322740e-02	7.452730e-03	2.774060e-02
173           	4.255470e-02	3.184320e-02	6.936410e-03	2.663050e-02
174           	3.999120e-02	3.154480e-02	6.627230e-03	2.606310e-02
175           	3.868900e-02	3.125640e-02	6.576960e-03	2.536410e-02
176           	3.839050e-02	3.054880e-02	6.613210e-03	2.452660e-02
177           	3.772160e-02	2.966570e-02	6.552180e-03	2.377900e-02
178           	3.678020e-02	2.854940e-02	6.444250e-03	2.325330e-02
179           	3.602480e-02	2.773250e-02	6.199980e-03	2.330330e-02
180           	3.494620e-02	2.659340e-02	5.783640e-03	2.273650e-02
181           	3.421460e-02	2.544300e-02	5.375950e-03	2.175390e-02
182           	3.363330e-02	2.501160e-02	5.117140e-03	2.105250e-02
183           	3.264950e-02	2.527240e-02	5.034290e-03	2.097640e-02
184           	3.138610e-02	2.552830e-02	5.027970e-03	2.089240e-02
185           	3.054840e-02	2.570520e-02	5.150590e-03	2.056900e-02
186           	3.030710e-02	2.565530e-02	5.399380e-03	2.048510e-02
187           	3.053050e-02	2.585340e-02	5.720710e-03	2.080480e-02
188           	3.050060e-02	2.621740e-02	5.909730e-03	2.128670e-02
189           	3.074180e-02	2.660760e-02	6.085340e-03	2.188880e-02
190           	3.144750e-02	2.705030e-02	6.281910e-03	2.272510e-02
191           	3.290380e-02	2.770470e-02	6.512090e-03	2.384570e-02
192           	3.381520e-02	2.866640e-02	6.717670e-03	2.495640e-02
193           	3.391660e-02	3.026220e-02	7.016010e-03	2.590530e-02
194           	3.420740e-02	3.241840e-02	7.395730e-03	2.693360e-02
195           	3.465170e-02	3.487930e-02	7.883700e-03	2.846620e-02
196           	3.495350e-02	3.727930e-02	8.384530e-03	2.988700e-02
197           	3.618950e-02	3.893680e-02	8.841110e-03	3.094050e-02
198           	3.780850e-02	3.993390e-02	9.214620e-03	3.227240e-02
199           	3.987040e-02	4.004090e-02	9.468500e-03	3.283910e-02
200           	4.301810e-02	3.943870e-02	9.431090e-03	3.297510e-02
201           	4.447560e-02	3.840280e-02	9.470940e-03	3.339220e-02
202           	4.542470e-02	3.758900e-02	9.421130e-03	3.361590e-02
203           	4.419890e-02	3.750990e-02	9.348630e-03	3.358770e-02
204           	4.218230e-02	3.811410e-02	9.369430e-03	3.302980e-02
205           	4.086090e-02	3.908140e-02	9.291590e-03	3.239420e-02
206           	4.001340e-02	3.933610e-02	9.172640e-03	3.194310e-02
207           	4.066050e-02	3.953880e-02	9.131390e-03	3.154720e-02
208           	4.152170e-02	4.014340e-02	9.162320e-03	3.116850e-02
209           	4.230550e-02	4.136160e-02	9.366300e-03	3.126110e-02
210           	4.368300e-02	4.274970e-02	9.549560e-03	3.213210e-02
211           	4.463670e-02	4.396530e-02	9.699220e-03	3.406520e-02
212           	4.506030e-02	4.450760e-02	9.765750e-03	3.610670e-02
213           	4.483790e-02	4.398790e-02	9.911550e-03	3.739650e-02
214           	4.590200e-02	4.344700e-02	1.014180e-02	3.869480e-02
215           	4.631790e-02	4.331650e-02	1.050990e-02	4.009820e-02
216           	4.590450e-02	4.403350e-02	1.076900e-02	4.077920e-02
217           	4.518620e-02	4.581310e-02	1.100700e-02	4.068060e-02
218           	4.472920e-02	4.810340e-02	1.118290e-02	4.035340e-02
219           	4.399790e-02	4.978790e-02	1.124650e-02	3.991080e-02
220           	4.326080e-02	5.061710e-02	1.141180e-02	3.926940e-02
221           	4.415000e-02	5.093910e-02	1.165040e-02	3.904260e-02
222           	4.698920e-02	5.077420e-02	1.162200e-02	3.941850e-02
223           	4.887870e-02	4.853080e-02	1.119740e-02	3.843920e-02
224           	4.903810e-02	4.504960e-02	1.059690e-02	3.676440e-02
225           	4.763780e-02	4.114790e-02	9.875370e-03	3.479750e-02
226           	4.455620e-02	3.840050e-02	9.069010e-03	3.286640e-02
227           	4.156980e-02	3.645370e-02	8.389160e-03	3.045220e-02
228           	3.867400e-02	3.513280e-02	7.750960e-03	2.825430e-02
229           	3.657230e-02	3.404000e-02	7.419360e-03	2.714250e-02
230           	3.546020e-02	3.320930e-02	7.248970e-03	2.672490e-02
231           	3.540120e-02	3.207310e-02	7.180170e-03	2.637240e-02
232           	3.559060e-02	3.104200e-02	6.946050e-03	2.585380e-02
233           	3.520930e-02	2.987710e-02	6.581550e-03	2.490640e-02
234           	3.416780e-02	2.948880e-02	6.213150e-03	2.407200e-02
235           	3.379510e-02	2.901640e-02	5.939660e-03	2.342220e-02
236           	3.328580e-02	2.892910e-02	5.796020e-03	2.350980e-02
237           	3.254420e-02	2.809530e-02	5.675070e-03	2.314370e-02
238           	3.142900e-02	2.701190e-02	5.493440e-03	2.260150e-02
239           	2.991190e-02	2.574010e-02	5.291680e-03	2.182030e-02
240           	2.836000e-02	2.490900e-02	5.107010e-03	2.111060e-02
241           	2.706310e-02	2.466790e-02	4.993560e-03	2.042220e-02
242           	2.573180e-02	2.475260e-02	5.004140e-03	1.966410e-02
243           	2.463780e-02	2.495690e-02	5.108540e-03	1.908670e-02
244           	2.395390e-02	2.545270e-02	5.399340e-03	1.881250e-02
245           	2.417400e-02	2.610000e-02	5.701300e-03	1.886600e-02
246           	2.550320e-02	2.663340e-02	5.882350e-03	1.921730e-02
247           	2.715590e-02	2.694890e-02	5.968280e-03	1.986830e-02
248           	2.878530e-02	2.682310e-02	5.931930e-03	2.040580e-02
249           	2.997550e-02	2.685130e-02	5.839800e-03	2.133670e-02
250           	3.040560e-02	2.645940e-02	5.681080e-03	2.184860e-02
251           	2.997630e-02	2.606550e-02	5.498250e-03	2.155720e-02
252           	2.913420e-02	2.604560e-02	5.472680e-03	2.118530e-02
253           	2.785340e-02	2.685930e-02	5.636870e-03	2.110490e-02
254           	2.638820e-02	2.788250e-02	5.976150e-03	2.107780e-02
255           	2.563340e-02	2.923480e-02	6.436370e-03	2.143750e-02
256           	2.629950e-02	3.061350e-02	6.810370e-03	2.218570e-02
257           	2.821170e-02	3.170490e-02	6.988480e-03	2.317750e-02
258           	3.046880e-02	3.247920e-02	7.107620e-03	2.413310e-02
259           	3.193810e-02	3.211980e-02	7.118130e-03	2.462210e-02
260           	3.245980e-02	3.065130e-02	6.884910e-03	2.444200e-02
261           	3.203900e-02	2.891010e-02	6.478160e-03	2.419480e-02
262           	3.100340e-02	2.738350e-02	6.126650e-03	2.359860e-02
263           	2.935770e-02	2.686690e-02	5.906250e-03	2.277200e-02
264           	2.733750e-02	2.663720e-02	5.791430e-03	2.141310e-02
265           	2.534670e-02	2.686070e-02	5.787050e-03	2.014480e-02
266           	2.468310e-02	2.723810e-02	5.939740e-03	1.943150e-02
267           	2.523230e-02	2.727170e-02	6.057220e-03	1.913470e-02
268           	2.626260e-02	2.715530e-02	6.030360e-03	1.912120e-02
269           	2.720640e-02	2.685770e-02	5.919220e-03	1.929710e-02
270           	2.788880e-02	2.607610e-02	5.661740e-03	1.906960e-02
271           	2.808080e-02	2.485710e-02	5.233330e-03	1.858880e-02
272           	2.750830e-02	2.339370e-02	4.742310e-03	1.797470e-02
273           	2.586330e-02	2.176550e-02	4.266910e-03	1.714910e-02
274           	2.400790e-02	2.019680e-02	3.940520e-03	1.619910e-02
275           	2.236970e-02	1.909310e-02	3.787070e-03	1.535170e-02
276           	2.101700e-02	1.860180e-02	3.801110e-03	1.484220e-02
277           	1.981600e-02	1.856490e-02	3.922510e-03	1.467900e-02
278           	1.895800e-02	1.900000e-02	4.134460e-03	1.469030e-02
279           	1.880450e-02	1.959440e-02	4.350750e-03	1.487110e-02
280           	1.883770e-02	2.022130e-02	4.500480e-03	1.524290e-02
281           	1.957630e-02	2.090760e-02	4.581200e-03	1.577160e-02
282           	2.075250e-02	2.134430e-02	4.536740e-03	1.610750e-02
283           	2.146950e-02	2.126360e-02	4.372120e-03	1.608770e-02
284           	2.176630e-02	2.040230e-02	4.099320e-03	1.562740e-02
285           	2.142430e-02	1.904900e-02	3.806870e-03	1.507430e-02
286           	2.053870e-02	1.757340e-02	3.538620e-03	1.444260e-02
287           	1.929890e-02	1.652600e-02	3.342860e-03	1.370670e-02
288           	1.793740e-02	1.592510e-02	3.228800e-03	1.308050e-02
289           	1.669950e-02	1.557720e-02	3.196660e-03	1.251960e-02
290           	1.574160e-02	1.546330e-02	3.241660e-03	1.222350e-02
291           	1.515490e-02	1.541250e-02	3.343890e-03	1.208590e-02
292           	1.509350e-02	1.535950e-02	3.411320e-03	1.207910e-02
293           	1.542720e-02	1.516090e-02	3.391820e-03	1.209980e-02
294           	1.574340e-02	1.476510e-02	3.278350e-03	1.196290e-02
295           	1.583770e-02	1.421820e-02	3.091390e-03	1.161110e-02
296           	1.569700e-02	1.338700e-02	2.849270e-03	1.103810e-02
297           	1.520810e-02	1.255590e-02	2.586670e-03	1.040060e-02
298           	1.450790e-02	1.171490e-02	2.348980e-03	9.769340e-03
299           	1.368720e-02	1.097360e-02	2.167110e-03	9.190240e-03
300           	1.290440e-02	1.041760e-02	2.069400e-03	8.661240e-03
301           	1.214910e-02	1.008440e-02	2.043950e-03	8.296030e-03
302           	1.151220e-02	9.934680e-03	2.087730e-03	8.217760e-03
303           	1.104530e-02	9.962260e-03	2.163580e-03	8.305870e-03
304           	1.081430e-02	1.005230e-02	2.231730e-03	8.451920e-03
305           	1.088650e-02	1.016860e-02	2.264310e-03	8.587630e-03
306           	1.109380e-02	1.022100e-02	2.256390e-03	8.649120e-03
307           	1.124520e-02	1.016320e-02	2.210340e-03	8.591660e-03
308           	1.127710e-02	9.934210e-03	2.116180e-03	8.399710e-03
309           	1.113000e-02	9.515380e-03	1.979530e-03	8.082060e-03
310           	1.081260e-02	8.909730e-03	1.820580e-03	7.671540e-03
311           	1.037250e-02	8.252500e-03	1.661150e-03	7.240470e-03
312           	9.873080e-03	7.649420e-03	1.528020e-03	6.838020e-03
313           	9.357900e-03	7.186500e-03	1.429910e-03	6.500800e-03
314           	8.884270e-03	6.899540e-03	1.378780e-03	6.258550e-03
315           	8.420280e-03	6.752170e-03	1.380930e-03	6.088570e-03
316           	8.004750e-03	6.677280e-03	1.407710e-03	6.021480e-03
317           	7.635450e-03	6.615840e-03	1.428120e-03	5.992700e-03
318           	7.359840e-03	6.527470e-03	1.433110e-03	5.947390e-03
319           	7.210300e-03	6.404730e-03	1.421890e-03	5.888030e-03
320           	7.158700e-03	6.277920e-03	1.395340e-03	5.764310e-03
321           	7.135800e-03	6.127250e-03	1.354640e-03	5.607870e-03
322           	7.091270e-03	5.953160e-03	1.303550e-03	5.456390e-03
323           	7.005620e-03	5.735590e-03	1.251260e-03	5.306420e-03
324           	6.878970e-03	5.494530e-03	1.203160e-03	5.143720e-03
325           	6.729120e-03	5.250320e-03	1.166650e-03	4.973920e-03
326           	6.569850e-03	5.036130e-03	1.144430e-03	4.832560e-03
327           	6.399970e-03	4.888740e-03	1.132220e-03	4.724250e-03
328           	6.222750e-03	4.801200e-03	1.131840e-03	4.665290e-03
329           	6.066520e-03	4.770500e-03	1.139040e-03	4.651270e-03
330           	5.915930e-03	4.843880e-03	1.152750e-03	4.705680e-03
331           	5.773620e-03	4.936730e-03	1.162240e-03	4.761210e-03
332           	5.653790e-03	5.023600e-03	1.167290e-03	4.807850e-03
333           	5.571390e-03	5.097320e-03	1.170430e-03	4.836250e-03
334           	5.535080e-03	5.156060e-03	1.168320e-03	4.849190e-03
335           	5.550320e-03	5.200020e-03	1.161190e-03	4.850020e-03
336           	5.606240e-03	5.215100e-03	1.149190e-03	4.834050e-03
337           	5.671590e-03	5.203100e-03	1.134500e-03	4.799240e-03
338           	5.734350e-03	5.159270e-03	1.115780e-03	4.755080e-03
339           	5.791840e-03	5.101010e-03	1.095470e-03	4.700760e-03
340           	5.835660e-03	5.028400e-03	1.072920e-03	4.636190e-03
341           	5.862300e-03	4.939590e-03	1.049110e-03	4.562310e-03
342           	5.879500e-03	4.841250e-03	1.028470e-03	4.487160e-03
343           	5.881730e-03	4.743950e-03	1.012000e-03	4.413600e-03
344           	5.868370e-03	4.651620e-03	1.000740e-03	4.337960e-03
345           	5.842840e-03	4.574620e-03	9.932310e-04	4.265940e-03
346           	5.803460e-03	4.520750e-03	9.901120e-04	4.210660e-03
347           	5.751590e-03	4.488680e-03	9.898270e-04	4.163790e-03
348           	5.701170e-03	4.483110e-03	9.916160e-04	4.134200e-03
349           	5.652870e-03	4.502630e-03	9.941830e-04	4.119280e-03
350           	5.607750e-03	4.531790e-03	9.973260e-04	4.125870e-03
351           	5.576130e-03	4.569210e-03	9.997770e-04	4.151650e-03
352           	5.552190e-03	4.610610e-03	1.001400e-03	4.182180e-03
353           	5.544490e-03	4.643910e-03	1.002780e-03	4.224730e-03
354           	5.550390e-03	4.669210e-03	1.004700e-03	4.263690e-03
355           	5.560050e-03	4.689610e-03	1.004950e-03	4.293390e-03
356           	5.565720e-03	4.696400e-03	1.002160e-03	4.304040e-03
357           	5.567440e-03	4.681650e-03	9.969160e-04	4.304580e-03
358           	5.582990e-03	4.649390e-03	9.899160e-04	4.288930e-03
359           	5.586350e-03	4.606150e-03	9.839730e-04	4.267760e-03
360           	5.571150e-03	4.555860e-03	9.803830e-04	4.258260e-03
361           	5.536840e-03	4.501750e-03	9.791900e-04	4.258130e-03
362           	5.487790e-03	4.449930e-03	9.795760e-04	4.265390e-03
363           	5.431200e-03	4.411110e-03	9.838450e-04	4.289870e-03
364           	5.366570e-03	4.382210e-03	9.900080e-04	4.319450e-03
365           	5.297640e-03	4.359990e-03	9.944370e-04	4.339260e-03
366           	5.231650e-03	4.336220e-03	9.957640e-04	4.347910e-03
367           	5.175170e-03	4.305120e-03	9.918810e-04	4.340020e-03
368           	5.123630e-03	4.271000e-03	9.833370e-04	4.312950e-03
369           	5.085030e-03	4.236190e-03	9.712480e-04	4.270790e-03
370           	5.051250e-03	4.209830e-03	9.573990e-04	4.218860e-03
371           	5.023400e-03	4.188280e-03	9.460680e-04	4.157100e-03
372           	5.011070e-03	4.167510e-03	9.406460e-04	4.097900e-03
373           	5.006680e-03	4.147280e-03	9.418230e-04	4.050470e-03
374           	5.003980e-03	4.135890e-03	9.485380e-04	4.011960e-03
375           	4.998710e-03	4.136800e-03	9.589460e-04	4.000170e-03
376           	4.987460e-03	4.141410e-03	9.685810e-04	4.020310e-03
377           	4.984500e-03	4.116480e-03	9.738710e-04	4.030540e-03
378           	4.987750e-03	4.111270e-03	9.796370e-04	4.046800e-03
379           	5.010460e-03	4.127090e-03	9.835710e-04	4.071610e-03
380           	5.029540e-03	4.185770e-03	9.871030e-04	4.132990e-03
381           	5.038090e-03	4.233410e-03	9.884060e-04	4.188940e-03
382           	5.030540e-03	4.264230e-03	9.854600e-04	4.214500e-03
383           	5.003300e-03	4.278910e-03	9.787570e-04	4.211890e-03
384           	4.958370e-03	4.280890e-03	9.694340e-04	4.191020e-03
385           	4.901870e-03	4.281090e-03	9.579580e-04	4.159480e-03
386           	4.838500e-03	4.280040e-03	9.459440e-04	4.125890e-03
387           	4.776080e-03	4.281010e-03	9.344110e-04	4.090100e-03
388           	4.721570e-03	4.285870e-03	9.243670e-04	4.055660e-03
389           	4.674130e-03	4.293450e-03	9.146810e-04	4.026230e-03
390           	4.637070e-03	4.294810e-03	9.057090e-04	3.996550e-03
391           	4.633840e-03	4.288490e-03	8.986210e-04	3.968370e-03
392           	4.638290e-03	4.272890e-03	8.932690e-04	3.923280e-03
393           	4.633090e-03	4.248980e-03	8.904850e-04	3.883210e-03
394           	4.651090e-03	4.218100e-03	8.894830e-04	3.854050e-03
395           	4.684900e-03	4.183890e-03	8.892900e-04	3.827030e-03
396           	4.733560e-03	4.154930e-03	8.896700e-04	3.794310e-03
397           	4.779460e-03	4.127830e-03	8.913600e-04	3.762710e-03
398           	4.812250e-03	4.102770e-03	8.936770e-04	3.742630e-03
399           	4.832700e-03	4.077500e-03	8.955010e-04	3.722850e-03
400           	4.835820e-03	4.051800e-03	8.976340e-04	3.707360e-03
401           	4.826480e-03	4.036350e-03	8.972910e-04	3.701840e-03
402           	4.813120e-03	4.026530e-03	8.938360e-04	3.709710e-03
403           	4.800390e-03	4.017800e-03	8.886180e-04	3.723240e-03
404           	4.782100e-03	4.004650e-03	8.814480e-04	3.734050e-03
405           	4.762880e-03	3.987450e-03	8.746360e-04	3.743330e-03
406           	4.740070e-03	3.971510e-03	8.675330e-04	3.749840e-03
407           	4.716430e-03	3.955150e-03	8.620090e-04	3.751120e-03
408           	4.687210e-03	3.932970e-03	8.575130e-04	3.737740e-03
409           	4.657260e-03	3.911810e-03	8.529440e-04	3.717290e-03
410           	4.627940e-03	3.889490e-03	8.470760e-04	3.694860e-03
411           	4.602640e-03	3.858730e-03	8.421770e-04	3.668930e-03
412           	4.572970e-03	3.818940e-03	8.386370e-04	3.645320e-03
413           	4.533970e-03	3.783540e-03	8.351820e-04	3.629720e-03
414           	4.491190e-03	3.753110e-03	8.354380e-04	3.623720e-03
415           	4.447690e-03	3.732290e-03	8.385920e-04	3.635060e-03
416           	4.400250e-03	3.713680e-03	8.425710e-04	3.651240e-03
417           	4.350730e-03	3.693590e-03	8.472080e-04	3.670630e-03
418           	4.301010e-03	3.674440e-03	8.498480e-04	3.688250e-03
419           	4.262840e-03	3.654240e-03	8.508840e-04	3.696160e-03
420           	4.238860e-03	3.639170e-03	8.489020e-04	3.696380e-03
421           	4.234850e-03	3.626050e-03	8.430010e-04	3.682580e-03
422           	4.238330e-03	3.616530e-03	8.349200e-04	3.660690e-03
423           	4.244140e-03	3.609640e-03	8.276220e-04	3.631190e-03
424           	4.247640e-03	3.606340e-03	8.227210e-04	3.597530e-03
425           	4.253900e-03	3.602280e-03	8.187290e-04	3.563040e-03
426           	4.257530e-03	3.597680e-03	8.162050e-04	3.532320e-03
427           	4.257730e-03	3.590600e-03	8.151530e-04	3.510790e-03
428           	4.260710e-03	3.575220e-03	8.146890e-04	3.498310e-03
429           	4.272530e-03	3.561210e-03	8.139540e-04	3.490910e-03
430           	4.287460e-03	3.553260e-03	8.130430e-04	3.497820e-03
431           	4.307860e-03	3.550050e-03	8.126840e-04	3.516960e-03
432           	4.321470e-03	3.553540e-03	8.121200e-04	3.531540e-03
433           	4.320470e-03	3.556460e-03	8.107580e-04	3.540790e-03
434           	4.303610e-03	3.556900e-03	8.078340e-04	3.541690e-03
435           	4.272020e-03	3.553010e-03	8.021890e-04	3.525690e-03
436           	4.233850e-03	3.544790e-03	7.939320e-04	3.493970e-03
437           	4.179050e-03	3.532540e-03	7.833690e-04	3.458550e-03
438           	4.109000e-03	3.523360e-03	7.717070e-04	3.420840e-03
439           	4.035840e-03	3.515390e-03	7.591910e-04	3.381640e-03
440           	3.967390e-03	3.504270e-03	7.476690e-04	3.343830e-03
441           	3.907880e-03	3.494520e-03	7.376070e-04	3.310160e-03
442           	3.856460e-03	3.480320e-03	7.283800e-04	3.278760e-03
443           	3.823730e-03	3.459780e-03	7.198530e-04	3.248940e-03
444           	3.800570e-03	3.434660e-03	7.131910e-04	3.204750e-03
445           	3.789210e-03	3.405290e-03	7.070460e-04	3.163990e-03
446           	3.772820e-03	3.368180e-03	7.024910e-04	3.122230e-03
447           	3.763150e-03	3.331200e-03	6.997860e-04	3.095030e-03
448           	3.759210e-03	3.303560e-03	6.990960e-04	3.059520e-03
449           	3.768040e-03	3.273390e-03	7.003480e-04	3.027250e-03
450           	3.779840e-03	3.248740e-03	7.030320e-04	3.008040e-03
451           	3.788830e-03	3.233740e-03	7.065910e-04	2.996940e-03
452           	3.797790e-03	3.231290e-03	7.110060e-04	2.994020e-03
453           	3.808490e-03	3.236280e-03	7.138380e-04	3.003000e-03
454           	3.814670e-03	3.241970e-03	7.148720e-04	3.017850e-03
455           	3.818140e-03	3.244220e-03	7.136770e-04	3.034280e-03
456           	3.817560e-03	3.243270e-03	7.114050e-04	3.049430e-03
457           	3.811020e-03	3.245030e-03	7.081350e-04	3.066280e-03
458           	3.805230e-03	3.243320e-03	7.049910e-04	3.081030e-03
459           	3.801360e-03	3.237180e-03	7.021000e-04	3.088520e-03
460           	3.800830e-03	3.228610e-03	6.987040e-04	3.090130e-03
461           	3.792920e-03	3.218120e-03	6.969950e-04	3.087870e-03
462           	3.783250e-03	3.200670e-03	6.952740e-04	3.075580e-03
463           	3.772220e-03	3.176510e-03	6.928310e-04	3.056150e-03
464           	3.759050e-03	3.145640e-03	6.894710e-04	3.026850e-03
465           	3.740490e-03	3.108090e-03	6.854860e-04	2.992480e-03
466           	3.717640e-03	3.071010e-03	6.818520e-04	2.962750e-03
467           	3.683310e-03	3.038200e-03	6.788960e-04	2.939830e-03
468           	3.638540e-03	3.003990e-03	6.763480e-04	2.925810e-03
469           	3.590350e-03	2.969920e-03	6.743560e-04	2.922040e-03
470           	3.538580e-03	2.939490e-03	6.741660e-04	2.921680e-03
471           	3.492510e-03	2.911310e-03	6.735420e-04	2.923420e-03
472           	3.461360e-03	2.890180e-03	6.723030e-04	2.926680e-03
473           	3.448980e-03	2.877050e-03	6.697680e-04	2.931620e-03
474           	3.448240e-03	2.871470e-03	6.669520e-04	2.933290e-03
475           	3.457840e-03	2.873630e-03	6.649180e-04	2.928020e-03
476           	3.467790e-03	2.874830e-03	6.642690e-04	2.918560e-03
477           	3.473780e-03	2.875690e-03	6.623260e-04	2.904270e-03
478           	3.474400e-03	2.868430e-03	6.580710e-04	2.887410e-03
479           	3.462800e-03	2.851460e-03	6.512660e-04	2.858970e-03
480           	3.440280e-03	2.826970e-03	6.446170e-04	2.824490e-03
481           	3.412300e-03	2.776670e-03	6.371840e-04	2.769840e-03
482           	3.388560e-03	2.730560e-03	6.304770e-04	2.722790e-03
483           	3.378100e-03	2.691440e-03	6.241140e-04	2.694260e-03
484           	3.369540e-03	2.680240e-03	6.190180e-04	2.697820e-03
485           	3.364290e-03	2.677030e-03	6.145080e-04	2.698900e-03
486           	3.353270e-03	2.678260e-03	6.108710e-04	2.693380e-03
487           	3.336370e-03	2.676660e-03	6.063500e-04	2.679800e-03
488           	3.316110e-03	2.673820e-03	5.997600e-04	2.657240e-03
489           	3.284960e-03	2.665270e-03	5.918490e-04	2.628500e-03
490           	3.245650e-03	2.647780e-03	5.821080e-04	2.592940e-03
491           	3.196230e-03	2.627440e-03	5.708580e-04	2.554030e-03
492           	3.139640e-03	2.601600e-03	5.589250e-04	2.513720e-03
493           	3.077660e-03	2.572410e-03	5.473570e-04	2.470610e-03
494           	3.014930e-03	2.541710e-03	5.361700e-04	2.432020e-03
495           	2.956480e-03	2.509330e-03	5.258970e-04	2.396580e-03
496           	2.896980e-03	2.475850e-03	5.168930e-04	2.363300e-03
497           	2.846990e-03	2.443590e-03	5.096360e-04	2.330200e-03
498           	2.807370e-03	2.412980e-03	5.036820e-04	2.297020e-03
499           	2.779100e-03	2.385990e-03	5.002460e-04	2.265260e-03
500           	2.759270e-03	2.361170e-03	4.986240e-04	2.235580e-03
501           	2.746060e-03	2.337290e-03	4.981570e-04	2.206950e-03
502           	2.741030e-03	2.318430e-03	4.989870e-04	2.184660e-03
503           	2.737090e-03	2.304190e-03	4.996660e-04	2.167560e-03
504           	2.730540e-03	2.292450e-03	4.996690e-04	2.157290e-03
505           	2.724650e-03	2.285600e-03	4.985460e-04	2.150760e-03
506           	2.716200e-03	2.275620e-03	4.958640e-04	2.147880e-03
507           	2.705810e-03	2.262390e-03	4.923220e-04	2.143620e-03
508           	2.695450e-03	2.248100e-03	4.884750e-04	2.142370e-03
509           	2.679210e-03	2.233690e-03	4.840810e-04	2.140090e-03
510           	2.660510e-03	2.217370e-03	4.796280e-04	2.135660e-03
511           	2.640990e-03	2.201060e-03	4.755170e-04	2.129530e-03
512           	2.623620e-03	2.184350e-03	4.717650e-04	2.120180e-03
513           	2.605610e-03	2.165570e-03	4.684010e-04	2.106530e-03
514           	2.590880e-03	2.144840e-03	4.655150e-04	2.089590e-03
515           	2.575920e-03	2.123240e-03	4.632330e-04	2.071750e-03
516           	2.558960e-03	2.098550e-03	4.598080e-04	2.048820e-03
517           	2.537070e-03	2.070490e-03	4.560420e-04	2.019330e-03
518           	2.513320e-03	2.040690e-03	4.514330e-04	1.986600e-03
519           	2.480410e-03	2.008340e-03	4.460640e-04	1.954510e-03
520           	2.437490e-03	1.977350e-03	4.402580e-04	1.924530e-03
521           	2.388380e-03	1.943490e-03	4.339760e-04	1.898020e-03
522           	2.337150e-03	1.910140e-03	4.282920e-04	1.875430e-03
523           	2.284020e-03	1.878480e-03	4.240200e-04	1.854700e-03
524           	2.238340e-03	1.849720e-03	4.199670e-04	1.836760e-03
525           	2.201330e-03	1.826230e-03	4.156080e-04	1.823620e-03
526           	2.179410e-03	1.809390e-03	4.123400e-04	1.812900e-03
527           	2.168730e-03	1.795980e-03	4.102710e-04	1.805030e-03
528           	2.163700e-03	1.784920e-03	4.091660e-04	1.797590e-03
529           	2.157360e-03	1.773740e-03	4.074660e-04	1.788990e-03
530           	2.151910e-03	1.761440e-03	4.044550e-04	1.778270e-03
531           	2.144790e-03	1.744640e-03	3.996150e-04	1.760230e-03
532           	2.129580e-03	1.722400e-03	3.932590e-04	1.734090e-03
533           	2.108780e-03	1.683760e-03	3.856900e-04	1.692320e-03
534           	2.085710e-03	1.647050e-03	3.784030e-04	1.651600e-03
535           	2.062880e-03	1.613150e-03	3.713500e-04	1.616320e-03
536           	2.045390e-03	1.584670e-03	3.651130e-04	1.590100e-03
537           	2.026790e-03	1.572810e-03	3.597780e-04	1.582130e-03
538           	2.007140e-03	1.564480e-03	3.548500e-04	1.572710e-03
539           	1.988570e-03	1.555550e-03	3.499600e-04	1.556650e-03
540           	1.967660e-03	1.544240e-03	3.443070e-04	1.536240e-03
541           	1.946800e-03	1.529200e-03	3.376170e-04	1.511480e-03
542           	1.921700e-03	1.508680e-03	3.298120e-04	1.482000e-03
543           	1.891020e-03	1.483330e-03	3.208880e-04	1.447760e-03
544           	1.854100e-03	1.451250e-03	3.108150e-04	1.409130e-03
545           	1.811920e-03	1.414470e-03	3.000610e-04	1.368760e-03
546           	1.764720e-03	1.374280e-03	2.892420e-04	1.325400e-03
547           	1.711530e-03	1.333080e-03	2.794470e-04	1.283040e-03
548           	1.655250e-03	1.293690e-03	2.703700e-04	1.244750e-03
549           	1.598330e-03	1.257930e-03	2.630530e-04	1.209620e-03
550           	1.545300e-03	1.226780e-03	2.573580e-04	1.180020e-03
551           	1.498270e-03	1.201120e-03	2.527230e-04	1.153380e-03
552           	1.457860e-03	1.178630e-03	2.490880e-04	1.130490e-03
553           	1.426090e-03	1.159470e-03	2.463000e-04	1.110330e-03
554           	1.402740e-03	1.141330e-03	2.437010e-04	1.092780e-03
555           	1.382990e-03	1.125040e-03	2.408580e-04	1.077030e-03
556           	1.363900e-03	1.108400e-03	2.375420e-04	1.063420e-03
557           	1.347120e-03	1.092140e-03	2.336780e-04	1.050970e-03
558           	1.330330e-03	1.075690e-03	2.293300e-04	1.038110e-03
559           	1.311740e-03	1.059790e-03	2.248210e-04	1.024990e-03
560           	1.291410e-03	1.041280e-03	2.203500e-04	1.012470e-03
561           	1.270050e-03	1.022660e-03	2.160750e-04	9.976320e-04
562           	1.247060e-03	1.002940e-03	2.119240e-04	9.811390e-04
563           	1.223090e-03	9.833700e-04	2.080720e-04	9.638170e-04
564           	1.198340e-03	9.633520e-04	2.044180e-04	9.461690e-04
565           	1.173620e-03	9.440850e-04	2.013080e-04	9.274590e-04
566           	1.149620e-03	9.250520e-04	1.985280e-04	9.099680e-04
567           	1.126220e-03	9.059090e-04	1.957420e-04	8.926500e-04
568           	1.100950e-03	8.872450e-04	1.930020e-04	8.754830e-04
569           	1.074490e-03	8.696780e-04	1.903590e-04	8.595130e-04
570           	1.047550e-03	8.534290e-04	1.879280e-04	8.440360e-04
571           	1.021460e-03	8.386730e-04	1.854240e-04	8.294580e-04
572           	9.950680e-04	8.246000e-04	1.830590e-04	8.156120e-04
573           	9.689200e-04	8.101630e-04	1.809780e-04	8.027950e-04
574           	9.449080e-04	7.963670e-04	1.790810e-04	7.911020e-04
575           	9.240500e-04	7.841630e-04	1.771740e-04	7.795910e-04
576           	9.058970e-04	7.730330e-04	1.751060e-04	7.693220e-04
577           	8.909140e-04	7.630250e-04	1.731530e-04	7.598390e-04
578           	8.808250e-04	7.531580e-04	1.714420e-04	7.521100e-04
579           	8.750650e-04	7.433020e-04	1.698040e-04	7.456180e-04
580           	8.707280e-04	7.335530e-04	1.680060e-04	7.393490e-04
581           	8.672110e-04	7.237090e-04	1.657790e-04	7.318550e-04
582           	8.637320e-04	7.134140e-04	1.629630e-04	7.229100e-04
583           	8.609160e-04	7.025480e-04	1.596100e-04	7.112530e-04
584           	8.564280e-04	6.905980e-04	1.559090e-04	6.971250e-04
585           	8.478930e-04	6.773190e-04	1.520100e-04	6.819550e-04
586           	8.371850e-04	6.594650e-04	1.479640e-04	6.614560e-04
587           	8.265950e-04	6.426730e-04	1.439160e-04	6.424170e-04
588           	8.157280e-04	6.273940e-04	1.399790e-04	6.247810e-04
589           	8.051390e-04	6.133810e-04	1.361990e-04	6.080450e-04
590           	7.912440e-04	6.029900e-04	1.323450e-04	5.947510e-04
591           	7.775090e-04	5.873270e-04	1.282990e-04	5.776150e-04
592           	7.628760e-04	5.749300e-04	1.240480e-04	5.626800e-04
593           	7.473310e-04	5.609940e-04	1.195740e-04	5.461070e-04
594           	7.306250e-04	5.451210e-04	1.151040e-04	5.279630e-04
595           	7.131640e-04	5.276710e-04	1.106030e-04	5.082920e-04
596           	6.945320e-04	5.093400e-04	1.060640e-04	4.884590e-04
597           	6.746510e-04	4.908420e-04	1.017350e-04	4.690310e-04
598           	6.544470e-04	4.727860e-04	9.783080e-05	4.502270e-04
599           	6.337500e-04	4.552240e-04	9.435730e-05	4.330270e-04
600           	6.135170e-04	4.389260e-04	9.133040e-05	4.173340e-04
601           	5.943330e-04	4.241560e-04	8.872460e-05	4.033040e-04
602           	5.775240e-04	4.112740e-04	8.650280e-05	3.910690e-04
603           	5.626110e-04	4.002260e-04	8.470250e-05	3.809800e-04
604           	5.487380e-04	3.908010e-04	8.310260e-05	3.725820e-04
605           	5.360730e-04	3.824900e-04	8.159730e-05	3.658700e-04
606           	5.242980e-04	3.755200e-04	8.013350e-05	3.602880e-04
607           	5.128120e-04	3.696450e-04	7.873510e-05	3.555460e-04
608           	5.014020e-04	3.646640e-04	7.744620e-05	3.514590e-04
609           	4.903150e-04	3.598870e-04	7.623570e-05	3.475990e-04
610           	4.805150e-04	3.556280e-04	7.511840e-05	3.440920e-04
611           	4.705930e-04	3.519890e-04	7.423080e-05	3.395660e-04
612           	4.607500e-04	3.486760e-04	7.346150e-05	3.357250e-04
613           	4.512340e-04	3.455270e-04	7.283870e-05	3.325550e-04
614           	4.422960e-04	3.427780e-04	7.233580e-05	3.298970e-04
615           	4.342070e-04	3.404560e-04	7.192070e-05	3.274920e-04
616           	4.267520e-04	3.383420e-04	7.161900e-05	3.251110e-04
617           	4.203820e-04	3.366430e-04	7.142780e-05	3.230820e-04
618           	4.150700e-04	3.352790e-04	7.133790e-05	3.211490e-04
619           	4.105110e-04	3.340640e-04	7.136700e-05	3.195030e-04
620           	4.066340e-04	3.329280e-04	7.139540e-05	3.182730e-04
621           	4.036230e-04	3.320920e-04	7.140660e-05	3.173580e-04
622           	4.015450e-04	3.314690e-04	7.142590e-05	3.166920e-04
623           	4.005420e-04	3.309000e-04	7.142750e-05	3.165730e-04
624           	4.005410e-04	3.302860e-04	7.141280e-05	3.168380e-04
625           	4.014440e-04	3.296270e-04	7.138630e-05	3.171390e-04
626           	4.028510e-04	3.291250e-04	7.130910e-05	3.173240e-04
627           	4.045680e-04	3.287910e-04	7.116580e-05	3.173330e-04
628           	4.061640e-04	3.283110e-04	7.093800e-05	3.168570e-04
629           	4.077140e-04	3.274760e-04	7.063590e-05	3.160430e-04
630           	4.089950e-04	3.264390e-04	7.028290e-05	3.147360e-04
631           	4.101240e-04	3.250800e-04	6.981180e-05	3.129610e-04
632           	4.109720e-04	3.234170e-04	6.920610e-05	3.107560e-04
633           	4.103090e-04	3.213890e-04	6.852890e-05	3.083780e-04
634           	4.108590e-04	3.185770e-04	6.766530e-05	3.066170e-04
635           	4.093360e-04	3.161140e-04	6.689440e-05	3.035060e-04
636           	4.079190e-04	3.132510e-04	6.600410e-05	3.010760e-04
637           	4.062870e-04	3.102970e-04	6.516090e-05	2.986190e-04
638           	4.041910e-04	3.072180e-04	6.438730e-05	2.958470e-04
639           	4.018570e-04	3.042510e-04	6.369840e-05	2.929480e-04
640           	3.994300e-04	3.013190e-04	6.310260e-05	2.901310e-04
641           	3.968970e-04	2.987250e-04	6.261140e-05	2.874060e-04
642           	3.944920e-04	2.962130e-04	6.221360e-05	2.849850e-04
643           	3.933230e-04	2.938760e-04	6.191090e-05	2.828190e-04
644           	3.904900e-04	2.918830e-04	6.182190e-05	2.800340e-04
645           	3.896600e-04	2.899060e-04	6.169010e-05	2.785530e-04
646           	3.883380e-04	2.884000e-04	6.170990e-05	2.766370e-04
647           	3.870170e-04	2.871360e-04	6.177440e-05	2.751520e-04
648           	3.858390e-04	2.860360e-04	6.185270e-05	2.739720e-04
649           	3.848030e-04	2.851790e-04	6.190960e-05	2.730730e-04
650           	3.839660e-04	2.844640e-04	6.195140e-05	2.723580e-04
651           	3.832260e-04	2.838480e-04	6.196030e-05	2.716920e-04
652           	3.824890e-04	2.832520e-04	6.193900e-05	2.709870e-04
653           	3.817520e-04	2.826550e-04	6.187110e-05	2.702330e-04
654           	3.809110e-04	2.821210e-04	6.174420e-05	2.693700e-04
655           	3.799260e-04	2.814710e-04	6.156960e-05	2.684190e-04
656           	3.787930e-04	2.808460e-04	6.134140e-05	2.674530e-04
657           	3.775750e-04	2.801720e-04	6.107560e-05	2.664180e-04
658           	3.762280e-04	2.794110e-04	6.076990e-05	2.653650e-04
659           	3.747320e-04	2.784990e-04	6.041620e-05	2.642160e-04
660           	3.731950e-04	2.775290e-04	6.002260e-05	2.629990e-04
661           	3.716230e-04	2.763830e-04	5.960190e-05	2.618820e-04
662           	3.699890e-04	2.751910e-04	5.915850e-05	2.607730e-04
663           	3.683610e-04	2.739490e-04	5.870120e-05	2.595890e-04
664           	3.667770e-04	2.727050e-04	5.822930e-05	2.584480e-04
665           	3.652540e-04	2.713570e-04	5.774670e-05	2.574080e-04
666           	3.637870e-04	2.699410e-04	5.725580e-05	2.563440e-04
667           	3.623890e-04	2.684390e-04	5.675920e-05	2.553080e-04
668           	3.610210e-04	2.669550e-04	5.627280e-05	2.542540e-04
669           	3.597190e-04	2.654840e-04	5.578750e-05	2.532280e-04
670           	3.584170e-04	2.640400e-04	5.532060e-05	2.522030e-04
671           	3.571450e-04	2.626540e-04	5.487190e-05	2.511950e-04
672           	3.559170e-04	2.612150e-04	5.443660e-05	2.500520e-04
673           	3.547210e-04	2.599030e-04	5.401170e-05	2.489650e-04
674           	3.535350e-04	2.586180e-04	5.360810e-05	2.481010e-04
675           	3.523430e-04	2.573710e-04	5.323540e-05	2.471840e-04
676           	3.512020e-04	2.561880e-04	5.289460e-05	2.464020e-04
677           	3.501110e-04	2.550860e-04	5.258470e-05	2.456370e-04
678           	3.490440e-04	2.540950e-04	5.230680e-05	2.450280e-04
679           	3.481430e-04	2.532800e-04	5.207150e-05	2.445330e-04
680           	3.472260e-04	2.524860e-04	5.186090e-05	2.440920e-04
681           	3.463760e-04	2.516330e-04	5.165950e-05	2.436710e-04
682           	3.456210e-04	2.510470e-04	5.150160e-05	2.433730e-04
683           	3.449550e-04	2.505560e-04	5.135850e-05	2.431230e-04
684           	3.443490e-04	2.501290e-04	5.123020e-05	2.428760e-04
685           	3.437730e-04	2.497330e-04	5.110850e-05	2.426290e-04
686           	3.432140e-04	2.492930e-04	5.098000e-05	2.422840e-04
687           	3.427360e-04	2.488460e-04	5.085730e-05	2.419330e-04
688           	3.422750e-04	2.483560e-04	5.074270e-05	2.415410e-04
689           	3.418200e-04	2.479280e-04	5.062830e-05	2.409920e-04
690           	3.413910e-04	2.474880e-04	5.049890e-05	2.405900e-04
691           	3.410510e-04	2.470490e-04	5.036450e-05	2.400830e-04
692           	3.407620e-04	2.466400e-04	5.022090e-05	2.396370e-04
693           	3.404820e-04	2.462380e-04	5.006090e-05	2.390990e-04
694           	3.402250e-04	2.458600e-04	4.989520e-05	2.385460e-04
695           	3.399920e-04	2.454590e-04	4.971230e-05	2.381680e-04
696           	3.397650e-04	2.450320e-04	4.950780e-05	2.377830e-04
697           	3.395030e-04	2.445760e-04	4.929230e-05	2.373520e-04
698           	3.392440e-04	2.441000e-04	4.907480e-05	2.370120e-04
699           	3.390290e-04	2.436240e-04	4.885410e-05	2.365910e-04
700           	3.388920e-04	2.433090e-04	4.864650e-05	2.362910e-04
701           	3.386890e-04	2.428750e-04	4.844590e-05	2.359640e-04
702           	3.385380e-04	2.424310e-04	4.824510e-05	2.356950e-04
703           	3.384720e-04	2.420310e-04	4.806320e-05	2.353420e-04
704           	3.384300e-04	2.416880e-04	4.787900e-05	2.350530e-04
705           	3.384060e-04	2.414360e-04	4.770380e-05	2.349490e-04
706           	3.383980e-04	2.414180e-04	4.752670e-05	2.348610e-04
707           	3.384660e-04	2.412760e-04	4.734030e-05	2.347920e-04
708           	3.386380e-04	2.410300e-04	4.715290e-05	2.347340e-04
709           	3.388450e-04	2.408170e-04	4.696760e-05	2.347570e-04
710           	3.390300e-04	2.406620e-04	4.678620e-05	2.348100e-04
711           	3.393020e-04	2.405660e-04	4.660970e-05	2.347860e-04
712           	3.396160e-04	2.405120e-04	4.643480e-05	2.347910e-04
713           	3.399880e-04	2.403920e-04	4.626090e-05	2.347840e-04
714           	3.403270e-04	2.403270e-04	4.609750e-05	2.348710e-04
715           	3.406450e-04	2.402420e-04	4.593460e-05	2.348940e-04
716           	3.410620e-04	2.402470e-04	4.578290e-05	2.347490e-04
717           	3.414760e-04	2.402250e-04	4.563060e-05	2.346520e-04
718           	3.418890e-04	2.403290e-04	4.550200e-05	2.346850e-04
719           	3.423190e-04	2.404460e-04	4.539450e-05	2.347160e-04
720           	3.428760e-04	2.406100e-04	4.530080e-05	2.348330e-04
721           	3.434730e-04	2.408060e-04	4.520380e-05	2.350200e-04
722           	3.441130e-04	2.410180e-04	4.512010e-05	2.352540e-04
723           	3.447940e-04	2.413450e-04	4.504150e-05	2.354810e-04
724           	3.454930e-04	2.416010e-04	4.497850e-05	2.357350e-04
725           	3.462680e-04	2.419820e-04	4.493580e-05	2.360820e-04
726           	3.471280e-04	2.424250e-04	4.491370e-05	2.365790e-04
727           	3.480280e-04	2.429080e-04	4.489710e-05	2.367430e-04
728           	3.490460e-04	2.435460e-04	4.489600e-05	2.371490e-04
729           	3.500670e-04	2.442040e-04	4.490600e-05	2.376730e-04
730           	3.511230e-04	2.450070e-04	4.493670e-05	2.383640e-04
731           	3.522860e-04	2.459290e-04	4.497680e-05	2.392080e-04
732           	3.535410e-04	2.467820e-04	4.504540e-05	2.401260e-04
733           	3.549030e-04	2.478130e-04	4.512940e-05	2.409440e-04
734           	3.563610e-04	2.488690e-04	4.523300e-05	2.417530e-04
735           	3.579680e-04	2.500680e-04	4.534260e-05	2.425740e-04
736           	3.596710e-04	2.515190e-04	4.546610e-05	2.434130e-04
737           	3.612620e-04	2.530050e-04	4.559760e-05	2.442770e-04
738           	3.628070e-04	2.544260e-04	4.574660e-05	2.452830e-04
739           	3.645050e-04	2.559430e-04	4.590850e-05	2.463620e-04
740           	3.664230e-04	2.575270e-04	4.609160e-05	2.475980e-04
741           	3.683640e-04	2.591030e-04	4.627550e-05	2.487650e-04
742           	3.704140e-04	2.609310e-04	4.650000e-05	2.500490e-04
743           	3.724620e-04	2.628250e-04	4.673230e-05	2.512500e-04
744           	3.746410e-04	2.648020e-04	4.698070e-05	2.525850e-04
745           	3.768930e-04	2.667090e-04	4.725900e-05	2.540720e-04
746           	3.792330e-04	2.687940e-04	4.755630e-05	2.557070e-04
747           	3.816860e-04	2.709530e-04	4.788440e-05	2.571660e-04
748           	3.843300e-04	2.732210e-04	4.823850e-05	2.587610e-04
749           	3.870470e-04	2.754930e-04	4.862310e-05	2.606630e-04
750           	3.898840e-04	2.779360e-04	4.904290e-05	2.625350e-04
751           	3.929040e-04	2.805310e-04	4.950060e-05	2.645520e-04
752           	3.960290e-04	2.832780e-04	4.997830e-05	2.668550e-04
753           	3.989190e-04	2.861090e-04	5.047330e-05	2.685800e-04
754           	4.020230e-04	2.888420e-04	5.099890e-05	2.709440e-04
755           	4.053000e-04	2.916300e-04	5.153960e-05	2.733060e-04
756           	4.085280e-04	2.944830e-04	5.209420e-05	2.758320e-04
757           	4.119630e-04	2.974320e-04	5.267050e-05	2.786390e-04
758           	4.157830e-04	3.004530e-04	5.326910e-05	2.813030e-04
759           	4.197150e-04	3.036690e-04	5.390490e-05	2.838520e-04
760           	4.237940e-04	3.069800e-04	5.457250e-05	2.865710e-04
761           	4.279210e-04	3.104950e-04	5.526890e-05	2.894570e-04
762           	4.321640e-04	3.137640e-04	5.595120e-05	2.927030e-04
763           	4.363590e-04	3.172600e-04	5.669910e-05	2.959810e-04
764           	4.408390e-04	3.208830e-04	5.747760e-05	2.994600e-04
765           	4.455880e-04	3.240830e-04	5.828510e-05	3.028170e-04
766           	4.504990e-04	3.276170e-04	5.915070e-05	3.064200e-04
767           	4.553720e-04	3.314490e-04	6.003860e-05	3.101880e-04
768           	4.606810e-04	3.353920e-04	6.099870e-05	3.139460e-04
769           	4.663240e-04	3.395610e-04	6.200870e-05	3.179340e-04
770           	4.721370e-04	3.439200e-04	6.308180e-05	3.217910e-04
771           	4.780320e-04	3.486620e-04	6.421150e-05	3.259680e-04
772           	4.840460e-04	3.534460e-04	6.540490e-05	3.302250e-04
773           	4.902310e-04	3.584050e-04	6.663870e-05	3.342770e-04
774           	4.967300e-04	3.635430e-04	6.788420e-05	3.388470e-04
775           	5.034970e-04	3.685970e-04	6.911890e-05	3.436900e-04
776           	5.105000e-04	3.736340e-04	7.030070e-05	3.485200e-04
777           	5.176710e-04	3.784720e-04	7.149970e-05	3.534810e-04
778           	5.247780e-04	3.831340e-04	7.263700e-05	3.577980e-04
779           	5.305080e-04	3.875840e-04	7.375450e-05	3.622950e-04
780           	5.382460e-04	3.912800e-04	7.461240e-05	3.678150e-04
781           	5.437070e-04	3.951640e-04	7.562460e-05	3.714660e-04
782           	5.502360e-04	3.988640e-04	7.642470e-05	3.760910e-04
783           	5.569330e-04	4.020830e-04	7.718240e-05	3.804010e-04
784           	5.632600e-04	4.051260e-04	7.789010e-05	3.842600e-04
785           	5.691140e-04	4.078320e-04	7.856560e-05	3.876690e-04
786           	5.744860e-04	4.103260e-04	7.923380e-05	3.904750e-04
787           	5.794120e-04	4.127090e-04	7.986690e-05	3.927610e-04
788           	5.841010e-04	4.149480e-04	8.051420e-05	3.949250e-04
789           	5.883480e-04	4.172910e-04	8.115390e-05	3.971510e-04
790           	5.921910e-04	4.195850e-04	8.181570e-05	3.992050e-04
791           	5.958000e-04	4.214550e-04	8.246730e-05	4.006890e-04
792           	5.992480e-04	4.229850e-04	8.308260e-05	4.021140e-04
793           	6.023990e-04	4.241620e-04	8.359590e-05	4.033070e-04
794           	6.051530e-04	4.252160e-04	8.399350e-05	4.040730e-04
795           	6.072940e-04	4.258120e-04	8.424740e-05	4.043280e-04
796           	6.088120e-04	4.261630e-04	8.439550e-05	4.037060e-04
797           	6.095810e-04	4.259920e-04	8.446330e-05	4.024940e-04
798           	6.097940e-04	4.252960e-04	8.446950e-05	4.011930e-04
799           	6.094800e-04	4.243210e-04	8.440170e-05	3.997540e-04
800           	6.087690e-04	4.230370e-04	8.425790e-05	3.978890e-04
801           	6.076260e-04	4.213210e-04	8.405430e-05	3.958450e-04
802           	6.059600e-04	4.191840e-04	8.376700e-05	3.934420e-04
803           	6.036680e-04	4.168080e-04	8.341550e-05	3.906280e-04
804           	6.009390e-04	4.140760e-04	8.299500e-05	3.876220e-04
805           	5.978120e-04	4.112610e-04	8.248330e-05	3.843160e-04
806           	5.941340e-04	4.080100e-04	8.185840e-05	3.804490e-04
807           	5.891570e-04	4.042070e-04	8.112830e-05	3.761400e-04
808           	5.846570e-04	3.972620e-04	8.016030e-05	3.692850e-04
809           	5.784540e-04	3.933420e-04	7.927910e-05	3.643640e-04
810           	5.718010e-04	3.864410e-04	7.811960e-05	3.572650e-04
811           	5.642610e-04	3.794950e-04	7.691220e-05	3.494960e-04
812           	5.561960e-04	3.728840e-04	7.564310e-05	3.425270e-04
813           	5.473850e-04	3.661400e-04	7.426090e-05	3.352660e-04
814           	5.382000e-04	3.591970e-04	7.282120e-05	3.278470e-04
815           	5.285980e-04	3.520730e-04	7.133640e-05	3.203110e-04
816           	5.185030e-04	3.447310e-04	6.979310e-05	3.128410e-04
817           	5.080770e-04	3.371330e-04	6.822630e-05	3.056540e-04
818           	4.976280e-04	3.294180e-04	6.664850e-05	2.986010e-04
819           	4.869300e-04	3.216190e-04	6.504460e-05	2.915330e-04
820           	4.760440e-04	3.138850e-04	6.342020e-05	2.844790e-04
821           	4.651370e-04	3.059030e-04	6.178400e-05	2.775350e-04
822           	4.542100e-04	2.980020e-04	6.013470e-05	2.705780e-04
823           	4.432820e-04	2.902970e-04	5.846710e-05	2.638750e-04
824           	4.324480e-04	2.828770e-04	5.680560e-05	2.572130e-04
825           	4.218390e-04	2.754570e-04	5.517190e-05	2.505870e-04
826           	4.112910e-04	2.681230e-04	5.355040e-05	2.442030e-04
827           	4.009720e-04	2.608940e-04	5.195530e-05	2.379770e-04
828           	3.913000e-04	2.539030e-04	5.038020e-05	2.319670e-04
829           	3.812930e-04	2.485070e-04	4.888430e-05	2.272430e-04
830           	3.720570e-04	2.416040e-04	4.736330e-05	2.217220e-04
831           	3.631690e-04	2.362690e-04	4.592090e-05	2.173320e-04
832           	3.546700e-04	2.310750e-04	4.449480e-05	2.132260e-04
833           	3.463520e-04	2.259760e-04	4.313330e-05	2.093090e-04
834           	3.382710e-04	2.210530e-04	4.184850e-05	2.057090e-04
835           	3.305690e-04	2.163860e-04	4.066050e-05	2.025240e-04
836           	3.234770e-04	2.121180e-04	3.957850e-05	1.997390e-04
837           	3.169650e-04	2.083660e-04	3.864170e-05	1.972730e-04
838           	3.112650e-04	2.050410e-04	3.785940e-05	1.952560e-04
839           	3.065730e-04	2.022690e-04	3.724430e-05	1.937880e-04
840           	3.026640e-04	2.001820e-04	3.678840e-05	1.927850e-04
841           	2.992770e-04	1.986030e-04	3.648940e-05	1.921200e-04
842           	2.964640e-04	1.975670e-04	3.633360e-05	1.918650e-04
843           	2.941810e-04	1.969800e-04	3.632090e-05	1.921800e-04
844           	2.923050e-04	1.969220e-04	3.647680e-05	1.928380e-04
845           	2.909980e-04	1.971990e-04	3.674970e-05	1.938970e-04
846           	2.902060e-04	1.978310e-04	3.713280e-05	1.954020e-04
847           	2.901940e-04	1.989140e-04	3.762190e-05	1.972470e-04
848           	2.908680e-04	2.002380e-04	3.819370e-05	1.993530e-04
849           	2.920220e-04	2.018910e-04	3.887030e-05	2.017750e-04
850           	2.935920e-04	2.038500e-04	3.963180e-05	2.043520e-04
851           	2.957160e-04	2.060460e-04	4.044360e-05	2.072120e-04
852           	2.981900e-04	2.084320e-04	4.127580e-05	2.101270e-04
853           	3.009870e-04	2.110080e-04	4.211360e-05	2.131100e-04
854           	3.040430e-04	2.136930e-04	4.296370e-05	2.160960e-04
855           	3.072700e-04	2.163980e-04	4.380550e-05	2.191340e-04
856           	3.107180e-04	2.190160e-04	4.461600e-05	2.220980e-04
857           	3.143450e-04	2.215710e-04	4.537940e-05	2.249390e-04
858           	3.188500e-04	2.241220e-04	4.608810e-05	2.276360e-04
859           	3.221780e-04	2.269180e-04	4.688350e-05	2.298380e-04
860           	3.258230e-04	2.296310e-04	4.755380e-05	2.324700e-04
861           	3.302530e-04	2.321200e-04	4.814980e-05	2.350980e-04
862           	3.340450e-04	2.346540e-04	4.884550e-05	2.371330e-04
863           	3.368550e-04	2.373590e-04	4.954890e-05	2.390190e-04
864           	3.408750e-04	2.400060e-04	5.012420e-05	2.415240e-04
865           	3.442100e-04	2.424520e-04	5.077220e-05	2.434500e-04
866           	3.473650e-04	2.450760e-04	5.142490e-05	2.454560e-04
867           	3.505450e-04	2.476690e-04	5.206780e-05	2.474860e-04
868           	3.537400e-04	2.503300e-04	5.269790e-05	2.495170e-04
869           	3.568150e-04	2.526990e-04	5.328740e-05	2.515930e-04
870           	3.599000e-04	2.549240e-04	5.379860e-05	2.535500e-04
871           	3.628690e-04	2.569030e-04	5.424330e-05	2.553030e-04
872           	3.656600e-04	2.586540e-04	5.462150e-05	2.568940e-04
873           	3.681270e-04	2.602960e-04	5.495770e-05	2.580890e-04
874           	3.702690e-04	2.616660e-04	5.524540e-05	2.590640e-04
875           	3.721310e-04	2.627890e-04	5.547580e-05	2.598320e-04
876           	3.737660e-04	2.638180e-04	5.567600e-05	2.602790e-04
877           	3.750740e-04	2.646940e-04	5.582200e-05	2.606020e-04
878           	3.761190e-04	2.654210e-04	5.592930e-05	2.609060e-04
879           	3.768820e-04	2.660180e-04	5.599980e-05	2.610070e-04
880           	3.764310e-04	2.665100e-04	5.603920e-05	2.609290e-04
881           	3.776660e-04	2.665990e-04	5.593180e-05	2.613560e-04
882           	3.779550e-04	2.663470e-04	5.582770e-05	2.605150e-04
883           	3.778610e-04	2.662210e-04	5.574440e-05	2.595790e-04
884           	3.765580e-04	2.661070e-04	5.564520e-05	2.586420e-04
885           	3.768950e-04	2.656300e-04	5.540760e-05	2.582540e-04
886           	3.764250e-04	2.646540e-04	5.518040e-05	2.567550e-04
887           	3.744830e-04	2.636600e-04	5.493820e-05	2.552270e-04
888           	3.742840e-04	2.625670e-04	5.459800e-05	2.543310e-04
889           	3.721280e-04	2.611990e-04	5.424370e-05	2.522520e-04
890           	3.713870e-04	2.597050e-04	5.381230e-05	2.508150e-04
891           	3.685630e-04	2.578920e-04	5.339200e-05	2.482910e-04
892           	3.662660e-04	2.562040e-04	5.289970e-05	2.464440e-04
893           	3.648910e-04	2.541500e-04	5.234260e-05	2.443040e-04
894           	3.613560e-04	2.520370e-04	5.183930e-05	2.412430e-04
895           	3.583770e-04	2.500850e-04	5.129260e-05	2.390480e-04
896           	3.564170e-04	2.477280e-04	5.069500e-05	2.366870e-04
897           	3.524470e-04	2.453170e-04	5.015450e-05	2.333550e-04
898           	3.490760e-04	2.431950e-04	4.958530e-05	2.309730e-04
899           	3.458210e-04	2.406640e-04	4.894770e-05	2.286500e-04
900           	3.425490e-04	2.379720e-04	4.829230e-05	2.261180e-04
901           	3.392090e-04	2.352650e-04	4.762280e-05	2.233600e-04
902           	3.357850e-04	2.325660e-04	4.694560e-05	2.204700e-04
903           	3.322540e-04	2.298070e-04	4.626740e-05	2.174920e-04
904           	3.286590e-04	2.270000e-04	4.557440e-05	2.145490e-04
905           	3.249880e-04	2.239540e-04	4.488260e-05	2.113820e-04
906           	3.212750e-04	2.209690e-04	4.416530e-05	2.081260e-04
907           	3.174640e-04	2.178140e-04	4.346110e-05	2.048170e-04
908           	3.135700e-04	2.144940e-04	4.274340e-05	2.014780e-04
909           	3.096420e-04	2.113110e-04	4.201540e-05	1.981100e-04
910           	3.056070e-04	2.080760e-04	4.128460e-05	1.947660e-04
911           	3.017620e-04	2.054600e-04	4.059450e-05	1.914780e-04
912           	2.973350e-04	2.022920e-04	3.993390e-05	1.881880e-04
913           	2.929460e-04	1.985200e-04	3.915580e-05	1.845790e-04
914           	2.885110e-04	1.947580e-04	3.838060e-05	1.810920e-04
915           	2.840860e-04	1.912200e-04	3.757780e-05	1.775140e-04
916           	2.796180e-04	1.876990e-04	3.679680e-05	1.739900e-04
917           	2.750820e-04	1.841630e-04	3.601720e-05	1.705410e-04
918           	2.705360e-04	1.806240e-04	3.525330e-05	1.671130e-04
919           	2.659760e-04	1.770840e-04	3.448500e-05	1.636860e-04
920           	2.613930e-04	1.735760e-04	3.371810e-05	1.602570e-04
921           	2.567830e-04	1.700360e-04	3.296140e-05	1.568280e-04
922           	2.522240e-04	1.664970e-04	3.220720e-05	1.534720e-04
923           	2.476620e-04	1.629200e-04	3.144840e-05	1.501330e-04
924           	2.431010e-04	1.593690e-04	3.069290e-05	1.467940e-04
925           	2.385250e-04	1.558230e-04	2.992930e-05	1.434660e-04
926           	2.339380e-04	1.523110e-04	2.916840e-05	1.401770e-04
927           	2.293570e-04	1.487680e-04	2.842340e-05	1.369050e-04
928           	2.248400e-04	1.453210e-04	2.769110e-05	1.336750e-04
929           	2.203430e-04	1.418210e-04	2.696870e-05	1.304720e-04
930           	2.159230e-04	1.383520e-04	2.624820e-05	1.273020e-04
931           	2.113250e-04	1.348930e-04	2.552570e-05	1.241650e-04
932           	2.068530e-04	1.308280e-04	2.480340e-05	1.206560e-04
933           	2.024560e-04	1.274210e-04	2.414740e-05	1.174170e-04
934           	1.980130e-04	1.238570e-04	2.345320e-05	1.143500e-04
935           	1.936910e-04	1.203200e-04	2.273470e-05	1.112800e-04
936           	1.894130e-04	1.170950e-04	2.204560e-05	1.084160e-04
937           	1.852200e-04	1.140360e-04	2.138360e-05	1.057010e-04
938           	1.811370e-04	1.111210e-04	2.075870e-05	1.031390e-04
939           	1.771710e-04	1.083400e-04	2.015980e-05	1.007580e-04
940           	1.733680e-04	1.057140e-04	1.959460e-05	9.849380e-05
941           	1.697100e-04	1.032150e-04	1.905710e-05	9.639610e-05
942           	1.661940e-04	1.008570e-04	1.854570e-05	9.444950e-05
943           	1.627940e-04	9.860390e-05	1.805550e-05	9.263770e-05
944           	1.595670e-04	9.646620e-05	1.759190e-05	9.096500e-05
945           	1.565560e-04	9.446380e-05	1.715710e-05	8.942560e-05
946           	1.537360e-04	9.260350e-05	1.674590e-05	8.800750e-05
947           	1.510840e-04	9.085560e-05	1.635780e-05	8.667930e-05
948           	1.486430e-04	8.923930e-05	1.599820e-05	8.542090e-05
949           	1.464490e-04	8.784770e-05	1.567940e-05	8.438170e-05
950           	1.444200e-04	8.652780e-05	1.539070e-05	8.343080e-05
951           	1.425360e-04	8.530760e-05	1.512310e-05	8.259110e-05
952           	1.407730e-04	8.422830e-05	1.489180e-05	8.185420e-05
953           	1.391930e-04	8.335650e-05	1.469510e-05	8.127340e-05
954           	1.378010e-04	8.264960e-05	1.454130e-05	8.085060e-05
955           	1.366190e-04	8.208470e-05	1.442620e-05	8.057900e-05
956           	1.356520e-04	8.170740e-05	1.435400e-05	8.044110e-05
957           	1.349150e-04	8.153170e-05	1.432550e-05	8.048600e-05
958           	1.343410e-04	8.151160e-05	1.433940e-05	8.069280e-05
959           	1.339170e-04	8.166350e-05	1.439580e-05	8.111550e-05
960           	1.336090e-04	8.200950e-05	1.449720e-05	8.170400e-05
961           	1.334420e-04	8.255170e-05	1.464230e-05	8.243500e-05
962           	1.334700e-04	8.326980e-05	1.482480e-05	8.333950e-05
963           	1.339030e-04	8.411480e-05	1.504570e-05	8.440380e-05
964           	1.344660e-04	8.555560e-05	1.530910e-05	8.591710e-05
965           	1.351130e-04	8.701720e-05	1.560100e-05	8.749290e-05
966           	1.358590e-04	8.851870e-05	1.592620e-05	8.907000e-05
967           	1.367700e-04	8.996940e-05	1.626390e-05	9.070690e-05
968           	1.381450e-04	9.146820e-05	1.663320e-05	9.239990e-05
969           	1.395210e-04	9.317170e-05	1.705850e-05	9.397840e-05
970           	1.410440e-04	9.492710e-05	1.749630e-05	9.571010e-05
971           	1.428080e-04	9.707860e-05	1.799170e-05	9.768040e-05
972           	1.446200e-04	9.911920e-05	1.848200e-05	9.970990e-05
973           	1.465800e-04	1.009960e-04	1.896450e-05	1.017680e-04
974           	1.486970e-04	1.030090e-04	1.944980e-05	1.039330e-04
975           	1.509360e-04	1.051420e-04	1.993060e-05	1.061170e-04
976           	1.533240e-04	1.073640e-04	2.042440e-05	1.082820e-04
977           	1.558180e-04	1.096030e-04	2.092010e-05	1.103920e-04
978           	1.583340e-04	1.118090e-04	2.140610e-05	1.124340e-04
979           	1.609710e-04	1.141260e-04	2.191140e-05	1.145710e-04
980           	1.636720e-04	1.164380e-04	2.241190e-05	1.166700e-04
981           	1.664820e-04	1.187930e-04	2.291720e-05	1.187650e-04
982           	1.693430e-04	1.211580e-04	2.342500e-05	1.208820e-04
983           	1.724490e-04	1.236750e-04	2.396480e-05	1.232290e-04
984           	1.752860e-04	1.260040e-04	2.446900e-05	1.253610e-04
985           	1.783190e-04	1.282200e-04	2.496600e-05	1.273150e-04
986           	1.814080e-04	1.304900e-04	2.547860e-05	1.290930e-04
987           	1.845570e-04	1.328620e-04	2.599610e-05	1.310960e-04
988           	1.876920e-04	1.352300e-04	2.650310e-05	1.330890e-04
989           	1.908600e-04	1.375260e-04	2.699500e-05	1.351130e-04
990           	1.940270e-04	1.398040e-04	2.748590e-05	1.370920e-04
991           	1.972380e-04	1.421410e-04	2.797180e-05	1.390730e-04
992           	2.004190e-04	1.443900e-04	2.844650e-05	1.410040e-04
993           	2.035620e-04	1.465950e-04	2.892270e-05	1.429690e-04
994           	2.067260e-04	1.487250e-04	2.938520e-05	1.448920e-04
995           	2.099550e-04	1.508610e-04	2.982630e-05	1.467820e-04
996           	2.131460e-04	1.529240e-04	3.025950e-05	1.486300e-04
997           	2.161830e-04	1.548590e-04	3.068370e-05	1.504540e-04
998           	2.191150e-04	1.566930e-04	3.107970e-05	1.521800e-04
999           	2.219340e-04	1.584610e-04	3.147430e-05	1.538820e-04
1000          	2.246570e-04	1.602170e-04	3.186010e-05	1.555670e-04
