# Residuals   
# Time        	p             	Ux            	Uy            	Uz            
1             	1.000000e+00	3.186580e-01	1.000000e+00	2.474220e-01
2             	1.490210e-01	5.807950e-01	2.981500e-01	6.067500e-01
3             	3.721600e-02	4.485010e-01	1.499290e-01	4.683330e-01
4             	5.135280e-02	3.106950e-01	9.567650e-02	3.102920e-01
5             	1.246070e-01	2.661510e-01	7.327950e-02	2.519580e-01
6             	1.693900e-01	2.276510e-01	5.842550e-02	2.015050e-01
7             	1.294410e-01	1.851220e-01	4.926100e-02	1.616600e-01
8             	1.087930e-01	1.448060e-01	4.219530e-02	1.373490e-01
9             	6.644740e-02	1.150580e-01	3.418340e-02	1.121860e-01
10            	5.280920e-02	1.014260e-01	2.759670e-02	9.251260e-02
11            	4.457020e-02	8.973600e-02	2.314900e-02	7.961820e-02
12            	4.110600e-02	7.872740e-02	1.992610e-02	6.918610e-02
13            	3.938840e-02	6.808410e-02	1.766770e-02	5.928450e-02
14            	3.894080e-02	5.998570e-02	1.607940e-02	5.228100e-02
15            	3.982410e-02	5.289920e-02	1.470440e-02	4.736530e-02
16            	4.140590e-02	4.714800e-02	1.334140e-02	4.309930e-02
17            	4.346080e-02	4.246500e-02	1.205430e-02	3.938080e-02
18            	4.584300e-02	3.849850e-02	1.089730e-02	3.628290e-02
19            	4.830500e-02	3.538210e-02	9.828430e-03	3.382910e-02
20            	4.983690e-02	3.279800e-02	8.906540e-03	3.189160e-02
21            	5.207580e-02	3.044100e-02	8.127370e-03	3.021300e-02
22            	5.447450e-02	2.855900e-02	7.524590e-03	2.870400e-02
23            	5.817680e-02	2.679370e-02	7.027080e-03	2.707140e-02
24            	5.427190e-02	2.532000e-02	6.788230e-03	2.579570e-02
25            	4.867970e-02	2.380960e-02	6.525860e-03	2.454500e-02
26            	4.486090e-02	2.259270e-02	6.343050e-03	2.352490e-02
27            	4.233090e-02	2.139090e-02	6.131810e-03	2.281280e-02
28            	4.001740e-02	2.040320e-02	5.989570e-03	2.223120e-02
29            	3.820870e-02	1.965470e-02	5.874240e-03	2.159610e-02
30            	3.699190e-02	1.920850e-02	5.893540e-03	2.134950e-02
31            	3.620190e-02	1.910200e-02	5.869880e-03	2.125590e-02
32            	3.522580e-02	1.901050e-02	5.755270e-03	2.105130e-02
33            	3.380020e-02	1.884560e-02	5.554860e-03	2.048040e-02
34            	3.265140e-02	1.857040e-02	5.366750e-03	1.961580e-02
35            	3.180520e-02	1.842050e-02	5.279370e-03	1.890950e-02
36            	3.134710e-02	1.848400e-02	5.231310e-03	1.850300e-02
37            	3.161600e-02	1.854970e-02	5.242470e-03	1.841900e-02
38            	3.188230e-02	1.868210e-02	5.286580e-03	1.865010e-02
39            	3.240530e-02	1.865760e-02	5.274480e-03	1.879750e-02
40            	3.316550e-02	1.848910e-02	5.204460e-03	1.880860e-02
41            	3.302830e-02	1.825720e-02	5.084480e-03	1.854730e-02
42            	3.206850e-02	1.780540e-02	4.930380e-03	1.814880e-02
43            	3.090100e-02	1.749910e-02	4.795300e-03	1.790600e-02
44            	2.960690e-02	1.752930e-02	4.706030e-03	1.780660e-02
45            	2.787980e-02	1.767280e-02	4.654650e-03	1.782730e-02
46            	2.625420e-02	1.755480e-02	4.612050e-03	1.764660e-02
47            	2.575160e-02	1.750030e-02	4.598050e-03	1.735780e-02
48            	2.563720e-02	1.744580e-02	4.598290e-03	1.706900e-02
49            	2.590630e-02	1.746850e-02	4.632640e-03	1.703300e-02
50            	2.626720e-02	1.772060e-02	4.726650e-03	1.728270e-02
51            	2.673650e-02	1.810750e-02	4.825090e-03	1.767720e-02
52            	2.730720e-02	1.882150e-02	4.926180e-03	1.792480e-02
53            	2.725440e-02	1.987550e-02	5.080100e-03	1.794640e-02
54            	2.667110e-02	2.101380e-02	5.248980e-03	1.792140e-02
55            	2.597240e-02	2.170170e-02	5.277630e-03	1.780550e-02
56            	2.577790e-02	2.204910e-02	5.293460e-03	1.787250e-02
57            	2.640810e-02	2.220460e-02	5.288200e-03	1.805220e-02
58            	2.727230e-02	2.230650e-02	5.343000e-03	1.821070e-02
59            	2.916420e-02	2.299970e-02	5.439200e-03	1.934980e-02
60            	3.007070e-02	2.403900e-02	5.537570e-03	2.089480e-02
61            	3.075840e-02	2.520910e-02	5.745260e-03	2.199260e-02
62            	3.131070e-02	2.676690e-02	6.054650e-03	2.301910e-02
63            	3.192070e-02	2.859480e-02	6.408680e-03	2.391110e-02
64            	3.234730e-02	3.055220e-02	6.795700e-03	2.465800e-02
65            	3.317040e-02	3.269150e-02	7.259260e-03	2.585930e-02
66            	3.404490e-02	3.486270e-02	7.758440e-03	2.756990e-02
67            	3.565110e-02	3.600260e-02	8.095950e-03	2.889590e-02
68            	3.797740e-02	3.650250e-02	8.250030e-03	3.011970e-02
69            	4.001870e-02	3.703530e-02	8.513860e-03	3.161690e-02
70            	4.104040e-02	3.689150e-02	8.763380e-03	3.308810e-02
71            	4.153340e-02	3.625960e-02	8.799650e-03	3.402370e-02
72            	4.115560e-02	3.541780e-02	8.737950e-03	3.398480e-02
73            	3.991020e-02	3.445170e-02	8.599300e-03	3.325160e-02
74            	3.791850e-02	3.320380e-02	8.225720e-03	3.148370e-02
75            	3.700630e-02	3.195200e-02	7.795470e-03	2.930230e-02
76            	3.740320e-02	3.076750e-02	7.318830e-03	2.717370e-02
77            	3.783740e-02	2.943590e-02	6.815610e-03	2.535700e-02
78            	3.760170e-02	2.830170e-02	6.397430e-03	2.365210e-02
79            	3.730020e-02	2.734930e-02	6.111740e-03	2.227930e-02
80            	3.671900e-02	2.620150e-02	5.988860e-03	2.150420e-02
81            	3.588970e-02	2.474360e-02	5.859620e-03	2.123970e-02
82            	3.416260e-02	2.364840e-02	5.470780e-03	2.067000e-02
83            	3.320090e-02	2.323440e-02	5.220400e-03	2.025110e-02
84            	3.241870e-02	2.281250e-02	5.097140e-03	1.998780e-02
85            	3.207120e-02	2.199270e-02	4.846200e-03	1.933480e-02
86            	3.141280e-02	2.094710e-02	4.520880e-03	1.846100e-02
87            	3.013460e-02	1.967420e-02	4.284930e-03	1.758720e-02
88            	2.850020e-02	1.864590e-02	4.221500e-03	1.686510e-02
89            	2.735280e-02	1.795970e-02	4.257790e-03	1.652900e-02
90            	2.648310e-02	1.793570e-02	4.367140e-03	1.664240e-02
91            	2.634570e-02	1.814980e-02	4.487680e-03	1.677090e-02
92            	2.748420e-02	1.869210e-02	4.601020e-03	1.697030e-02
93            	2.942850e-02	1.941280e-02	4.705440e-03	1.759430e-02
94            	3.070570e-02	1.977830e-02	4.766090e-03	1.819120e-02
95            	3.118790e-02	2.014000e-02	4.762750e-03	1.863960e-02
96            	3.168530e-02	2.071230e-02	4.827080e-03	1.898420e-02
97            	3.221120e-02	2.155740e-02	4.935500e-03	1.955220e-02
98            	3.261480e-02	2.285880e-02	5.090270e-03	2.028810e-02
99            	3.256110e-02	2.434420e-02	5.336000e-03	2.102170e-02
100           	3.228280e-02	2.638080e-02	5.748090e-03	2.181770e-02
101           	3.267740e-02	2.836350e-02	6.263910e-03	2.260390e-02
102           	3.374520e-02	3.021370e-02	6.786210e-03	2.389520e-02
103           	3.491290e-02	3.196210e-02	7.216530e-03	2.571110e-02
104           	3.620780e-02	3.330590e-02	7.272970e-03	2.762050e-02
105           	3.760370e-02	3.401630e-02	7.368500e-03	2.903560e-02
106           	3.790360e-02	3.372320e-02	7.718480e-03	3.044330e-02
107           	3.806360e-02	3.316940e-02	8.044800e-03	3.097810e-02
108           	3.941450e-02	3.308440e-02	8.280480e-03	3.161630e-02
109           	4.031990e-02	3.290820e-02	8.526360e-03	3.199750e-02
110           	4.016240e-02	3.251330e-02	8.533800e-03	3.186790e-02
111           	3.856400e-02	3.210610e-02	8.256430e-03	3.052640e-02
112           	3.620780e-02	3.092300e-02	7.823700e-03	2.837120e-02
113           	3.441900e-02	2.954540e-02	7.344010e-03	2.615440e-02
114           	3.395490e-02	2.798990e-02	6.740980e-03	2.400740e-02
115           	3.426340e-02	2.598580e-02	5.994950e-03	2.197060e-02
116           	3.425530e-02	2.411510e-02	5.454910e-03	2.059230e-02
117           	3.427050e-02	2.247370e-02	5.080190e-03	1.951020e-02
118           	3.404270e-02	2.132990e-02	4.810600e-03	1.860140e-02
119           	3.292920e-02	2.034430e-02	4.567000e-03	1.818150e-02
120           	3.174760e-02	1.944800e-02	4.368670e-03	1.767150e-02
121           	3.077110e-02	1.875610e-02	4.285010e-03	1.706800e-02
122           	2.971940e-02	1.810230e-02	4.135080e-03	1.650000e-02
123           	2.845630e-02	1.764020e-02	4.002150e-03	1.597000e-02
124           	2.742070e-02	1.719020e-02	3.875170e-03	1.572600e-02
125           	2.627070e-02	1.687760e-02	3.820410e-03	1.564050e-02
126           	2.502610e-02	1.669940e-02	3.806650e-03	1.559210e-02
127           	2.398820e-02	1.646440e-02	3.742080e-03	1.544290e-02
128           	2.328120e-02	1.616130e-02	3.617630e-03	1.505310e-02
129           	2.270610e-02	1.558730e-02	3.444050e-03	1.440530e-02
130           	2.220910e-02	1.487010e-02	3.293500e-03	1.365810e-02
131           	2.188160e-02	1.420610e-02	3.187400e-03	1.306420e-02
132           	2.155840e-02	1.386000e-02	3.136620e-03	1.268830e-02
133           	2.143400e-02	1.382980e-02	3.111370e-03	1.254410e-02
134           	2.134570e-02	1.400820e-02	3.102070e-03	1.269240e-02
135           	2.138970e-02	1.421740e-02	3.062250e-03	1.284820e-02
136           	2.116500e-02	1.430610e-02	3.039880e-03	1.294020e-02
137           	2.115720e-02	1.410100e-02	3.024360e-03	1.289400e-02
138           	2.117230e-02	1.364810e-02	2.939590e-03	1.260680e-02
139           	2.087990e-02	1.314410e-02	2.852370e-03	1.214830e-02
140           	2.032850e-02	1.278390e-02	2.778700e-03	1.175560e-02
141           	1.964800e-02	1.277270e-02	2.744240e-03	1.146940e-02
142           	1.915930e-02	1.289010e-02	2.747920e-03	1.129460e-02
143           	1.873170e-02	1.308000e-02	2.759570e-03	1.127630e-02
144           	1.833550e-02	1.334660e-02	2.768860e-03	1.123960e-02
145           	1.809770e-02	1.364430e-02	2.814550e-03	1.123100e-02
146           	1.783260e-02	1.380050e-02	2.885080e-03	1.127260e-02
147           	1.797250e-02	1.387750e-02	2.952200e-03	1.132880e-02
148           	1.816000e-02	1.392370e-02	3.000410e-03	1.140240e-02
149           	1.812020e-02	1.385040e-02	2.996960e-03	1.150310e-02
150           	1.816450e-02	1.378440e-02	2.985980e-03	1.167380e-02
151           	1.807750e-02	1.382630e-02	2.994450e-03	1.193500e-02
152           	1.786060e-02	1.408130e-02	3.009180e-03	1.202850e-02
153           	1.769090e-02	1.468850e-02	3.110270e-03	1.221080e-02
154           	1.804100e-02	1.558040e-02	3.361540e-03	1.260670e-02
155           	1.884520e-02	1.665020e-02	3.695190e-03	1.328280e-02
156           	2.018810e-02	1.796470e-02	4.043670e-03	1.426390e-02
157           	2.157960e-02	1.943840e-02	4.404190e-03	1.541260e-02
158           	2.274660e-02	2.070670e-02	4.728130e-03	1.651480e-02
159           	2.389970e-02	2.181750e-02	5.011030e-03	1.757990e-02
160           	2.519690e-02	2.274280e-02	5.200190e-03	1.851690e-02
161           	2.644480e-02	2.366680e-02	5.325730e-03	1.936440e-02
162           	2.748640e-02	2.451220e-02	5.469640e-03	2.018560e-02
163           	2.840180e-02	2.523390e-02	5.619860e-03	2.092650e-02
164           	2.924330e-02	2.611160e-02	5.860270e-03	2.183110e-02
165           	3.052210e-02	2.794840e-02	6.297600e-03	2.308810e-02
166           	3.246890e-02	3.019640e-02	6.730090e-03	2.451560e-02
167           	3.446310e-02	3.222090e-02	7.207220e-03	2.579970e-02
168           	3.621680e-02	3.355940e-02	7.696950e-03	2.666020e-02
169           	3.774130e-02	3.449680e-02	8.081520e-03	2.714380e-02
170           	3.899490e-02	3.512930e-02	8.300260e-03	2.768680e-02
171           	3.906610e-02	3.468240e-02	8.322080e-03	2.784820e-02
172           	3.861840e-02	3.429910e-02	8.190040e-03	2.801410e-02
173           	3.788270e-02	3.448620e-02	8.169630e-03	2.783220e-02
174           	3.784690e-02	3.532320e-02	8.153510e-03	2.772950e-02
175           	3.803220e-02	3.687630e-02	8.363620e-03	2.803980e-02
176           	3.847610e-02	3.838430e-02	8.615970e-03	2.860240e-02
177           	3.907140e-02	3.974830e-02	8.999950e-03	2.963860e-02
178           	4.072690e-02	4.127900e-02	9.570950e-03	3.092320e-02
179           	4.233310e-02	4.310710e-02	1.000440e-02	3.301130e-02
180           	4.341830e-02	4.434270e-02	1.034640e-02	3.501000e-02
181           	4.342880e-02	4.461000e-02	1.043620e-02	3.630590e-02
182           	4.349910e-02	4.431170e-02	1.046210e-02	3.769300e-02
183           	4.471460e-02	4.437510e-02	1.056920e-02	3.972310e-02
184           	4.580760e-02	4.465180e-02	1.101150e-02	4.132600e-02
185           	4.619370e-02	4.601920e-02	1.155050e-02	4.254900e-02
186           	4.701820e-02	4.873850e-02	1.192310e-02	4.328320e-02
187           	4.753650e-02	5.066390e-02	1.204300e-02	4.387090e-02
188           	4.665950e-02	5.244380e-02	1.206010e-02	4.424940e-02
189           	4.651770e-02	5.425580e-02	1.227980e-02	4.425040e-02
190           	4.831290e-02	5.479880e-02	1.276210e-02	4.470220e-02
191           	4.954360e-02	5.330080e-02	1.267480e-02	4.399100e-02
192           	4.972380e-02	4.899940e-02	1.206650e-02	4.185420e-02
193           	4.811320e-02	4.388520e-02	1.133180e-02	3.919170e-02
194           	4.645460e-02	3.936900e-02	1.046340e-02	3.617050e-02
195           	4.521380e-02	3.550120e-02	9.327600e-03	3.255080e-02
196           	4.334950e-02	3.310340e-02	8.324780e-03	2.940380e-02
197           	4.152300e-02	3.165760e-02	7.443880e-03	2.699140e-02
198           	4.058370e-02	3.009300e-02	6.689260e-03	2.540980e-02
199           	3.959690e-02	2.819010e-02	6.140350e-03	2.413410e-02
200           	3.824990e-02	2.606020e-02	5.584770e-03	2.294220e-02
201           	3.700140e-02	2.422910e-02	5.191710e-03	2.183580e-02
202           	3.558540e-02	2.277150e-02	4.857180e-03	2.063790e-02
203           	3.370940e-02	2.149150e-02	4.639390e-03	1.935710e-02
204           	3.160370e-02	2.055430e-02	4.446090e-03	1.835210e-02
205           	3.011740e-02	1.974170e-02	4.295260e-03	1.783090e-02
206           	2.873800e-02	1.901970e-02	4.184740e-03	1.758920e-02
207           	2.717000e-02	1.824360e-02	4.067400e-03	1.736440e-02
208           	2.571030e-02	1.725140e-02	3.899540e-03	1.689220e-02
209           	2.431430e-02	1.610490e-02	3.752070e-03	1.632320e-02
210           	2.326640e-02	1.491840e-02	3.633860e-03	1.556070e-02
211           	2.257450e-02	1.407930e-02	3.533910e-03	1.494040e-02
212           	2.228240e-02	1.361260e-02	3.454810e-03	1.455850e-02
213           	2.208500e-02	1.342890e-02	3.367350e-03	1.419950e-02
214           	2.176850e-02	1.321530e-02	3.251560e-03	1.380710e-02
215           	2.108740e-02	1.292990e-02	3.127740e-03	1.331030e-02
216           	2.009570e-02	1.252720e-02	3.011230e-03	1.287890e-02
217           	1.899230e-02	1.213970e-02	2.932340e-03	1.254270e-02
218           	1.817510e-02	1.173580e-02	2.877860e-03	1.222310e-02
219           	1.784560e-02	1.127040e-02	2.829690e-03	1.195380e-02
220           	1.777220e-02	1.100170e-02	2.760860e-03	1.179850e-02
221           	1.760800e-02	1.084070e-02	2.672790e-03	1.169280e-02
222           	1.738410e-02	1.063740e-02	2.575280e-03	1.152060e-02
223           	1.710360e-02	1.051300e-02	2.479220e-03	1.134180e-02
224           	1.679010e-02	1.040890e-02	2.410540e-03	1.115420e-02
225           	1.627410e-02	1.034310e-02	2.351290e-03	1.086920e-02
226           	1.559650e-02	1.032830e-02	2.286720e-03	1.055730e-02
227           	1.486020e-02	1.030730e-02	2.221350e-03	1.017150e-02
228           	1.413510e-02	1.022900e-02	2.169180e-03	9.784010e-03
229           	1.348080e-02	1.022640e-02	2.126800e-03	9.478880e-03
230           	1.307490e-02	1.020700e-02	2.091850e-03	9.179310e-03
231           	1.284260e-02	1.016370e-02	2.048210e-03	8.958580e-03
232           	1.279500e-02	1.004660e-02	1.999730e-03	8.834300e-03
233           	1.285580e-02	9.898820e-03	1.948170e-03	8.692360e-03
234           	1.292620e-02	9.602120e-03	1.893270e-03	8.476190e-03
235           	1.292780e-02	9.335110e-03	1.850120e-03	8.294180e-03
236           	1.291890e-02	9.093310e-03	1.814680e-03	8.148770e-03
237           	1.283570e-02	8.770620e-03	1.790160e-03	8.010440e-03
238           	1.271410e-02	8.386650e-03	1.773370e-03	7.839220e-03
239           	1.247190e-02	8.092600e-03	1.770330e-03	7.637740e-03
240           	1.222410e-02	7.926310e-03	1.770380e-03	7.497770e-03
241           	1.194700e-02	7.836470e-03	1.754950e-03	7.363960e-03
242           	1.158100e-02	7.787720e-03	1.723260e-03	7.164720e-03
243           	1.122340e-02	7.744360e-03	1.686940e-03	6.924080e-03
244           	1.089310e-02	7.686490e-03	1.647990e-03	6.679230e-03
245           	1.064030e-02	7.551350e-03	1.589280e-03	6.440850e-03
246           	1.041400e-02	7.261770e-03	1.516300e-03	6.205730e-03
247           	1.013390e-02	6.891800e-03	1.434890e-03	5.928250e-03
248           	9.722360e-03	6.531070e-03	1.355020e-03	5.639270e-03
249           	9.211550e-03	6.224660e-03	1.290780e-03	5.377160e-03
250           	8.614660e-03	6.105750e-03	1.261920e-03	5.189890e-03
251           	8.068600e-03	6.071970e-03	1.270970e-03	5.001950e-03
252           	7.669540e-03	6.096120e-03	1.306550e-03	4.920850e-03
253           	7.475490e-03	6.165920e-03	1.359730e-03	4.978270e-03
254           	7.487570e-03	6.241040e-03	1.414650e-03	5.114650e-03
255           	7.667800e-03	6.325350e-03	1.446960e-03	5.262240e-03
256           	7.844020e-03	6.244610e-03	1.435280e-03	5.332600e-03
257           	7.969050e-03	6.102390e-03	1.399310e-03	5.373060e-03
258           	8.003510e-03	5.888460e-03	1.345310e-03	5.342330e-03
259           	7.921260e-03	5.596220e-03	1.282560e-03	5.208740e-03
260           	7.729570e-03	5.318460e-03	1.219330e-03	5.002240e-03
261           	7.463080e-03	5.132180e-03	1.165130e-03	4.773580e-03
262           	7.176360e-03	5.051120e-03	1.140870e-03	4.562910e-03
263           	6.842660e-03	5.086270e-03	1.135460e-03	4.455600e-03
264           	6.563050e-03	5.131850e-03	1.135550e-03	4.407840e-03
265           	6.293860e-03	5.138270e-03	1.137750e-03	4.369390e-03
266           	6.148840e-03	5.143300e-03	1.125770e-03	4.342150e-03
267           	6.230360e-03	5.044790e-03	1.093100e-03	4.257780e-03
268           	6.279200e-03	4.886410e-03	1.043370e-03	4.153070e-03
269           	6.255210e-03	4.658660e-03	9.785020e-04	4.019190e-03
270           	6.135180e-03	4.376570e-03	8.998000e-04	3.835430e-03
271           	5.917310e-03	4.058330e-03	8.186740e-04	3.602700e-03
272           	5.627710e-03	3.758410e-03	7.508640e-04	3.353210e-03
273           	5.337810e-03	3.526500e-03	7.008110e-04	3.107570e-03
274           	5.067380e-03	3.408320e-03	6.688220e-04	2.914240e-03
275           	4.819540e-03	3.361530e-03	6.681890e-04	2.771170e-03
276           	4.610390e-03	3.350180e-03	6.867510e-04	2.720150e-03
277           	4.463190e-03	3.359150e-03	7.059130e-04	2.718840e-03
278           	4.370710e-03	3.367580e-03	7.174450e-04	2.737820e-03
279           	4.344510e-03	3.350840e-03	7.173260e-04	2.756310e-03
280           	4.318940e-03	3.302670e-03	7.038390e-04	2.770530e-03
281           	4.272060e-03	3.210520e-03	6.815830e-04	2.761590e-03
282           	4.185290e-03	3.083960e-03	6.550400e-04	2.726510e-03
283           	4.072780e-03	2.948920e-03	6.284430e-04	2.666970e-03
284           	3.957980e-03	2.845060e-03	6.040140e-04	2.596320e-03
285           	3.844160e-03	2.766410e-03	5.860960e-04	2.510010e-03
286           	3.739480e-03	2.711650e-03	5.762520e-04	2.439030e-03
287           	3.653780e-03	2.677220e-03	5.726700e-04	2.398820e-03
288           	3.606440e-03	2.651640e-03	5.715670e-04	2.378690e-03
289           	3.594770e-03	2.636410e-03	5.673310e-04	2.357700e-03
290           	3.633590e-03	2.621250e-03	5.581910e-04	2.327560e-03
291           	3.666640e-03	2.588800e-03	5.442090e-04	2.283810e-03
292           	3.675080e-03	2.533990e-03	5.254870e-04	2.222730e-03
293           	3.662260e-03	2.466470e-03	5.039010e-04	2.152830e-03
294           	3.623300e-03	2.378440e-03	4.821220e-04	2.075240e-03
295           	3.556260e-03	2.280390e-03	4.626860e-04	2.000090e-03
296           	3.458520e-03	2.183530e-03	4.470540e-04	1.935340e-03
297           	3.355690e-03	2.095610e-03	4.357370e-04	1.885630e-03
298           	3.248590e-03	2.040260e-03	4.293530e-04	1.847350e-03
299           	3.142830e-03	2.013190e-03	4.275540e-04	1.821260e-03
300           	3.048140e-03	2.006210e-03	4.294430e-04	1.815470e-03
301           	2.975370e-03	2.014070e-03	4.333540e-04	1.824650e-03
302           	2.944410e-03	2.031850e-03	4.383260e-04	1.844280e-03
303           	2.955290e-03	2.051390e-03	4.434890e-04	1.864420e-03
304           	2.982700e-03	2.065490e-03	4.472150e-04	1.884770e-03
305           	3.018940e-03	2.074460e-03	4.494680e-04	1.900260e-03
306           	3.045280e-03	2.091320e-03	4.505140e-04	1.923900e-03
307           	3.062160e-03	2.090090e-03	4.499980e-04	1.936130e-03
308           	3.082360e-03	2.072540e-03	4.486460e-04	1.935520e-03
309           	3.086710e-03	2.050200e-03	4.488960e-04	1.917500e-03
310           	3.078890e-03	2.026020e-03	4.491120e-04	1.897800e-03
311           	3.057630e-03	2.003080e-03	4.493000e-04	1.881020e-03
312           	3.027490e-03	1.982140e-03	4.493970e-04	1.864890e-03
313           	2.987100e-03	1.962970e-03	4.491130e-04	1.850940e-03
314           	2.938210e-03	1.948650e-03	4.475960e-04	1.843900e-03
315           	2.892420e-03	1.940120e-03	4.449590e-04	1.839200e-03
316           	2.848350e-03	1.929900e-03	4.410890e-04	1.828550e-03
317           	2.805040e-03	1.920850e-03	4.356270e-04	1.815860e-03
318           	2.769470e-03	1.902760e-03	4.282690e-04	1.795860e-03
319           	2.739740e-03	1.878740e-03	4.186830e-04	1.767990e-03
320           	2.706540e-03	1.846830e-03	4.073000e-04	1.732330e-03
321           	2.668630e-03	1.810700e-03	3.948290e-04	1.688470e-03
322           	2.628370e-03	1.772430e-03	3.819940e-04	1.641840e-03
323           	2.578850e-03	1.734680e-03	3.697950e-04	1.596330e-03
324           	2.526230e-03	1.702950e-03	3.596560e-04	1.555330e-03
325           	2.473950e-03	1.675380e-03	3.522730e-04	1.522800e-03
326           	2.431090e-03	1.653960e-03	3.476600e-04	1.499970e-03
327           	2.399530e-03	1.638530e-03	3.455840e-04	1.487200e-03
328           	2.381390e-03	1.628010e-03	3.456560e-04	1.481310e-03
329           	2.375570e-03	1.618790e-03	3.471050e-04	1.478940e-03
330           	2.376240e-03	1.608270e-03	3.485840e-04	1.478900e-03
331           	2.381660e-03	1.600590e-03	3.498310e-04	1.476850e-03
332           	2.388390e-03	1.592470e-03	3.501810e-04	1.473930e-03
333           	2.389720e-03	1.580760e-03	3.498460e-04	1.471470e-03
334           	2.383670e-03	1.550630e-03	3.478890e-04	1.457620e-03
335           	2.367280e-03	1.519720e-03	3.448800e-04	1.444660e-03
336           	2.343330e-03	1.488080e-03	3.406680e-04	1.431570e-03
337           	2.312100e-03	1.457810e-03	3.359910e-04	1.414660e-03
338           	2.274630e-03	1.428700e-03	3.312930e-04	1.396360e-03
339           	2.231510e-03	1.402960e-03	3.269210e-04	1.377290e-03
340           	2.184090e-03	1.381910e-03	3.230510e-04	1.357650e-03
341           	2.135100e-03	1.365530e-03	3.200960e-04	1.338790e-03
342           	2.086840e-03	1.354320e-03	3.181450e-04	1.323580e-03
343           	2.039730e-03	1.346510e-03	3.170780e-04	1.311110e-03
344           	1.994520e-03	1.338400e-03	3.165170e-04	1.302250e-03
345           	1.951910e-03	1.332850e-03	3.163500e-04	1.294620e-03
346           	1.912050e-03	1.328660e-03	3.161430e-04	1.287860e-03
347           	1.878600e-03	1.324300e-03	3.152580e-04	1.281680e-03
348           	1.848020e-03	1.317160e-03	3.136380e-04	1.273100e-03
349           	1.817310e-03	1.305840e-03	3.107830e-04	1.260890e-03
350           	1.786220e-03	1.291370e-03	3.068030e-04	1.245500e-03
351           	1.753510e-03	1.273210e-03	3.017190e-04	1.225850e-03
352           	1.722160e-03	1.251230e-03	2.954160e-04	1.202400e-03
353           	1.690800e-03	1.226810e-03	2.882900e-04	1.176170e-03
354           	1.658620e-03	1.199880e-03	2.805550e-04	1.147540e-03
355           	1.626500e-03	1.170680e-03	2.723090e-04	1.117410e-03
356           	1.593410e-03	1.140810e-03	2.637340e-04	1.087140e-03
357           	1.560700e-03	1.110170e-03	2.550530e-04	1.056350e-03
358           	1.528710e-03	1.079400e-03	2.465150e-04	1.025430e-03
359           	1.497860e-03	1.049330e-03	2.382540e-04	9.962530e-04
360           	1.467700e-03	1.021350e-03	2.305100e-04	9.681870e-04
361           	1.437300e-03	9.934340e-04	2.232110e-04	9.425820e-04
362           	1.408640e-03	9.666070e-04	2.165150e-04	9.194800e-04
363           	1.380640e-03	9.414870e-04	2.102020e-04	8.982370e-04
364           	1.354760e-03	9.180500e-04	2.042810e-04	8.793230e-04
365           	1.330260e-03	8.965780e-04	1.987360e-04	8.625480e-04
366           	1.305280e-03	8.774800e-04	1.935430e-04	8.471550e-04
367           	1.281030e-03	8.605510e-04	1.887060e-04	8.331370e-04
368           	1.256530e-03	8.447050e-04	1.841550e-04	8.202590e-04
369           	1.234390e-03	8.303520e-04	1.799430e-04	8.079470e-04
370           	1.210730e-03	8.233960e-04	1.762350e-04	8.005810e-04
371           	1.186510e-03	8.159870e-04	1.728060e-04	7.914560e-04
372           	1.161920e-03	8.080060e-04	1.697840e-04	7.809560e-04
373           	1.137950e-03	8.001920e-04	1.670320e-04	7.692270e-04
374           	1.113720e-03	7.927000e-04	1.644500e-04	7.563140e-04
375           	1.088920e-03	7.858240e-04	1.619610e-04	7.421010e-04
376           	1.064100e-03	7.795440e-04	1.594560e-04	7.271480e-04
377           	1.038480e-03	7.734440e-04	1.568230e-04	7.109930e-04
378           	1.012020e-03	7.671110e-04	1.541210e-04	6.941730e-04
379           	9.850860e-04	7.600260e-04	1.515050e-04	6.783500e-04
380           	9.577650e-04	7.527010e-04	1.491580e-04	6.632720e-04
381           	9.328630e-04	7.450770e-04	1.471360e-04	6.493800e-04
382           	9.090290e-04	7.343280e-04	1.456020e-04	6.381490e-04
383           	8.915300e-04	7.250250e-04	1.441620e-04	6.284010e-04
384           	8.798830e-04	7.168630e-04	1.428060e-04	6.201580e-04
385           	8.715790e-04	7.086880e-04	1.415280e-04	6.128360e-04
386           	8.664110e-04	7.010860e-04	1.403190e-04	6.069060e-04
387           	8.651970e-04	6.961360e-04	1.388340e-04	6.006910e-04
388           	8.653030e-04	6.902990e-04	1.372320e-04	5.951570e-04
389           	8.666070e-04	6.835380e-04	1.358100e-04	5.910370e-04
390           	8.683540e-04	6.761930e-04	1.344000e-04	5.879470e-04
391           	8.698880e-04	6.678440e-04	1.330000e-04	5.855500e-04
392           	8.727760e-04	6.608090e-04	1.315540e-04	5.829940e-04
393           	8.747970e-04	6.535800e-04	1.301360e-04	5.810100e-04
394           	8.759440e-04	6.464820e-04	1.286940e-04	5.792910e-04
395           	8.758610e-04	6.391400e-04	1.272710e-04	5.779390e-04
396           	8.737950e-04	6.323080e-04	1.258060e-04	5.766880e-04
397           	8.695570e-04	6.256780e-04	1.243990e-04	5.753940e-04
398           	8.635740e-04	6.185630e-04	1.231080e-04	5.745070e-04
399           	8.566350e-04	6.109700e-04	1.219490e-04	5.730560e-04
400           	8.482850e-04	6.031960e-04	1.208740e-04	5.713870e-04
401           	8.392860e-04	5.951130e-04	1.198870e-04	5.690930e-04
402           	8.292210e-04	5.876440e-04	1.189440e-04	5.657660e-04
403           	8.183650e-04	5.801300e-04	1.180460e-04	5.617500e-04
404           	8.084830e-04	5.727760e-04	1.170580e-04	5.567090e-04
405           	7.975060e-04	5.661650e-04	1.161830e-04	5.497960e-04
406           	7.860710e-04	5.598130e-04	1.151640e-04	5.421220e-04
407           	7.740640e-04	5.533100e-04	1.140100e-04	5.342260e-04
408           	7.613660e-04	5.465480e-04	1.127190e-04	5.263670e-04
409           	7.487190e-04	5.393370e-04	1.113000e-04	5.181270e-04
410           	7.362570e-04	5.314860e-04	1.097360e-04	5.093580e-04
411           	7.241210e-04	5.233410e-04	1.079690e-04	4.996550e-04
412           	7.117250e-04	5.149300e-04	1.059680e-04	4.895500e-04
413           	6.992410e-04	5.061330e-04	1.038580e-04	4.795270e-04
414           	6.871450e-04	4.972130e-04	1.016680e-04	4.699690e-04
415           	6.746690e-04	4.881460e-04	9.954820e-05	4.605350e-04
416           	6.628120e-04	4.789410e-04	9.746590e-05	4.514380e-04
417           	6.489380e-04	4.698990e-04	9.546490e-05	4.428110e-04
418           	6.389960e-04	4.605940e-04	9.340120e-05	4.361370e-04
419           	6.270720e-04	4.517690e-04	9.163000e-05	4.287230e-04
420           	6.193120e-04	4.438410e-04	8.983730e-05	4.232830e-04
421           	6.116570e-04	4.374350e-04	8.847740e-05	4.180140e-04
422           	6.047400e-04	4.331680e-04	8.731120e-05	4.141530e-04
423           	5.994920e-04	4.302600e-04	8.630950e-05	4.117340e-04
424           	5.960470e-04	4.285560e-04	8.546120e-05	4.109570e-04
425           	5.936320e-04	4.280960e-04	8.479080e-05	4.112250e-04
426           	5.914710e-04	4.285160e-04	8.435060e-05	4.118400e-04
427           	5.895610e-04	4.296770e-04	8.412380e-05	4.125570e-04
428           	5.876230e-04	4.312010e-04	8.408480e-05	4.128730e-04
429           	5.854960e-04	4.329220e-04	8.409030e-05	4.127740e-04
430           	5.833810e-04	4.344670e-04	8.409890e-05	4.120930e-04
431           	5.815130e-04	4.357260e-04	8.404890e-05	4.104980e-04
432           	5.794980e-04	4.361550e-04	8.385340e-05	4.084510e-04
433           	5.773200e-04	4.356740e-04	8.357750e-05	4.055580e-04
434           	5.747590e-04	4.342450e-04	8.313020e-05	4.020910e-04
435           	5.720640e-04	4.319570e-04	8.256880e-05	3.982560e-04
436           	5.688400e-04	4.287240e-04	8.186910e-05	3.938500e-04
437           	5.640800e-04	4.240920e-04	8.108780e-05	3.892430e-04
438           	5.588940e-04	4.178730e-04	8.007470e-05	3.847100e-04
439           	5.529340e-04	4.108370e-04	7.903170e-05	3.800170e-04
440           	5.464810e-04	4.030570e-04	7.799090e-05	3.748940e-04
441           	5.392800e-04	3.948470e-04	7.700150e-05	3.692680e-04
442           	5.312050e-04	3.865970e-04	7.611550e-05	3.634580e-04
443           	5.227080e-04	3.783330e-04	7.536340e-05	3.576740e-04
444           	5.141690e-04	3.705350e-04	7.470340e-05	3.521630e-04
445           	5.070390e-04	3.630550e-04	7.416380e-05	3.473790e-04
446           	4.985670e-04	3.566290e-04	7.392500e-05	3.427250e-04
447           	4.930600e-04	3.515170e-04	7.361860e-05	3.398970e-04
448           	4.880820e-04	3.486000e-04	7.365360e-05	3.382250e-04
449           	4.847650e-04	3.468840e-04	7.387110e-05	3.383390e-04
450           	4.825720e-04	3.470620e-04	7.427530e-05	3.395800e-04
451           	4.820020e-04	3.489770e-04	7.480540e-05	3.419350e-04
452           	4.832310e-04	3.524390e-04	7.549890e-05	3.446670e-04
453           	4.854410e-04	3.569840e-04	7.630050e-05	3.473370e-04
454           	4.881550e-04	3.623730e-04	7.714320e-05	3.506040e-04
455           	4.900910e-04	3.678950e-04	7.799140e-05	3.538880e-04
456           	4.924350e-04	3.728480e-04	7.859510e-05	3.576240e-04
457           	4.943840e-04	3.775260e-04	7.922710e-05	3.606400e-04
458           	4.954760e-04	3.813560e-04	7.981330e-05	3.629370e-04
459           	4.959860e-04	3.843490e-04	8.030610e-05	3.646290e-04
460           	4.962050e-04	3.865980e-04	8.064430e-05	3.654550e-04
461           	4.959930e-04	3.879410e-04	8.076740e-05	3.655740e-04
462           	4.953370e-04	3.880680e-04	8.069430e-05	3.648110e-04
463           	4.940340e-04	3.868010e-04	8.035520e-05	3.631670e-04
464           	4.919290e-04	3.841110e-04	7.972360e-05	3.601060e-04
465           	4.888700e-04	3.801640e-04	7.879950e-05	3.559320e-04
466           	4.846550e-04	3.748900e-04	7.761650e-05	3.507110e-04
467           	4.792270e-04	3.684780e-04	7.621600e-05	3.442950e-04
468           	4.728570e-04	3.611580e-04	7.454760e-05	3.372270e-04
469           	4.655440e-04	3.529220e-04	7.272880e-05	3.294410e-04
470           	4.573880e-04	3.439950e-04	7.082770e-05	3.210200e-04
471           	4.489080e-04	3.345320e-04	6.882830e-05	3.123110e-04
472           	4.400100e-04	3.249500e-04	6.678510e-05	3.036480e-04
473           	4.306780e-04	3.155700e-04	6.480710e-05	2.951780e-04
474           	4.213310e-04	3.062610e-04	6.294280e-05	2.870660e-04
475           	4.123330e-04	2.970790e-04	6.119040e-05	2.795550e-04
476           	4.035510e-04	2.885000e-04	5.953650e-05	2.727810e-04
477           	3.952450e-04	2.808790e-04	5.806490e-05	2.668500e-04
478           	3.877190e-04	2.743530e-04	5.682650e-05	2.620500e-04
479           	3.809280e-04	2.688690e-04	5.588830e-05	2.587010e-04
480           	3.749870e-04	2.644310e-04	5.517840e-05	2.567200e-04
481           	3.698460e-04	2.609550e-04	5.470790e-05	2.554540e-04
482           	3.655750e-04	2.583840e-04	5.442040e-05	2.548200e-04
483           	3.618620e-04	2.566600e-04	5.428660e-05	2.544700e-04
484           	3.597040e-04	2.557980e-04	5.429290e-05	2.543030e-04
485           	3.571190e-04	2.559970e-04	5.453420e-05	2.535050e-04
486           	3.549190e-04	2.565380e-04	5.475050e-05	2.529390e-04
487           	3.533640e-04	2.571150e-04	5.485620e-05	2.521550e-04
488           	3.518330e-04	2.572980e-04	5.482840e-05	2.511310e-04
489           	3.500330e-04	2.571250e-04	5.466410e-05	2.497300e-04
490           	3.481450e-04	2.566980e-04	5.436770e-05	2.478910e-04
491           	3.459280e-04	2.559830e-04	5.393070e-05	2.456210e-04
492           	3.429810e-04	2.548390e-04	5.332660e-05	2.429120e-04
493           	3.389320e-04	2.531380e-04	5.255770e-05	2.398560e-04
494           	3.346140e-04	2.503470e-04	5.159070e-05	2.368540e-04
495           	3.298920e-04	2.469090e-04	5.055110e-05	2.334080e-04
496           	3.247190e-04	2.430210e-04	4.946530e-05	2.296290e-04
497           	3.192950e-04	2.387660e-04	4.834230e-05	2.255670e-04
498           	3.136220e-04	2.343130e-04	4.720510e-05	2.213550e-04
499           	3.077880e-04	2.299060e-04	4.608450e-05	2.172650e-04
500           	3.019290e-04	2.254950e-04	4.504610e-05	2.134590e-04
501           	2.964270e-04	2.211320e-04	4.410430e-05	2.100030e-04
502           	2.914080e-04	2.170950e-04	4.321500e-05	2.069420e-04
503           	2.868690e-04	2.134710e-04	4.237930e-05	2.042130e-04
504           	2.830530e-04	2.102870e-04	4.162550e-05	2.017220e-04
505           	2.799580e-04	2.075880e-04	4.102210e-05	1.996710e-04
506           	2.776400e-04	2.053330e-04	4.054550e-05	1.979430e-04
507           	2.758040e-04	2.034750e-04	4.016990e-05	1.967190e-04
508           	2.742250e-04	2.019960e-04	3.989320e-05	1.960760e-04
509           	2.731750e-04	2.009240e-04	3.970160e-05	1.959550e-04
510           	2.725640e-04	2.001660e-04	3.959040e-05	1.961890e-04
511           	2.722910e-04	1.996500e-04	3.956060e-05	1.967130e-04
512           	2.719740e-04	1.994150e-04	3.960120e-05	1.972880e-04
513           	2.716550e-04	1.994600e-04	3.968870e-05	1.978720e-04
514           	2.712360e-04	1.995770e-04	3.980320e-05	1.984410e-04
515           	2.710430e-04	1.997500e-04	3.996970e-05	1.989170e-04
516           	2.712980e-04	1.999630e-04	4.019000e-05	1.991130e-04
517           	2.715030e-04	2.001900e-04	4.043870e-05	1.989990e-04
518           	2.717010e-04	2.002450e-04	4.068400e-05	1.987000e-04
519           	2.718880e-04	2.001720e-04	4.091400e-05	1.983490e-04
520           	2.721690e-04	2.000550e-04	4.113780e-05	1.978200e-04
521           	2.725420e-04	1.997770e-04	4.135760e-05	1.972020e-04
522           	2.731140e-04	1.994130e-04	4.157800e-05	1.965850e-04
523           	2.739440e-04	1.991640e-04	4.181290e-05	1.962040e-04
524           	2.750500e-04	1.987150e-04	4.204380e-05	1.959360e-04
525           	2.763280e-04	1.981270e-04	4.224930e-05	1.958410e-04
526           	2.788180e-04	1.978310e-04	4.246200e-05	1.960140e-04
527           	2.815830e-04	1.981340e-04	4.277750e-05	1.957060e-04
528           	2.844710e-04	1.983000e-04	4.316380e-05	1.964410e-04
529           	2.879380e-04	1.991120e-04	4.354760e-05	1.978400e-04
530           	2.915680e-04	2.006130e-04	4.394780e-05	1.995400e-04
531           	2.954760e-04	2.026530e-04	4.437540e-05	2.017290e-04
532           	2.995910e-04	2.051060e-04	4.483150e-05	2.047090e-04
533           	3.040130e-04	2.081430e-04	4.535170e-05	2.082580e-04
534           	3.085940e-04	2.115800e-04	4.592100e-05	2.119390e-04
535           	3.134720e-04	2.153340e-04	4.652620e-05	2.157640e-04
536           	3.185070e-04	2.192080e-04	4.715550e-05	2.197100e-04
537           	3.234260e-04	2.232790e-04	4.779290e-05	2.236870e-04
538           	3.281740e-04	2.273640e-04	4.845830e-05	2.277130e-04
539           	3.327610e-04	2.314190e-04	4.913490e-05	2.316650e-04
540           	3.371340e-04	2.353940e-04	4.981380e-05	2.355540e-04
541           	3.413050e-04	2.392010e-04	5.048830e-05	2.391270e-04
542           	3.453010e-04	2.429280e-04	5.114610e-05	2.423360e-04
543           	3.491190e-04	2.463900e-04	5.176430e-05	2.451640e-04
544           	3.526620e-04	2.495180e-04	5.232970e-05	2.476790e-04
545           	3.559500e-04	2.524110e-04	5.284140e-05	2.499050e-04
546           	3.590620e-04	2.550610e-04	5.329820e-05	2.516080e-04
547           	3.618890e-04	2.574460e-04	5.368840e-05	2.531460e-04
548           	3.643580e-04	2.596680e-04	5.403440e-05	2.544830e-04
549           	3.665570e-04	2.615820e-04	5.434300e-05	2.553960e-04
550           	3.684330e-04	2.630600e-04	5.459150e-05	2.561180e-04
551           	3.700960e-04	2.641320e-04	5.479090e-05	2.566710e-04
552           	3.715650e-04	2.649610e-04	5.493750e-05	2.569860e-04
553           	3.728520e-04	2.656170e-04	5.503300e-05	2.571930e-04
554           	3.739080e-04	2.659590e-04	5.509320e-05	2.571640e-04
555           	3.747940e-04	2.660740e-04	5.512930e-05	2.569140e-04
556           	3.755950e-04	2.660170e-04	5.515120e-05	2.566750e-04
557           	3.763040e-04	2.658170e-04	5.515080e-05	2.563040e-04
558           	3.769210e-04	2.655610e-04	5.511850e-05	2.557480e-04
559           	3.775050e-04	2.651590e-04	5.506230e-05	2.551900e-04
560           	3.778700e-04	2.643860e-04	5.497030e-05	2.544110e-04
561           	3.781590e-04	2.635760e-04	5.488160e-05	2.536670e-04
562           	3.783970e-04	2.628200e-04	5.478780e-05	2.529950e-04
563           	3.785590e-04	2.623270e-04	5.470490e-05	2.523960e-04
564           	3.779270e-04	2.615410e-04	5.463350e-05	2.517550e-04
565           	3.785850e-04	2.614900e-04	5.442140e-05	2.507670e-04
566           	3.779440e-04	2.599870e-04	5.428120e-05	2.499290e-04
567           	3.783880e-04	2.597030e-04	5.405910e-05	2.488290e-04
568           	3.774280e-04	2.580470e-04	5.386700e-05	2.478960e-04
569           	3.775800e-04	2.574150e-04	5.355040e-05	2.465270e-04
570           	3.762580e-04	2.553820e-04	5.323930e-05	2.451320e-04
571           	3.751140e-04	2.543870e-04	5.281810e-05	2.432510e-04
572           	3.745610e-04	2.532010e-04	5.235020e-05	2.410190e-04
573           	3.722780e-04	2.504960e-04	5.188500e-05	2.390560e-04
574           	3.701650e-04	2.489150e-04	5.136110e-05	2.366240e-04
575           	3.687320e-04	2.471620e-04	5.081180e-05	2.340910e-04
576           	3.657070e-04	2.442500e-04	5.033310e-05	2.317930e-04
577           	3.630130e-04	2.425900e-04	4.980190e-05	2.293060e-04
578           	3.610980e-04	2.408580e-04	4.925980e-05	2.268140e-04
579           	3.576900e-04	2.379480e-04	4.879030e-05	2.247610e-04
580           	3.546600e-04	2.363340e-04	4.829050e-05	2.225500e-04
581           	3.516310e-04	2.346380e-04	4.780060e-05	2.203050e-04
582           	3.493670e-04	2.327300e-04	4.732690e-05	2.182110e-04
583           	3.457890e-04	2.300780e-04	4.698330e-05	2.167120e-04
584           	3.428060e-04	2.286620e-04	4.661770e-05	2.151080e-04
585           	3.399260e-04	2.275010e-04	4.626650e-05	2.135300e-04
586           	3.371700e-04	2.261360e-04	4.595390e-05	2.120570e-04
587           	3.345530e-04	2.246890e-04	4.568190e-05	2.107590e-04
588           	3.320450e-04	2.233620e-04	4.546130e-05	2.096380e-04
589           	3.295880e-04	2.221140e-04	4.527250e-05	2.086670e-04
590           	3.271280e-04	2.209010e-04	4.510660e-05	2.077430e-04
591           	3.246330e-04	2.197160e-04	4.495030e-05	2.068230e-04
592           	3.222290e-04	2.185770e-04	4.480460e-05	2.060020e-04
593           	3.199170e-04	2.174850e-04	4.466490e-05	2.051450e-04
594           	3.175700e-04	2.163920e-04	4.452440e-05	2.042030e-04
595           	3.151940e-04	2.152360e-04	4.437370e-05	2.032400e-04
596           	3.128390e-04	2.140440e-04	4.421500e-05	2.021900e-04
597           	3.105020e-04	2.128280e-04	4.404440e-05	2.011110e-04
598           	3.081940e-04	2.115120e-04	4.386290e-05	1.999880e-04
599           	3.057930e-04	2.101570e-04	4.366330e-05	1.987910e-04
600           	3.032870e-04	2.087800e-04	4.344860e-05	1.975080e-04
601           	3.007360e-04	2.073710e-04	4.322610e-05	1.961230e-04
602           	2.981460e-04	2.058960e-04	4.298460e-05	1.947520e-04
603           	2.955610e-04	2.043820e-04	4.272960e-05	1.932970e-04
604           	2.929810e-04	2.028280e-04	4.245150e-05	1.917780e-04
605           	2.904300e-04	2.012590e-04	4.215610e-05	1.902530e-04
606           	2.878970e-04	1.998130e-04	4.185590e-05	1.886960e-04
607           	2.854040e-04	1.981980e-04	4.154730e-05	1.871160e-04
608           	2.828830e-04	1.965230e-04	4.120390e-05	1.853970e-04
609           	2.803250e-04	1.949430e-04	4.087030e-05	1.836060e-04
610           	2.777640e-04	1.933450e-04	4.053100e-05	1.818870e-04
611           	2.752100e-04	1.917520e-04	4.019550e-05	1.801520e-04
612           	2.726810e-04	1.901430e-04	3.986700e-05	1.784220e-04
613           	2.702080e-04	1.885440e-04	3.953950e-05	1.767210e-04
614           	2.678020e-04	1.869340e-04	3.921210e-05	1.750600e-04
615           	2.654780e-04	1.853180e-04	3.888550e-05	1.734400e-04
616           	2.632010e-04	1.837730e-04	3.855500e-05	1.719080e-04
617           	2.610070e-04	1.822740e-04	3.822030e-05	1.704130e-04
618           	2.589070e-04	1.808030e-04	3.787620e-05	1.689330e-04
619           	2.568980e-04	1.793580e-04	3.752850e-05	1.674830e-04
620           	2.549490e-04	1.779520e-04	3.717720e-05	1.659970e-04
621           	2.532470e-04	1.769430e-04	3.686760e-05	1.646270e-04
622           	2.512890e-04	1.755880e-04	3.651720e-05	1.633050e-04
623           	2.495150e-04	1.740730e-04	3.614040e-05	1.618600e-04
624           	2.478140e-04	1.726370e-04	3.578590e-05	1.604430e-04
625           	2.461440e-04	1.713100e-04	3.544760e-05	1.591160e-04
626           	2.444860e-04	1.700230e-04	3.512980e-05	1.578630e-04
627           	2.428520e-04	1.688480e-04	3.482890e-05	1.567150e-04
628           	2.412460e-04	1.677240e-04	3.454960e-05	1.556640e-04
629           	2.396910e-04	1.666900e-04	3.430320e-05	1.547420e-04
630           	2.381670e-04	1.658090e-04	3.407790e-05	1.538930e-04
631           	2.367070e-04	1.649550e-04	3.388220e-05	1.531510e-04
632           	2.353270e-04	1.641910e-04	3.371220e-05	1.525070e-04
633           	2.340390e-04	1.634970e-04	3.357830e-05	1.519690e-04
634           	2.328300e-04	1.629230e-04	3.347700e-05	1.515880e-04
635           	2.316640e-04	1.624670e-04	3.341070e-05	1.512830e-04
636           	2.305840e-04	1.620940e-04	3.337170e-05	1.510650e-04
637           	2.295920e-04	1.618230e-04	3.336380e-05	1.509890e-04
638           	2.286790e-04	1.616180e-04	3.338360e-05	1.510180e-04
639           	2.278320e-04	1.615150e-04	3.343160e-05	1.511400e-04
640           	2.270600e-04	1.614590e-04	3.350350e-05	1.512990e-04
641           	2.263800e-04	1.614760e-04	3.360110e-05	1.515410e-04
642           	2.257970e-04	1.615530e-04	3.371250e-05	1.518560e-04
643           	2.252890e-04	1.617140e-04	3.384280e-05	1.522030e-04
644           	2.248370e-04	1.619030e-04	3.398030e-05	1.525650e-04
645           	2.244420e-04	1.621390e-04	3.412250e-05	1.529380e-04
646           	2.241190e-04	1.623910e-04	3.425930e-05	1.532650e-04
647           	2.238630e-04	1.626240e-04	3.440310e-05	1.535990e-04
648           	2.236510e-04	1.628490e-04	3.454910e-05	1.539020e-04
649           	2.234960e-04	1.630850e-04	3.468370e-05	1.541960e-04
650           	2.233910e-04	1.633050e-04	3.480860e-05	1.544690e-04
651           	2.233200e-04	1.635040e-04	3.492320e-05	1.546910e-04
652           	2.232550e-04	1.636740e-04	3.502600e-05	1.548450e-04
653           	2.231920e-04	1.638200e-04	3.511300e-05	1.549640e-04
654           	2.231100e-04	1.639240e-04	3.518420e-05	1.550400e-04
655           	2.229850e-04	1.640470e-04	3.523540e-05	1.549580e-04
656           	2.228640e-04	1.640630e-04	3.528080e-05	1.548860e-04
657           	2.227460e-04	1.640760e-04	3.531360e-05	1.547660e-04
658           	2.226130e-04	1.641020e-04	3.533190e-05	1.545820e-04
659           	2.224840e-04	1.641100e-04	3.534450e-05	1.544250e-04
660           	2.223350e-04	1.640910e-04	3.534580e-05	1.542290e-04
661           	2.221840e-04	1.640320e-04	3.534150e-05	1.540770e-04
662           	2.220200e-04	1.639590e-04	3.533040e-05	1.538780e-04
663           	2.218650e-04	1.638940e-04	3.531960e-05	1.536580e-04
664           	2.217060e-04	1.638220e-04	3.530030e-05	1.534110e-04
665           	2.215460e-04	1.637320e-04	3.527620e-05	1.532090e-04
666           	2.213920e-04	1.636210e-04	3.524840e-05	1.529750e-04
667           	2.212280e-04	1.634990e-04	3.521730e-05	1.527400e-04
668           	2.210500e-04	1.633650e-04	3.517730e-05	1.524640e-04
669           	2.208590e-04	1.633030e-04	3.514330e-05	1.522340e-04
670           	2.206580e-04	1.632490e-04	3.510030e-05	1.520130e-04
671           	2.204630e-04	1.631850e-04	3.505870e-05	1.518250e-04
672           	2.202850e-04	1.630830e-04	3.501770e-05	1.516610e-04
673           	2.201100e-04	1.629570e-04	3.497510e-05	1.514720e-04
674           	2.199290e-04	1.628570e-04	3.493990e-05	1.512900e-04
675           	2.197500e-04	1.627620e-04	3.491340e-05	1.511580e-04
676           	2.195520e-04	1.626790e-04	3.488650e-05	1.510420e-04
677           	2.193590e-04	1.626180e-04	3.486500e-05	1.509730e-04
678           	2.191610e-04	1.625350e-04	3.485240e-05	1.509310e-04
679           	2.189830e-04	1.624860e-04	3.484360e-05	1.509550e-04
680           	2.188200e-04	1.624530e-04	3.483790e-05	1.509810e-04
681           	2.186750e-04	1.624060e-04	3.484090e-05	1.510390e-04
682           	2.185560e-04	1.623840e-04	3.485300e-05	1.511120e-04
683           	2.184670e-04	1.624190e-04	3.487600e-05	1.512460e-04
684           	2.183990e-04	1.624870e-04	3.490320e-05	1.513780e-04
685           	2.183620e-04	1.625480e-04	3.494000e-05	1.515530e-04
686           	2.183450e-04	1.626310e-04	3.498830e-05	1.517060e-04
687           	2.183650e-04	1.627370e-04	3.504390e-05	1.518990e-04
688           	2.184130e-04	1.628250e-04	3.510210e-05	1.521070e-04
689           	2.184960e-04	1.629620e-04	3.516490e-05	1.523300e-04
690           	2.185910e-04	1.631010e-04	3.522830e-05	1.525410e-04
691           	2.186920e-04	1.632230e-04	3.529060e-05	1.527680e-04
692           	2.187890e-04	1.633550e-04	3.534750e-05	1.529910e-04
693           	2.188910e-04	1.634970e-04	3.540600e-05	1.531730e-04
694           	2.189890e-04	1.636260e-04	3.546360e-05	1.533200e-04
695           	2.190950e-04	1.637670e-04	3.552300e-05	1.534890e-04
696           	2.191860e-04	1.638680e-04	3.557820e-05	1.536300e-04
697           	2.192540e-04	1.639900e-04	3.563320e-05	1.537340e-04
698           	2.192880e-04	1.640710e-04	3.568180e-05	1.538100e-04
699           	2.193310e-04	1.641630e-04	3.572890e-05	1.539140e-04
700           	2.193840e-04	1.642420e-04	3.577170e-05	1.539700e-04
701           	2.194800e-04	1.643400e-04	3.581260e-05	1.539900e-04
702           	2.195790e-04	1.644260e-04	3.585220e-05	1.540780e-04
703           	2.197060e-04	1.645180e-04	3.589260e-05	1.541460e-04
704           	2.198310e-04	1.645450e-04	3.592830e-05	1.542200e-04
705           	2.199750e-04	1.645750e-04	3.595890e-05	1.542780e-04
706           	2.201160e-04	1.646350e-04	3.597970e-05	1.543230e-04
707           	2.202690e-04	1.646880e-04	3.599420e-05	1.543630e-04
708           	2.203930e-04	1.646800e-04	3.599820e-05	1.543440e-04
709           	2.204960e-04	1.646740e-04	3.599570e-05	1.543200e-04
710           	2.205830e-04	1.646420e-04	3.597640e-05	1.542590e-04
711           	2.206590e-04	1.645620e-04	3.595230e-05	1.541700e-04
712           	2.207070e-04	1.644560e-04	3.591040e-05	1.540620e-04
713           	2.207240e-04	1.643420e-04	3.586770e-05	1.539020e-04
714           	2.206930e-04	1.641870e-04	3.582240e-05	1.536870e-04
715           	2.206330e-04	1.640180e-04	3.577680e-05	1.535090e-04
716           	2.205390e-04	1.638650e-04	3.573090e-05	1.532960e-04
717           	2.204230e-04	1.636990e-04	3.568560e-05	1.531240e-04
718           	2.202920e-04	1.635040e-04	3.564010e-05	1.529630e-04
719           	2.201550e-04	1.633410e-04	3.559700e-05	1.528240e-04
720           	2.200010e-04	1.631600e-04	3.555430e-05	1.526670e-04
721           	2.198480e-04	1.629860e-04	3.550970e-05	1.525300e-04
722           	2.196780e-04	1.627830e-04	3.546260e-05	1.523870e-04
723           	2.194960e-04	1.625820e-04	3.541220e-05	1.522350e-04
724           	2.193040e-04	1.623620e-04	3.536210e-05	1.520800e-04
725           	2.191170e-04	1.621390e-04	3.531190e-05	1.519230e-04
726           	2.188990e-04	1.619100e-04	3.525510e-05	1.516640e-04
727           	2.186570e-04	1.616520e-04	3.519690e-05	1.514450e-04
728           	2.183780e-04	1.613600e-04	3.513150e-05	1.511700e-04
729           	2.180720e-04	1.610840e-04	3.506270e-05	1.508840e-04
730           	2.177460e-04	1.607760e-04	3.498900e-05	1.505850e-04
731           	2.174020e-04	1.604780e-04	3.491440e-05	1.502940e-04
732           	2.170310e-04	1.601550e-04	3.483590e-05	1.499770e-04
733           	2.166370e-04	1.598290e-04	3.476260e-05	1.496790e-04
734           	2.162280e-04	1.595230e-04	3.469660e-05	1.493910e-04
735           	2.158360e-04	1.592580e-04	3.464070e-05	1.491890e-04
736           	2.154590e-04	1.589900e-04	3.458540e-05	1.489980e-04
737           	2.151020e-04	1.587340e-04	3.453760e-05	1.488060e-04
738           	2.147600e-04	1.584780e-04	3.449140e-05	1.486110e-04
739           	2.144430e-04	1.582280e-04	3.444370e-05	1.484180e-04
740           	2.141330e-04	1.579590e-04	3.439040e-05	1.482030e-04
741           	2.138240e-04	1.577030e-04	3.433270e-05	1.479670e-04
742           	2.134980e-04	1.574140e-04	3.426960e-05	1.476830e-04
743           	2.131550e-04	1.571060e-04	3.420320e-05	1.473770e-04
744           	2.127870e-04	1.567640e-04	3.412530e-05	1.470360e-04
745           	2.124050e-04	1.563970e-04	3.404330e-05	1.466940e-04
746           	2.119960e-04	1.560230e-04	3.395840e-05	1.463220e-04
747           	2.115670e-04	1.556320e-04	3.386960e-05	1.459420e-04
748           	2.111210e-04	1.552270e-04	3.377150e-05	1.455120e-04
749           	2.106630e-04	1.548260e-04	3.367180e-05	1.450750e-04
750           	2.102000e-04	1.543780e-04	3.355930e-05	1.446080e-04
751           	2.097240e-04	1.539000e-04	3.344450e-05	1.441390e-04
752           	2.092190e-04	1.533830e-04	3.332280e-05	1.436280e-04
753           	2.086850e-04	1.528750e-04	3.319720e-05	1.431020e-04
754           	2.081160e-04	1.523560e-04	3.306710e-05	1.425560e-04
755           	2.075190e-04	1.518280e-04	3.293890e-05	1.420120e-04
756           	2.069090e-04	1.512870e-04	3.280540e-05	1.414600e-04
757           	2.063010e-04	1.507450e-04	3.267320e-05	1.409150e-04
758           	2.056660e-04	1.501840e-04	3.254020e-05	1.403660e-04
759           	2.050020e-04	1.496190e-04	3.240480e-05	1.397960e-04
760           	2.043140e-04	1.490440e-04	3.226850e-05	1.392500e-04
761           	2.035980e-04	1.484690e-04	3.213590e-05	1.387270e-04
762           	2.028640e-04	1.478850e-04	3.200190e-05	1.381720e-04
763           	2.021280e-04	1.473140e-04	3.186820e-05	1.376310e-04
764           	2.013910e-04	1.467280e-04	3.173020e-05	1.370720e-04
765           	2.006500e-04	1.461260e-04	3.159120e-05	1.365470e-04
766           	1.999040e-04	1.455180e-04	3.145190e-05	1.360070e-04
767           	1.991450e-04	1.449160e-04	3.131200e-05	1.354730e-04
768           	1.983680e-04	1.442690e-04	3.116740e-05	1.349220e-04
769           	1.975810e-04	1.436540e-04	3.102290e-05	1.343600e-04
770           	1.967800e-04	1.430410e-04	3.088030e-05	1.337990e-04
771           	1.959770e-04	1.424290e-04	3.073660e-05	1.332340e-04
772           	1.951690e-04	1.418080e-04	3.059380e-05	1.326710e-04
773           	1.943580e-04	1.411950e-04	3.045400e-05	1.321130e-04
774           	1.935300e-04	1.405740e-04	3.030960e-05	1.315610e-04
775           	1.927130e-04	1.399280e-04	3.017220e-05	1.310200e-04
776           	1.919100e-04	1.392960e-04	3.003570e-05	1.304680e-04
777           	1.911110e-04	1.387090e-04	2.989630e-05	1.299230e-04
778           	1.903030e-04	1.381090e-04	2.975730e-05	1.293800e-04
779           	1.894980e-04	1.375020e-04	2.961980e-05	1.288450e-04
780           	1.886940e-04	1.368850e-04	2.947880e-05	1.282970e-04
781           	1.878890e-04	1.362800e-04	2.933770e-05	1.277380e-04
782           	1.870780e-04	1.356640e-04	2.919440e-05	1.271730e-04
783           	1.862560e-04	1.350200e-04	2.905130e-05	1.266150e-04
784           	1.854520e-04	1.343850e-04	2.890600e-05	1.260310e-04
785           	1.846570e-04	1.337480e-04	2.876150e-05	1.254700e-04
786           	1.838590e-04	1.331000e-04	2.861390e-05	1.248770e-04
787           	1.830540e-04	1.324600e-04	2.846300e-05	1.242430e-04
788           	1.822360e-04	1.317930e-04	2.831030e-05	1.236330e-04
789           	1.814080e-04	1.311150e-04	2.815690e-05	1.230230e-04
790           	1.805750e-04	1.304680e-04	2.800220e-05	1.224040e-04
791           	1.797320e-04	1.297990e-04	2.784990e-05	1.218060e-04
792           	1.788760e-04	1.291100e-04	2.769670e-05	1.211780e-04
793           	1.780070e-04	1.284160e-04	2.754270e-05	1.205560e-04
794           	1.771210e-04	1.277340e-04	2.738920e-05	1.199140e-04
795           	1.762240e-04	1.270400e-04	2.723440e-05	1.192710e-04
796           	1.753100e-04	1.263290e-04	2.707810e-05	1.186020e-04
797           	1.743890e-04	1.256340e-04	2.692320e-05	1.179450e-04
798           	1.734540e-04	1.249550e-04	2.677060e-05	1.172560e-04
799           	1.725120e-04	1.242640e-04	2.661400e-05	1.166730e-04
800           	1.715680e-04	1.235490e-04	2.645990e-05	1.160720e-04
801           	1.706520e-04	1.228760e-04	2.631160e-05	1.154630e-04
802           	1.697500e-04	1.222350e-04	2.616760e-05	1.148790e-04
803           	1.688580e-04	1.216010e-04	2.602320e-05	1.143080e-04
804           	1.679820e-04	1.209580e-04	2.588160e-05	1.137460e-04
805           	1.671320e-04	1.203400e-04	2.573980e-05	1.131950e-04
806           	1.662860e-04	1.197250e-04	2.560110e-05	1.126410e-04
807           	1.654560e-04	1.191000e-04	2.546100e-05	1.121050e-04
808           	1.646430e-04	1.184650e-04	2.531660e-05	1.115670e-04
809           	1.638370e-04	1.178480e-04	2.517190e-05	1.110300e-04
810           	1.630430e-04	1.172400e-04	2.502850e-05	1.105070e-04
811           	1.622640e-04	1.166440e-04	2.488670e-05	1.099740e-04
812           	1.614700e-04	1.158660e-04	2.474540e-05	1.094270e-04
813           	1.606820e-04	1.152240e-04	2.460170e-05	1.088900e-04
814           	1.599080e-04	1.146500e-04	2.446200e-05	1.083710e-04
815           	1.591480e-04	1.140700e-04	2.432510e-05	1.078540e-04
816           	1.583910e-04	1.134850e-04	2.418850e-05	1.073620e-04
817           	1.576380e-04	1.129110e-04	2.405380e-05	1.068580e-04
818           	1.568970e-04	1.123440e-04	2.392080e-05	1.063520e-04
819           	1.561720e-04	1.117770e-04	2.378750e-05	1.058490e-04
820           	1.554610e-04	1.112170e-04	2.365590e-05	1.053630e-04
821           	1.547550e-04	1.106450e-04	2.352400e-05	1.048850e-04
822           	1.540670e-04	1.102200e-04	2.339750e-05	1.044450e-04
823           	1.534060e-04	1.097920e-04	2.327370e-05	1.040310e-04
824           	1.527850e-04	1.093030e-04	2.314710e-05	1.035870e-04
825           	1.521860e-04	1.087990e-04	2.301950e-05	1.031830e-04
826           	1.515950e-04	1.083080e-04	2.289010e-05	1.027690e-04
827           	1.510120e-04	1.078190e-04	2.276110e-05	1.023620e-04
828           	1.504360e-04	1.073370e-04	2.263070e-05	1.019600e-04
829           	1.498670e-04	1.068640e-04	2.250230e-05	1.015660e-04
830           	1.493040e-04	1.063930e-04	2.237670e-05	1.011760e-04
831           	1.487560e-04	1.059020e-04	2.224670e-05	1.007860e-04
832           	1.482100e-04	1.054310e-04	2.211610e-05	1.003950e-04
833           	1.476660e-04	1.049620e-04	2.198730e-05	1.000060e-04
834           	1.471270e-04	1.044880e-04	2.186220e-05	9.960980e-05
835           	1.465970e-04	1.040220e-04	2.173610e-05	9.923790e-05
836           	1.460850e-04	1.035650e-04	2.161130e-05	9.887670e-05
837           	1.455830e-04	1.031390e-04	2.148870e-05	9.852840e-05
838           	1.450940e-04	1.026910e-04	2.136980e-05	9.816690e-05
839           	1.446290e-04	1.022660e-04	2.124990e-05	9.782720e-05
840           	1.441620e-04	1.018410e-04	2.113150e-05	9.749260e-05
841           	1.436990e-04	1.014660e-04	2.101680e-05	9.717030e-05
842           	1.432540e-04	1.010990e-04	2.090580e-05	9.682900e-05
843           	1.428170e-04	1.007250e-04	2.079570e-05	9.652440e-05
844           	1.423900e-04	1.003740e-04	2.068780e-05	9.624030e-05
845           	1.419840e-04	1.000770e-04	2.058030e-05	9.598930e-05
846           	1.415990e-04	9.972390e-05	2.047790e-05	9.574650e-05
847           	1.412480e-04	9.943100e-05	2.038050e-05	9.554810e-05
848           	1.409250e-04	9.914730e-05	2.028100e-05	9.534880e-05
849           	1.406160e-04	9.889310e-05	2.018550e-05	9.516110e-05
850           	1.403290e-04	9.864630e-05	2.009340e-05	9.498910e-05
851           	1.400440e-04	9.837820e-05	2.000050e-05	9.483610e-05
852           	1.397590e-04	9.813870e-05	1.991170e-05	9.470000e-05
853           	1.395070e-04	9.792970e-05	1.982670e-05	9.457480e-05
854           	1.392820e-04	9.773040e-05	1.974530e-05	9.444110e-05
855           	1.390860e-04	9.754140e-05	1.966620e-05	9.430390e-05
856           	1.389180e-04	9.736500e-05	1.958770e-05	9.418430e-05
857           	1.387710e-04	9.719480e-05	1.951100e-05	9.408070e-05
858           	1.386320e-04	9.703830e-05	1.943760e-05	9.399780e-05
859           	1.385150e-04	9.689740e-05	1.937070e-05	9.389150e-05
860           	1.384160e-04	9.675790e-05	1.930490e-05	9.381240e-05
861           	1.383140e-04	9.665530e-05	1.924000e-05	9.377090e-05
862           	1.382150e-04	9.657140e-05	1.917940e-05	9.374280e-05
863           	1.381410e-04	9.648790e-05	1.912460e-05	9.374520e-05
864           	1.380970e-04	9.640620e-05	1.906960e-05	9.378060e-05
865           	1.380920e-04	9.634440e-05	1.902070e-05	9.383940e-05
866           	1.381280e-04	9.631070e-05	1.897880e-05	9.394530e-05
867           	1.382230e-04	9.627000e-05	1.894110e-05	9.409590e-05
868           	1.386460e-04	9.624810e-05	1.890950e-05	9.420520e-05
869           	1.385970e-04	9.618150e-05	1.891540e-05	9.452750e-05
870           	1.391310e-04	9.622610e-05	1.888370e-05	9.471200e-05
871           	1.391950e-04	9.624710e-05	1.888760e-05	9.504880e-05
872           	1.397840e-04	9.641780e-05	1.885990e-05	9.525450e-05
873           	1.399160e-04	9.652580e-05	1.886560e-05	9.556830e-05
874           	1.405820e-04	9.671410e-05	1.884680e-05	9.577070e-05
875           	1.410200e-04	9.677800e-05	1.885820e-05	9.613270e-05
876           	1.414590e-04	9.682430e-05	1.886940e-05	9.650580e-05
877           	1.419440e-04	9.691730e-05	1.887650e-05	9.686400e-05
878           	1.424750e-04	9.705500e-05	1.887850e-05	9.719310e-05
879           	1.430360e-04	9.728230e-05	1.888280e-05	9.752260e-05
880           	1.436250e-04	9.748670e-05	1.888830e-05	9.785140e-05
881           	1.442500e-04	9.773060e-05	1.889980e-05	9.821510e-05
882           	1.448960e-04	9.798440e-05	1.891620e-05	9.859990e-05
883           	1.455740e-04	9.827970e-05	1.893780e-05	9.902250e-05
884           	1.462910e-04	9.860710e-05	1.896330e-05	9.944090e-05
885           	1.470540e-04	9.898880e-05	1.899480e-05	9.985780e-05
886           	1.478300e-04	9.934310e-05	1.902940e-05	1.003170e-04
887           	1.486030e-04	9.975480e-05	1.907200e-05	1.008350e-04
888           	1.494050e-04	1.001780e-04	1.911920e-05	1.013820e-04
889           	1.502150e-04	1.006310e-04	1.917460e-05	1.019290e-04
890           	1.511020e-04	1.011290e-04	1.923330e-05	1.025570e-04
891           	1.520540e-04	1.016380e-04	1.929840e-05	1.032290e-04
892           	1.530490e-04	1.021170e-04	1.936850e-05	1.039550e-04
893           	1.540800e-04	1.026840e-04	1.943890e-05	1.046920e-04
894           	1.551520e-04	1.033200e-04	1.951210e-05	1.054050e-04
895           	1.562460e-04	1.039660e-04	1.958810e-05	1.061080e-04
896           	1.573670e-04	1.046230e-04	1.966050e-05	1.068540e-04
897           	1.585260e-04	1.053020e-04	1.973550e-05	1.076310e-04
898           	1.597290e-04	1.060440e-04	1.982080e-05	1.084220e-04
899           	1.609890e-04	1.068010e-04	1.990700e-05	1.092260e-04
900           	1.624630e-04	1.075810e-04	1.999600e-05	1.100530e-04
901           	1.637940e-04	1.089160e-04	2.014080e-05	1.113410e-04
902           	1.653330e-04	1.096000e-04	2.020860e-05	1.121600e-04
903           	1.669140e-04	1.109990e-04	2.037720e-05	1.134690e-04
904           	1.685860e-04	1.122210e-04	2.051710e-05	1.147170e-04
905           	1.702570e-04	1.134260e-04	2.066070e-05	1.158730e-04
906           	1.719600e-04	1.146760e-04	2.081180e-05	1.170420e-04
907           	1.736810e-04	1.159050e-04	2.097350e-05	1.181990e-04
908           	1.754580e-04	1.170840e-04	2.113600e-05	1.194020e-04
909           	1.773240e-04	1.182730e-04	2.130030e-05	1.206190e-04
910           	1.793110e-04	1.195480e-04	2.147020e-05	1.218500e-04
911           	1.813970e-04	1.208600e-04	2.165310e-05	1.231010e-04
912           	1.835060e-04	1.222650e-04	2.184180e-05	1.244300e-04
913           	1.856310e-04	1.236340e-04	2.204310e-05	1.258120e-04
914           	1.878340e-04	1.251080e-04	2.225440e-05	1.272630e-04
915           	1.900780e-04	1.266560e-04	2.248150e-05	1.288270e-04
916           	1.923710e-04	1.282530e-04	2.272680e-05	1.304310e-04
917           	1.946760e-04	1.299000e-04	2.298110e-05	1.317810e-04
918           	1.970690e-04	1.316340e-04	2.324750e-05	1.333970e-04
919           	1.995510e-04	1.334080e-04	2.351720e-05	1.350000e-04
920           	2.021920e-04	1.352920e-04	2.379380e-05	1.367870e-04
921           	2.049460e-04	1.371830e-04	2.407690e-05	1.385680e-04
922           	2.077560e-04	1.391240e-04	2.436720e-05	1.403310e-04
923           	2.106640e-04	1.411050e-04	2.466890e-05	1.421890e-04
924           	2.136190e-04	1.430940e-04	2.497680e-05	1.440430e-04
925           	2.166000e-04	1.451490e-04	2.530110e-05	1.459950e-04
926           	2.195480e-04	1.472460e-04	2.564190e-05	1.478440e-04
927           	2.225220e-04	1.492840e-04	2.600030e-05	1.497660e-04
928           	2.255870e-04	1.513830e-04	2.637200e-05	1.516570e-04
929           	2.287670e-04	1.536220e-04	2.675480e-05	1.536940e-04
930           	2.320370e-04	1.558770e-04	2.715420e-05	1.558430e-04
931           	2.353550e-04	1.582480e-04	2.755830e-05	1.580960e-04
932           	2.387550e-04	1.606910e-04	2.798450e-05	1.604440e-04
933           	2.422380e-04	1.632250e-04	2.842500e-05	1.627260e-04
934           	2.457860e-04	1.658290e-04	2.888500e-05	1.651710e-04
935           	2.493980e-04	1.686380e-04	2.933660e-05	1.675770e-04
936           	2.531680e-04	1.715610e-04	2.981380e-05	1.700070e-04
937           	2.570240e-04	1.745630e-04	3.030490e-05	1.726290e-04
938           	2.610550e-04	1.775540e-04	3.081830e-05	1.753230e-04
939           	2.657170e-04	1.806020e-04	3.134710e-05	1.778610e-04
940           	2.695930e-04	1.839730e-04	3.205020e-05	1.812480e-04
941           	2.738870e-04	1.874800e-04	3.259240e-05	1.842550e-04
942           	2.783470e-04	1.907190e-04	3.314520e-05	1.873090e-04
943           	2.829240e-04	1.939560e-04	3.372550e-05	1.904730e-04
944           	2.875260e-04	1.973410e-04	3.433730e-05	1.938230e-04
945           	2.923020e-04	2.008860e-04	3.496630e-05	1.973410e-04
946           	2.970470e-04	2.045210e-04	3.562780e-05	2.006760e-04
947           	3.019000e-04	2.083130e-04	3.631830e-05	2.042280e-04
948           	3.067700e-04	2.121320e-04	3.702570e-05	2.079310e-04
949           	3.116760e-04	2.160470e-04	3.774970e-05	2.117330e-04
950           	3.167110e-04	2.199740e-04	3.850390e-05	2.155280e-04
951           	3.219800e-04	2.240830e-04	3.928090e-05	2.197160e-04
952           	3.276030e-04	2.283090e-04	4.007090e-05	2.235990e-04
953           	3.332750e-04	2.327780e-04	4.086790e-05	2.276950e-04
954           	3.392780e-04	2.373420e-04	4.171000e-05	2.321960e-04
955           	3.457530e-04	2.420740e-04	4.257370e-05	2.366740e-04
956           	3.521920e-04	2.470210e-04	4.346140e-05	2.405630e-04
957           	3.588580e-04	2.518580e-04	4.437860e-05	2.450690e-04
958           	3.657250e-04	2.569640e-04	4.531970e-05	2.497710e-04
959           	3.727250e-04	2.619950e-04	4.627540e-05	2.546110e-04
960           	3.798650e-04	2.671590e-04	4.731930e-05	2.594720e-04
961           	3.870410e-04	2.724750e-04	4.841110e-05	2.646260e-04
962           	3.943960e-04	2.779410e-04	4.949710e-05	2.704900e-04
963           	4.019570e-04	2.835950e-04	5.064160e-05	2.760030e-04
964           	4.099430e-04	2.891650e-04	5.176290e-05	2.819320e-04
965           	4.181820e-04	2.950100e-04	5.298200e-05	2.878870e-04
966           	4.266700e-04	3.011290e-04	5.424080e-05	2.941030e-04
967           	4.351700e-04	3.075340e-04	5.554250e-05	3.003420e-04
968           	4.436670e-04	3.139770e-04	5.690100e-05	3.069950e-04
969           	4.529460e-04	3.205890e-04	5.832300e-05	3.137130e-04
970           	4.623670e-04	3.274370e-04	5.979570e-05	3.201040e-04
971           	4.720180e-04	3.345320e-04	6.131370e-05	3.271800e-04
972           	4.820820e-04	3.417690e-04	6.288730e-05	3.345870e-04
973           	4.924290e-04	3.492590e-04	6.452560e-05	3.419940e-04
974           	5.029560e-04	3.569450e-04	6.626600e-05	3.492100e-04
975           	5.137030e-04	3.650110e-04	6.804100e-05	3.563060e-04
976           	5.248070e-04	3.733830e-04	6.985700e-05	3.638620e-04
977           	5.360540e-04	3.817010e-04	7.173540e-05	3.713880e-04
978           	5.475990e-04	3.898020e-04	7.362760e-05	3.793980e-04
979           	5.594820e-04	3.982070e-04	7.549030e-05	3.876740e-04
980           	5.712530e-04	4.064320e-04	7.728750e-05	3.956890e-04
981           	5.832140e-04	4.145960e-04	7.903970e-05	4.034840e-04
982           	5.954250e-04	4.223400e-04	8.072120e-05	4.110460e-04
983           	6.074500e-04	4.296760e-04	8.232650e-05	4.182970e-04
984           	6.191380e-04	4.366620e-04	8.388950e-05	4.251360e-04
985           	6.302670e-04	4.436460e-04	8.537020e-05	4.313330e-04
986           	6.402780e-04	4.501920e-04	8.677890e-05	4.377620e-04
987           	6.494790e-04	4.541700e-04	8.786500e-05	4.427830e-04
988           	6.584220e-04	4.586580e-04	8.907160e-05	4.473940e-04
989           	6.671260e-04	4.632970e-04	9.029630e-05	4.514320e-04
990           	6.755480e-04	4.684500e-04	9.151150e-05	4.559620e-04
991           	6.835580e-04	4.734860e-04	9.267110e-05	4.605700e-04
992           	6.912890e-04	4.783720e-04	9.388460e-05	4.651600e-04
993           	6.988000e-04	4.832050e-04	9.511360e-05	4.697550e-04
994           	7.062300e-04	4.877510e-04	9.633660e-05	4.738370e-04
995           	7.132570e-04	4.920730e-04	9.750000e-05	4.773910e-04
996           	7.200070e-04	4.958310e-04	9.855180e-05	4.801150e-04
997           	7.261420e-04	4.989150e-04	9.945710e-05	4.821960e-04
998           	7.314610e-04	5.013790e-04	1.002020e-04	4.836260e-04
999           	7.360840e-04	5.031930e-04	1.007770e-04	4.841130e-04
1000          	7.401390e-04	5.041850e-04	1.012060e-04	4.848410e-04
