# Residuals   
# Time        	p             	Ux            	Uy            	Uz            
1             	1.000000e+00	8.539860e-02	1.000000e+00	6.159380e-02
2             	4.922230e-02	5.482530e-01	3.017160e-01	5.736230e-01
3             	2.152210e-02	3.653250e-01	1.400870e-01	3.912410e-01
4             	3.878200e-02	2.640210e-01	8.642540e-02	2.737570e-01
5             	1.776000e-01	2.346640e-01	6.652880e-02	2.376950e-01
6             	9.863850e-02	2.055270e-01	5.096800e-02	1.914530e-01
7             	8.277590e-02	1.701460e-01	4.201650e-02	1.584150e-01
8             	1.131060e-01	1.340470e-01	3.525260e-02	1.323190e-01
9             	8.686830e-02	1.073010e-01	2.863150e-02	1.057570e-01
10            	5.599830e-02	8.811030e-02	2.295010e-02	8.395110e-02
11            	4.513090e-02	7.486760e-02	1.880600e-02	7.159440e-02
12            	4.130520e-02	6.526050e-02	1.606450e-02	6.306280e-02
13            	3.959670e-02	5.763900e-02	1.423760e-02	5.511850e-02
14            	3.814790e-02	5.143080e-02	1.304440e-02	4.810620e-02
15            	3.681160e-02	4.579150e-02	1.209620e-02	4.278340e-02
16            	3.595750e-02	4.083510e-02	1.122000e-02	3.869550e-02
17            	3.538140e-02	3.659290e-02	1.036700e-02	3.488300e-02
18            	3.484280e-02	3.317210e-02	9.510550e-03	3.137760e-02
19            	3.436920e-02	3.051230e-02	8.692060e-03	2.830360e-02
20            	3.419280e-02	2.805810e-02	7.932790e-03	2.561160e-02
21            	3.465150e-02	2.571360e-02	7.244320e-03	2.325740e-02
22            	3.587880e-02	2.357630e-02	6.656220e-03	2.113010e-02
23            	3.785040e-02	2.186720e-02	6.180100e-03	1.942110e-02
24            	3.967120e-02	2.006460e-02	5.758480e-03	1.773210e-02
25            	4.144480e-02	1.837500e-02	5.374500e-03	1.624660e-02
26            	4.131830e-02	1.687010e-02	5.014890e-03	1.498460e-02
27            	3.740700e-02	1.559400e-02	4.681070e-03	1.397930e-02
28            	3.423830e-02	1.446120e-02	4.379200e-03	1.312080e-02
29            	3.162280e-02	1.344110e-02	4.106810e-03	1.234950e-02
30            	2.945150e-02	1.250430e-02	3.849790e-03	1.161390e-02
31            	2.749680e-02	1.170790e-02	3.618930e-03	1.096710e-02
32            	2.576640e-02	1.098530e-02	3.403660e-03	1.036550e-02
33            	2.423700e-02	1.032860e-02	3.206210e-03	9.804710e-03
34            	2.283960e-02	9.717570e-03	3.024770e-03	9.280240e-03
35            	2.160280e-02	9.154710e-03	2.856080e-03	8.791810e-03
36            	2.043820e-02	8.637020e-03	2.699050e-03	8.343920e-03
37            	1.934190e-02	8.152180e-03	2.551110e-03	7.916770e-03
38            	1.829540e-02	7.742780e-03	2.408210e-03	7.520260e-03
39            	1.729860e-02	7.351320e-03	2.272770e-03	7.142600e-03
40            	1.636770e-02	6.974430e-03	2.143070e-03	6.783020e-03
41            	1.546060e-02	6.612330e-03	2.021370e-03	6.442630e-03
42            	1.458730e-02	6.268090e-03	1.907060e-03	6.112840e-03
43            	1.375030e-02	5.942030e-03	1.799020e-03	5.802540e-03
44            	1.299540e-02	5.639350e-03	1.696800e-03	5.543330e-03
45            	1.226390e-02	5.347100e-03	1.602740e-03	5.260790e-03
46            	1.153760e-02	5.070120e-03	1.515820e-03	4.995220e-03
47            	1.091420e-02	4.817960e-03	1.433860e-03	4.771440e-03
48            	1.033000e-02	4.579780e-03	1.359740e-03	4.524630e-03
49            	9.787130e-03	4.353730e-03	1.289770e-03	4.292280e-03
50            	9.277320e-03	4.140370e-03	1.223470e-03	4.073830e-03
51            	8.789830e-03	3.942360e-03	1.161350e-03	3.872300e-03
52            	8.354830e-03	3.757850e-03	1.102080e-03	3.684240e-03
53            	7.948920e-03	3.586410e-03	1.045690e-03	3.504020e-03
54            	7.574150e-03	3.423880e-03	9.925710e-04	3.329370e-03
55            	7.222940e-03	3.266580e-03	9.420320e-04	3.165560e-03
56            	6.894590e-03	3.115720e-03	8.933450e-04	3.011710e-03
57            	6.584690e-03	2.971550e-03	8.467370e-04	2.860840e-03
58            	6.291730e-03	2.831190e-03	8.013900e-04	2.715370e-03
59            	6.020550e-03	2.699330e-03	7.598540e-04	2.581490e-03
60            	5.765510e-03	2.571510e-03	7.216800e-04	2.456670e-03
61            	5.521010e-03	2.447530e-03	6.859870e-04	2.341020e-03
62            	5.285350e-03	2.325480e-03	6.518520e-04	2.234770e-03
63            	5.054540e-03	2.207250e-03	6.191340e-04	2.133240e-03
64            	4.828880e-03	2.091610e-03	5.878030e-04	2.034280e-03
65            	4.603230e-03	1.978220e-03	5.577870e-04	1.937610e-03
66            	4.388700e-03	1.855330e-03	5.288900e-04	1.834800e-03
67            	4.180940e-03	1.740120e-03	5.007780e-04	1.741230e-03
68            	3.978060e-03	1.638140e-03	4.744820e-04	1.658350e-03
69            	3.781410e-03	1.545250e-03	4.491390e-04	1.582130e-03
70            	3.593000e-03	1.459700e-03	4.252760e-04	1.510840e-03
71            	3.414630e-03	1.379950e-03	4.025590e-04	1.441260e-03
72            	3.245180e-03	1.305990e-03	3.810400e-04	1.372960e-03
73            	3.084780e-03	1.236630e-03	3.609040e-04	1.306720e-03
74            	2.935250e-03	1.172190e-03	3.421280e-04	1.242470e-03
75            	2.792400e-03	1.112920e-03	3.246500e-04	1.181450e-03
76            	2.655110e-03	1.058610e-03	3.082570e-04	1.124720e-03
77            	2.526510e-03	1.009010e-03	2.926870e-04	1.070500e-03
78            	2.404550e-03	9.628160e-04	2.778920e-04	1.018390e-03
79            	2.290110e-03	9.199560e-04	2.637310e-04	9.680970e-04
80            	2.181280e-03	8.783320e-04	2.502710e-04	9.197800e-04
81            	2.077070e-03	8.394270e-04	2.374930e-04	8.737590e-04
82            	1.977570e-03	8.020870e-04	2.251800e-04	8.293380e-04
83            	1.881680e-03	7.660530e-04	2.134770e-04	7.865760e-04
84            	1.790280e-03	7.311710e-04	2.023290e-04	7.453100e-04
85            	1.704570e-03	6.974130e-04	1.918410e-04	7.065560e-04
86            	1.623680e-03	6.648130e-04	1.819160e-04	6.699630e-04
87            	1.546890e-03	6.335080e-04	1.725120e-04	6.353370e-04
88            	1.473050e-03	6.031480e-04	1.635780e-04	6.025920e-04
89            	1.402060e-03	5.739370e-04	1.550210e-04	5.713370e-04
90            	1.334090e-03	5.458140e-04	1.468680e-04	5.413430e-04
91            	1.268930e-03	5.184840e-04	1.391050e-04	5.130830e-04
92            	1.206940e-03	4.924050e-04	1.317120e-04	4.865110e-04
93            	1.148000e-03	4.671940e-04	1.247170e-04	4.617390e-04
94            	1.091490e-03	4.429380e-04	1.180610e-04	4.384290e-04
95            	1.037490e-03	4.196820e-04	1.117070e-04	4.166110e-04
96            	9.856900e-04	3.974770e-04	1.056010e-04	3.960800e-04
97            	9.362770e-04	3.761840e-04	9.976140e-05	3.767360e-04
98            	8.891280e-04	3.559120e-04	9.419400e-05	3.583080e-04
99            	8.440090e-04	3.366740e-04	8.889000e-05	3.407410e-04
100           	8.011910e-04	3.182290e-04	8.391890e-05	3.240110e-04
101           	7.608820e-04	3.004860e-04	7.918600e-05	3.078630e-04
102           	7.226680e-04	2.839530e-04	7.478140e-05	2.923430e-04
103           	6.865120e-04	2.684380e-04	7.065300e-05	2.774560e-04
104           	6.523330e-04	2.537530e-04	6.676480e-05	2.631140e-04
105           	6.197790e-04	2.399030e-04	6.311790e-05	2.494650e-04
106           	5.887260e-04	2.268220e-04	5.969280e-05	2.364290e-04
107           	5.592200e-04	2.144350e-04	5.644400e-05	2.239400e-04
108           	5.313250e-04	2.028200e-04	5.335300e-05	2.120060e-04
109           	5.049220e-04	1.920100e-04	5.043430e-05	2.005480e-04
110           	4.798310e-04	1.818740e-04	4.768000e-05	1.895860e-04
111           	4.559240e-04	1.723850e-04	4.509180e-05	1.791560e-04
112           	4.331590e-04	1.634710e-04	4.263700e-05	1.692970e-04
113           	4.114560e-04	1.551140e-04	4.030140e-05	1.600270e-04
114           	3.908750e-04	1.471670e-04	3.809000e-05	1.512360e-04
115           	3.713670e-04	1.396410e-04	3.600730e-05	1.430490e-04
116           	3.528170e-04	1.324890e-04	3.403720e-05	1.352550e-04
117           	3.349680e-04	1.258100e-04	3.219340e-05	1.279040e-04
118           	3.178770e-04	1.193570e-04	3.040900e-05	1.209310e-04
119           	3.015220e-04	1.133560e-04	2.874730e-05	1.143990e-04
120           	2.858680e-04	1.075910e-04	2.716530e-05	1.082260e-04
121           	2.710250e-04	1.020780e-04	2.566050e-05	1.024130e-04
122           	2.569850e-04	9.680540e-05	2.423030e-05	9.690540e-05
123           	2.435710e-04	9.179250e-05	2.287950e-05	9.174140e-05
124           	2.308180e-04	8.701840e-05	2.160000e-05	8.687280e-05
125           	2.187800e-04	8.248980e-05	2.039470e-05	8.234770e-05
126           	2.074690e-04	7.818330e-05	1.925570e-05	7.812720e-05
127           	1.968510e-04	7.412030e-05	1.818120e-05	7.416540e-05
128           	1.868300e-04	7.025080e-05	1.716970e-05	7.039750e-05
129           	1.773420e-04	6.659280e-05	1.622210e-05	6.684170e-05
130           	1.683080e-04	6.311200e-05	1.532890e-05	6.346640e-05
131           	1.597410e-04	5.981880e-05	1.448650e-05	6.027330e-05
132           	1.516130e-04	5.668350e-05	1.369640e-05	5.722370e-05
133           	1.438890e-04	5.372570e-05	1.295060e-05	5.430840e-05
134           	1.365720e-04	5.091700e-05	1.224880e-05	5.151850e-05
135           	1.296300e-04	4.826910e-05	1.158890e-05	4.886150e-05
136           	1.230490e-04	4.576130e-05	1.096450e-05	4.632130e-05
137           	1.168290e-04	4.340260e-05	1.037740e-05	4.391320e-05
138           	1.109580e-04	4.118670e-05	9.824720e-06	4.163230e-05
139           	1.054310e-04	3.911580e-05	9.305720e-06	3.947890e-05
140           	1.002200e-04	3.715740e-05	8.818400e-06	3.744210e-05
141           	9.530910e-05	3.532150e-05	8.358530e-06	3.552120e-05
142           	9.066050e-05	3.359530e-05	7.926770e-06	3.370340e-05
143           	8.625900e-05	3.197340e-05	7.521110e-06	3.198590e-05
144           	8.209180e-05	3.044410e-05	7.136610e-06	3.035720e-05
145           	7.814170e-05	2.900820e-05	6.774820e-06	2.882690e-05
146           	7.440280e-05	2.765940e-05	6.433650e-06	2.738610e-05
147           	7.086680e-05	2.638680e-05	6.112710e-06	2.602400e-05
148           	6.751820e-05	2.518480e-05	5.810320e-06	2.473800e-05
149           	6.435330e-05	2.405300e-05	5.525020e-06	2.353030e-05
150           	6.136350e-05	2.297530e-05	5.255920e-06	2.238730e-05
151           	5.852480e-05	2.195170e-05	5.001500e-06	2.131220e-05
152           	5.582680e-05	2.098160e-05	4.761350e-06	2.029560e-05
153           	5.326910e-05	2.006390e-05	4.535340e-06	1.934620e-05
154           	5.084270e-05	1.918650e-05	4.321650e-06	1.844400e-05
155           	4.854060e-05	1.834960e-05	4.119130e-06	1.759130e-05
156           	4.634730e-05	1.755390e-05	3.927280e-06	1.678350e-05
157           	4.427190e-05	1.679650e-05	3.745250e-06	1.602200e-05
158           	4.230270e-05	1.607700e-05	3.572820e-06	1.530070e-05
159           	4.042710e-05	1.539120e-05	3.409180e-06	1.461810e-05
160           	3.864430e-05	1.473750e-05	3.253970e-06	1.396880e-05
161           	3.695660e-05	1.411610e-05	3.106990e-06	1.335640e-05
162           	3.535950e-05	1.352550e-05	2.968010e-06	1.277290e-05
163           	3.384400e-05	1.296360e-05	2.836500e-06	1.222050e-05
164           	3.240460e-05	1.243230e-05	2.712130e-06	1.169590e-05
165           	3.103840e-05	1.192850e-05	2.594900e-06	1.119850e-05
166           	2.974700e-05	1.145280e-05	2.484000e-06	1.072600e-05
167           	2.852060e-05	1.100210e-05	2.379470e-06	1.027860e-05
168           	2.735700e-05	1.057820e-05	2.280890e-06	9.857410e-06
169           	2.625360e-05	1.017800e-05	2.188080e-06	9.460540e-06
170           	2.523840e-05	9.803050e-06	2.100720e-06	9.084470e-06
171           	2.427150e-05	9.520930e-06	2.018330e-06	8.782890e-06
172           	2.332190e-05	9.236390e-06	1.941690e-06	8.485320e-06
173           	2.244770e-05	8.877070e-06	1.869990e-06	8.137080e-06
174           	2.162880e-05	8.612130e-06	1.802230e-06	7.858650e-06
175           	2.085420e-05	8.358440e-06	1.738620e-06	7.598300e-06
176           	2.014710e-05	8.109880e-06	1.678250e-06	7.341740e-06
177           	1.943410e-05	7.822430e-06	1.621760e-06	7.093220e-06
178           	1.880500e-05	7.598380e-06	1.567590e-06	6.858420e-06
179           	1.819270e-05	7.338400e-06	1.516860e-06	6.633310e-06
180           	1.761310e-05	7.103590e-06	1.468770e-06	6.421030e-06
181           	1.706670e-05	6.882880e-06	1.423270e-06	6.221000e-06
182           	1.655250e-05	6.678900e-06	1.380290e-06	6.030150e-06
183           	1.606490e-05	6.485480e-06	1.339710e-06	5.848650e-06
184           	1.560310e-05	6.304090e-06	1.301580e-06	5.675020e-06
185           	1.516540e-05	6.129900e-06	1.265760e-06	5.510680e-06
186           	1.475040e-05	5.965470e-06	1.232160e-06	5.353850e-06
187           	1.435660e-05	5.807260e-06	1.200510e-06	5.205210e-06
188           	1.398290e-05	5.658670e-06	1.170820e-06	5.063370e-06
189           	1.362810e-05	5.516030e-06	1.142830e-06	4.930370e-06
190           	1.329360e-05	5.382470e-06	1.116700e-06	4.804590e-06
191           	1.297810e-05	5.254650e-06	1.092240e-06	4.686610e-06
192           	1.267970e-05	5.135610e-06	1.069650e-06	4.575220e-06
193           	1.238310e-05	5.022320e-06	1.048670e-06	4.472010e-06
194           	1.211920e-05	4.880940e-06	1.028770e-06	4.345720e-06
195           	1.185880e-05	4.795500e-06	1.010740e-06	4.265030e-06
196           	1.160830e-05	4.682800e-06	9.926600e-07	4.164050e-06
197           	1.137780e-05	4.577930e-06	9.763550e-07	4.069430e-06
198           	1.115840e-05	4.487150e-06	9.599600e-07	3.986220e-06
199           	1.094860e-05	4.405380e-06	9.448710e-07	3.913380e-06
200           	1.075120e-05	4.329540e-06	9.304250e-07	3.842270e-06
201           	1.056360e-05	4.256270e-06	9.166080e-07	3.775500e-06
202           	1.038660e-05	4.190010e-06	9.039490e-07	3.712610e-06
203           	1.020420e-05	4.127010e-06	8.921600e-07	3.655460e-06
204           	1.006540e-05	4.093790e-06	8.813620e-07	3.601630e-06
205           	9.918460e-06	4.030820e-06	8.715300e-07	3.549490e-06
206           	9.762810e-06	3.976090e-06	8.628370e-07	3.501440e-06
207           	9.635530e-06	3.947090e-06	8.547050e-07	3.457880e-06
208           	9.535940e-06	3.916370e-06	8.476150e-07	3.415650e-06
209           	9.410230e-06	3.861220e-06	8.414620e-07	3.376990e-06
210           	9.310800e-06	3.836980e-06	8.362420e-07	3.343730e-06
211           	9.223900e-06	3.810530e-06	8.318500e-07	3.313650e-06
212           	9.147200e-06	3.786190e-06	8.286720e-07	3.286740e-06
213           	9.079870e-06	3.762230e-06	8.263140e-07	3.264320e-06
214           	9.022140e-06	3.741160e-06	8.250540e-07	3.245430e-06
215           	8.974390e-06	3.721380e-06	8.246570e-07	3.230750e-06
216           	8.938210e-06	3.705450e-06	8.253550e-07	3.220020e-06
217           	8.912160e-06	3.691610e-06	8.268460e-07	3.213700e-06
218           	8.894790e-06	3.681790e-06	8.293690e-07	3.210800e-06
219           	8.886520e-06	3.674330e-06	8.326570e-07	3.211960e-06
220           	8.888150e-06	3.671250e-06	8.368840e-07	3.216380e-06
221           	8.900500e-06	3.670410e-06	8.417740e-07	3.224360e-06
222           	8.924050e-06	3.673790e-06	8.474720e-07	3.235600e-06
223           	8.956150e-06	3.679550e-06	8.537960e-07	3.250310e-06
224           	8.997780e-06	3.689890e-06	8.608730e-07	3.267990e-06
225           	9.049580e-06	3.702330e-06	8.685010e-07	3.288790e-06
226           	9.096640e-06	3.719110e-06	8.768610e-07	3.312460e-06
227           	9.162740e-06	3.736120e-06	8.851310e-07	3.351240e-06
228           	9.236470e-06	3.756190e-06	8.939250e-07	3.384380e-06
229           	9.317720e-06	3.777120e-06	9.034520e-07	3.419080e-06
230           	9.407240e-06	3.803050e-06	9.139090e-07	3.455510e-06
231           	9.505370e-06	3.832430e-06	9.251490e-07	3.494100e-06
232           	9.613650e-06	3.866770e-06	9.372580e-07	3.535300e-06
233           	9.730550e-06	3.903670e-06	9.501440e-07	3.579640e-06
234           	9.856530e-06	3.944670e-06	9.638960e-07	3.626850e-06
235           	9.990920e-06	3.987780e-06	9.783970e-07	3.677170e-06
236           	1.013410e-05	4.035000e-06	9.937440e-07	3.730160e-06
237           	1.028600e-05	4.084510e-06	1.009790e-06	3.786220e-06
238           	1.044790e-05	4.137920e-06	1.026670e-06	3.845000e-06
239           	1.061810e-05	4.193320e-06	1.044240e-06	3.906700e-06
240           	1.079730e-05	4.252910e-06	1.062630e-06	3.971440e-06
241           	1.098470e-05	4.314590e-06	1.081720e-06	4.039300e-06
242           	1.118140e-05	4.382290e-06	1.101760e-06	4.110930e-06
243           	1.138580e-05	4.449650e-06	1.122480e-06	4.184950e-06
244           	1.159730e-05	4.519630e-06	1.144110e-06	4.261450e-06
245           	1.181600e-05	4.592870e-06	1.166410e-06	4.341270e-06
246           	1.204270e-05	4.670340e-06	1.189580e-06	4.424540e-06
247           	1.227660e-05	4.749780e-06	1.213420e-06	4.510840e-06
248           	1.251080e-05	4.833340e-06	1.238150e-06	4.600450e-06
249           	1.275730e-05	4.874660e-06	1.260440e-06	4.652170e-06
250           	1.300710e-05	4.983990e-06	1.287890e-06	4.764150e-06
251           	1.327450e-05	5.049350e-06	1.311710e-06	4.837400e-06
252           	1.354190e-05	5.170150e-06	1.341660e-06	4.959770e-06
253           	1.381780e-05	5.240400e-06	1.367610e-06	5.037100e-06
254           	1.411290e-05	5.320210e-06	1.396110e-06	5.123000e-06
255           	1.440710e-05	5.467720e-06	1.430380e-06	5.273720e-06
256           	1.470740e-05	5.554510e-06	1.459680e-06	5.366210e-06
257           	1.502010e-05	5.641970e-06	1.491310e-06	5.460200e-06
258           	1.535440e-05	5.748440e-06	1.524320e-06	5.574120e-06
259           	1.568660e-05	5.922570e-06	1.563880e-06	5.751710e-06
260           	1.602870e-05	6.022790e-06	1.596890e-06	5.857150e-06
261           	1.638070e-05	6.122210e-06	1.632430e-06	5.964330e-06
262           	1.674310e-05	6.242780e-06	1.669180e-06	6.093170e-06
263           	1.712900e-05	6.375240e-06	1.706660e-06	6.231630e-06
264           	1.751630e-05	6.578630e-06	1.751920e-06	6.436570e-06
265           	1.791090e-05	6.692850e-06	1.788870e-06	6.556240e-06
266           	1.831810e-05	6.809110e-06	1.829100e-06	6.679930e-06
267           	1.873310e-05	6.946520e-06	1.870030e-06	6.825790e-06
268           	1.915850e-05	7.099660e-06	1.912160e-06	6.983410e-06
269           	1.961410e-05	7.256470e-06	1.955040e-06	7.143010e-06
270           	2.006830e-05	7.491180e-06	2.007280e-06	7.379190e-06
271           	2.052980e-05	7.622900e-06	2.049390e-06	7.516270e-06
272           	2.100270e-05	7.757610e-06	2.095240e-06	7.658020e-06
273           	2.148420e-05	7.916240e-06	2.141810e-06	7.824760e-06
274           	2.197470e-05	8.092630e-06	2.189570e-06	8.004900e-06
275           	2.247890e-05	8.273120e-06	2.238220e-06	8.186150e-06
276           	2.299530e-05	8.458100e-06	2.288610e-06	8.371900e-06
277           	2.352550e-05	8.644540e-06	2.340370e-06	8.560650e-06
278           	2.406840e-05	8.836960e-06	2.393690e-06	8.755960e-06
279           	2.462510e-05	9.031770e-06	2.447860e-06	8.954270e-06
280           	2.519400e-05	9.233180e-06	2.503980e-06	9.159290e-06
281           	2.577580e-05	9.437300e-06	2.561210e-06	9.367340e-06
282           	2.639520e-05	9.648210e-06	2.620020e-06	9.582150e-06
283           	2.700740e-05	9.960200e-06	2.690890e-06	9.898710e-06
284           	2.762730e-05	1.013990e-05	2.747040e-06	1.008320e-05
285           	2.826290e-05	1.031930e-05	2.807290e-06	1.027000e-05
286           	2.890920e-05	1.053420e-05	2.869200e-06	1.049420e-05
287           	2.956760e-05	1.076900e-05	2.931890e-06	1.073280e-05
288           	3.024450e-05	1.101330e-05	2.996430e-06	1.097710e-05
289           	3.096660e-05	1.125980e-05	3.062670e-06	1.122370e-05
290           	3.168180e-05	1.162680e-05	3.144460e-06	1.159360e-05
291           	3.240530e-05	1.183430e-05	3.208790e-06	1.180430e-05
292           	3.314610e-05	1.204400e-05	3.279750e-06	1.202200e-05
293           	3.389670e-05	1.229250e-05	3.352050e-06	1.227980e-05
294           	3.466060e-05	1.256780e-05	3.425990e-06	1.255830e-05
295           	3.547750e-05	1.285020e-05	3.501450e-06	1.284000e-05
296           	3.628260e-05	1.326950e-05	3.594570e-06	1.326190e-05
297           	3.710000e-05	1.350530e-05	3.667380e-06	1.349870e-05
298           	3.793840e-05	1.374280e-05	3.747600e-06	1.374430e-05
299           	3.878800e-05	1.402410e-05	3.829550e-06	1.403590e-05
300           	3.969220e-05	1.433530e-05	3.913390e-06	1.435140e-05
301           	4.058280e-05	1.480230e-05	4.016190e-06	1.482080e-05
302           	4.148700e-05	1.506780e-05	4.096750e-06	1.508480e-05
303           	4.241520e-05	1.533010e-05	4.185110e-06	1.535280e-05
304           	4.339840e-05	1.564470e-05	4.276110e-06	1.567850e-05
305           	4.436010e-05	1.614790e-05	4.386930e-06	1.618970e-05
306           	4.533860e-05	1.643790e-05	4.473260e-06	1.647780e-05
307           	4.634260e-05	1.672390e-05	4.568440e-06	1.676760e-05
308           	4.741100e-05	1.705880e-05	4.666850e-06	1.711910e-05
309           	4.846140e-05	1.760670e-05	4.787100e-06	1.767160e-05
310           	4.953050e-05	1.792460e-05	4.880140e-06	1.798210e-05
311           	5.067650e-05	1.823840e-05	4.982330e-06	1.829570e-05
312           	5.178970e-05	1.879420e-05	5.108980e-06	1.886500e-05
313           	5.296000e-05	1.912540e-05	5.205560e-06	1.919020e-05
314           	5.411620e-05	1.964810e-05	5.334890e-06	1.972160e-05
315           	5.527480e-05	1.996530e-05	5.434890e-06	2.003620e-05
316           	5.651290e-05	2.030630e-05	5.545420e-06	2.038080e-05
317           	5.771920e-05	2.092280e-05	5.682860e-06	2.100580e-05
318           	5.899670e-05	2.129390e-05	5.788280e-06	2.136610e-05
319           	6.025960e-05	2.187300e-05	5.930160e-06	2.195060e-05
320           	6.158260e-05	2.222310e-05	6.039570e-06	2.229740e-05
321           	6.288450e-05	2.280800e-05	6.185440e-06	2.289790e-05
322           	6.425540e-05	2.317230e-05	6.297590e-06	2.325130e-05
323           	6.560570e-05	2.378780e-05	6.448020e-06	2.387270e-05
324           	6.702520e-05	2.416830e-05	6.563290e-06	2.423970e-05
325           	6.841690e-05	2.480660e-05	6.719030e-06	2.488010e-05
326           	6.988070e-05	2.519770e-05	6.838820e-06	2.525470e-05
327           	7.131490e-05	2.585660e-05	7.000930e-06	2.591760e-05
328           	7.282590e-05	2.625650e-05	7.125180e-06	2.630550e-05
329           	7.430470e-05	2.693690e-05	7.293690e-06	2.699780e-05
330           	7.586770e-05	2.734720e-05	7.422430e-06	2.740170e-05
331           	7.739700e-05	2.805050e-05	7.597450e-06	2.812100e-05
332           	7.901430e-05	2.847210e-05	7.730870e-06	2.853740e-05
333           	8.059480e-05	2.920000e-05	7.913030e-06	2.928330e-05
334           	8.226380e-05	2.963630e-05	8.051450e-06	2.971200e-05
335           	8.397710e-05	3.039120e-05	8.240260e-06	3.048410e-05
336           	8.562960e-05	3.114280e-05	8.419640e-06	3.124880e-05
337           	8.737420e-05	3.149460e-05	8.560640e-06	3.158840e-05
338           	8.915890e-05	3.223860e-05	8.756700e-06	3.236440e-05
339           	9.095870e-05	3.302540e-05	8.941720e-06	3.316700e-05
340           	9.271090e-05	3.372530e-05	9.125110e-06	3.387400e-05
341           	9.455430e-05	3.405180e-05	9.271050e-06	3.419090e-05
342           	9.643670e-05	3.483930e-05	9.474860e-06	3.501350e-05
343           	9.834200e-05	3.568500e-05	9.669270e-06	3.586800e-05
344           	1.002910e-04	3.643150e-05	9.863570e-06	3.661970e-05
345           	1.021760e-04	3.712860e-05	1.005980e-05	3.732820e-05
346           	1.041540e-04	3.746490e-05	1.021400e-05	3.766040e-05
347           	1.061740e-04	3.832480e-05	1.043040e-05	3.853980e-05
348           	1.082140e-04	3.921860e-05	1.063710e-05	3.947120e-05
349           	1.102950e-04	3.999900e-05	1.084350e-05	4.028310e-05
350           	1.123910e-04	4.071540e-05	1.105000e-05	4.103890e-05
351           	1.144920e-04	4.144450e-05	1.125920e-05	4.179680e-05
352           	1.166100e-04	4.218980e-05	1.147250e-05	4.257610e-05
353           	1.187540e-04	4.295560e-05	1.168810e-05	4.336850e-05
354           	1.209270e-04	4.373390e-05	1.190570e-05	4.416950e-05
355           	1.231320e-04	4.452330e-05	1.212490e-05	4.497490e-05
356           	1.253610e-04	4.530380e-05	1.234450e-05	4.582330e-05
357           	1.275990e-04	4.607490e-05	1.256390e-05	4.665810e-05
358           	1.298580e-04	4.687300e-05	1.278850e-05	4.748530e-05
359           	1.321370e-04	4.769460e-05	1.301830e-05	4.831980e-05
360           	1.344500e-04	4.852010e-05	1.325210e-05	4.917280e-05
361           	1.368050e-04	4.936060e-05	1.349200e-05	5.003920e-05
362           	1.392030e-04	5.022230e-05	1.373910e-05	5.093000e-05
363           	1.416380e-04	5.110360e-05	1.399110e-05	5.183770e-05
364           	1.440920e-04	5.200040e-05	1.424760e-05	5.276690e-05
365           	1.465410e-04	5.291450e-05	1.450660e-05	5.370670e-05
366           	1.490220e-04	5.383620e-05	1.476880e-05	5.466000e-05
367           	1.515420e-04	5.476390e-05	1.503480e-05	5.561150e-05
368           	1.541000e-04	5.569570e-05	1.530310e-05	5.657540e-05
369           	1.566910e-04	5.664270e-05	1.557350e-05	5.754380e-05
370           	1.593090e-04	5.760020e-05	1.584690e-05	5.852010e-05
371           	1.619500e-04	5.857160e-05	1.612300e-05	5.951120e-05
372           	1.646070e-04	5.954790e-05	1.640170e-05	6.052160e-05
373           	1.672780e-04	6.052830e-05	1.668270e-05	6.153050e-05
374           	1.699640e-04	6.151270e-05	1.696420e-05	6.254810e-05
375           	1.726800e-04	6.250480e-05	1.724730e-05	6.356400e-05
376           	1.754140e-04	6.349440e-05	1.753340e-05	6.458420e-05
377           	1.781690e-04	6.449310e-05	1.782300e-05	6.562410e-05
378           	1.809350e-04	6.549130e-05	1.811400e-05	6.668100e-05
379           	1.837240e-04	6.650500e-05	1.840650e-05	6.772800e-05
380           	1.865080e-04	6.752400e-05	1.869980e-05	6.876990e-05
381           	1.892710e-04	6.854900e-05	1.899520e-05	6.979730e-05
382           	1.920270e-04	6.957330e-05	1.929240e-05	7.083060e-05
383           	1.947980e-04	7.059690e-05	1.959250e-05	7.187740e-05
384           	1.975830e-04	7.163060e-05	1.989410e-05	7.294310e-05
385           	2.003310e-04	7.267250e-05	2.019430e-05	7.400930e-05
386           	2.030790e-04	7.371430e-05	2.049800e-05	7.509000e-05
387           	2.058510e-04	7.477000e-05	2.080590e-05	7.618070e-05
388           	2.086460e-04	7.583470e-05	2.111750e-05	7.729030e-05
389           	2.114630e-04	7.690190e-05	2.142940e-05	7.840000e-05
390           	2.142810e-04	7.797740e-05	2.174220e-05	7.950440e-05
391           	2.171190e-04	7.904560e-05	2.205070e-05	8.058360e-05
392           	2.199550e-04	8.011480e-05	2.235900e-05	8.167260e-05
393           	2.227990e-04	8.118910e-05	2.266700e-05	8.276050e-05
394           	2.256320e-04	8.225140e-05	2.297640e-05	8.384430e-05
395           	2.284460e-04	8.330430e-05	2.328550e-05	8.493870e-05
396           	2.312160e-04	8.434560e-05	2.358850e-05	8.602150e-05
397           	2.339950e-04	8.540120e-05	2.389000e-05	8.710120e-05
398           	2.367960e-04	8.646460e-05	2.418830e-05	8.819350e-05
399           	2.395720e-04	8.752390e-05	2.448930e-05	8.928710e-05
400           	2.423570e-04	8.857910e-05	2.479270e-05	9.036660e-05
401           	2.451360e-04	8.964670e-05	2.509660e-05	9.145220e-05
402           	2.478890e-04	9.071690e-05	2.540250e-05	9.254590e-05
403           	2.505990e-04	9.177200e-05	2.571000e-05	9.362360e-05
404           	2.533080e-04	9.281720e-05	2.601860e-05	9.471110e-05
405           	2.560070e-04	9.385990e-05	2.632620e-05	9.577580e-05
406           	2.587000e-04	9.491330e-05	2.663650e-05	9.685420e-05
407           	2.614130e-04	9.598160e-05	2.694920e-05	9.792600e-05
408           	2.641270e-04	9.705400e-05	2.726440e-05	9.899790e-05
409           	2.668190e-04	9.812870e-05	2.758490e-05	1.000670e-04
410           	2.695190e-04	9.920560e-05	2.790430e-05	1.011480e-04
411           	2.721560e-04	1.002730e-04	2.822450e-05	1.022200e-04
412           	2.747310e-04	1.013280e-04	2.854300e-05	1.032570e-04
413           	2.772470e-04	1.023690e-04	2.886060e-05	1.042680e-04
414           	2.797440e-04	1.034070e-04	2.917590e-05	1.053220e-04
415           	2.823320e-04	1.045210e-04	2.949510e-05	1.063830e-04
416           	2.848780e-04	1.055620e-04	2.981610e-05	1.074660e-04
417           	2.874800e-04	1.066690e-04	3.013750e-05	1.085400e-04
418           	2.899880e-04	1.077210e-04	3.045690e-05	1.096190e-04
419           	2.924040e-04	1.087460e-04	3.076800e-05	1.106700e-04
420           	2.947780e-04	1.097670e-04	3.107010e-05	1.116740e-04
421           	2.971400e-04	1.107690e-04	3.136800e-05	1.126520e-04
422           	2.994420e-04	1.117160e-04	3.166390e-05	1.136290e-04
423           	3.016830e-04	1.126580e-04	3.195420e-05	1.145840e-04
424           	3.038650e-04	1.135760e-04	3.223740e-05	1.155280e-04
425           	3.061760e-04	1.145150e-04	3.252880e-05	1.164650e-04
426           	3.087970e-04	1.155100e-04	3.283990e-05	1.175420e-04
427           	3.114290e-04	1.165360e-04	3.316190e-05	1.186950e-04
428           	3.139900e-04	1.175950e-04	3.347620e-05	1.198550e-04
429           	3.164010e-04	1.186300e-04	3.377750e-05	1.209600e-04
430           	3.187300e-04	1.195940e-04	3.406290e-05	1.219970e-04
431           	3.210080e-04	1.205120e-04	3.433750e-05	1.229550e-04
432           	3.233620e-04	1.214070e-04	3.460530e-05	1.238370e-04
433           	3.257970e-04	1.223190e-04	3.488830e-05	1.247530e-04
434           	3.281770e-04	1.232260e-04	3.517180e-05	1.257360e-04
435           	3.304800e-04	1.241390e-04	3.544830e-05	1.266950e-04
436           	3.327470e-04	1.250100e-04	3.570900e-05	1.276090e-04
437           	3.349360e-04	1.258570e-04	3.595640e-05	1.284560e-04
438           	3.370100e-04	1.266500e-04	3.619010e-05	1.292410e-04
439           	3.389680e-04	1.274100e-04	3.641990e-05	1.299610e-04
440           	3.408360e-04	1.281270e-04	3.664290e-05	1.306620e-04
441           	3.426550e-04	1.288320e-04	3.686150e-05	1.313430e-04
442           	3.443990e-04	1.295240e-04	3.707360e-05	1.320020e-04
443           	3.460390e-04	1.301810e-04	3.728390e-05	1.326290e-04
444           	3.476110e-04	1.308730e-04	3.749040e-05	1.332280e-04
445           	3.490220e-04	1.315350e-04	3.768360e-05	1.338010e-04
446           	3.503180e-04	1.321280e-04	3.786710e-05	1.343070e-04
447           	3.515290e-04	1.326710e-04	3.804420e-05	1.348040e-04
448           	3.526650e-04	1.331650e-04	3.821450e-05	1.352740e-04
449           	3.537480e-04	1.336340e-04	3.838010e-05	1.357240e-04
450           	3.547560e-04	1.341070e-04	3.854260e-05	1.361330e-04
451           	3.556850e-04	1.345880e-04	3.870380e-05	1.365480e-04
452           	3.565650e-04	1.350140e-04	3.886180e-05	1.369380e-04
453           	3.574110e-04	1.354220e-04	3.901830e-05	1.373180e-04
454           	3.582550e-04	1.358610e-04	3.917290e-05	1.377010e-04
455           	3.590870e-04	1.362960e-04	3.932640e-05	1.380870e-04
456           	3.598820e-04	1.367350e-04	3.947130e-05	1.384510e-04
457           	3.606340e-04	1.371520e-04	3.960780e-05	1.387940e-04
458           	3.613770e-04	1.375560e-04	3.973430e-05	1.391100e-04
459           	3.620160e-04	1.379320e-04	3.984950e-05	1.393950e-04
460           	3.625190e-04	1.382780e-04	3.995160e-05	1.396360e-04
461           	3.629140e-04	1.385900e-04	4.004820e-05	1.398360e-04
462           	3.632610e-04	1.388860e-04	4.013740e-05	1.400030e-04
463           	3.634600e-04	1.391400e-04	4.021650e-05	1.400950e-04
464           	3.635310e-04	1.393540e-04	4.029070e-05	1.401660e-04
465           	3.635220e-04	1.395390e-04	4.036140e-05	1.402470e-04
466           	3.634630e-04	1.396970e-04	4.042280e-05	1.403360e-04
467           	3.633890e-04	1.398390e-04	4.047760e-05	1.403970e-04
468           	3.633600e-04	1.399670e-04	4.052600e-05	1.404470e-04
469           	3.633170e-04	1.400780e-04	4.056850e-05	1.404840e-04
470           	3.631300e-04	1.400990e-04	4.060260e-05	1.404840e-04
471           	3.629190e-04	1.401450e-04	4.063500e-05	1.404860e-04
472           	3.626450e-04	1.401530e-04	4.065240e-05	1.404800e-04
473           	3.623060e-04	1.401520e-04	4.066140e-05	1.404440e-04
474           	3.618370e-04	1.401530e-04	4.066450e-05	1.403800e-04
475           	3.612640e-04	1.401120e-04	4.066150e-05	1.402780e-04
476           	3.606560e-04	1.400490e-04	4.064840e-05	1.401190e-04
477           	3.599290e-04	1.399590e-04	4.063060e-05	1.399360e-04
478           	3.591090e-04	1.398160e-04	4.060460e-05	1.397360e-04
479           	3.582980e-04	1.396870e-04	4.057510e-05	1.394730e-04
480           	3.574560e-04	1.395430e-04	4.054330e-05	1.392300e-04
481           	3.565430e-04	1.393630e-04	4.050000e-05	1.389580e-04
482           	3.556080e-04	1.391820e-04	4.045010e-05	1.386910e-04
483           	3.545930e-04	1.389910e-04	4.040230e-05	1.384240e-04
484           	3.534940e-04	1.387630e-04	4.034800e-05	1.381520e-04
485           	3.523130e-04	1.385410e-04	4.028650e-05	1.378740e-04
486           	3.510660e-04	1.383070e-04	4.021920e-05	1.375180e-04
487           	3.497800e-04	1.380570e-04	4.014800e-05	1.371560e-04
488           	3.484090e-04	1.377850e-04	4.007040e-05	1.367660e-04
489           	3.470920e-04	1.374760e-04	3.999800e-05	1.363940e-04
490           	3.457510e-04	1.371580e-04	3.993250e-05	1.360550e-04
491           	3.443760e-04	1.368480e-04	3.987020e-05	1.357400e-04
492           	3.432750e-04	1.365340e-04	3.980660e-05	1.354060e-04
493           	3.414690e-04	1.353790e-04	3.975050e-05	1.348960e-04
494           	3.399780e-04	1.354360e-04	3.966500e-05	1.346080e-04
495           	3.387960e-04	1.353480e-04	3.957200e-05	1.342650e-04
496           	3.370070e-04	1.342900e-04	3.950120e-05	1.337360e-04
497           	3.357710e-04	1.343810e-04	3.940890e-05	1.334380e-04
498           	3.342090e-04	1.334330e-04	3.932340e-05	1.329130e-04
499           	3.323790e-04	1.327250e-04	3.922790e-05	1.323940e-04
500           	3.310630e-04	1.329420e-04	3.910630e-05	1.320960e-04
501           	3.295460e-04	1.320510e-04	3.900990e-05	1.315750e-04
502           	3.280260e-04	1.313680e-04	3.890660e-05	1.310490e-04
503           	3.265520e-04	1.308560e-04	3.880170e-05	1.305700e-04
504           	3.250700e-04	1.303740e-04	3.869910e-05	1.301330e-04
505           	3.235970e-04	1.299130e-04	3.858940e-05	1.296990e-04
506           	3.221180e-04	1.294660e-04	3.847280e-05	1.292390e-04
507           	3.205860e-04	1.290480e-04	3.835670e-05	1.287850e-04
508           	3.190670e-04	1.286210e-04	3.823840e-05	1.283240e-04
509           	3.175440e-04	1.282070e-04	3.811210e-05	1.278270e-04
510           	3.159850e-04	1.277860e-04	3.799010e-05	1.273280e-04
511           	3.144170e-04	1.273660e-04	3.786670e-05	1.268230e-04
512           	3.128240e-04	1.269230e-04	3.774170e-05	1.262760e-04
513           	3.112290e-04	1.264720e-04	3.761420e-05	1.257330e-04
514           	3.097740e-04	1.260260e-04	3.750050e-05	1.251850e-04
515           	3.083480e-04	1.255760e-04	3.739200e-05	1.246850e-04
516           	3.069370e-04	1.251010e-04	3.727970e-05	1.241830e-04
517           	3.055120e-04	1.246170e-04	3.716360e-05	1.236720e-04
518           	3.040380e-04	1.241320e-04	3.703540e-05	1.231590e-04
519           	3.025370e-04	1.236490e-04	3.690150e-05	1.226460e-04
520           	3.009910e-04	1.231540e-04	3.676350e-05	1.221080e-04
521           	2.994100e-04	1.226600e-04	3.662110e-05	1.215690e-04
522           	2.978170e-04	1.221750e-04	3.647360e-05	1.210170e-04
523           	2.962180e-04	1.216930e-04	3.632490e-05	1.204440e-04
524           	2.946110e-04	1.211980e-04	3.617300e-05	1.198600e-04
525           	2.929140e-04	1.206770e-04	3.600440e-05	1.192210e-04
526           	2.912140e-04	1.201470e-04	3.583480e-05	1.186000e-04
527           	2.894880e-04	1.196220e-04	3.566670e-05	1.179850e-04
528           	2.877220e-04	1.190870e-04	3.549190e-05	1.173640e-04
529           	2.864440e-04	1.185490e-04	3.531510e-05	1.167240e-04
530           	2.842310e-04	1.179910e-04	3.515810e-05	1.155690e-04
531           	2.824770e-04	1.174800e-04	3.498760e-05	1.151380e-04
532           	2.811540e-04	1.170130e-04	3.481610e-05	1.146040e-04
533           	2.790080e-04	1.164320e-04	3.465360e-05	1.135360e-04
534           	2.772380e-04	1.158730e-04	3.447580e-05	1.131470e-04
535           	2.759370e-04	1.153780e-04	3.430080e-05	1.126250e-04
536           	2.737810e-04	1.147700e-04	3.413850e-05	1.115480e-04
537           	2.724730e-04	1.141990e-04	3.396260e-05	1.111460e-04
538           	2.703540e-04	1.136460e-04	3.380400e-05	1.101470e-04
539           	2.689730e-04	1.130980e-04	3.362610e-05	1.098140e-04
540           	2.668310e-04	1.124940e-04	3.346020e-05	1.088540e-04
541           	2.654450e-04	1.119120e-04	3.327240e-05	1.085030e-04
542           	2.632990e-04	1.113000e-04	3.309570e-05	1.075090e-04
543           	2.619080e-04	1.107120e-04	3.290110e-05	1.071310e-04
544           	2.607340e-04	1.100920e-04	3.272520e-05	1.061340e-04
545           	2.590510e-04	1.107850e-04	3.263390e-05	1.065440e-04
546           	2.576420e-04	1.096060e-04	3.242300e-05	1.052330e-04
547           	2.558350e-04	1.097940e-04	3.231360e-05	1.052390e-04
548           	2.542950e-04	1.083840e-04	3.208190e-05	1.038060e-04
549           	2.523840e-04	1.085140e-04	3.195020e-05	1.037970e-04
550           	2.508120e-04	1.071440e-04	3.170390e-05	1.023800e-04
551           	2.493650e-04	1.072820e-04	3.155600e-05	1.023490e-04
552           	2.478020e-04	1.071610e-04	3.138040e-05	1.021170e-04
553           	2.457140e-04	1.066840e-04	3.119520e-05	1.015750e-04
554           	2.440370e-04	1.047850e-04	3.092010e-05	9.969110e-05
555           	2.425360e-04	1.046450e-04	3.074370e-05	9.939590e-05
556           	2.409330e-04	1.044570e-04	3.054770e-05	9.909890e-05
557           	2.392910e-04	1.039780e-04	3.034210e-05	9.854080e-05
558           	2.376560e-04	1.032880e-04	3.012450e-05	9.780730e-05
559           	2.360030e-04	1.025250e-04	2.989880e-05	9.702470e-05
560           	2.343130e-04	1.017630e-04	2.966710e-05	9.621970e-05
561           	2.325790e-04	1.009920e-04	2.942840e-05	9.540350e-05
562           	2.307470e-04	1.002190e-04	2.917870e-05	9.460060e-05
563           	2.288200e-04	9.944500e-05	2.892530e-05	9.377750e-05
564           	2.268800e-04	9.865590e-05	2.867460e-05	9.295480e-05
565           	2.249540e-04	9.787830e-05	2.843090e-05	9.215380e-05
566           	2.230560e-04	9.711720e-05	2.819290e-05	9.136940e-05
567           	2.211500e-04	9.635990e-05	2.795980e-05	9.061840e-05
568           	2.192600e-04	9.563330e-05	2.773300e-05	8.988410e-05
569           	2.174080e-04	9.492680e-05	2.751400e-05	8.917890e-05
570           	2.155760e-04	9.421250e-05	2.729940e-05	8.848420e-05
571           	2.137740e-04	9.351660e-05	2.709010e-05	8.783030e-05
572           	2.119760e-04	9.282910e-05	2.688540e-05	8.717120e-05
573           	2.102090e-04	9.215030e-05	2.668590e-05	8.652320e-05
574           	2.084540e-04	9.148220e-05	2.648970e-05	8.588570e-05
575           	2.066700e-04	9.081240e-05	2.629270e-05	8.525250e-05
576           	2.049040e-04	9.015310e-05	2.610220e-05	8.461890e-05
577           	2.032010e-04	8.951550e-05	2.591710e-05	8.400110e-05
578           	2.014980e-04	8.886780e-05	2.573320e-05	8.338150e-05
579           	1.997990e-04	8.822640e-05	2.555030e-05	8.277090e-05
580           	1.980830e-04	8.758260e-05	2.536710e-05	8.215610e-05
581           	1.963580e-04	8.693530e-05	2.518420e-05	8.153040e-05
582           	1.946780e-04	8.628700e-05	2.500170e-05	8.090830e-05
583           	1.930260e-04	8.564170e-05	2.482090e-05	8.030230e-05
584           	1.913890e-04	8.498990e-05	2.464030e-05	7.969580e-05
585           	1.897590e-04	8.434470e-05	2.446100e-05	7.909270e-05
586           	1.881470e-04	8.370210e-05	2.428180e-05	7.848800e-05
587           	1.865500e-04	8.305790e-05	2.410260e-05	7.789460e-05
588           	1.849660e-04	8.241210e-05	2.392220e-05	7.730280e-05
589           	1.834060e-04	8.176610e-05	2.374150e-05	7.672200e-05
590           	1.818480e-04	8.112210e-05	2.356160e-05	7.613670e-05
591           	1.803020e-04	8.048690e-05	2.338280e-05	7.555510e-05
592           	1.787780e-04	7.987060e-05	2.320530e-05	7.498240e-05
593           	1.772670e-04	7.925530e-05	2.302950e-05	7.441170e-05
594           	1.757670e-04	7.863970e-05	2.285320e-05	7.384350e-05
595           	1.742800e-04	7.802000e-05	2.267780e-05	7.326580e-05
596           	1.727980e-04	7.740730e-05	2.250150e-05	7.268170e-05
597           	1.713310e-04	7.679800e-05	2.232500e-05	7.211380e-05
598           	1.698630e-04	7.618970e-05	2.214910e-05	7.154040e-05
599           	1.684000e-04	7.558720e-05	2.197400e-05	7.096540e-05
600           	1.669390e-04	7.498520e-05	2.180020e-05	7.039560e-05
601           	1.655130e-04	7.439390e-05	2.162800e-05	6.983520e-05
602           	1.641060e-04	7.380550e-05	2.145720e-05	6.929330e-05
603           	1.627150e-04	7.321570e-05	2.128900e-05	6.876040e-05
604           	1.613340e-04	7.264140e-05	2.112340e-05	6.822270e-05
605           	1.599690e-04	7.206520e-05	2.095990e-05	6.769250e-05
606           	1.586270e-04	7.150480e-05	2.079770e-05	6.717280e-05
607           	1.573010e-04	7.094670e-05	2.063670e-05	6.666300e-05
608           	1.559800e-04	7.038800e-05	2.047570e-05	6.614450e-05
609           	1.546610e-04	6.982640e-05	2.031580e-05	6.563050e-05
610           	1.533410e-04	6.926380e-05	2.015500e-05	6.511370e-05
611           	1.520300e-04	6.870760e-05	1.999500e-05	6.460830e-05
612           	1.507210e-04	6.814780e-05	1.983490e-05	6.409390e-05
613           	1.494110e-04	6.758330e-05	1.967500e-05	6.357360e-05
614           	1.480830e-04	6.701340e-05	1.951590e-05	6.303750e-05
615           	1.467560e-04	6.645020e-05	1.935800e-05	6.250900e-05
616           	1.454340e-04	6.589920e-05	1.920090e-05	6.198350e-05
617           	1.441230e-04	6.535200e-05	1.904550e-05	6.147000e-05
618           	1.428190e-04	6.480650e-05	1.889060e-05	6.095380e-05
619           	1.415240e-04	6.426560e-05	1.873680e-05	6.045860e-05
620           	1.402410e-04	6.373380e-05	1.858390e-05	5.995570e-05
621           	1.389760e-04	6.320640e-05	1.843320e-05	5.946310e-05
622           	1.377230e-04	6.268530e-05	1.828350e-05	5.897460e-05
623           	1.364870e-04	6.217100e-05	1.813630e-05	5.849820e-05
624           	1.352520e-04	6.165930e-05	1.798880e-05	5.801500e-05
625           	1.340240e-04	6.114490e-05	1.784460e-05	5.753620e-05
626           	1.328080e-04	6.063730e-05	1.770110e-05	5.706780e-05
627           	1.316090e-04	6.012820e-05	1.755870e-05	5.660610e-05
628           	1.304210e-04	5.962050e-05	1.741640e-05	5.613790e-05
629           	1.292340e-04	5.911170e-05	1.727330e-05	5.566350e-05
630           	1.280510e-04	5.860860e-05	1.713040e-05	5.518060e-05
631           	1.268770e-04	5.811400e-05	1.698990e-05	5.470280e-05
632           	1.257150e-04	5.762350e-05	1.685030e-05	5.423570e-05
633           	1.245570e-04	5.712910e-05	1.671160e-05	5.377340e-05
634           	1.233980e-04	5.662720e-05	1.657300e-05	5.330950e-05
635           	1.222560e-04	5.613260e-05	1.643490e-05	5.284760e-05
636           	1.211330e-04	5.564980e-05	1.629650e-05	5.238350e-05
637           	1.200300e-04	5.516800e-05	1.616000e-05	5.193000e-05
638           	1.189390e-04	5.468570e-05	1.602460e-05	5.146740e-05
639           	1.178510e-04	5.420630e-05	1.589010e-05	5.100430e-05
640           	1.167630e-04	5.372790e-05	1.575490e-05	5.054760e-05
641           	1.156740e-04	5.324280e-05	1.561860e-05	5.008240e-05
642           	1.145950e-04	5.275420e-05	1.548320e-05	4.961010e-05
643           	1.135340e-04	5.226790e-05	1.534920e-05	4.914760e-05
644           	1.124900e-04	5.178990e-05	1.521660e-05	4.869900e-05
645           	1.114620e-04	5.131990e-05	1.508650e-05	4.826560e-05
646           	1.104470e-04	5.086010e-05	1.495780e-05	4.784180e-05
647           	1.094430e-04	5.040970e-05	1.483070e-05	4.742520e-05
648           	1.084460e-04	4.996830e-05	1.470420e-05	4.700610e-05
649           	1.074580e-04	4.953190e-05	1.457790e-05	4.659630e-05
650           	1.064810e-04	4.910000e-05	1.445250e-05	4.619210e-05
651           	1.055110e-04	4.866660e-05	1.432770e-05	4.579060e-05
652           	1.045490e-04	4.823310e-05	1.420290e-05	4.539040e-05
653           	1.035990e-04	4.780010e-05	1.407940e-05	4.499410e-05
654           	1.026580e-04	4.736980e-05	1.395680e-05	4.459840e-05
655           	1.017260e-04	4.694440e-05	1.383540e-05	4.420680e-05
656           	1.007970e-04	4.652490e-05	1.371490e-05	4.380920e-05
657           	9.987320e-05	4.611280e-05	1.359580e-05	4.341610e-05
658           	9.895920e-05	4.570420e-05	1.347770e-05	4.303230e-05
659           	9.805320e-05	4.529620e-05	1.336100e-05	4.265360e-05
660           	9.715520e-05	4.489290e-05	1.324530e-05	4.227910e-05
661           	9.626790e-05	4.449670e-05	1.313120e-05	4.191160e-05
662           	9.538930e-05	4.410590e-05	1.301830e-05	4.154610e-05
663           	9.451630e-05	4.371700e-05	1.290680e-05	4.118570e-05
664           	9.365040e-05	4.332950e-05	1.279630e-05	4.082900e-05
665           	9.279130e-05	4.294580e-05	1.268700e-05	4.047700e-05
666           	9.194310e-05	4.256760e-05	1.257870e-05	4.012680e-05
667           	9.110270e-05	4.219080e-05	1.247160e-05	3.978200e-05
668           	9.026750e-05	4.181380e-05	1.236500e-05	3.943760e-05
669           	8.944010e-05	4.144110e-05	1.225920e-05	3.909830e-05
670           	8.862510e-05	4.107290e-05	1.215390e-05	3.876110e-05
671           	8.782000e-05	4.070600e-05	1.204970e-05	3.842760e-05
672           	8.702240e-05	4.034270e-05	1.194610e-05	3.809450e-05
673           	8.623630e-05	3.998310e-05	1.184340e-05	3.776470e-05
674           	8.544620e-05	3.962620e-05	1.174040e-05	3.743790e-05
675           	8.465090e-05	3.927040e-05	1.163790e-05	3.711350e-05
676           	8.385980e-05	3.891550e-05	1.153620e-05	3.679130e-05
677           	8.307310e-05	3.856180e-05	1.143520e-05	3.647370e-05
678           	8.228610e-05	3.821280e-05	1.133290e-05	3.615440e-05
679           	8.150450e-05	3.786520e-05	1.123270e-05	3.583640e-05
680           	8.073670e-05	3.752120e-05	1.113350e-05	3.552090e-05
681           	7.998240e-05	3.717990e-05	1.103570e-05	3.520960e-05
682           	7.924150e-05	3.684260e-05	1.093910e-05	3.490120e-05
683           	7.851070e-05	3.650870e-05	1.084390e-05	3.460010e-05
684           	7.778750e-05	3.617880e-05	1.074980e-05	3.430200e-05
685           	7.707470e-05	3.585260e-05	1.065660e-05	3.400280e-05
686           	7.637480e-05	3.553000e-05	1.056430e-05	3.370820e-05
687           	7.568530e-05	3.521070e-05	1.047340e-05	3.342260e-05
688           	7.500330e-05	3.489670e-05	1.038320e-05	3.313520e-05
689           	7.433370e-05	3.458610e-05	1.029460e-05	3.284720e-05
690           	7.367360e-05	3.427720e-05	1.020650e-05	3.257000e-05
691           	7.302320e-05	3.397200e-05	1.011930e-05	3.229690e-05
692           	7.237870e-05	3.367010e-05	1.003330e-05	3.202400e-05
693           	7.173950e-05	3.337160e-05	9.947710e-06	3.175320e-05
694           	7.110240e-05	3.307410e-05	9.861910e-06	3.148030e-05
695           	7.046870e-05	3.277720e-05	9.776670e-06	3.120690e-05
696           	6.983640e-05	3.248250e-05	9.691440e-06	3.093410e-05
697           	6.920990e-05	3.219020e-05	9.606750e-06	3.066700e-05
698           	6.859270e-05	3.190210e-05	9.522670e-06	3.040170e-05
699           	6.797700e-05	3.161550e-05	9.439580e-06	3.013510e-05
700           	6.736480e-05	3.133070e-05	9.357370e-06	2.986910e-05
701           	6.675630e-05	3.104830e-05	9.276070e-06	2.960670e-05
702           	6.615500e-05	3.076940e-05	9.195170e-06	2.934540e-05
703           	6.556450e-05	3.049420e-05	9.115220e-06	2.909290e-05
704           	6.498080e-05	3.022010e-05	9.035990e-06	2.883840e-05
705           	6.440190e-05	2.994820e-05	8.957840e-06	2.858610e-05
706           	6.382650e-05	2.967930e-05	8.880280e-06	2.833490e-05
707           	6.325440e-05	2.941300e-05	8.803610e-06	2.808650e-05
708           	6.268500e-05	2.914910e-05	8.727260e-06	2.783890e-05
709           	6.212010e-05	2.888700e-05	8.651700e-06	2.759640e-05
710           	6.156000e-05	2.862610e-05	8.576650e-06	2.735380e-05
711           	6.100440e-05	2.836870e-05	8.502400e-06	2.711380e-05
712           	6.045540e-05	2.811460e-05	8.428710e-06	2.687520e-05
713           	5.991390e-05	2.786280e-05	8.355990e-06	2.664050e-05
714           	5.937800e-05	2.761570e-05	8.283810e-06	2.640880e-05
715           	5.884770e-05	2.737170e-05	8.212690e-06	2.618100e-05
716           	5.832120e-05	2.713110e-05	8.142030e-06	2.595400e-05
717           	5.780000e-05	2.689240e-05	8.072130e-06	2.572890e-05
718           	5.728890e-05	2.665590e-05	8.002870e-06	2.550460e-05
719           	5.678300e-05	2.642270e-05	7.934410e-06	2.528450e-05
720           	5.628200e-05	2.619300e-05	7.866350e-06	2.506610e-05
721           	5.578450e-05	2.596430e-05	7.798920e-06	2.485050e-05
722           	5.529050e-05	2.573720e-05	7.731640e-06	2.463310e-05
723           	5.479950e-05	2.551090e-05	7.664890e-06	2.441890e-05
724           	5.431250e-05	2.528630e-05	7.598270e-06	2.420480e-05
725           	5.382840e-05	2.506260e-05	7.532170e-06	2.399260e-05
726           	5.334840e-05	2.484120e-05	7.466260e-06	2.378060e-05
727           	5.287080e-05	2.462090e-05	7.400870e-06	2.356920e-05
728           	5.239780e-05	2.440210e-05	7.335640e-06	2.335950e-05
729           	5.192970e-05	2.418430e-05	7.271000e-06	2.315290e-05
730           	5.146650e-05	2.396860e-05	7.206640e-06	2.294580e-05
731           	5.100740e-05	2.375390e-05	7.143040e-06	2.274040e-05
732           	5.055180e-05	2.354130e-05	7.079830e-06	2.253610e-05
733           	5.009910e-05	2.333090e-05	7.017550e-06	2.233570e-05
734           	4.965100e-05	2.312320e-05	6.955730e-06	2.213710e-05
735           	4.920620e-05	2.291590e-05	6.894530e-06	2.194200e-05
736           	4.876520e-05	2.271110e-05	6.833770e-06	2.174550e-05
737           	4.832750e-05	2.250800e-05	6.773790e-06	2.155190e-05
738           	4.789410e-05	2.230820e-05	6.714130e-06	2.136140e-05
739           	4.746440e-05	2.211120e-05	6.655400e-06	2.117500e-05
740           	4.703790e-05	2.191540e-05	6.597170e-06	2.098780e-05
741           	4.661440e-05	2.172090e-05	6.539620e-06	2.080360e-05
742           	4.619500e-05	2.152860e-05	6.482320e-06	2.062030e-05
743           	4.577880e-05	2.133800e-05	6.425650e-06	2.043980e-05
744           	4.536680e-05	2.115040e-05	6.369280e-06	2.026030e-05
745           	4.495910e-05	2.096430e-05	6.313610e-06	2.008440e-05
746           	4.455640e-05	2.078060e-05	6.258310e-06	1.990920e-05
747           	4.415730e-05	2.059860e-05	6.203660e-06	1.973670e-05
748           	4.376150e-05	2.041870e-05	6.149200e-06	1.956450e-05
749           	4.336810e-05	2.023970e-05	6.095230e-06	1.939390e-05
750           	4.297880e-05	2.006310e-05	6.041630e-06	1.922400e-05
751           	4.259240e-05	1.988810e-05	5.988550e-06	1.905640e-05
752           	4.220950e-05	1.971440e-05	5.935810e-06	1.888990e-05
753           	4.182960e-05	1.954250e-05	5.883750e-06	1.872560e-05
754           	4.145360e-05	1.937280e-05	5.832010e-06	1.856100e-05
755           	4.108020e-05	1.920430e-05	5.780940e-06	1.839910e-05
756           	4.071110e-05	1.903800e-05	5.730240e-06	1.823810e-05
757           	4.034590e-05	1.887310e-05	5.680160e-06	1.807980e-05
758           	3.998430e-05	1.871010e-05	5.630380e-06	1.792150e-05
759           	3.962540e-05	1.854780e-05	5.581130e-06	1.776600e-05
760           	3.927060e-05	1.838790e-05	5.532140e-06	1.761090e-05
761           	3.891950e-05	1.822860e-05	5.483770e-06	1.745740e-05
762           	3.857360e-05	1.807130e-05	5.435690e-06	1.730470e-05
763           	3.823100e-05	1.791470e-05	5.388210e-06	1.715370e-05
764           	3.789160e-05	1.775940e-05	5.341050e-06	1.700250e-05
765           	3.755520e-05	1.760530e-05	5.294640e-06	1.685460e-05
766           	3.722190e-05	1.745310e-05	5.248710e-06	1.670780e-05
767           	3.689120e-05	1.730230e-05	5.203360e-06	1.656310e-05
768           	3.656320e-05	1.715280e-05	5.158250e-06	1.641920e-05
769           	3.623770e-05	1.700510e-05	5.113530e-06	1.627610e-05
770           	3.591510e-05	1.685870e-05	5.069120e-06	1.613410e-05
771           	3.559490e-05	1.671370e-05	5.025080e-06	1.599620e-05
772           	3.527810e-05	1.656970e-05	4.981370e-06	1.585770e-05
773           	3.496420e-05	1.642650e-05	4.938130e-06	1.572040e-05
774           	3.465400e-05	1.628540e-05	4.895080e-06	1.558370e-05
775           	3.434670e-05	1.614440e-05	4.852510e-06	1.544870e-05
776           	3.404310e-05	1.600500e-05	4.810230e-06	1.531350e-05
777           	3.374190e-05	1.586690e-05	4.768390e-06	1.518110e-05
778           	3.344360e-05	1.572990e-05	4.726710e-06	1.504830e-05
779           	3.314690e-05	1.559330e-05	4.685490e-06	1.491730e-05
780           	3.285400e-05	1.545830e-05	4.644480e-06	1.478710e-05
781           	3.256310e-05	1.532430e-05	4.603930e-06	1.465880e-05
782           	3.227540e-05	1.519150e-05	4.563670e-06	1.453020e-05
783           	3.198940e-05	1.505990e-05	4.523900e-06	1.440210e-05
784           	3.170650e-05	1.493010e-05	4.484470e-06	1.427560e-05
785           	3.142430e-05	1.480040e-05	4.445540e-06	1.415360e-05
786           	3.114480e-05	1.467150e-05	4.406900e-06	1.402950e-05
787           	3.086650e-05	1.454320e-05	4.368710e-06	1.390750e-05
788           	3.059180e-05	1.441680e-05	4.330820e-06	1.378640e-05
789           	3.031930e-05	1.429190e-05	4.293400e-06	1.366730e-05
790           	3.005040e-05	1.416780e-05	4.256230e-06	1.354880e-05
791           	2.978400e-05	1.404520e-05	4.219580e-06	1.343220e-05
792           	2.952080e-05	1.392330e-05	4.183150e-06	1.331580e-05
793           	2.925920e-05	1.380230e-05	4.146990e-06	1.320080e-05
794           	2.900020e-05	1.368190e-05	4.111010e-06	1.308520e-05
795           	2.874260e-05	1.356250e-05	4.075390e-06	1.297160e-05
796           	2.848760e-05	1.344400e-05	4.039940e-06	1.285840e-05
797           	2.823410e-05	1.332640e-05	4.004860e-06	1.274660e-05
798           	2.798320e-05	1.320970e-05	3.969970e-06	1.263490e-05
799           	2.773430e-05	1.309410e-05	3.935480e-06	1.252520e-05
800           	2.748890e-05	1.297960e-05	3.901210e-06	1.241550e-05
801           	2.724520e-05	1.286600e-05	3.867360e-06	1.230790e-05
802           	2.700410e-05	1.275310e-05	3.833660e-06	1.220030e-05
803           	2.676450e-05	1.264090e-05	3.800300e-06	1.209400e-05
804           	2.652770e-05	1.252900e-05	3.767140e-06	1.198770e-05
805           	2.629230e-05	1.241860e-05	3.734360e-06	1.188320e-05
806           	2.605970e-05	1.230810e-05	3.701760e-06	1.177850e-05
807           	2.582820e-05	1.219940e-05	3.669560e-06	1.167550e-05
808           	2.559910e-05	1.209140e-05	3.637530e-06	1.157300e-05
809           	2.537100e-05	1.198460e-05	3.605840e-06	1.147180e-05
810           	2.514550e-05	1.187850e-05	3.574350e-06	1.137050e-05
811           	2.492100e-05	1.177360e-05	3.543190e-06	1.127090e-05
812           	2.469890e-05	1.166900e-05	3.512070e-06	1.117100e-05
813           	2.447780e-05	1.156570e-05	3.481390e-06	1.107290e-05
814           	2.425910e-05	1.146280e-05	3.450920e-06	1.097540e-05
815           	2.404180e-05	1.136110e-05	3.420800e-06	1.087890e-05
816           	2.382710e-05	1.125990e-05	3.390850e-06	1.078250e-05
817           	2.361360e-05	1.116010e-05	3.361240e-06	1.068740e-05
818           	2.340240e-05	1.106070e-05	3.331810e-06	1.059260e-05
819           	2.319240e-05	1.096230e-05	3.302690e-06	1.049930e-05
820           	2.298470e-05	1.086400e-05	3.273750e-06	1.040690e-05
821           	2.277780e-05	1.076720e-05	3.245130e-06	1.031500e-05
822           	2.257320e-05	1.067080e-05	3.216730e-06	1.022390e-05
823           	2.236940e-05	1.057520e-05	3.188690e-06	1.013450e-05
824           	2.216690e-05	1.047930e-05	3.160810e-06	1.004450e-05
825           	2.196530e-05	1.038570e-05	3.133280e-06	9.956280e-06
826           	2.176650e-05	1.029280e-05	3.105930e-06	9.868470e-06
827           	2.156900e-05	1.020080e-05	3.078870e-06	9.781510e-06
828           	2.137450e-05	1.010950e-05	3.051960e-06	9.695260e-06
829           	2.118070e-05	1.001860e-05	3.025320e-06	9.609680e-06
830           	2.098980e-05	9.929470e-06	2.998800e-06	9.524220e-06
831           	2.080120e-05	9.842300e-06	2.972640e-06	9.440230e-06
832           	2.061460e-05	9.755150e-06	2.946270e-06	9.357790e-06
833           	2.042860e-05	9.668820e-06	2.920370e-06	9.274810e-06
834           	2.024440e-05	9.582550e-06	2.894650e-06	9.192120e-06
835           	2.006110e-05	9.497080e-06	2.869220e-06	9.110930e-06
836           	1.988000e-05	9.411800e-06	2.843990e-06	9.029880e-06
837           	1.970000e-05	9.327600e-06	2.819060e-06	8.949970e-06
838           	1.952250e-05	9.243830e-06	2.794300e-06	8.870480e-06
839           	1.934480e-05	9.160850e-06	2.769360e-06	8.791910e-06
840           	1.916840e-05	9.078220e-06	2.744670e-06	8.713170e-06
841           	1.899340e-05	8.993960e-06	2.719980e-06	8.633380e-06
842           	1.882040e-05	8.915430e-06	2.696050e-06	8.556070e-06
843           	1.864770e-05	8.834940e-06	2.672460e-06	8.480520e-06
844           	1.847750e-05	8.754400e-06	2.648950e-06	8.405380e-06
845           	1.830840e-05	8.674980e-06	2.625650e-06	8.330410e-06
846           	1.814240e-05	8.593790e-06	2.602130e-06	8.253920e-06
847           	1.797770e-05	8.518760e-06	2.579380e-06	8.180800e-06
848           	1.781480e-05	8.440660e-06	2.556790e-06	8.108040e-06
849           	1.765260e-05	8.363500e-06	2.534330e-06	8.036280e-06
850           	1.749350e-05	8.285230e-06	2.511640e-06	7.962780e-06
851           	1.733500e-05	8.212790e-06	2.489710e-06	7.891980e-06
852           	1.717830e-05	8.137670e-06	2.467950e-06	7.821980e-06
853           	1.702240e-05	8.063580e-06	2.446320e-06	7.752970e-06
854           	1.686920e-05	7.988100e-06	2.424480e-06	7.681910e-06
855           	1.671670e-05	7.918310e-06	2.403370e-06	7.613930e-06
856           	1.656590e-05	7.845950e-06	2.382440e-06	7.546620e-06
857           	1.641580e-05	7.774410e-06	2.361600e-06	7.479950e-06
858           	1.626840e-05	7.701750e-06	2.340550e-06	7.411560e-06
859           	1.612160e-05	7.634570e-06	2.320200e-06	7.346220e-06
860           	1.597640e-05	7.564520e-06	2.300000e-06	7.281220e-06
861           	1.583150e-05	7.495570e-06	2.279900e-06	7.217330e-06
862           	1.568930e-05	7.425470e-06	2.259600e-06	7.151950e-06
863           	1.554750e-05	7.360450e-06	2.239980e-06	7.088900e-06
864           	1.540710e-05	7.293000e-06	2.220480e-06	7.026190e-06
865           	1.526740e-05	7.226540e-06	2.201060e-06	6.964450e-06
866           	1.513010e-05	7.158720e-06	2.181440e-06	6.900680e-06
867           	1.499330e-05	7.096040e-06	2.162470e-06	6.839720e-06
868           	1.485800e-05	7.030990e-06	2.143650e-06	6.779230e-06
869           	1.472320e-05	6.966780e-06	2.124930e-06	6.719240e-06
870           	1.459020e-05	6.903020e-06	2.106290e-06	6.658880e-06
871           	1.445850e-05	6.838480e-06	2.087560e-06	6.598130e-06
872           	1.432830e-05	6.778150e-06	2.069400e-06	6.539150e-06
873           	1.419800e-05	6.716820e-06	2.051420e-06	6.481420e-06
874           	1.406940e-05	6.655150e-06	2.033450e-06	6.423760e-06
875           	1.394170e-05	6.592740e-06	2.015370e-06	6.364970e-06
876           	1.381570e-05	6.534370e-06	1.997790e-06	6.308100e-06
877           	1.368980e-05	6.475260e-06	1.980400e-06	6.252510e-06
878           	1.356540e-05	6.415580e-06	1.963020e-06	6.196490e-06
879           	1.344150e-05	6.357200e-06	1.945770e-06	6.141310e-06
880           	1.331950e-05	6.299090e-06	1.928630e-06	6.086300e-06
881           	1.319800e-05	6.242290e-06	1.911680e-06	6.032160e-06
882           	1.307830e-05	6.185490e-06	1.894870e-06	5.978090e-06
883           	1.295940e-05	6.130190e-06	1.878270e-06	5.925300e-06
884           	1.284210e-05	6.075040e-06	1.861810e-06	5.872400e-06
885           	1.272550e-05	6.020950e-06	1.845560e-06	5.820690e-06
886           	1.261090e-05	5.966900e-06	1.829460e-06	5.769060e-06
887           	1.249710e-05	5.913670e-06	1.813540e-06	5.718210e-06
888           	1.238500e-05	5.860580e-06	1.797740e-06	5.667470e-06
889           	1.227350e-05	5.808450e-06	1.782110e-06	5.617790e-06
890           	1.216340e-05	5.756080e-06	1.766590e-06	5.567720e-06
891           	1.205370e-05	5.704750e-06	1.751220e-06	5.518700e-06
892           	1.194590e-05	5.653420e-06	1.735950e-06	5.469710e-06
893           	1.183780e-05	5.602410e-06	1.720840e-06	5.421450e-06
894           	1.173090e-05	5.551710e-06	1.705810e-06	5.373030e-06
895           	1.162430e-05	5.501890e-06	1.690920e-06	5.325640e-06
896           	1.151900e-05	5.452190e-06	1.676130e-06	5.277730e-06
897           	1.141440e-05	5.403490e-06	1.661490e-06	5.230940e-06
898           	1.131140e-05	5.354780e-06	1.646950e-06	5.184190e-06
899           	1.120880e-05	5.306680e-06	1.632540e-06	5.138220e-06
900           	1.110790e-05	5.258870e-06	1.618230e-06	5.092670e-06
901           	1.100740e-05	5.211930e-06	1.604090e-06	5.047870e-06
902           	1.090830e-05	5.164880e-06	1.590060e-06	5.002610e-06
903           	1.080950e-05	5.118830e-06	1.576180e-06	4.958440e-06
904           	1.071210e-05	5.073070e-06	1.562430e-06	4.914300e-06
905           	1.061520e-05	5.027870e-06	1.548850e-06	4.870930e-06
906           	1.051990e-05	4.983070e-06	1.535350e-06	4.827440e-06
907           	1.042500e-05	4.939170e-06	1.522080e-06	4.785350e-06
908           	1.033140e-05	4.895160e-06	1.508870e-06	4.742640e-06
909           	1.023820e-05	4.852040e-06	1.495870e-06	4.701210e-06
910           	1.014640e-05	4.809060e-06	1.482900e-06	4.659400e-06
911           	1.005490e-05	4.766580e-06	1.470100e-06	4.618430e-06
912           	9.964590e-06	4.724490e-06	1.457420e-06	4.577490e-06
913           	9.874720e-06	4.682990e-06	1.444870e-06	4.537750e-06
914           	9.786150e-06	4.641550e-06	1.432430e-06	4.497410e-06
915           	9.698070e-06	4.601010e-06	1.420120e-06	4.457970e-06
916           	9.611550e-06	4.560700e-06	1.407890e-06	4.418580e-06
917           	9.525420e-06	4.520640e-06	1.395800e-06	4.379870e-06
918           	9.440620e-06	4.481030e-06	1.383790e-06	4.341040e-06
919           	9.356250e-06	4.441980e-06	1.371890e-06	4.303250e-06
920           	9.272960e-06	4.402940e-06	1.360070e-06	4.264980e-06
921           	9.189910e-06	4.364420e-06	1.348360e-06	4.227680e-06
922           	9.108340e-06	4.326240e-06	1.336710e-06	4.190430e-06
923           	9.027060e-06	4.288260e-06	1.325190e-06	4.153710e-06
924           	8.946840e-06	4.250770e-06	1.313740e-06	4.116830e-06
925           	8.866940e-06	4.213820e-06	1.302420e-06	4.080990e-06
926           	8.787970e-06	4.176980e-06	1.291180e-06	4.044760e-06
927           	8.709150e-06	4.140850e-06	1.280070e-06	4.009480e-06
928           	8.631450e-06	4.104960e-06	1.269060e-06	3.974100e-06
929           	8.553820e-06	4.069290e-06	1.258120e-06	3.939270e-06
930           	8.477320e-06	4.033840e-06	1.247250e-06	3.904190e-06
931           	8.401070e-06	3.999020e-06	1.236520e-06	3.870200e-06
932           	8.325960e-06	3.964130e-06	1.225870e-06	3.835690e-06
933           	8.250950e-06	3.930030e-06	1.215360e-06	3.802210e-06
934           	8.177230e-06	3.896140e-06	1.204930e-06	3.768650e-06
935           	8.103600e-06	3.862570e-06	1.194630e-06	3.735720e-06
936           	8.031040e-06	3.829400e-06	1.184410e-06	3.702670e-06
937           	7.958720e-06	3.796760e-06	1.174320e-06	3.670660e-06
938           	7.887430e-06	3.763970e-06	1.164250e-06	3.638170e-06
939           	7.816290e-06	3.731630e-06	1.154250e-06	3.606880e-06
940           	7.746310e-06	3.699690e-06	1.144340e-06	3.575250e-06
941           	7.676510e-06	3.667830e-06	1.134520e-06	3.544040e-06
942           	7.607710e-06	3.636400e-06	1.124790e-06	3.512680e-06
943           	7.539130e-06	3.605340e-06	1.115140e-06	3.482230e-06
944           	7.471490e-06	3.574360e-06	1.105570e-06	3.451250e-06
945           	7.404040e-06	3.543790e-06	1.096100e-06	3.421390e-06
946           	7.337730e-06	3.513530e-06	1.086710e-06	3.391630e-06
947           	7.271590e-06	3.483430e-06	1.077420e-06	3.362190e-06
948           	7.206420e-06	3.453740e-06	1.068200e-06	3.332500e-06
949           	7.141520e-06	3.424360e-06	1.059070e-06	3.303760e-06
950           	7.077550e-06	3.394960e-06	1.050010e-06	3.274440e-06
951           	7.013710e-06	3.366050e-06	1.041040e-06	3.246050e-06
952           	6.950910e-06	3.337430e-06	1.032140e-06	3.217520e-06
953           	6.888260e-06	3.308890e-06	1.023350e-06	3.189520e-06
954           	6.826560e-06	3.280770e-06	1.014620e-06	3.161350e-06
955           	6.765130e-06	3.253000e-06	1.005980e-06	3.134100e-06
956           	6.704610e-06	3.225260e-06	9.974150e-07	3.106350e-06
957           	6.644310e-06	3.197950e-06	9.889380e-07	3.079440e-06
958           	6.584970e-06	3.170940e-06	9.805170e-07	3.052380e-06
959           	6.525730e-06	3.143870e-06	9.721890e-07	3.025910e-06
960           	6.467310e-06	3.117240e-06	9.639170e-07	2.999250e-06
961           	6.409080e-06	3.090820e-06	9.557320e-07	2.973460e-06
962           	6.351700e-06	3.064450e-06	9.476050e-07	2.947130e-06
963           	6.294460e-06	3.038410e-06	9.395660e-07	2.921500e-06
964           	6.238180e-06	3.012670e-06	9.315790e-07	2.895880e-06
965           	6.182000e-06	2.986890e-06	9.236820e-07	2.870750e-06
966           	6.126570e-06	2.961460e-06	9.158400e-07	2.845360e-06
967           	6.071340e-06	2.936310e-06	9.080870e-07	2.820900e-06
968           	6.016950e-06	2.911180e-06	9.003870e-07	2.795900e-06
969           	5.962740e-06	2.886460e-06	8.927750e-07	2.771770e-06
970           	5.909420e-06	2.862000e-06	8.852150e-07	2.747490e-06
971           	5.856110e-06	2.837460e-06	8.777430e-07	2.723620e-06
972           	5.803570e-06	2.813290e-06	8.703240e-07	2.699590e-06
973           	5.751320e-06	2.789370e-06	8.629880e-07	2.676510e-06
974           	5.699850e-06	2.765500e-06	8.557040e-07	2.652880e-06
975           	5.648540e-06	2.741950e-06	8.485020e-07	2.630060e-06
976           	5.598060e-06	2.718700e-06	8.413510e-07	2.607090e-06
977           	5.547710e-06	2.695390e-06	8.342820e-07	2.584570e-06
978           	5.498080e-06	2.672540e-06	8.272640e-07	2.561840e-06
979           	5.448690e-06	2.649860e-06	8.203240e-07	2.539990e-06
980           	5.400010e-06	2.627220e-06	8.134360e-07	2.517560e-06
981           	5.351480e-06	2.604850e-06	8.066280e-07	2.495970e-06
982           	5.303720e-06	2.582800e-06	7.998630e-07	2.474190e-06
983           	5.256070e-06	2.560690e-06	7.931770e-07	2.452890e-06
984           	5.209110e-06	2.538950e-06	7.865350e-07	2.431340e-06
985           	5.162370e-06	2.517420e-06	7.799660e-07	2.410680e-06
986           	5.116290e-06	2.495850e-06	7.734410e-07	2.389380e-06
987           	5.070340e-06	2.474620e-06	7.669880e-07	2.368940e-06
988           	5.025120e-06	2.453620e-06	7.606020e-07	2.348280e-06
989           	4.979950e-06	2.432550e-06	7.542720e-07	2.328060e-06
990           	4.935360e-06	2.411840e-06	7.479530e-07	2.307540e-06
991           	4.890940e-06	2.391330e-06	7.416990e-07	2.287890e-06
992           	4.847110e-06	2.370810e-06	7.354890e-07	2.267620e-06
993           	4.803440e-06	2.350600e-06	7.293530e-07	2.248190e-06
994           	4.760510e-06	2.330660e-06	7.232600e-07	2.228550e-06
995           	4.717740e-06	2.310610e-06	7.172410e-07	2.209370e-06
996           	4.675580e-06	2.290940e-06	7.112600e-07	2.189920e-06
997           	4.633430e-06	2.271340e-06	7.053520e-07	2.171250e-06
998           	4.591610e-06	2.251760e-06	6.994500e-07	2.151840e-06
999           	4.549700e-06	2.232300e-06	6.936100e-07	2.133020e-06
1000          	4.508180e-06	2.213000e-06	6.877850e-07	2.113720e-06
