# Residuals   
# Time        	p             	Ux            	Uy            	Uz            
1             	1.000000e+00	2.189230e-01	1.000000e+00	1.645970e-01
2             	1.047340e-01	5.744490e-01	2.982220e-01	6.005150e-01
3             	3.170080e-02	4.300800e-01	1.464610e-01	4.518510e-01
4             	4.726860e-02	2.979780e-01	9.295970e-02	2.995900e-01
5             	1.326540e-01	2.591510e-01	7.118400e-02	2.478330e-01
6             	1.420750e-01	2.210620e-01	5.619300e-02	1.995150e-01
7             	1.114830e-01	1.788120e-01	4.706070e-02	1.612220e-01
8             	1.184630e-01	1.413160e-01	4.007770e-02	1.381970e-01
9             	6.573020e-02	1.119840e-01	3.242500e-02	1.124520e-01
10            	5.044040e-02	9.671760e-02	2.583390e-02	9.075550e-02
11            	4.093800e-02	8.402610e-02	2.155720e-02	7.782700e-02
12            	3.734100e-02	7.343170e-02	1.852380e-02	6.792640e-02
13            	3.580160e-02	6.414050e-02	1.650490e-02	5.882690e-02
14            	3.606390e-02	5.683550e-02	1.507860e-02	5.216190e-02
15            	3.677410e-02	5.068550e-02	1.396610e-02	4.733350e-02
16            	3.775200e-02	4.570430e-02	1.275280e-02	4.236220e-02
17            	3.870590e-02	4.118240e-02	1.152480e-02	3.799430e-02
18            	3.924990e-02	3.687420e-02	1.045410e-02	3.475890e-02
19            	4.007840e-02	3.285120e-02	9.501840e-03	3.187490e-02
20            	4.109780e-02	2.962210e-02	8.560900e-03	2.899710e-02
21            	4.277250e-02	2.720660e-02	7.705220e-03	2.655080e-02
22            	4.535600e-02	2.529190e-02	7.009110e-03	2.463410e-02
23            	4.841560e-02	2.358170e-02	6.470190e-03	2.312530e-02
24            	5.205550e-02	2.212150e-02	6.069040e-03	2.184020e-02
25            	4.737810e-02	2.084130e-02	5.777460e-03	2.083930e-02
26            	4.224690e-02	1.968090e-02	5.546290e-03	1.993020e-02
27            	3.860670e-02	1.864590e-02	5.312090e-03	1.907330e-02
28            	3.680070e-02	1.747180e-02	4.991090e-03	1.806160e-02
29            	3.477050e-02	1.648300e-02	4.783510e-03	1.740370e-02
30            	3.284420e-02	1.558570e-02	4.579870e-03	1.672940e-02
31            	3.116450e-02	1.477080e-02	4.413660e-03	1.607810e-02
32            	2.964750e-02	1.405330e-02	4.293710e-03	1.550150e-02
33            	2.860910e-02	1.347440e-02	4.208340e-03	1.497920e-02
34            	2.787430e-02	1.309480e-02	4.156950e-03	1.463020e-02
35            	2.737760e-02	1.288480e-02	4.126650e-03	1.449110e-02
36            	2.693540e-02	1.280580e-02	4.089220e-03	1.441600e-02
37            	2.644710e-02	1.285450e-02	4.069340e-03	1.434830e-02
38            	2.591960e-02	1.291050e-02	4.029770e-03	1.419610e-02
39            	2.529050e-02	1.292080e-02	3.990670e-03	1.395800e-02
40            	2.482310e-02	1.292000e-02	3.942580e-03	1.366070e-02
41            	2.444530e-02	1.290780e-02	3.880340e-03	1.333620e-02
42            	2.430770e-02	1.282460e-02	3.788170e-03	1.300020e-02
43            	2.411800e-02	1.265890e-02	3.679730e-03	1.269970e-02
44            	2.375980e-02	1.241710e-02	3.551480e-03	1.234520e-02
45            	2.331880e-02	1.213330e-02	3.423160e-03	1.203100e-02
46            	2.283280e-02	1.178080e-02	3.290240e-03	1.171660e-02
47            	2.225590e-02	1.144460e-02	3.170800e-03	1.151580e-02
48            	2.150640e-02	1.098910e-02	3.052990e-03	1.122980e-02
49            	2.052300e-02	1.066950e-02	2.956750e-03	1.098710e-02
50            	1.947150e-02	1.040670e-02	2.880490e-03	1.072570e-02
51            	1.850390e-02	1.024770e-02	2.834010e-03	1.054370e-02
52            	1.764770e-02	1.013310e-02	2.797560e-03	1.038270e-02
53            	1.690970e-02	1.001300e-02	2.756900e-03	1.018090e-02
54            	1.632140e-02	9.884790e-03	2.725710e-03	9.967590e-03
55            	1.595690e-02	9.845680e-03	2.706710e-03	9.763350e-03
56            	1.587460e-02	9.886020e-03	2.717070e-03	9.654050e-03
57            	1.603820e-02	1.001170e-02	2.738960e-03	9.646050e-03
58            	1.620100e-02	1.016130e-02	2.779020e-03	9.793280e-03
59            	1.636810e-02	1.054430e-02	2.855160e-03	1.010680e-02
60            	1.635630e-02	1.097850e-02	2.950160e-03	1.014210e-02
61            	1.612240e-02	1.151450e-02	3.033080e-03	1.013600e-02
62            	1.568120e-02	1.181010e-02	3.054380e-03	9.918850e-03
63            	1.521620e-02	1.197530e-02	3.034700e-03	9.756110e-03
64            	1.530790e-02	1.202250e-02	3.021850e-03	9.611940e-03
65            	1.622870e-02	1.202920e-02	3.012510e-03	9.623240e-03
66            	1.763510e-02	1.220800e-02	3.007560e-03	9.794440e-03
67            	1.888560e-02	1.265540e-02	3.074530e-03	1.035020e-02
68            	1.948010e-02	1.352890e-02	3.211400e-03	1.124100e-02
69            	1.965290e-02	1.447530e-02	3.392610e-03	1.202440e-02
70            	1.961400e-02	1.546160e-02	3.577470e-03	1.263780e-02
71            	1.934720e-02	1.630770e-02	3.786600e-03	1.313910e-02
72            	1.917200e-02	1.717410e-02	3.994560e-03	1.365130e-02
73            	1.911990e-02	1.796890e-02	4.218430e-03	1.414630e-02
74            	1.983490e-02	1.868700e-02	4.369470e-03	1.470120e-02
75            	2.154050e-02	1.942030e-02	4.494770e-03	1.530040e-02
76            	2.374850e-02	2.001410e-02	4.653890e-03	1.593510e-02
77            	2.627410e-02	2.065900e-02	4.861360e-03	1.658200e-02
78            	2.758450e-02	2.082820e-02	5.047440e-03	1.725660e-02
79            	2.813720e-02	2.148790e-02	5.313520e-03	1.839540e-02
80            	2.905540e-02	2.277870e-02	5.536860e-03	1.967240e-02
81            	3.011210e-02	2.402330e-02	5.796600e-03	2.049120e-02
82            	3.010570e-02	2.483670e-02	5.934190e-03	2.051880e-02
83            	2.888400e-02	2.517990e-02	5.961270e-03	1.985330e-02
84            	2.796620e-02	2.463790e-02	5.955870e-03	1.907630e-02
85            	2.858000e-02	2.397040e-02	5.846350e-03	1.834230e-02
86            	2.973760e-02	2.315020e-02	5.697030e-03	1.772560e-02
87            	3.082470e-02	2.260970e-02	5.606230e-03	1.739470e-02
88            	3.118850e-02	2.263260e-02	5.588330e-03	1.770020e-02
89            	3.172710e-02	2.317340e-02	5.617580e-03	1.880450e-02
90            	3.209710e-02	2.370870e-02	5.650300e-03	1.979770e-02
91            	3.210230e-02	2.399610e-02	5.657740e-03	2.027330e-02
92            	3.134200e-02	2.461970e-02	5.728130e-03	2.073350e-02
93            	3.045380e-02	2.517970e-02	5.799910e-03	2.093560e-02
94            	2.982440e-02	2.567580e-02	5.964590e-03	2.116580e-02
95            	2.966440e-02	2.624450e-02	6.121700e-03	2.157910e-02
96            	2.962280e-02	2.669190e-02	6.280110e-03	2.188180e-02
97            	3.064310e-02	2.691020e-02	6.370230e-03	2.199760e-02
98            	3.246130e-02	2.716090e-02	6.468490e-03	2.225230e-02
99            	3.402110e-02	2.746000e-02	6.557160e-03	2.280040e-02
100           	3.529610e-02	2.800600e-02	6.785630e-03	2.348560e-02
101           	3.582040e-02	2.839340e-02	7.013830e-03	2.434710e-02
102           	3.610080e-02	2.932810e-02	7.267790e-03	2.553310e-02
103           	3.666890e-02	3.053250e-02	7.458550e-03	2.659820e-02
104           	3.646790e-02	3.063310e-02	7.464320e-03	2.651280e-02
105           	3.534620e-02	3.003650e-02	7.255310e-03	2.511270e-02
106           	3.505750e-02	2.901750e-02	6.999020e-03	2.315050e-02
107           	3.494990e-02	2.748410e-02	6.764150e-03	2.150490e-02
108           	3.517160e-02	2.611390e-02	6.409990e-03	2.019060e-02
109           	3.551460e-02	2.464180e-02	6.115480e-03	1.928940e-02
110           	3.529880e-02	2.399210e-02	5.866010e-03	1.892210e-02
111           	3.508590e-02	2.407840e-02	5.669470e-03	1.937660e-02
112           	3.483760e-02	2.416900e-02	5.519380e-03	1.984520e-02
113           	3.523640e-02	2.367530e-02	5.385320e-03	2.017470e-02
114           	3.455830e-02	2.288350e-02	5.188790e-03	1.994090e-02
115           	3.351940e-02	2.234570e-02	5.078130e-03	1.944840e-02
116           	3.191400e-02	2.231200e-02	5.066200e-03	1.937840e-02
117           	3.005210e-02	2.228780e-02	5.046030e-03	1.913800e-02
118           	2.839720e-02	2.241450e-02	5.065440e-03	1.896460e-02
119           	2.737250e-02	2.235960e-02	5.118110e-03	1.878060e-02
120           	2.743800e-02	2.222140e-02	5.134160e-03	1.852400e-02
121           	2.750500e-02	2.191200e-02	5.155100e-03	1.824290e-02
122           	2.826430e-02	2.212400e-02	5.233770e-03	1.831680e-02
123           	2.940690e-02	2.213570e-02	5.361670e-03	1.853270e-02
124           	3.008480e-02	2.251560e-02	5.567660e-03	1.933830e-02
125           	3.082410e-02	2.331150e-02	5.745310e-03	2.021720e-02
126           	3.104900e-02	2.438230e-02	5.874680e-03	2.112530e-02
127           	3.044400e-02	2.483650e-02	5.890350e-03	2.092680e-02
128           	2.922240e-02	2.499930e-02	5.889850e-03	2.014840e-02
129           	2.843750e-02	2.466090e-02	5.863020e-03	1.905960e-02
130           	2.891220e-02	2.395940e-02	5.869310e-03	1.836510e-02
131           	3.000270e-02	2.343960e-02	5.769760e-03	1.772380e-02
132           	3.113020e-02	2.279560e-02	5.640410e-03	1.727520e-02
133           	3.120730e-02	2.266380e-02	5.565370e-03	1.750700e-02
134           	3.172570e-02	2.298110e-02	5.539990e-03	1.839510e-02
135           	3.221400e-02	2.334220e-02	5.598320e-03	1.946880e-02
136           	3.236430e-02	2.356370e-02	5.611580e-03	2.004480e-02
137           	3.176590e-02	2.398620e-02	5.662470e-03	2.039940e-02
138           	3.093810e-02	2.457890e-02	5.734340e-03	2.057270e-02
139           	2.994930e-02	2.516740e-02	5.827380e-03	2.070930e-02
140           	2.921690e-02	2.576290e-02	6.005260e-03	2.109210e-02
141           	2.903620e-02	2.601380e-02	6.204390e-03	2.152130e-02
142           	2.975700e-02	2.630380e-02	6.313380e-03	2.171650e-02
143           	3.139800e-02	2.646910e-02	6.384480e-03	2.196040e-02
144           	3.339570e-02	2.696840e-02	6.520570e-03	2.260610e-02
145           	3.497790e-02	2.740750e-02	6.688480e-03	2.332510e-02
146           	3.593640e-02	2.778120e-02	6.929790e-03	2.379720e-02
147           	3.577160e-02	2.877970e-02	7.283410e-03	2.518680e-02
148           	3.620860e-02	3.016210e-02	7.552190e-03	2.644720e-02
149           	3.635860e-02	3.088790e-02	7.620260e-03	2.716980e-02
150           	3.536520e-02	3.082750e-02	7.463570e-03	2.620720e-02
151           	3.408360e-02	2.996590e-02	7.173460e-03	2.440050e-02
152           	3.423990e-02	2.844780e-02	6.975860e-03	2.256240e-02
153           	3.514420e-02	2.687670e-02	6.698750e-03	2.097140e-02
154           	3.620600e-02	2.549740e-02	6.379710e-03	1.995220e-02
155           	3.680060e-02	2.449240e-02	6.147170e-03	1.942370e-02
156           	3.643710e-02	2.449880e-02	5.929580e-03	1.952550e-02
157           	3.542490e-02	2.471170e-02	5.767480e-03	2.005460e-02
158           	3.520890e-02	2.433590e-02	5.543780e-03	2.059630e-02
159           	3.468290e-02	2.340780e-02	5.294360e-03	2.054740e-02
160           	3.368620e-02	2.250720e-02	5.113690e-03	1.992170e-02
161           	3.228020e-02	2.208450e-02	5.044260e-03	1.932800e-02
162           	3.042890e-02	2.228790e-02	5.035830e-03	1.920260e-02
163           	2.870930e-02	2.238690e-02	5.055990e-03	1.894520e-02
164           	2.770820e-02	2.241320e-02	5.114400e-03	1.881970e-02
165           	2.743500e-02	2.233470e-02	5.125500e-03	1.859850e-02
166           	2.744250e-02	2.209860e-02	5.129670e-03	1.832570e-02
167           	2.754900e-02	2.206530e-02	5.168570e-03	1.818320e-02
168           	2.871490e-02	2.220950e-02	5.293670e-03	1.845720e-02
169           	2.948420e-02	2.230190e-02	5.437680e-03	1.904280e-02
170           	3.033350e-02	2.270880e-02	5.621790e-03	1.980000e-02
171           	3.094690e-02	2.340040e-02	5.718720e-03	2.047380e-02
172           	3.075440e-02	2.417120e-02	5.789920e-03	2.088430e-02
173           	2.968340e-02	2.450810e-02	5.823660e-03	2.042870e-02
174           	2.783430e-02	2.439740e-02	5.825720e-03	1.944960e-02
175           	2.781690e-02	2.389230e-02	5.815450e-03	1.836530e-02
176           	2.904080e-02	2.305030e-02	5.762550e-03	1.758490e-02
177           	3.034910e-02	2.224500e-02	5.605740e-03	1.696250e-02
178           	3.072040e-02	2.183000e-02	5.492370e-03	1.688080e-02
179           	3.068220e-02	2.174620e-02	5.443900e-03	1.737410e-02
180           	3.153940e-02	2.230180e-02	5.451080e-03	1.856510e-02
181           	3.235370e-02	2.267010e-02	5.517740e-03	1.956990e-02
182           	3.241130e-02	2.292160e-02	5.567140e-03	2.008010e-02
183           	3.186280e-02	2.364330e-02	5.660840e-03	2.042340e-02
184           	3.098280e-02	2.439030e-02	5.731680e-03	2.057560e-02
185           	2.995080e-02	2.506970e-02	5.869380e-03	2.080490e-02
186           	2.919210e-02	2.566410e-02	6.086090e-03	2.127670e-02
187           	2.910610e-02	2.586760e-02	6.274950e-03	2.166700e-02
188           	3.015220e-02	2.597680e-02	6.349390e-03	2.180490e-02
189           	3.169370e-02	2.624890e-02	6.414060e-03	2.206380e-02
190           	3.390680e-02	2.678360e-02	6.599870e-03	2.280370e-02
191           	3.543310e-02	2.723140e-02	6.806990e-03	2.351710e-02
192           	3.572990e-02	2.759020e-02	7.098410e-03	2.419120e-02
193           	3.599800e-02	2.891720e-02	7.428570e-03	2.562020e-02
194           	3.624030e-02	3.030350e-02	7.611030e-03	2.693500e-02
195           	3.594460e-02	3.053720e-02	7.547740e-03	2.674050e-02
196           	3.466400e-02	3.021600e-02	7.307080e-03	2.527490e-02
197           	3.308780e-02	2.897380e-02	7.035710e-03	2.338920e-02
198           	3.309920e-02	2.718570e-02	6.790570e-03	2.155830e-02
199           	3.467640e-02	2.552420e-02	6.481100e-03	2.010020e-02
200           	3.581040e-02	2.433530e-02	6.176250e-03	1.933840e-02
201           	3.615670e-02	2.376560e-02	5.937750e-03	1.897950e-02
202           	3.524830e-02	2.399580e-02	5.774180e-03	1.939640e-02
203           	3.484020e-02	2.395900e-02	5.572930e-03	1.997350e-02
204           	3.425990e-02	2.328480e-02	5.313880e-03	2.021130e-02
205           	3.315910e-02	2.228700e-02	5.059100e-03	1.969300e-02
206           	3.181060e-02	2.149300e-02	4.922250e-03	1.908800e-02
207           	3.014740e-02	2.141560e-02	4.889140e-03	1.877220e-02
208           	2.821610e-02	2.145800e-02	4.879310e-03	1.840700e-02
209           	2.689500e-02	2.156760e-02	4.927740e-03	1.817010e-02
210           	2.624780e-02	2.167720e-02	4.950240e-03	1.799910e-02
211           	2.629180e-02	2.157140e-02	4.964440e-03	1.775380e-02
212           	2.651200e-02	2.140840e-02	4.961820e-03	1.748600e-02
213           	2.695650e-02	2.150240e-02	5.032610e-03	1.761380e-02
214           	2.797670e-02	2.170700e-02	5.173530e-03	1.798900e-02
215           	2.886960e-02	2.206020e-02	5.363460e-03	1.870900e-02
216           	2.944110e-02	2.260470e-02	5.496460e-03	1.945160e-02
217           	2.948860e-02	2.323850e-02	5.544130e-03	1.994110e-02
218           	2.891940e-02	2.368930e-02	5.606560e-03	1.997820e-02
219           	2.783950e-02	2.383420e-02	5.603890e-03	1.926240e-02
220           	2.711300e-02	2.354910e-02	5.619890e-03	1.823200e-02
221           	2.723930e-02	2.304450e-02	5.609310e-03	1.738680e-02
222           	2.802820e-02	2.231750e-02	5.487680e-03	1.662140e-02
223           	2.865340e-02	2.165740e-02	5.337730e-03	1.627450e-02
224           	2.951750e-02	2.128010e-02	5.250340e-03	1.635230e-02
225           	2.994980e-02	2.160010e-02	5.264740e-03	1.721960e-02
226           	3.069710e-02	2.215870e-02	5.287320e-03	1.833070e-02
227           	3.082520e-02	2.241700e-02	5.322950e-03	1.907530e-02
228           	3.033580e-02	2.287900e-02	5.388060e-03	1.956050e-02
229           	2.949590e-02	2.339040e-02	5.453360e-03	1.969190e-02
230           	2.846390e-02	2.387170e-02	5.590200e-03	1.977200e-02
231           	2.761490e-02	2.443170e-02	5.757250e-03	2.020710e-02
232           	2.708700e-02	2.474700e-02	5.958910e-03	2.060610e-02
233           	2.767260e-02	2.494820e-02	6.079250e-03	2.087450e-02
234           	2.918870e-02	2.518120e-02	6.159040e-03	2.126070e-02
235           	3.110960e-02	2.540830e-02	6.276070e-03	2.175350e-02
236           	3.271340e-02	2.574170e-02	6.453990e-03	2.218790e-02
237           	3.359380e-02	2.606600e-02	6.686530e-03	2.253540e-02
238           	3.345590e-02	2.710180e-02	6.951590e-03	2.373860e-02
239           	3.379940e-02	2.819490e-02	7.085220e-03	2.466100e-02
240           	3.357000e-02	2.875020e-02	7.071050e-03	2.493040e-02
241           	3.227300e-02	2.857000e-02	6.855980e-03	2.381130e-02
242           	3.085760e-02	2.755540e-02	6.597910e-03	2.210700e-02
243           	3.073370e-02	2.604680e-02	6.366570e-03	2.035630e-02
244           	3.172560e-02	2.461420e-02	6.117150e-03	1.890060e-02
245           	3.255460e-02	2.338000e-02	5.864270e-03	1.808560e-02
246           	3.252570e-02	2.251530e-02	5.621620e-03	1.754140e-02
247           	3.197960e-02	2.249450e-02	5.414280e-03	1.770840e-02
248           	3.163290e-02	2.254330e-02	5.213780e-03	1.819510e-02
249           	3.139390e-02	2.219480e-02	5.028390e-03	1.855840e-02
250           	3.051030e-02	2.148900e-02	4.844030e-03	1.849640e-02
251           	2.925380e-02	2.079730e-02	4.711100e-03	1.802120e-02
252           	2.776700e-02	2.051790e-02	4.685490e-03	1.773810e-02
253           	2.630060e-02	2.043090e-02	4.738370e-03	1.750970e-02
254           	2.508170e-02	2.054340e-02	4.785460e-03	1.734160e-02
255           	2.435820e-02	2.074360e-02	4.829930e-03	1.730900e-02
256           	2.407460e-02	2.075250e-02	4.857350e-03	1.714830e-02
257           	2.426000e-02	2.064370e-02	4.887060e-03	1.708830e-02
258           	2.466750e-02	2.061290e-02	4.932910e-03	1.723860e-02
259           	2.557920e-02	2.058380e-02	5.059220e-03	1.720280e-02
260           	2.657500e-02	2.080560e-02	5.173850e-03	1.754220e-02
261           	2.698920e-02	2.143130e-02	5.241330e-03	1.813320e-02
262           	2.682530e-02	2.214030e-02	5.244940e-03	1.865270e-02
263           	2.607440e-02	2.236090e-02	5.160950e-03	1.842290e-02
264           	2.500210e-02	2.208710e-02	5.062280e-03	1.776520e-02
265           	2.442930e-02	2.149940e-02	4.982300e-03	1.665160e-02
266           	2.428280e-02	2.074250e-02	4.886430e-03	1.547570e-02
267           	2.413860e-02	1.974520e-02	4.777450e-03	1.455530e-02
268           	2.400360e-02	1.889950e-02	4.605430e-03	1.394640e-02
269           	2.449660e-02	1.845980e-02	4.437980e-03	1.381600e-02
270           	2.465640e-02	1.833520e-02	4.355620e-03	1.416770e-02
271           	2.484220e-02	1.855290e-02	4.307810e-03	1.474760e-02
272           	2.473410e-02	1.891740e-02	4.289710e-03	1.543350e-02
273           	2.422250e-02	1.899620e-02	4.297660e-03	1.572160e-02
274           	2.336700e-02	1.898920e-02	4.312580e-03	1.565610e-02
275           	2.233910e-02	1.898350e-02	4.409800e-03	1.550730e-02
276           	2.141540e-02	1.904400e-02	4.507380e-03	1.548600e-02
277           	2.078230e-02	1.918500e-02	4.611790e-03	1.573380e-02
278           	2.089300e-02	1.928610e-02	4.711040e-03	1.597840e-02
279           	2.165420e-02	1.940080e-02	4.757300e-03	1.631610e-02
280           	2.257430e-02	1.933970e-02	4.772300e-03	1.645900e-02
281           	2.331440e-02	1.917290e-02	4.828530e-03	1.622300e-02
282           	2.362490e-02	1.937410e-02	4.841720e-03	1.626030e-02
283           	2.384960e-02	1.980750e-02	4.838630e-03	1.645590e-02
284           	2.335770e-02	2.014320e-02	4.780230e-03	1.669640e-02
285           	2.242120e-02	2.025710e-02	4.621790e-03	1.641590e-02
286           	2.147960e-02	1.980680e-02	4.492280e-03	1.577150e-02
287           	2.136820e-02	1.894850e-02	4.344670e-03	1.476420e-02
288           	2.130700e-02	1.774830e-02	4.145890e-03	1.354990e-02
289           	2.092230e-02	1.655260e-02	3.922070e-03	1.250820e-02
290           	2.054820e-02	1.549190e-02	3.708700e-03	1.169780e-02
291           	2.027350e-02	1.486740e-02	3.525660e-03	1.127800e-02
292           	1.993150e-02	1.457010e-02	3.388960e-03	1.126760e-02
293           	1.936430e-02	1.454270e-02	3.322810e-03	1.152290e-02
294           	1.871720e-02	1.480010e-02	3.269530e-03	1.188790e-02
295           	1.794690e-02	1.480400e-02	3.212890e-03	1.193330e-02
296           	1.716260e-02	1.457910e-02	3.209620e-03	1.177050e-02
297           	1.633150e-02	1.434990e-02	3.267410e-03	1.152370e-02
298           	1.582930e-02	1.417580e-02	3.322020e-03	1.137700e-02
299           	1.567100e-02	1.399810e-02	3.327690e-03	1.138010e-02
300           	1.587310e-02	1.370550e-02	3.261320e-03	1.138530e-02
301           	1.604760e-02	1.328080e-02	3.169030e-03	1.118510e-02
302           	1.616250e-02	1.273230e-02	3.080900e-03	1.087960e-02
303           	1.608760e-02	1.241210e-02	2.984720e-03	1.065500e-02
304           	1.584720e-02	1.232840e-02	2.901370e-03	1.043760e-02
305           	1.545310e-02	1.237100e-02	2.845720e-03	1.019860e-02
306           	1.483610e-02	1.252320e-02	2.801080e-03	9.987730e-03
307           	1.407310e-02	1.253530e-02	2.721320e-03	9.774500e-03
308           	1.338310e-02	1.241300e-02	2.693140e-03	9.467390e-03
309           	1.333470e-02	1.212530e-02	2.645170e-03	9.058950e-03
310           	1.357260e-02	1.159660e-02	2.527830e-03	8.529200e-03
311           	1.359760e-02	1.087070e-02	2.351200e-03	8.029440e-03
312           	1.342160e-02	9.932480e-03	2.139780e-03	7.455490e-03
313           	1.297490e-02	9.077020e-03	1.941630e-03	7.019130e-03
314           	1.228530e-02	8.465280e-03	1.772950e-03	6.722550e-03
315           	1.149640e-02	8.095660e-03	1.673590e-03	6.534300e-03
316           	1.063640e-02	7.960840e-03	1.644380e-03	6.437030e-03
317           	9.948880e-03	7.841640e-03	1.661810e-03	6.259320e-03
318           	9.281410e-03	7.814830e-03	1.711580e-03	6.113650e-03
319           	8.863390e-03	7.957310e-03	1.801690e-03	6.099560e-03
320           	8.755910e-03	8.166300e-03	1.875370e-03	6.157520e-03
321           	9.158140e-03	8.349020e-03	1.900060e-03	6.284460e-03
322           	9.659320e-03	8.408790e-03	1.869070e-03	6.353630e-03
323           	9.962920e-03	8.262120e-03	1.794310e-03	6.296810e-03
324           	9.998960e-03	7.830490e-03	1.692600e-03	6.052280e-03
325           	9.806170e-03	7.263740e-03	1.569070e-03	5.807860e-03
326           	9.411040e-03	6.650080e-03	1.438540e-03	5.536070e-03
327           	8.876300e-03	6.181560e-03	1.329130e-03	5.248580e-03
328           	8.241400e-03	5.892830e-03	1.265800e-03	4.967760e-03
329           	7.626200e-03	5.786820e-03	1.230620e-03	4.742540e-03
330           	7.110710e-03	5.735380e-03	1.220460e-03	4.593680e-03
331           	6.703390e-03	5.708150e-03	1.239880e-03	4.466690e-03
332           	6.546440e-03	5.679450e-03	1.245930e-03	4.364470e-03
333           	6.636110e-03	5.588800e-03	1.218970e-03	4.248500e-03
334           	6.762700e-03	5.432040e-03	1.158200e-03	4.114210e-03
335           	6.781470e-03	5.144250e-03	1.072460e-03	3.908730e-03
336           	6.620040e-03	4.809080e-03	9.714920e-04	3.674160e-03
337           	6.324510e-03	4.422900e-03	8.623640e-04	3.455990e-03
338           	5.917700e-03	3.996530e-03	7.635570e-04	3.261480e-03
339           	5.467720e-03	3.630690e-03	6.925410e-04	3.067210e-03
340           	5.009540e-03	3.402440e-03	6.542640e-04	2.875700e-03
341           	4.616460e-03	3.240960e-03	6.506070e-04	2.702900e-03
342           	4.307040e-03	3.176740e-03	6.806620e-04	2.600180e-03
343           	4.089370e-03	3.186850e-03	7.206200e-04	2.578470e-03
344           	4.014740e-03	3.225400e-03	7.520470e-04	2.582830e-03
345           	4.097480e-03	3.257630e-03	7.629290e-04	2.607740e-03
346           	4.280360e-03	3.281590e-03	7.546530e-04	2.616560e-03
347           	4.421640e-03	3.247940e-03	7.286190e-04	2.597440e-03
348           	4.463600e-03	3.125600e-03	6.884550e-04	2.509740e-03
349           	4.397720e-03	2.957530e-03	6.380800e-04	2.394700e-03
350           	4.245880e-03	2.743830e-03	5.827230e-04	2.266740e-03
351           	4.040110e-03	2.502090e-03	5.292650e-04	2.131510e-03
352           	3.797470e-03	2.277200e-03	4.830880e-04	1.997930e-03
353           	3.528000e-03	2.104740e-03	4.469040e-04	1.864330e-03
354           	3.254190e-03	1.988530e-03	4.237190e-04	1.750860e-03
355           	3.003760e-03	1.908750e-03	4.138590e-04	1.673230e-03
356           	2.775330e-03	1.877530e-03	4.160190e-04	1.642930e-03
357           	2.584920e-03	1.860280e-03	4.194940e-04	1.620820e-03
358           	2.477000e-03	1.824050e-03	4.168290e-04	1.590610e-03
359           	2.437930e-03	1.791220e-03	4.085050e-04	1.559060e-03
360           	2.438810e-03	1.752000e-03	3.942960e-04	1.520170e-03
361           	2.432830e-03	1.699970e-03	3.752180e-04	1.473260e-03
362           	2.410100e-03	1.627860e-03	3.536460e-04	1.418630e-03
363           	2.368160e-03	1.534930e-03	3.313310e-04	1.359480e-03
364           	2.319480e-03	1.431530e-03	3.117200e-04	1.295080e-03
365           	2.257540e-03	1.338770e-03	2.974720e-04	1.238960e-03
366           	2.186340e-03	1.249970e-03	2.861840e-04	1.183910e-03
367           	2.109480e-03	1.180360e-03	2.788140e-04	1.133440e-03
368           	2.032570e-03	1.133360e-03	2.764470e-04	1.094210e-03
369           	1.959910e-03	1.103410e-03	2.759610e-04	1.066800e-03
370           	1.901130e-03	1.087240e-03	2.764430e-04	1.055940e-03
371           	1.853640e-03	1.084800e-03	2.770610e-04	1.053840e-03
372           	1.827170e-03	1.087680e-03	2.769770e-04	1.056010e-03
373           	1.816700e-03	1.089940e-03	2.757470e-04	1.056670e-03
374           	1.807210e-03	1.089160e-03	2.729280e-04	1.054940e-03
375           	1.791410e-03	1.083810e-03	2.688000e-04	1.050330e-03
376           	1.768750e-03	1.070890e-03	2.633980e-04	1.041070e-03
377           	1.741650e-03	1.051980e-03	2.576140e-04	1.028160e-03
378           	1.707760e-03	1.028690e-03	2.516910e-04	1.013960e-03
379           	1.669910e-03	1.005980e-03	2.456370e-04	9.981640e-04
380           	1.629420e-03	9.882550e-04	2.397420e-04	9.825760e-04
381           	1.589740e-03	9.740660e-04	2.343650e-04	9.681620e-04
382           	1.554350e-03	9.629510e-04	2.301660e-04	9.566760e-04
383           	1.528750e-03	9.556040e-04	2.271840e-04	9.483250e-04
384           	1.511830e-03	9.501730e-04	2.249020e-04	9.427030e-04
385           	1.501420e-03	9.464970e-04	2.230620e-04	9.383770e-04
386           	1.496570e-03	9.429790e-04	2.210910e-04	9.339060e-04
387           	1.494850e-03	9.390980e-04	2.189500e-04	9.291220e-04
388           	1.493980e-03	9.336550e-04	2.166330e-04	9.237730e-04
389           	1.494250e-03	9.271030e-04	2.140520e-04	9.185210e-04
390           	1.495350e-03	9.196740e-04	2.113470e-04	9.128900e-04
391           	1.495370e-03	9.118760e-04	2.086020e-04	9.062780e-04
392           	1.493490e-03	9.051430e-04	2.057130e-04	8.995900e-04
393           	1.493770e-03	8.966940e-04	2.028830e-04	8.938810e-04
394           	1.490790e-03	8.888500e-04	2.007090e-04	8.855590e-04
395           	1.486130e-03	8.830570e-04	1.986800e-04	8.782940e-04
396           	1.481090e-03	8.794970e-04	1.966970e-04	8.728100e-04
397           	1.475920e-03	8.770060e-04	1.948260e-04	8.683450e-04
398           	1.470030e-03	8.742430e-04	1.929660e-04	8.647850e-04
399           	1.463270e-03	8.712470e-04	1.911190e-04	8.605470e-04
400           	1.455170e-03	8.666950e-04	1.890930e-04	8.545270e-04
401           	1.445690e-03	8.616340e-04	1.867810e-04	8.481360e-04
402           	1.435930e-03	8.558100e-04	1.842610e-04	8.394180e-04
403           	1.424580e-03	8.475140e-04	1.813620e-04	8.291290e-04
404           	1.411550e-03	8.369800e-04	1.780530e-04	8.167400e-04
405           	1.396940e-03	8.247950e-04	1.742620e-04	8.017420e-04
406           	1.380490e-03	8.103830e-04	1.700610e-04	7.852190e-04
407           	1.361150e-03	7.928900e-04	1.654790e-04	7.674060e-04
408           	1.340210e-03	7.737870e-04	1.607080e-04	7.473450e-04
409           	1.319250e-03	7.547540e-04	1.558460e-04	7.261150e-04
410           	1.295490e-03	7.340420e-04	1.507650e-04	7.038880e-04
411           	1.270730e-03	7.131780e-04	1.456260e-04	6.793980e-04
412           	1.243100e-03	6.972300e-04	1.406580e-04	6.588100e-04
413           	1.214100e-03	6.795980e-04	1.356610e-04	6.374830e-04
414           	1.184430e-03	6.608430e-04	1.307500e-04	6.149130e-04
415           	1.154080e-03	6.423320e-04	1.260560e-04	5.928670e-04
416           	1.123550e-03	6.250340e-04	1.216080e-04	5.718510e-04
417           	1.094550e-03	6.089050e-04	1.174810e-04	5.526110e-04
418           	1.066700e-03	5.938620e-04	1.137360e-04	5.345110e-04
419           	1.039510e-03	5.792060e-04	1.103780e-04	5.183650e-04
420           	1.012910e-03	5.651900e-04	1.073920e-04	5.032470e-04
421           	9.880920e-04	5.517500e-04	1.046990e-04	4.897540e-04
422           	9.648790e-04	5.393580e-04	1.023250e-04	4.773950e-04
423           	9.430160e-04	5.275730e-04	1.002370e-04	4.658820e-04
424           	9.222040e-04	5.163940e-04	9.840110e-05	4.553560e-04
425           	9.021220e-04	5.056210e-04	9.673050e-05	4.456460e-04
426           	8.834380e-04	4.958330e-04	9.517930e-05	4.360310e-04
427           	8.662080e-04	4.868540e-04	9.382960e-05	4.275860e-04
428           	8.501230e-04	4.787050e-04	9.268120e-05	4.198690e-04
429           	8.353440e-04	4.717660e-04	9.166220e-05	4.132360e-04
430           	8.217890e-04	4.657740e-04	9.075880e-05	4.079000e-04
431           	8.088680e-04	4.599580e-04	8.994120e-05	4.038520e-04
432           	7.969600e-04	4.553260e-04	8.933640e-05	4.009440e-04
433           	7.862910e-04	4.517160e-04	8.887750e-05	3.992310e-04
434           	7.766700e-04	4.491970e-04	8.861890e-05	3.985160e-04
435           	7.681440e-04	4.475700e-04	8.852450e-05	3.984710e-04
436           	7.614070e-04	4.467640e-04	8.862430e-05	3.994310e-04
437           	7.572040e-04	4.466360e-04	8.893730e-05	4.009400e-04
438           	7.551860e-04	4.469950e-04	8.939440e-05	4.032010e-04
439           	7.539300e-04	4.483650e-04	9.004050e-05	4.060220e-04
440           	7.537580e-04	4.504770e-04	9.080370e-05	4.092880e-04
441           	7.555070e-04	4.532040e-04	9.169300e-05	4.131430e-04
442           	7.585860e-04	4.561420e-04	9.271200e-05	4.174580e-04
443           	7.625930e-04	4.593780e-04	9.380050e-05	4.222760e-04
444           	7.673880e-04	4.629950e-04	9.498960e-05	4.270600e-04
445           	7.721920e-04	4.665930e-04	9.625810e-05	4.320030e-04
446           	7.772510e-04	4.700670e-04	9.764470e-05	4.370390e-04
447           	7.830550e-04	4.737420e-04	9.909070e-05	4.425360e-04
448           	7.881080e-04	4.774920e-04	1.005190e-04	4.480970e-04
449           	7.943600e-04	4.772560e-04	1.016230e-04	4.507090e-04
450           	8.004110e-04	4.818380e-04	1.030850e-04	4.566330e-04
451           	8.047900e-04	4.861530e-04	1.044790e-04	4.626910e-04
452           	8.095900e-04	4.864000e-04	1.054970e-04	4.658320e-04
453           	8.158180e-04	4.878530e-04	1.065460e-04	4.688770e-04
454           	8.200210e-04	4.934560e-04	1.078640e-04	4.750430e-04
455           	8.244720e-04	4.945310e-04	1.088210e-04	4.781640e-04
456           	8.289060e-04	4.961910e-04	1.097170e-04	4.810090e-04
457           	8.331000e-04	4.983930e-04	1.105810e-04	4.842390e-04
458           	8.369180e-04	5.009800e-04	1.114270e-04	4.875000e-04
459           	8.402830e-04	5.037280e-04	1.122350e-04	4.910110e-04
460           	8.433260e-04	5.064360e-04	1.129800e-04	4.945560e-04
461           	8.459430e-04	5.086260e-04	1.136730e-04	4.980460e-04
462           	8.481650e-04	5.106350e-04	1.143120e-04	5.019100e-04
463           	8.502790e-04	5.127340e-04	1.149430e-04	5.054680e-04
464           	8.521800e-04	5.143010e-04	1.154470e-04	5.083280e-04
465           	8.536370e-04	5.158150e-04	1.158470e-04	5.108680e-04
466           	8.545670e-04	5.171620e-04	1.161110e-04	5.132560e-04
467           	8.553060e-04	5.182600e-04	1.162420e-04	5.151080e-04
468           	8.557840e-04	5.190590e-04	1.162400e-04	5.159700e-04
469           	8.555340e-04	5.190480e-04	1.161460e-04	5.159270e-04
470           	8.549030e-04	5.187150e-04	1.159520e-04	5.157300e-04
471           	8.538320e-04	5.182990e-04	1.156750e-04	5.152060e-04
472           	8.527030e-04	5.175870e-04	1.153270e-04	5.145990e-04
473           	8.510500e-04	5.166290e-04	1.149130e-04	5.136030e-04
474           	8.488040e-04	5.155350e-04	1.144670e-04	5.129070e-04
475           	8.460080e-04	5.142150e-04	1.139740e-04	5.121130e-04
476           	8.427520e-04	5.130540e-04	1.134660e-04	5.118130e-04
477           	8.394640e-04	5.118290e-04	1.129760e-04	5.109600e-04
478           	8.361290e-04	5.107580e-04	1.125110e-04	5.095650e-04
479           	8.327120e-04	5.094230e-04	1.120030e-04	5.086450e-04
480           	8.288410e-04	5.076960e-04	1.114650e-04	5.075520e-04
481           	8.249110e-04	5.054840e-04	1.109030e-04	5.064570e-04
482           	8.210750e-04	5.034890e-04	1.103250e-04	5.054490e-04
483           	8.172410e-04	5.016890e-04	1.097410e-04	5.033210e-04
484           	8.133820e-04	4.998280e-04	1.091160e-04	5.014310e-04
485           	8.095890e-04	4.979930e-04	1.084410e-04	4.991010e-04
486           	8.055610e-04	4.958250e-04	1.076470e-04	4.962610e-04
487           	8.012380e-04	4.934110e-04	1.067460e-04	4.929870e-04
488           	7.981130e-04	4.908440e-04	1.057690e-04	4.899260e-04
489           	7.925590e-04	4.918060e-04	1.048670e-04	4.892960e-04
490           	7.890370e-04	4.877240e-04	1.037920e-04	4.856930e-04
491           	7.846210e-04	4.873070e-04	1.028600e-04	4.844270e-04
492           	7.800230e-04	4.861350e-04	1.019960e-04	4.830740e-04
493           	7.750520e-04	4.843370e-04	1.011680e-04	4.808290e-04
494           	7.700640e-04	4.821010e-04	1.003490e-04	4.787140e-04
495           	7.651160e-04	4.800320e-04	9.956380e-05	4.764740e-04
496           	7.617660e-04	4.776230e-04	9.876090e-05	4.739110e-04
497           	7.555820e-04	4.757540e-04	9.826860e-05	4.704620e-04
498           	7.505450e-04	4.733010e-04	9.749750e-05	4.683250e-04
499           	7.478660e-04	4.703350e-04	9.662030e-05	4.657750e-04
500           	7.419800e-04	4.676140e-04	9.593210e-05	4.615270e-04
501           	7.384980e-04	4.646900e-04	9.493650e-05	4.582620e-04
502           	7.320600e-04	4.616760e-04	9.405860e-05	4.534710e-04
503           	7.280660e-04	4.583430e-04	9.285530e-05	4.505030e-04
504           	7.215030e-04	4.545350e-04	9.182310e-05	4.458520e-04
505           	7.170960e-04	4.506160e-04	9.051770e-05	4.426610e-04
506           	7.117910e-04	4.468310e-04	8.946660e-05	4.377240e-04
507           	7.063560e-04	4.434170e-04	8.839610e-05	4.336640e-04
508           	6.992060e-04	4.397940e-04	8.734630e-05	4.295340e-04
509           	6.942310e-04	4.358190e-04	8.608590e-05	4.263720e-04
510           	6.880670e-04	4.317350e-04	8.506360e-05	4.218770e-04
511           	6.815300e-04	4.285750e-04	8.405550e-05	4.174010e-04
512           	6.748970e-04	4.255390e-04	8.311290e-05	4.133100e-04
513           	6.685270e-04	4.224510e-04	8.223750e-05	4.098790e-04
514           	6.627800e-04	4.194630e-04	8.141920e-05	4.066280e-04
515           	6.574650e-04	4.162970e-04	8.059000e-05	4.043010e-04
516           	6.526680e-04	4.130320e-04	7.979700e-05	4.012880e-04
517           	6.478180e-04	4.097820e-04	7.898420e-05	3.982180e-04
518           	6.430520e-04	4.064430e-04	7.810790e-05	3.949260e-04
519           	6.384000e-04	4.030130e-04	7.720170e-05	3.914770e-04
520           	6.337100e-04	3.995310e-04	7.627920e-05	3.881130e-04
521           	6.286920e-04	3.959360e-04	7.532790e-05	3.847590e-04
522           	6.235820e-04	3.925050e-04	7.434240e-05	3.817040e-04
523           	6.181760e-04	3.889160e-04	7.334020e-05	3.784860e-04
524           	6.128720e-04	3.853660e-04	7.233210e-05	3.747770e-04
525           	6.075910e-04	3.818850e-04	7.133190e-05	3.715850e-04
526           	6.023290e-04	3.783500e-04	7.039650e-05	3.684020e-04
527           	5.971480e-04	3.749800e-04	6.945390e-05	3.652480e-04
528           	5.918350e-04	3.714040e-04	6.854830e-05	3.619250e-04
529           	5.865620e-04	3.679530e-04	6.769430e-05	3.585150e-04
530           	5.819130e-04	3.647810e-04	6.684900e-05	3.555120e-04
531           	5.757710e-04	3.613630e-04	6.611660e-05	3.537720e-04
532           	5.716790e-04	3.588420e-04	6.530820e-05	3.508930e-04
533           	5.672080e-04	3.557800e-04	6.462890e-05	3.485940e-04
534           	5.630370e-04	3.528620e-04	6.395260e-05	3.465450e-04
535           	5.591950e-04	3.501430e-04	6.329830e-05	3.444840e-04
536           	5.555330e-04	3.475860e-04	6.265310e-05	3.419100e-04
537           	5.518650e-04	3.451090e-04	6.203070e-05	3.398080e-04
538           	5.482670e-04	3.426570e-04	6.139970e-05	3.378210e-04
539           	5.443500e-04	3.403230e-04	6.075300e-05	3.360940e-04
540           	5.405920e-04	3.376940e-04	6.012790e-05	3.341250e-04
541           	5.370110e-04	3.352330e-04	5.952860e-05	3.317550e-04
542           	5.332740e-04	3.328100e-04	5.893630e-05	3.302590e-04
543           	5.294510e-04	3.304470e-04	5.837290e-05	3.283590e-04
544           	5.256970e-04	3.280630e-04	5.779480e-05	3.263140e-04
545           	5.221210e-04	3.260000e-04	5.728020e-05	3.241050e-04
546           	5.187880e-04	3.239470e-04	5.677330e-05	3.223190e-04
547           	5.153790e-04	3.220160e-04	5.633840e-05	3.203390e-04
548           	5.118610e-04	3.201830e-04	5.592660e-05	3.185670e-04
549           	5.086910e-04	3.183930e-04	5.555620e-05	3.174950e-04
550           	5.058290e-04	3.169180e-04	5.522590e-05	3.160140e-04
551           	5.030840e-04	3.159750e-04	5.495850e-05	3.146320e-04
552           	5.005150e-04	3.147950e-04	5.470550e-05	3.131070e-04
553           	4.982680e-04	3.136440e-04	5.451490e-05	3.120700e-04
554           	4.964060e-04	3.126200e-04	5.438590e-05	3.114650e-04
555           	4.946950e-04	3.120750e-04	5.433030e-05	3.110280e-04
556           	4.933550e-04	3.116570e-04	5.435010e-05	3.109820e-04
557           	4.924060e-04	3.118350e-04	5.446270e-05	3.111250e-04
558           	4.915940e-04	3.123510e-04	5.465470e-05	3.118780e-04
559           	4.912800e-04	3.128930e-04	5.492520e-05	3.126250e-04
560           	4.914310e-04	3.137170e-04	5.528720e-05	3.138130e-04
561           	4.922130e-04	3.151050e-04	5.568390e-05	3.152410e-04
562           	4.936440e-04	3.168520e-04	5.611990e-05	3.168990e-04
563           	4.955450e-04	3.188330e-04	5.660310e-05	3.187240e-04
564           	4.980810e-04	3.210900e-04	5.712190e-05	3.206050e-04
565           	5.009540e-04	3.233610e-04	5.767420e-05	3.223910e-04
566           	5.041800e-04	3.258220e-04	5.824510e-05	3.242290e-04
567           	5.078380e-04	3.284510e-04	5.881630e-05	3.259670e-04
568           	5.121120e-04	3.311720e-04	5.942230e-05	3.275920e-04
569           	5.166830e-04	3.337050e-04	6.003750e-05	3.290500e-04
570           	5.209000e-04	3.361030e-04	6.065130e-05	3.302770e-04
571           	5.265260e-04	3.394350e-04	6.121110e-05	3.311350e-04
572           	5.309690e-04	3.415630e-04	6.181520e-05	3.321560e-04
573           	5.365260e-04	3.447640e-04	6.230790e-05	3.323690e-04
574           	5.405070e-04	3.462000e-04	6.283460e-05	3.331820e-04
575           	5.451830e-04	3.488760e-04	6.325600e-05	3.335780e-04
576           	5.507810e-04	3.512730e-04	6.363100e-05	3.337680e-04
577           	5.548580e-04	3.522490e-04	6.400010e-05	3.344180e-04
578           	5.594590e-04	3.545130e-04	6.424620e-05	3.345370e-04
579           	5.646180e-04	3.564290e-04	6.443830e-05	3.341730e-04
580           	5.677680e-04	3.571090e-04	6.465420e-05	3.343290e-04
581           	5.716380e-04	3.591190e-04	6.475360e-05	3.339200e-04
582           	5.752010e-04	3.607810e-04	6.482780e-05	3.332390e-04
583           	5.783690e-04	3.620920e-04	6.483020e-05	3.324160e-04
584           	5.814370e-04	3.631270e-04	6.476920e-05	3.317020e-04
585           	5.856260e-04	3.638510e-04	6.467990e-05	3.308970e-04
586           	5.871750e-04	3.631590e-04	6.459550e-05	3.305890e-04
587           	5.897710e-04	3.640520e-04	6.438260e-05	3.292940e-04
588           	5.934320e-04	3.646600e-04	6.414280e-05	3.278400e-04
589           	5.941190e-04	3.638540e-04	6.390060e-05	3.269240e-04
590           	5.956410e-04	3.645260e-04	6.356220e-05	3.254200e-04
591           	5.986230e-04	3.646360e-04	6.321480e-05	3.235950e-04
592           	5.999750e-04	3.633900e-04	6.287400e-05	3.223330e-04
593           	6.006190e-04	3.623070e-04	6.251900e-05	3.209500e-04
594           	6.008230e-04	3.613590e-04	6.217080e-05	3.193030e-04
595           	6.008960e-04	3.607310e-04	6.181650e-05	3.176410e-04
596           	6.007900e-04	3.600900e-04	6.147070e-05	3.158230e-04
597           	6.005910e-04	3.593250e-04	6.112990e-05	3.139850e-04
598           	6.001070e-04	3.587450e-04	6.076400e-05	3.122220e-04
599           	5.993020e-04	3.581980e-04	6.039620e-05	3.103250e-04
600           	5.983800e-04	3.574780e-04	6.002830e-05	3.084370e-04
601           	5.972500e-04	3.568490e-04	5.966660e-05	3.064600e-04
602           	5.957330e-04	3.560510e-04	5.935150e-05	3.044800e-04
603           	5.940340e-04	3.550140e-04	5.905670e-05	3.025750e-04
604           	5.921130e-04	3.539410e-04	5.879110e-05	3.008320e-04
605           	5.898930e-04	3.527250e-04	5.855740e-05	2.989090e-04
606           	5.874330e-04	3.515460e-04	5.835360e-05	2.969200e-04
607           	5.847950e-04	3.502560e-04	5.817120e-05	2.950680e-04
608           	5.819850e-04	3.488690e-04	5.801120e-05	2.932220e-04
609           	5.788690e-04	3.472710e-04	5.786450e-05	2.913750e-04
610           	5.755060e-04	3.456770e-04	5.774680e-05	2.895570e-04
611           	5.703320e-04	3.439470e-04	5.767280e-05	2.878420e-04
612           	5.661880e-04	3.416540e-04	5.740360e-05	2.869690e-04
613           	5.620670e-04	3.388310e-04	5.722720e-05	2.859020e-04
614           	5.574840e-04	3.361020e-04	5.710360e-05	2.845430e-04
615           	5.524830e-04	3.334370e-04	5.700050e-05	2.830030e-04
616           	5.472320e-04	3.306940e-04	5.689650e-05	2.812420e-04
617           	5.419560e-04	3.276450e-04	5.678270e-05	2.793870e-04
618           	5.365300e-04	3.244380e-04	5.663660e-05	2.774450e-04
619           	5.310400e-04	3.211470e-04	5.647150e-05	2.753290e-04
620           	5.250800e-04	3.176030e-04	5.629260e-05	2.730320e-04
621           	5.187980e-04	3.139770e-04	5.609980e-05	2.707000e-04
622           	5.124010e-04	3.101450e-04	5.589420e-05	2.684950e-04
623           	5.059010e-04	3.062250e-04	5.566510e-05	2.660950e-04
624           	4.992590e-04	3.020880e-04	5.539970e-05	2.634940e-04
625           	4.924020e-04	2.977820e-04	5.508670e-05	2.606330e-04
626           	4.853830e-04	2.933950e-04	5.471870e-05	2.577160e-04
627           	4.781790e-04	2.887540e-04	5.429880e-05	2.545440e-04
628           	4.707070e-04	2.839480e-04	5.380430e-05	2.510550e-04
629           	4.629590e-04	2.789180e-04	5.321920e-05	2.472380e-04
630           	4.550130e-04	2.736690e-04	5.257820e-05	2.432640e-04
631           	4.468510e-04	2.681400e-04	5.187220e-05	2.390930e-04
632           	4.385190e-04	2.623850e-04	5.108870e-05	2.346940e-04
633           	4.298560e-04	2.563990e-04	5.025720e-05	2.300360e-04
634           	4.210060e-04	2.501710e-04	4.937120e-05	2.254090e-04
635           	4.120560e-04	2.438390e-04	4.842070e-05	2.205990e-04
636           	4.029360e-04	2.374520e-04	4.741080e-05	2.157640e-04
637           	3.937070e-04	2.309930e-04	4.634730e-05	2.107160e-04
638           	3.845930e-04	2.244950e-04	4.525690e-05	2.057480e-04
639           	3.749670e-04	2.181180e-04	4.413840e-05	2.008950e-04
640           	3.669380e-04	2.128360e-04	4.299350e-05	1.960380e-04
641           	3.577320e-04	2.062640e-04	4.180720e-05	1.913590e-04
642           	3.501120e-04	2.009230e-04	4.061000e-05	1.866870e-04
643           	3.414460e-04	1.945120e-04	3.939490e-05	1.822320e-04
644           	3.335950e-04	1.892740e-04	3.819370e-05	1.778740e-04
645           	3.272760e-04	1.841250e-04	3.698060e-05	1.735050e-04
646           	3.198870e-04	1.783560e-04	3.588220e-05	1.689520e-04
647           	3.132720e-04	1.738900e-04	3.478390e-05	1.646150e-04
648           	3.074390e-04	1.696390e-04	3.365380e-05	1.606280e-04
649           	3.006320e-04	1.645660e-04	3.251950e-05	1.571120e-04
650           	2.943000e-04	1.604030e-04	3.139890e-05	1.536860e-04
651           	2.886740e-04	1.562770e-04	3.030300e-05	1.503970e-04
652           	2.822080e-04	1.515650e-04	2.924470e-05	1.473970e-04
653           	2.768110e-04	1.479500e-04	2.822360e-05	1.444500e-04
654           	2.707760e-04	1.439790e-04	2.725560e-05	1.418340e-04
655           	2.655180e-04	1.410090e-04	2.633450e-05	1.392260e-04
656           	2.599680e-04	1.376490e-04	2.546840e-05	1.368940e-04
657           	2.546500e-04	1.347930e-04	2.466920e-05	1.348070e-04
658           	2.497530e-04	1.322060e-04	2.394000e-05	1.329400e-04
659           	2.451530e-04	1.299320e-04	2.328930e-05	1.312380e-04
660           	2.408530e-04	1.279860e-04	2.270180e-05	1.297950e-04
661           	2.368640e-04	1.262160e-04	2.219120e-05	1.285700e-04
662           	2.331000e-04	1.246830e-04	2.174800e-05	1.276250e-04
663           	2.296190e-04	1.234170e-04	2.140590e-05	1.269180e-04
664           	2.269200e-04	1.223760e-04	2.115740e-05	1.264620e-04
665           	2.243120e-04	1.219370e-04	2.108560e-05	1.265700e-04
666           	2.219210e-04	1.219220e-04	2.108940e-05	1.267340e-04
667           	2.198510e-04	1.222440e-04	2.117070e-05	1.272100e-04
668           	2.181620e-04	1.228600e-04	2.134440e-05	1.279440e-04
669           	2.169920e-04	1.237980e-04	2.160320e-05	1.289010e-04
670           	2.163280e-04	1.251010e-04	2.192320e-05	1.300400e-04
671           	2.160950e-04	1.267330e-04	2.228860e-05	1.313690e-04
672           	2.164080e-04	1.285740e-04	2.268970e-05	1.327240e-04
673           	2.170580e-04	1.306270e-04	2.311680e-05	1.341670e-04
674           	2.182760e-04	1.329720e-04	2.356460e-05	1.356250e-04
675           	2.202160e-04	1.354270e-04	2.402950e-05	1.371950e-04
676           	2.226930e-04	1.379880e-04	2.451060e-05	1.387980e-04
677           	2.256440e-04	1.406060e-04	2.499140e-05	1.404790e-04
678           	2.289780e-04	1.431760e-04	2.546760e-05	1.422320e-04
679           	2.327630e-04	1.459100e-04	2.595460e-05	1.441210e-04
680           	2.367230e-04	1.485320e-04	2.641260e-05	1.459170e-04
681           	2.408480e-04	1.511500e-04	2.687070e-05	1.475940e-04
682           	2.450640e-04	1.537410e-04	2.731500e-05	1.493110e-04
683           	2.492690e-04	1.562860e-04	2.774720e-05	1.509800e-04
684           	2.535240e-04	1.587960e-04	2.816440e-05	1.526620e-04
685           	2.578730e-04	1.613690e-04	2.856880e-05	1.542830e-04
686           	2.614770e-04	1.637860e-04	2.895240e-05	1.559970e-04
687           	2.655900e-04	1.658570e-04	2.923990e-05	1.576630e-04
688           	2.696540e-04	1.676910e-04	2.951250e-05	1.593510e-04
689           	2.735650e-04	1.694870e-04	2.979090e-05	1.608170e-04
690           	2.772200e-04	1.712060e-04	3.005050e-05	1.619950e-04
691           	2.807180e-04	1.729530e-04	3.029330e-05	1.630000e-04
692           	2.842400e-04	1.746980e-04	3.052190e-05	1.641570e-04
693           	2.874600e-04	1.762400e-04	3.070520e-05	1.650020e-04
694           	2.906010e-04	1.777220e-04	3.090780e-05	1.656650e-04
695           	2.935680e-04	1.791450e-04	3.106440e-05	1.663450e-04
696           	2.964830e-04	1.805310e-04	3.123280e-05	1.669930e-04
697           	2.993110e-04	1.819320e-04	3.139550e-05	1.675370e-04
698           	3.020070e-04	1.832050e-04	3.154910e-05	1.680020e-04
699           	3.045440e-04	1.844150e-04	3.169470e-05	1.684590e-04
700           	3.069470e-04	1.855950e-04	3.183300e-05	1.688460e-04
701           	3.092120e-04	1.866260e-04	3.194980e-05	1.690670e-04
702           	3.113200e-04	1.875880e-04	3.205060e-05	1.692340e-04
703           	3.133110e-04	1.884610e-04	3.213560e-05	1.693360e-04
704           	3.151550e-04	1.891930e-04	3.220290e-05	1.693310e-04
705           	3.168340e-04	1.898320e-04	3.225360e-05	1.692050e-04
706           	3.183860e-04	1.903380e-04	3.228330e-05	1.689820e-04
707           	3.197670e-04	1.907200e-04	3.229300e-05	1.687370e-04
708           	3.209750e-04	1.910670e-04	3.227750e-05	1.683460e-04
709           	3.219400e-04	1.912910e-04	3.223350e-05	1.677630e-04
710           	3.226840e-04	1.913460e-04	3.216230e-05	1.671170e-04
711           	3.232200e-04	1.912840e-04	3.207530e-05	1.664080e-04
712           	3.235320e-04	1.911370e-04	3.196900e-05	1.655700e-04
713           	3.236870e-04	1.908990e-04	3.184790e-05	1.646520e-04
714           	3.236780e-04	1.906330e-04	3.171330e-05	1.636040e-04
715           	3.234500e-04	1.902110e-04	3.156460e-05	1.625080e-04
716           	3.230280e-04	1.897160e-04	3.140260e-05	1.615380e-04
717           	3.223910e-04	1.891090e-04	3.122950e-05	1.604450e-04
718           	3.207630e-04	1.884120e-04	3.107220e-05	1.591840e-04
719           	3.205000e-04	1.882630e-04	3.089530e-05	1.576250e-04
720           	3.185210e-04	1.872390e-04	3.069880e-05	1.564260e-04
721           	3.179540e-04	1.868230e-04	3.050510e-05	1.550430e-04
722           	3.157230e-04	1.855580e-04	3.031290e-05	1.539540e-04
723           	3.140620e-04	1.849250e-04	3.013450e-05	1.526240e-04
724           	3.123290e-04	1.841110e-04	2.994970e-05	1.511810e-04
725           	3.098040e-04	1.831650e-04	2.975240e-05	1.497530e-04
726           	3.074900e-04	1.818150e-04	2.944550e-05	1.488340e-04
727           	3.050970e-04	1.803310e-04	2.919720e-05	1.477440e-04
728           	3.025520e-04	1.787760e-04	2.898410e-05	1.464010e-04
729           	2.998760e-04	1.772360e-04	2.878420e-05	1.448620e-04
730           	2.970610e-04	1.756860e-04	2.858500e-05	1.432400e-04
731           	2.941250e-04	1.741590e-04	2.838600e-05	1.416390e-04
732           	2.911880e-04	1.725600e-04	2.818440e-05	1.400550e-04
733           	2.882620e-04	1.709130e-04	2.798280e-05	1.385440e-04
734           	2.853100e-04	1.691370e-04	2.778070e-05	1.370770e-04
735           	2.822450e-04	1.673510e-04	2.757150e-05	1.356000e-04
736           	2.790730e-04	1.654630e-04	2.736410e-05	1.341370e-04
737           	2.757460e-04	1.634500e-04	2.715410e-05	1.324910e-04
738           	2.722110e-04	1.613370e-04	2.694360e-05	1.308760e-04
739           	2.685030e-04	1.592090e-04	2.672600e-05	1.292350e-04
740           	2.646470e-04	1.570030e-04	2.649650e-05	1.274840e-04
741           	2.607240e-04	1.548150e-04	2.625110e-05	1.257530e-04
742           	2.566890e-04	1.524970e-04	2.598940e-05	1.239210e-04
743           	2.525000e-04	1.501050e-04	2.571220e-05	1.220880e-04
744           	2.482470e-04	1.476480e-04	2.541940e-05	1.201580e-04
745           	2.439740e-04	1.450510e-04	2.511680e-05	1.182360e-04
746           	2.396230e-04	1.424070e-04	2.479650e-05	1.162590e-04
747           	2.351970e-04	1.396970e-04	2.446030e-05	1.142860e-04
748           	2.306970e-04	1.368980e-04	2.410920e-05	1.122820e-04
749           	2.261470e-04	1.340360e-04	2.374780e-05	1.102230e-04
750           	2.215430e-04	1.310720e-04	2.336900e-05	1.081230e-04
751           	2.168710e-04	1.280760e-04	2.297660e-05	1.060840e-04
752           	2.121760e-04	1.250560e-04	2.256900e-05	1.039950e-04
753           	2.074690e-04	1.220120e-04	2.214650e-05	1.019280e-04
754           	2.027940e-04	1.189240e-04	2.171440e-05	9.991980e-05
755           	1.981390e-04	1.158770e-04	2.127040e-05	9.790570e-05
756           	1.936010e-04	1.128310e-04	2.080960e-05	9.593670e-05
757           	1.892150e-04	1.098000e-04	2.033650e-05	9.400690e-05
758           	1.852590e-04	1.068440e-04	1.985270e-05	9.211270e-05
759           	1.814380e-04	1.041420e-04	1.942750e-05	9.010020e-05
760           	1.777690e-04	1.015670e-04	1.898950e-05	8.821590e-05
761           	1.741830e-04	9.908960e-05	1.852900e-05	8.649350e-05
762           	1.706110e-04	9.663770e-05	1.805210e-05	8.481850e-05
763           	1.671460e-04	9.419970e-05	1.755360e-05	8.317720e-05
764           	1.638320e-04	9.177820e-05	1.704930e-05	8.154000e-05
765           	1.609700e-04	8.938890e-05	1.654350e-05	7.996760e-05
766           	1.574530e-04	8.665980e-05	1.605340e-05	7.852020e-05
767           	1.546640e-04	8.463250e-05	1.555050e-05	7.707600e-05
768           	1.514280e-04	8.224010e-05	1.508910e-05	7.576710e-05
769           	1.488090e-04	8.045100e-05	1.462960e-05	7.448740e-05
770           	1.458060e-04	7.840040e-05	1.421860e-05	7.336850e-05
771           	1.432790e-04	7.697670e-05	1.381680e-05	7.224770e-05
772           	1.404350e-04	7.526310e-05	1.347340e-05	7.133100e-05
773           	1.381150e-04	7.410480e-05	1.314170e-05	7.045680e-05
774           	1.356640e-04	7.272870e-05	1.286480e-05	6.979860e-05
775           	1.337400e-04	7.180430e-05	1.259310e-05	6.912150e-05
776           	1.318490e-04	7.071590e-05	1.237200e-05	6.861210e-05
777           	1.299870e-04	6.982910e-05	1.217270e-05	6.824000e-05
778           	1.286140e-04	6.930350e-05	1.197770e-05	6.778710e-05
779           	1.272300e-04	6.867140e-05	1.182840e-05	6.755250e-05
780           	1.259030e-04	6.826490e-05	1.170030e-05	6.740190e-05
781           	1.250480e-04	6.824610e-05	1.159050e-05	6.723570e-05
782           	1.241430e-04	6.824440e-05	1.154800e-05	6.735720e-05
783           	1.235740e-04	6.862430e-05	1.150690e-05	6.740740e-05
784           	1.231090e-04	6.890040e-05	1.152490e-05	6.759960e-05
785           	1.229180e-04	6.948770e-05	1.157690e-05	6.798130e-05
786           	1.230830e-04	7.029710e-05	1.166680e-05	6.842840e-05
787           	1.234770e-04	7.129880e-05	1.179530e-05	6.895640e-05
788           	1.240030e-04	7.249210e-05	1.195540e-05	6.957860e-05
789           	1.252570e-04	7.401410e-05	1.213660e-05	7.016960e-05
790           	1.265830e-04	7.540930e-05	1.236170e-05	7.104810e-05
791           	1.279260e-04	7.695290e-05	1.260860e-05	7.200290e-05
792           	1.299320e-04	7.866950e-05	1.286410e-05	7.286160e-05
793           	1.316040e-04	8.018640e-05	1.313410e-05	7.390260e-05
794           	1.339500e-04	8.195560e-05	1.339880e-05	7.481530e-05
795           	1.358860e-04	8.342840e-05	1.367250e-05	7.586470e-05
796           	1.384940e-04	8.510990e-05	1.393140e-05	7.678340e-05
797           	1.405300e-04	8.654470e-05	1.419170e-05	7.782080e-05
798           	1.428610e-04	8.817650e-05	1.443950e-05	7.867240e-05
799           	1.451660e-04	8.971740e-05	1.467590e-05	7.946800e-05
800           	1.474120e-04	9.121350e-05	1.490510e-05	8.033710e-05
801           	1.495250e-04	9.255260e-05	1.510800e-05	8.105070e-05
802           	1.516210e-04	9.379610e-05	1.531270e-05	8.169670e-05
803           	1.535900e-04	9.494890e-05	1.548880e-05	8.224970e-05
804           	1.554580e-04	9.602150e-05	1.565570e-05	8.278160e-05
805           	1.572890e-04	9.700220e-05	1.580900e-05	8.324720e-05
806           	1.590220e-04	9.789310e-05	1.594590e-05	8.362720e-05
807           	1.606270e-04	9.870490e-05	1.607280e-05	8.394470e-05
808           	1.621020e-04	9.945590e-05	1.618630e-05	8.420540e-05
809           	1.634440e-04	1.001370e-04	1.628480e-05	8.438040e-05
810           	1.646650e-04	1.007290e-04	1.637170e-05	8.449900e-05
811           	1.662890e-04	1.012300e-04	1.644160e-05	8.450900e-05
812           	1.666960e-04	1.014150e-04	1.651130e-05	8.472510e-05
813           	1.673900e-04	1.018130e-04	1.656490e-05	8.460850e-05
814           	1.680120e-04	1.021360e-04	1.660890e-05	8.440520e-05
815           	1.690810e-04	1.023590e-04	1.663480e-05	8.418700e-05
816           	1.688830e-04	1.022340e-04	1.665460e-05	8.416970e-05
817           	1.696020e-04	1.023350e-04	1.665940e-05	8.386100e-05
818           	1.691700e-04	1.020900e-04	1.666880e-05	8.366570e-05
819           	1.696440e-04	1.021150e-04	1.665810e-05	8.320610e-05
820           	1.690080e-04	1.017910e-04	1.665040e-05	8.290110e-05
821           	1.692800e-04	1.017430e-04	1.662130e-05	8.236890e-05
822           	1.689920e-04	1.013080e-04	1.659660e-05	8.197930e-05
823           	1.675600e-04	1.008730e-04	1.656090e-05	8.155240e-05
824           	1.673040e-04	1.004720e-04	1.644060e-05	8.108560e-05
825           	1.665390e-04	9.965990e-05	1.634620e-05	8.065560e-05
826           	1.650300e-04	9.893600e-05	1.626170e-05	8.015190e-05
827           	1.644820e-04	9.842570e-05	1.617060e-05	7.934150e-05
828           	1.634010e-04	9.753890e-05	1.608150e-05	7.864600e-05
829           	1.621290e-04	9.665770e-05	1.598100e-05	7.795270e-05
830           	1.607610e-04	9.567700e-05	1.587350e-05	7.722970e-05
831           	1.593200e-04	9.466440e-05	1.575770e-05	7.643980e-05
832           	1.578040e-04	9.364180e-05	1.563330e-05	7.560600e-05
833           	1.561930e-04	9.256200e-05	1.550140e-05	7.470990e-05
834           	1.544840e-04	9.145350e-05	1.536180e-05	7.379810e-05
835           	1.526740e-04	9.028230e-05	1.521280e-05	7.279830e-05
836           	1.507380e-04	8.907590e-05	1.505660e-05	7.184160e-05
837           	1.486910e-04	8.783600e-05	1.489320e-05	7.084980e-05
838           	1.465590e-04	8.656490e-05	1.472400e-05	6.983420e-05
839           	1.443550e-04	8.522210e-05	1.454880e-05	6.878480e-05
840           	1.420980e-04	8.383110e-05	1.436780e-05	6.770850e-05
841           	1.397780e-04	8.241380e-05	1.418100e-05	6.661680e-05
842           	1.374160e-04	8.096040e-05	1.398950e-05	6.552490e-05
843           	1.349990e-04	7.944580e-05	1.379130e-05	6.440310e-05
844           	1.325360e-04	7.789180e-05	1.358410e-05	6.328930e-05
845           	1.300570e-04	7.631510e-05	1.336990e-05	6.215750e-05
846           	1.275570e-04	7.472470e-05	1.314920e-05	6.103520e-05
847           	1.250440e-04	7.308660e-05	1.291970e-05	5.989470e-05
848           	1.225160e-04	7.144060e-05	1.268400e-05	5.876830e-05
849           	1.199940e-04	6.976180e-05	1.244340e-05	5.765230e-05
850           	1.174710e-04	6.808090e-05	1.219930e-05	5.653920e-05
851           	1.149490e-04	6.636840e-05	1.194880e-05	5.541520e-05
852           	1.124240e-04	6.467710e-05	1.169030e-05	5.430850e-05
853           	1.099730e-04	6.302680e-05	1.142670e-05	5.324300e-05
854           	1.075950e-04	6.139660e-05	1.115560e-05	5.219930e-05
855           	1.054230e-04	5.978250e-05	1.087650e-05	5.120650e-05
856           	1.033480e-04	5.828290e-05	1.063010e-05	5.010740e-05
857           	1.013700e-04	5.688800e-05	1.036700e-05	4.909640e-05
858           	9.944150e-05	5.553900e-05	1.009170e-05	4.816400e-05
859           	9.755630e-05	5.415440e-05	9.803130e-06	4.725530e-05
860           	9.570700e-05	5.278670e-05	9.507760e-06	4.638450e-05
861           	9.391510e-05	5.143640e-05	9.212730e-06	4.553420e-05
862           	9.220260e-05	5.013950e-05	8.924580e-06	4.471580e-05
863           	9.053570e-05	4.887470e-05	8.639410e-06	4.394810e-05
864           	8.891550e-05	4.768130e-05	8.366500e-06	4.323890e-05
865           	8.735330e-05	4.655620e-05	8.106940e-06	4.257620e-05
866           	8.587170e-05	4.552920e-05	7.865820e-06	4.198900e-05
867           	8.450060e-05	4.459980e-05	7.643940e-06	4.144240e-05
868           	8.323530e-05	4.378970e-05	7.446120e-06	4.098700e-05
869           	8.206840e-05	4.306550e-05	7.270260e-06	4.056900e-05
870           	8.102410e-05	4.244990e-05	7.116540e-06	4.024760e-05
871           	8.008200e-05	4.192170e-05	6.982470e-06	3.997820e-05
872           	7.939980e-05	4.147140e-05	6.868370e-06	3.975590e-05
873           	7.879290e-05	4.123660e-05	6.799170e-06	3.961600e-05
874           	7.823630e-05	4.111040e-05	6.742100e-06	3.951010e-05
875           	7.771940e-05	4.103280e-05	6.696520e-06	3.946760e-05
876           	7.729220e-05	4.102990e-05	6.667880e-06	3.946980e-05
877           	7.697540e-05	4.114330e-05	6.660860e-06	3.955100e-05
878           	7.677470e-05	4.140380e-05	6.675060e-06	3.968810e-05
879           	7.669880e-05	4.175560e-05	6.708410e-06	3.986530e-05
880           	7.675390e-05	4.222800e-05	6.764170e-06	4.008550e-05
881           	7.693820e-05	4.281620e-05	6.836390e-06	4.038380e-05
882           	7.730550e-05	4.354940e-05	6.922410e-06	4.073190e-05
883           	7.781610e-05	4.436390e-05	7.025620e-06	4.112640e-05
884           	7.849040e-05	4.525730e-05	7.140510e-06	4.159320e-05
885           	7.935170e-05	4.621790e-05	7.271720e-06	4.212100e-05
886           	8.047480e-05	4.724070e-05	7.417660e-06	4.271730e-05
887           	8.167550e-05	4.828180e-05	7.572250e-06	4.331900e-05
888           	8.282870e-05	4.934370e-05	7.732980e-06	4.393540e-05
889           	8.415990e-05	5.027260e-05	7.864270e-06	4.455320e-05
890           	8.558020e-05	5.125500e-05	8.010610e-06	4.520990e-05
891           	8.700540e-05	5.224880e-05	8.165680e-06	4.583710e-05
892           	8.843730e-05	5.322590e-05	8.320560e-06	4.643270e-05
893           	8.987230e-05	5.416720e-05	8.471750e-06	4.698790e-05
894           	9.130510e-05	5.509890e-05	8.615330e-06	4.751070e-05
895           	9.265900e-05	5.596930e-05	8.751650e-06	4.799390e-05
896           	9.396630e-05	5.680210e-05	8.881620e-06	4.847680e-05
897           	9.523170e-05	5.758280e-05	9.007370e-06	4.891740e-05
898           	9.647870e-05	5.834450e-05	9.129160e-06	4.933830e-05
899           	9.765570e-05	5.904480e-05	9.244820e-06	4.971700e-05
900           	9.876800e-05	5.970340e-05	9.357480e-06	5.006910e-05
901           	9.981390e-05	6.034000e-05	9.467740e-06	5.039960e-05
902           	1.008010e-04	6.094660e-05	9.572660e-06	5.071510e-05
903           	1.014060e-04	6.151250e-05	9.674700e-06	5.099790e-05
904           	1.025100e-04	6.219610e-05	9.770750e-06	5.114630e-05
905           	1.029920e-04	6.263380e-05	9.857070e-06	5.138410e-05
906           	1.039790e-04	6.322410e-05	9.937950e-06	5.152950e-05
907           	1.043010e-04	6.354610e-05	1.001510e-05	5.173330e-05
908           	1.051430e-04	6.398350e-05	1.008410e-05	5.180710e-05
909           	1.053360e-04	6.417740e-05	1.014910e-05	5.194380e-05
910           	1.057100e-04	6.453720e-05	1.020610e-05	5.194920e-05
911           	1.060260e-04	6.479750e-05	1.025520e-05	5.190710e-05
912           	1.062530e-04	6.498880e-05	1.029230e-05	5.184880e-05
913           	1.063980e-04	6.511120e-05	1.032230e-05	5.179680e-05
914           	1.064660e-04	6.515530e-05	1.034470e-05	5.171360e-05
915           	1.064460e-04	6.510800e-05	1.035970e-05	5.159000e-05
916           	1.061330e-04	6.497640e-05	1.036530e-05	5.142520e-05
917           	1.060530e-04	6.469300e-05	1.032000e-05	5.136600e-05
918           	1.055860e-04	6.446010e-05	1.033170e-05	5.106830e-05
919           	1.051330e-04	6.410590e-05	1.028890e-05	5.088670e-05
920           	1.046180e-04	6.366800e-05	1.024720e-05	5.061910e-05
921           	1.040120e-04	6.319660e-05	1.020760e-05	5.028060e-05
922           	1.033230e-04	6.272030e-05	1.016480e-05	4.990290e-05
923           	1.025590e-04	6.219280e-05	1.011610e-05	4.947570e-05
924           	1.017370e-04	6.161880e-05	1.005950e-05	4.901880e-05
925           	1.008440e-04	6.100500e-05	9.996130e-06	4.853990e-05
926           	9.988360e-05	6.035200e-05	9.925580e-06	4.803620e-05
927           	9.919780e-05	5.964390e-05	9.847110e-06	4.749830e-05
928           	9.773330e-05	5.872440e-05	9.766980e-06	4.701980e-05
929           	9.652060e-05	5.800110e-05	9.677040e-06	4.641220e-05
930           	9.565460e-05	5.726350e-05	9.583840e-06	4.576320e-05
931           	9.404760e-05	5.629070e-05	9.483550e-06	4.517130e-05
932           	9.266310e-05	5.552560e-05	9.374430e-06	4.447560e-05
933           	9.163490e-05	5.471860e-05	9.260750e-06	4.375610e-05
934           	8.992230e-05	5.368490e-05	9.140580e-06	4.310900e-05
935           	8.872000e-05	5.282850e-05	9.010930e-06	4.237110e-05
936           	8.693940e-05	5.171810e-05	8.876820e-06	4.166340e-05
937           	8.566760e-05	5.082100e-05	8.733070e-06	4.088490e-05
938           	8.411690e-05	4.968620e-05	8.588710e-06	4.014030e-05
939           	8.220850e-05	4.856680e-05	8.438280e-06	3.938820e-05
940           	8.082820e-05	4.761650e-05	8.282600e-06	3.856950e-05
941           	7.919630e-05	4.641840e-05	8.125100e-06	3.779480e-05
942           	7.748470e-05	4.527600e-05	7.961770e-06	3.704170e-05
943           	7.576020e-05	4.412460e-05	7.797300e-06	3.627610e-05
944           	7.405890e-05	4.296840e-05	7.630630e-06	3.550840e-05
945           	7.238250e-05	4.182780e-05	7.461510e-06	3.475630e-05
946           	7.072870e-05	4.072540e-05	7.289860e-06	3.405310e-05
947           	6.911010e-05	3.963080e-05	7.115090e-06	3.335390e-05
948           	6.762740e-05	3.854100e-05	6.937120e-06	3.266480e-05
949           	6.619330e-05	3.753130e-05	6.780280e-06	3.190790e-05
950           	6.481490e-05	3.660710e-05	6.619050e-06	3.123430e-05
951           	6.350940e-05	3.568990e-05	6.447620e-06	3.061520e-05
952           	6.226260e-05	3.477500e-05	6.267760e-06	3.002770e-05
953           	6.104400e-05	3.386760e-05	6.081840e-06	2.944870e-05
954           	5.984950e-05	3.297960e-05	5.893240e-06	2.887890e-05
955           	5.867460e-05	3.209680e-05	5.703760e-06	2.831650e-05
956           	5.754120e-05	3.122950e-05	5.515240e-06	2.775880e-05
957           	5.645550e-05	3.040300e-05	5.331700e-06	2.721910e-05
958           	5.539850e-05	2.962650e-05	5.156040e-06	2.671340e-05
959           	5.436130e-05	2.889760e-05	4.987340e-06	2.624110e-05
960           	5.335970e-05	2.820170e-05	4.830570e-06	2.580400e-05
961           	5.241500e-05	2.757880e-05	4.689350e-06	2.542990e-05
962           	5.152220e-05	2.701710e-05	4.561130e-06	2.510410e-05
963           	5.068810e-05	2.652280e-05	4.448150e-06	2.482100e-05
964           	4.993710e-05	2.608900e-05	4.350360e-06	2.459930e-05
965           	4.926200e-05	2.571520e-05	4.263450e-06	2.442200e-05
966           	4.862280e-05	2.541420e-05	4.188920e-06	2.427800e-05
967           	4.804650e-05	2.516710e-05	4.130400e-06	2.417380e-05
968           	4.755580e-05	2.496950e-05	4.082620e-06	2.409380e-05
969           	4.713110e-05	2.486200e-05	4.052240e-06	2.407520e-05
970           	4.672770e-05	2.482300e-05	4.032520e-06	2.407510e-05
971           	4.651210e-05	2.481340e-05	4.024620e-06	2.407380e-05
972           	4.632520e-05	2.495180e-05	4.042270e-06	2.411020e-05
973           	4.619640e-05	2.518860e-05	4.068090e-06	2.418270e-05
974           	4.615610e-05	2.549710e-05	4.102770e-06	2.430960e-05
975           	4.608120e-05	2.585360e-05	4.146350e-06	2.448450e-05
976           	4.628610e-05	2.620020e-05	4.184510e-06	2.470590e-05
977           	4.648470e-05	2.669250e-05	4.255740e-06	2.497090e-05
978           	4.684720e-05	2.718850e-05	4.318980e-06	2.526410e-05
979           	4.731820e-05	2.770800e-05	4.394880e-06	2.557830e-05
980           	4.791620e-05	2.827070e-05	4.483570e-06	2.591690e-05
981           	4.859650e-05	2.886990e-05	4.579720e-06	2.629340e-05
982           	4.923660e-05	2.951570e-05	4.682390e-06	2.669250e-05
983           	5.014770e-05	3.021450e-05	4.782620e-06	2.703120e-05
984           	5.099080e-05	3.080830e-05	4.884690e-06	2.743720e-05
985           	5.171500e-05	3.141670e-05	4.988120e-06	2.785670e-05
986           	5.274190e-05	3.208280e-05	5.088070e-06	2.821060e-05
987           	5.350390e-05	3.261250e-05	5.184840e-06	2.859920e-05
988           	5.453250e-05	3.322510e-05	5.276710e-06	2.892550e-05
989           	5.523860e-05	3.371740e-05	5.365520e-06	2.928600e-05
990           	5.622250e-05	3.430510e-05	5.451290e-06	2.957080e-05
991           	5.686310e-05	3.475810e-05	5.535890e-06	2.989290e-05
992           	5.762820e-05	3.529260e-05	5.614320e-06	3.013210e-05
993           	5.856710e-05	3.578110e-05	5.690220e-06	3.034510e-05
994           	5.909350e-05	3.618650e-05	5.766420e-06	3.063190e-05
995           	5.974570e-05	3.663330e-05	5.836040e-06	3.082050e-05
996           	6.059080e-05	3.704060e-05	5.902740e-06	3.097760e-05
997           	6.099000e-05	3.733930e-05	5.968050e-06	3.119010e-05
998           	6.149640e-05	3.772160e-05	6.027410e-06	3.132600e-05
999           	6.201040e-05	3.804010e-05	6.083620e-06	3.141810e-05
1000          	6.270390e-05	3.833570e-05	6.132990e-06	3.151320e-05
