# Residuals   
# Time        	p             	Ux            	Uy            	Uz            
1             	1.000000e+00	2.721480e-01	1.000000e+00	2.081330e-01
2             	1.277130e-01	5.783640e-01	2.981350e-01	6.043710e-01
3             	3.479100e-02	4.412760e-01	1.483100e-01	4.619150e-01
4             	4.989180e-02	3.055090e-01	9.440590e-02	3.059530e-01
5             	1.275100e-01	2.613560e-01	7.225530e-02	2.500490e-01
6             	1.555900e-01	2.233400e-01	5.739300e-02	2.007820e-01
7             	1.208240e-01	1.820400e-01	4.823380e-02	1.615150e-01
8             	1.117770e-01	1.431380e-01	4.123280e-02	1.371740e-01
9             	6.574470e-02	1.139590e-01	3.337250e-02	1.118620e-01
10            	5.129610e-02	9.962670e-02	2.680570e-02	9.151970e-02
11            	4.269180e-02	8.774650e-02	2.241520e-02	7.905590e-02
12            	3.922770e-02	7.707990e-02	1.930610e-02	6.891490e-02
13            	3.754150e-02	6.689230e-02	1.713630e-02	5.913870e-02
14            	3.721000e-02	5.906500e-02	1.561980e-02	5.216180e-02
15            	3.805980e-02	5.264380e-02	1.441000e-02	4.741820e-02
16            	3.945120e-02	4.716930e-02	1.311730e-02	4.279970e-02
17            	4.118510e-02	4.231140e-02	1.187450e-02	3.894460e-02
18            	4.253400e-02	3.787850e-02	1.081440e-02	3.574540e-02
19            	4.446590e-02	3.423790e-02	9.821010e-03	3.302530e-02
20            	4.607520e-02	3.142700e-02	8.884010e-03	3.070070e-02
21            	4.758710e-02	2.919780e-02	8.027610e-03	2.866970e-02
22            	5.022550e-02	2.726140e-02	7.315030e-03	2.698250e-02
23            	5.317980e-02	2.547690e-02	6.763830e-03	2.542260e-02
24            	5.375920e-02	2.401360e-02	6.385220e-03	2.408550e-02
25            	4.760600e-02	2.269160e-02	6.184460e-03	2.304100e-02
26            	4.365210e-02	2.135070e-02	5.908080e-03	2.193070e-02
27            	4.089580e-02	2.017090e-02	5.702800e-03	2.104470e-02
28            	3.899140e-02	1.896660e-02	5.472560e-03	2.031810e-02
29            	3.702310e-02	1.804780e-02	5.347050e-03	1.977320e-02
30            	3.507220e-02	1.723520e-02	5.219300e-03	1.908460e-02
31            	3.376650e-02	1.668260e-02	5.182260e-03	1.864780e-02
32            	3.305670e-02	1.646610e-02	5.166460e-03	1.846370e-02
33            	3.250270e-02	1.643060e-02	5.110190e-03	1.840130e-02
34            	3.163170e-02	1.642360e-02	5.007410e-03	1.816550e-02
35            	3.054920e-02	1.632180e-02	4.884580e-03	1.766680e-02
36            	2.944450e-02	1.623060e-02	4.780760e-03	1.706430e-02
37            	2.851080e-02	1.614700e-02	4.688360e-03	1.648580e-02
38            	2.826550e-02	1.623700e-02	4.616490e-03	1.608400e-02
39            	2.845840e-02	1.626940e-02	4.575500e-03	1.581780e-02
40            	2.885700e-02	1.630170e-02	4.578340e-03	1.567480e-02
41            	2.926420e-02	1.633000e-02	4.580310e-03	1.573820e-02
42            	2.959070e-02	1.619370e-02	4.559440e-03	1.594030e-02
43            	2.925070e-02	1.591410e-02	4.436750e-03	1.592960e-02
44            	2.825320e-02	1.551720e-02	4.212420e-03	1.568980e-02
45            	2.714010e-02	1.515080e-02	4.031680e-03	1.537950e-02
46            	2.586010e-02	1.492170e-02	3.932430e-03	1.506870e-02
47            	2.468280e-02	1.483200e-02	3.903290e-03	1.478760e-02
48            	2.367970e-02	1.484730e-02	3.905490e-03	1.452040e-02
49            	2.302430e-02	1.501990e-02	3.902570e-03	1.435430e-02
50            	2.290240e-02	1.513230e-02	3.916650e-03	1.442740e-02
51            	2.284270e-02	1.513290e-02	3.966370e-03	1.452900e-02
52            	2.312090e-02	1.531890e-02	4.057560e-03	1.470280e-02
53            	2.353650e-02	1.566470e-02	4.188800e-03	1.511020e-02
54            	2.420120e-02	1.611870e-02	4.315630e-03	1.559640e-02
55            	2.448350e-02	1.700050e-02	4.452820e-03	1.586450e-02
56            	2.421450e-02	1.812170e-02	4.607570e-03	1.595460e-02
57            	2.359130e-02	1.873200e-02	4.662200e-03	1.563640e-02
58            	2.313980e-02	1.903450e-02	4.640340e-03	1.536110e-02
59            	2.324860e-02	1.921260e-02	4.646780e-03	1.542910e-02
60            	2.394370e-02	1.914920e-02	4.611490e-03	1.557030e-02
61            	2.429800e-02	1.922210e-02	4.640590e-03	1.562080e-02
62            	2.545620e-02	1.979030e-02	4.667510e-03	1.645280e-02
63            	2.635570e-02	2.063470e-02	4.744750e-03	1.757380e-02
64            	2.697320e-02	2.180680e-02	4.962310e-03	1.855800e-02
65            	2.739530e-02	2.329660e-02	5.241260e-03	1.948490e-02
66            	2.780880e-02	2.482160e-02	5.571050e-03	2.032320e-02
67            	2.822960e-02	2.640590e-02	5.900750e-03	2.108960e-02
68            	2.894590e-02	2.805650e-02	6.270280e-03	2.193770e-02
69            	3.052750e-02	2.930720e-02	6.534980e-03	2.290780e-02
70            	3.211330e-02	2.985760e-02	6.684500e-03	2.377780e-02
71            	3.320400e-02	3.006830e-02	6.822570e-03	2.456910e-02
72            	3.427810e-02	3.025790e-02	7.013520e-03	2.579110e-02
73            	3.440880e-02	2.978440e-02	7.138790e-03	2.656070e-02
74            	3.481010e-02	2.965690e-02	7.194070e-03	2.702870e-02
75            	3.570590e-02	2.983960e-02	7.329770e-03	2.784560e-02
76            	3.614690e-02	3.030960e-02	7.442740e-03	2.831350e-02
77            	3.516240e-02	2.981650e-02	7.365750e-03	2.719900e-02
78            	3.363360e-02	2.882430e-02	7.123070e-03	2.542490e-02
79            	3.220990e-02	2.750020e-02	6.783540e-03	2.382940e-02
80            	3.204670e-02	2.576250e-02	6.394500e-03	2.229280e-02
81            	3.289740e-02	2.420760e-02	6.060430e-03	2.100360e-02
82            	3.354340e-02	2.280590e-02	5.746760e-03	1.986200e-02
83            	3.313220e-02	2.170700e-02	5.453860e-03	1.898350e-02
84            	3.204410e-02	2.112500e-02	5.189590e-03	1.835960e-02
85            	3.078130e-02	2.115120e-02	4.947630e-03	1.808390e-02
86            	2.983360e-02	2.153340e-02	4.810930e-03	1.820720e-02
87            	2.932580e-02	2.204840e-02	4.810120e-03	1.869630e-02
88            	2.919840e-02	2.292070e-02	4.926480e-03	1.922420e-02
89            	2.928740e-02	2.374320e-02	5.110620e-03	1.981030e-02
90            	2.942140e-02	2.450190e-02	5.332830e-03	2.036340e-02
91            	2.957960e-02	2.544810e-02	5.618860e-03	2.100090e-02
92            	3.078520e-02	2.649850e-02	5.861990e-03	2.158320e-02
93            	3.223680e-02	2.746740e-02	6.049660e-03	2.243240e-02
94            	3.378350e-02	2.802210e-02	6.191450e-03	2.347260e-02
95            	3.487570e-02	2.860290e-02	6.317380e-03	2.455080e-02
96            	3.592900e-02	2.864230e-02	6.430770e-03	2.491690e-02
97            	3.540530e-02	2.810290e-02	6.460440e-03	2.525870e-02
98            	3.501170e-02	2.811090e-02	6.602510e-03	2.521440e-02
99            	3.619920e-02	2.927830e-02	6.994250e-03	2.567070e-02
100           	3.692110e-02	3.104300e-02	7.452490e-03	2.613660e-02
101           	3.633700e-02	3.274570e-02	7.694720e-03	2.619370e-02
102           	3.516550e-02	3.376750e-02	7.775790e-03	2.599140e-02
103           	3.606960e-02	3.374850e-02	7.774980e-03	2.619310e-02
104           	3.863710e-02	3.287760e-02	7.609720e-03	2.605510e-02
105           	4.089920e-02	3.184470e-02	7.366280e-03	2.589760e-02
106           	4.143920e-02	3.096510e-02	7.212020e-03	2.519090e-02
107           	4.036290e-02	3.017540e-02	7.149350e-03	2.433640e-02
108           	4.004940e-02	3.058820e-02	7.117240e-03	2.431040e-02
109           	3.866330e-02	3.134980e-02	7.244860e-03	2.484480e-02
110           	3.764410e-02	3.204340e-02	7.484650e-03	2.499020e-02
111           	3.798340e-02	3.284920e-02	7.713770e-03	2.587340e-02
112           	3.977670e-02	3.345380e-02	7.764260e-03	2.713080e-02
113           	4.159540e-02	3.367930e-02	7.886360e-03	2.782260e-02
114           	4.277430e-02	3.369080e-02	7.960170e-03	2.811270e-02
115           	4.205440e-02	3.411660e-02	7.905680e-03	2.837340e-02
116           	4.050830e-02	3.466960e-02	7.887490e-03	2.842620e-02
117           	3.956830e-02	3.585850e-02	8.054800e-03	2.883770e-02
118           	3.969150e-02	3.736310e-02	8.378280e-03	2.953510e-02
119           	3.981820e-02	3.899460e-02	8.589580e-03	3.053660e-02
120           	4.062150e-02	3.963930e-02	8.727880e-03	3.167880e-02
121           	4.160130e-02	4.006610e-02	9.017100e-03	3.256580e-02
122           	4.264760e-02	4.082160e-02	9.536680e-03	3.375680e-02
123           	4.364510e-02	3.994710e-02	9.762290e-03	3.380800e-02
124           	4.435770e-02	3.887890e-02	9.829200e-03	3.407780e-02
125           	4.421890e-02	3.692490e-02	9.679440e-03	3.331970e-02
126           	4.281870e-02	3.524420e-02	9.394210e-03	3.163120e-02
127           	4.028370e-02	3.336370e-02	8.908990e-03	2.983760e-02
128           	3.799270e-02	3.199960e-02	8.240390e-03	2.803020e-02
129           	3.752310e-02	3.062260e-02	7.481080e-03	2.618880e-02
130           	3.876470e-02	2.912360e-02	6.805600e-03	2.441730e-02
131           	3.918710e-02	2.815110e-02	6.430240e-03	2.350960e-02
132           	3.829830e-02	2.769220e-02	6.151620e-03	2.280490e-02
133           	3.653190e-02	2.774450e-02	5.979900e-03	2.264820e-02
134           	3.464660e-02	2.795510e-02	5.904390e-03	2.256540e-02
135           	3.311760e-02	2.843670e-02	5.956160e-03	2.258880e-02
136           	3.211150e-02	2.900280e-02	6.140760e-03	2.330440e-02
137           	3.219730e-02	2.964000e-02	6.327840e-03	2.418630e-02
138           	3.296000e-02	2.996520e-02	6.483370e-03	2.502770e-02
139           	3.410290e-02	3.053580e-02	6.670900e-03	2.632540e-02
140           	3.539610e-02	3.075780e-02	6.822990e-03	2.711270e-02
141           	3.689520e-02	3.074610e-02	6.948760e-03	2.755380e-02
142           	3.844110e-02	3.062110e-02	7.103280e-03	2.817780e-02
143           	3.913110e-02	3.037290e-02	7.145570e-03	2.838080e-02
144           	3.970220e-02	3.054140e-02	7.257970e-03	2.837340e-02
145           	4.031080e-02	3.121640e-02	7.417850e-03	2.870040e-02
146           	3.995250e-02	3.245130e-02	7.549280e-03	2.831850e-02
147           	3.783570e-02	3.364720e-02	7.451180e-03	2.759580e-02
148           	3.566400e-02	3.359160e-02	7.538380e-03	2.660380e-02
149           	3.501580e-02	3.309590e-02	7.621440e-03	2.603240e-02
150           	3.704390e-02	3.243890e-02	7.574250e-03	2.567800e-02
151           	3.990770e-02	3.156380e-02	7.367130e-03	2.573620e-02
152           	4.143140e-02	3.028120e-02	6.974240e-03	2.522000e-02
153           	4.083030e-02	2.924240e-02	6.724640e-03	2.444800e-02
154           	3.979730e-02	2.885250e-02	6.485170e-03	2.388250e-02
155           	3.905480e-02	2.845840e-02	6.337850e-03	2.327230e-02
156           	3.752200e-02	2.797940e-02	6.331490e-03	2.239130e-02
157           	3.660070e-02	2.743540e-02	6.347540e-03	2.184710e-02
158           	3.656910e-02	2.675180e-02	6.429300e-03	2.181500e-02
159           	3.672700e-02	2.679810e-02	6.452330e-03	2.290960e-02
160           	3.720360e-02	2.714430e-02	6.456430e-03	2.389370e-02
161           	3.731190e-02	2.751590e-02	6.489870e-03	2.427080e-02
162           	3.687100e-02	2.818050e-02	6.574620e-03	2.463470e-02
163           	3.534150e-02	2.926380e-02	6.602560e-03	2.477140e-02
164           	3.334230e-02	2.995240e-02	6.687190e-03	2.485640e-02
165           	3.256210e-02	3.113350e-02	6.981450e-03	2.545180e-02
166           	3.292540e-02	3.251720e-02	7.283870e-03	2.625100e-02
167           	3.465920e-02	3.344770e-02	7.388270e-03	2.690410e-02
168           	3.603620e-02	3.331740e-02	7.273470e-03	2.715150e-02
169           	3.771860e-02	3.274210e-02	7.265630e-03	2.714920e-02
170           	3.878740e-02	3.221740e-02	7.418770e-03	2.787450e-02
171           	3.873710e-02	3.099240e-02	7.476930e-03	2.774220e-02
172           	3.836250e-02	3.055690e-02	7.489290e-03	2.790710e-02
173           	3.759540e-02	3.095750e-02	7.508420e-03	2.777110e-02
174           	3.604630e-02	3.112000e-02	7.446530e-03	2.710670e-02
175           	3.418080e-02	3.028920e-02	7.272890e-03	2.563750e-02
176           	3.279750e-02	2.927320e-02	7.079100e-03	2.451760e-02
177           	3.244000e-02	2.818510e-02	6.749620e-03	2.368440e-02
178           	3.353460e-02	2.684600e-02	6.316750e-03	2.270180e-02
179           	3.526500e-02	2.527930e-02	5.955140e-03	2.159240e-02
180           	3.556940e-02	2.425580e-02	5.676720e-03	2.061070e-02
181           	3.503120e-02	2.371550e-02	5.416410e-03	1.962810e-02
182           	3.343730e-02	2.325160e-02	5.238610e-03	1.865000e-02
183           	3.141210e-02	2.270010e-02	5.102720e-03	1.805860e-02
184           	2.964180e-02	2.242500e-02	5.122210e-03	1.824160e-02
185           	2.961040e-02	2.231510e-02	5.291610e-03	1.882410e-02
186           	3.024340e-02	2.229630e-02	5.342090e-03	1.928470e-02
187           	3.074210e-02	2.218570e-02	5.321740e-03	1.973350e-02
188           	3.065430e-02	2.254500e-02	5.328340e-03	2.007300e-02
189           	3.005490e-02	2.338500e-02	5.398040e-03	2.040840e-02
190           	2.936830e-02	2.447770e-02	5.576230e-03	2.085040e-02
191           	2.899650e-02	2.617430e-02	5.865510e-03	2.162460e-02
192           	2.953490e-02	2.750510e-02	6.116240e-03	2.223180e-02
193           	3.073830e-02	2.849310e-02	6.235770e-03	2.287980e-02
194           	3.234260e-02	2.854800e-02	6.231530e-03	2.321370e-02
195           	3.409390e-02	2.872690e-02	6.315490e-03	2.363830e-02
196           	3.536960e-02	2.891800e-02	6.529820e-03	2.453620e-02
197           	3.584220e-02	2.860330e-02	6.700090e-03	2.520170e-02
198           	3.616050e-02	2.831470e-02	6.816840e-03	2.553630e-02
199           	3.690600e-02	2.865740e-02	6.998300e-03	2.592730e-02
200           	3.636190e-02	2.963410e-02	7.103130e-03	2.596910e-02
201           	3.465420e-02	3.005410e-02	7.006730e-03	2.487700e-02
202           	3.272470e-02	3.025070e-02	6.865060e-03	2.346100e-02
203           	3.186420e-02	3.000460e-02	6.700100e-03	2.250870e-02
204           	3.248690e-02	2.900530e-02	6.480880e-03	2.176070e-02
205           	3.407090e-02	2.782540e-02	6.257760e-03	2.154740e-02
206           	3.534660e-02	2.669430e-02	6.097790e-03	2.128640e-02
207           	3.632950e-02	2.595080e-02	5.849130e-03	2.094780e-02
208           	3.610760e-02	2.551460e-02	5.687760e-03	2.056840e-02
209           	3.453620e-02	2.515280e-02	5.617540e-03	2.007960e-02
210           	3.262830e-02	2.525060e-02	5.692170e-03	1.987540e-02
211           	3.135070e-02	2.576010e-02	5.944830e-03	2.027470e-02
212           	3.163230e-02	2.631520e-02	6.246460e-03	2.120800e-02
213           	3.346470e-02	2.661920e-02	6.420530e-03	2.238840e-02
214           	3.471360e-02	2.664190e-02	6.372260e-03	2.292290e-02
215           	3.481870e-02	2.614370e-02	6.181870e-03	2.233300e-02
216           	3.367570e-02	2.588020e-02	5.959000e-03	2.162100e-02
217           	3.179050e-02	2.634560e-02	5.781370e-03	2.124340e-02
218           	3.000200e-02	2.692220e-02	5.847350e-03	2.106320e-02
219           	2.882220e-02	2.784630e-02	6.084510e-03	2.116930e-02
220           	2.892590e-02	2.871980e-02	6.280320e-03	2.156020e-02
221           	3.033480e-02	2.955180e-02	6.360830e-03	2.202480e-02
222           	3.270300e-02	3.020430e-02	6.633690e-03	2.281420e-02
223           	3.422340e-02	3.012880e-02	6.962220e-03	2.373460e-02
224           	3.499200e-02	2.948510e-02	7.061780e-03	2.418490e-02
225           	3.591130e-02	2.886640e-02	7.035990e-03	2.483570e-02
226           	3.635140e-02	2.918170e-02	6.964690e-03	2.536730e-02
227           	3.561020e-02	2.936940e-02	6.803430e-03	2.441750e-02
228           	3.330820e-02	2.908080e-02	6.558630e-03	2.259640e-02
229           	3.044900e-02	2.891810e-02	6.428880e-03	2.128920e-02
230           	3.005670e-02	2.865480e-02	6.359160e-03	2.076570e-02
231           	3.129720e-02	2.844360e-02	6.309360e-03	2.071960e-02
232           	3.333850e-02	2.843080e-02	6.363330e-03	2.059810e-02
233           	3.489650e-02	2.874950e-02	6.452010e-03	2.101080e-02
234           	3.530980e-02	2.829230e-02	6.333100e-03	2.192890e-02
235           	3.414670e-02	2.719350e-02	5.978550e-03	2.233300e-02
236           	3.240640e-02	2.602630e-02	5.646370e-03	2.186770e-02
237           	3.029950e-02	2.521440e-02	5.453460e-03	2.092110e-02
238           	2.812720e-02	2.536300e-02	5.408130e-03	2.034150e-02
239           	2.657990e-02	2.572650e-02	5.426970e-03	2.003050e-02
240           	2.674690e-02	2.611370e-02	5.533980e-03	1.988820e-02
241           	2.769340e-02	2.624240e-02	5.626780e-03	1.968960e-02
242           	2.857060e-02	2.621550e-02	5.689640e-03	1.985060e-02
243           	2.946290e-02	2.613620e-02	5.804910e-03	2.020980e-02
244           	2.980230e-02	2.579450e-02	5.817250e-03	2.057330e-02
245           	2.961600e-02	2.510160e-02	5.699350e-03	2.068480e-02
246           	2.962500e-02	2.437470e-02	5.501540e-03	2.078360e-02
247           	2.920340e-02	2.440240e-02	5.361020e-03	2.096830e-02
248           	2.790870e-02	2.477170e-02	5.357920e-03	2.053050e-02
249           	2.606970e-02	2.551150e-02	5.475750e-03	1.957200e-02
250           	2.555170e-02	2.634820e-02	5.648070e-03	1.885810e-02
251           	2.683340e-02	2.707710e-02	5.893410e-03	1.875650e-02
252           	2.862950e-02	2.732300e-02	6.029700e-03	1.885930e-02
253           	2.982660e-02	2.728960e-02	6.065490e-03	1.916880e-02
254           	3.060870e-02	2.670830e-02	5.963210e-03	1.932400e-02
255           	3.106630e-02	2.628830e-02	5.747170e-03	1.969810e-02
256           	3.111790e-02	2.577280e-02	5.458780e-03	2.022400e-02
257           	3.017250e-02	2.470280e-02	5.164960e-03	2.002880e-02
258           	2.891950e-02	2.386970e-02	4.983170e-03	1.965030e-02
259           	2.779820e-02	2.374500e-02	4.959490e-03	1.917710e-02
260           	2.681150e-02	2.391290e-02	5.051110e-03	1.885960e-02
261           	2.595550e-02	2.477640e-02	5.295040e-03	1.861520e-02
262           	2.542380e-02	2.577430e-02	5.605080e-03	1.870580e-02
263           	2.564400e-02	2.676000e-02	5.798210e-03	1.894320e-02
264           	2.684130e-02	2.749250e-02	5.885640e-03	1.927850e-02
265           	2.871270e-02	2.807850e-02	5.931860e-03	1.994420e-02
266           	3.064370e-02	2.838050e-02	5.982910e-03	2.108450e-02
267           	3.160610e-02	2.753060e-02	5.960930e-03	2.157960e-02
268           	3.129330e-02	2.623780e-02	5.812350e-03	2.183960e-02
269           	3.051280e-02	2.546060e-02	5.674250e-03	2.187200e-02
270           	2.934390e-02	2.543890e-02	5.627570e-03	2.165230e-02
271           	2.791570e-02	2.575790e-02	5.616920e-03	2.075920e-02
272           	2.646370e-02	2.619510e-02	5.651190e-03	1.975630e-02
273           	2.566520e-02	2.663010e-02	5.799720e-03	1.919000e-02
274           	2.680340e-02	2.682050e-02	5.898410e-03	1.911550e-02
275           	2.908890e-02	2.662020e-02	5.899480e-03	1.900590e-02
276           	3.040090e-02	2.627750e-02	5.797770e-03	1.878300e-02
277           	3.075670e-02	2.531340e-02	5.563710e-03	1.835100e-02
278           	3.052430e-02	2.430400e-02	5.162770e-03	1.821790e-02
279           	2.924560e-02	2.302580e-02	4.723120e-03	1.807320e-02
280           	2.717060e-02	2.145360e-02	4.338370e-03	1.746810e-02
281           	2.512510e-02	2.024110e-02	4.138640e-03	1.667920e-02
282           	2.331510e-02	1.962790e-02	4.099930e-03	1.618370e-02
283           	2.183070e-02	1.966290e-02	4.172290e-03	1.584710e-02
284           	2.090150e-02	2.006100e-02	4.357140e-03	1.594740e-02
285           	2.083110e-02	2.073880e-02	4.591040e-03	1.611280e-02
286           	2.127070e-02	2.132280e-02	4.722930e-03	1.629340e-02
287           	2.213640e-02	2.186880e-02	4.757870e-03	1.644070e-02
288           	2.354180e-02	2.234320e-02	4.757220e-03	1.677610e-02
289           	2.452060e-02	2.245000e-02	4.694390e-03	1.701820e-02
290           	2.474750e-02	2.155280e-02	4.536930e-03	1.681120e-02
291           	2.398280e-02	2.021350e-02	4.284890e-03	1.655660e-02
292           	2.286450e-02	1.893180e-02	4.032610e-03	1.618340e-02
293           	2.172410e-02	1.812480e-02	3.880300e-03	1.566910e-02
294           	2.051430e-02	1.789820e-02	3.810610e-03	1.521190e-02
295           	1.947480e-02	1.786770e-02	3.815090e-03	1.472290e-02
296           	1.883220e-02	1.807200e-02	3.901720e-03	1.414360e-02
297           	1.882650e-02	1.811020e-02	3.936380e-03	1.357390e-02
298           	1.930510e-02	1.768980e-02	3.871230e-03	1.295720e-02
299           	1.975990e-02	1.676080e-02	3.701500e-03	1.225040e-02
300           	1.956790e-02	1.586760e-02	3.460250e-03	1.161300e-02
301           	1.897260e-02	1.488960e-02	3.132960e-03	1.102780e-02
302           	1.817000e-02	1.382810e-02	2.765690e-03	1.049480e-02
303           	1.707290e-02	1.276750e-02	2.457400e-03	1.004290e-02
304           	1.567850e-02	1.176360e-02	2.251370e-03	9.579180e-03
305           	1.445890e-02	1.099030e-02	2.136930e-03	9.021370e-03
306           	1.332850e-02	1.052060e-02	2.099720e-03	8.551940e-03
307           	1.226610e-02	1.023200e-02	2.137730e-03	8.183550e-03
308           	1.147250e-02	1.013450e-02	2.204250e-03	7.968520e-03
309           	1.117900e-02	1.013380e-02	2.245500e-03	7.836480e-03
310           	1.104170e-02	1.009090e-02	2.242680e-03	7.765300e-03
311           	1.122270e-02	1.010370e-02	2.193650e-03	7.687450e-03
312           	1.150800e-02	9.916040e-03	2.111680e-03	7.481810e-03
313           	1.159790e-02	9.626980e-03	2.001060e-03	7.297630e-03
314           	1.152410e-02	9.158480e-03	1.864680e-03	7.128200e-03
315           	1.112510e-02	8.573820e-03	1.730290e-03	6.846280e-03
316           	1.053500e-02	7.880190e-03	1.609710e-03	6.620380e-03
317           	9.806260e-03	7.297220e-03	1.508770e-03	6.364960e-03
318           	9.005720e-03	6.836620e-03	1.419140e-03	6.032830e-03
319           	8.181770e-03	6.497640e-03	1.345200e-03	5.717480e-03
320           	7.476440e-03	6.210630e-03	1.297370e-03	5.399670e-03
321           	6.918250e-03	5.957090e-03	1.267330e-03	5.077650e-03
322           	6.629540e-03	5.758740e-03	1.224650e-03	4.741810e-03
323           	6.585620e-03	5.523520e-03	1.165570e-03	4.431700e-03
324           	6.563800e-03	5.194860e-03	1.097390e-03	4.138100e-03
325           	6.435020e-03	4.845410e-03	1.016140e-03	3.878990e-03
326           	6.185170e-03	4.474430e-03	9.225490e-04	3.652240e-03
327           	5.815490e-03	4.087120e-03	8.251520e-04	3.438780e-03
328           	5.359000e-03	3.708150e-03	7.369210e-04	3.215270e-03
329           	4.894610e-03	3.376490e-03	6.681540e-04	2.992520e-03
330           	4.435140e-03	3.118250e-03	6.209590e-04	2.796700e-03
331           	4.014810e-03	2.955020e-03	5.953980e-04	2.648330e-03
332           	3.686170e-03	2.838980e-03	5.931110e-04	2.502130e-03
333           	3.465840e-03	2.738820e-03	5.985640e-04	2.366360e-03
334           	3.323330e-03	2.647330e-03	5.940840e-04	2.254650e-03
335           	3.243570e-03	2.558100e-03	5.772500e-04	2.159160e-03
336           	3.195410e-03	2.463590e-03	5.476630e-04	2.070670e-03
337           	3.159840e-03	2.314310e-03	5.101200e-04	1.958740e-03
338           	3.086670e-03	2.157040e-03	4.681480e-04	1.846300e-03
339           	2.980070e-03	1.998730e-03	4.251460e-04	1.729560e-03
340           	2.850990e-03	1.840390e-03	3.849190e-04	1.611070e-03
341           	2.718470e-03	1.699260e-03	3.518180e-04	1.499600e-03
342           	2.592290e-03	1.569040e-03	3.273920e-04	1.406110e-03
343           	2.470270e-03	1.463670e-03	3.101370e-04	1.330770e-03
344           	2.362020e-03	1.388740e-03	2.993640e-04	1.274510e-03
345           	2.266560e-03	1.347930e-03	2.953910e-04	1.245050e-03
346           	2.178280e-03	1.317580e-03	2.936300e-04	1.224940e-03
347           	2.098420e-03	1.291440e-03	2.916470e-04	1.210410e-03
348           	2.029540e-03	1.265370e-03	2.884960e-04	1.196840e-03
349           	1.969230e-03	1.233830e-03	2.855970e-04	1.182880e-03
350           	1.922130e-03	1.201180e-03	2.822910e-04	1.165200e-03
351           	1.882670e-03	1.170590e-03	2.786390e-04	1.146030e-03
352           	1.849690e-03	1.143350e-03	2.751210e-04	1.125330e-03
353           	1.823870e-03	1.119290e-03	2.717390e-04	1.103560e-03
354           	1.800020e-03	1.096880e-03	2.687650e-04	1.082260e-03
355           	1.777700e-03	1.077530e-03	2.658700e-04	1.062710e-03
356           	1.758060e-03	1.060900e-03	2.628120e-04	1.046220e-03
357           	1.739910e-03	1.046310e-03	2.595000e-04	1.031440e-03
358           	1.722350e-03	1.034110e-03	2.561260e-04	1.017740e-03
359           	1.709490e-03	1.024160e-03	2.529260e-04	1.005010e-03
360           	1.691920e-03	1.015660e-03	2.506380e-04	9.906640e-04
361           	1.681910e-03	1.009690e-03	2.480920e-04	9.820000e-04
362           	1.667690e-03	1.003200e-03	2.462320e-04	9.715290e-04
363           	1.660250e-03	9.966890e-04	2.438940e-04	9.649240e-04
364           	1.647190e-03	9.891030e-04	2.421970e-04	9.553640e-04
365           	1.640620e-03	9.817790e-04	2.399630e-04	9.495020e-04
366           	1.631600e-03	9.733020e-04	2.381860e-04	9.407940e-04
367           	1.622890e-03	9.643290e-04	2.362130e-04	9.340520e-04
368           	1.613560e-03	9.537130e-04	2.341140e-04	9.269450e-04
369           	1.603580e-03	9.426080e-04	2.321460e-04	9.197160e-04
370           	1.592630e-03	9.317310e-04	2.302180e-04	9.134470e-04
371           	1.580670e-03	9.204550e-04	2.283150e-04	9.072830e-04
372           	1.567500e-03	9.087990e-04	2.264630e-04	9.016010e-04
373           	1.553290e-03	8.980110e-04	2.246270e-04	8.964020e-04
374           	1.538210e-03	8.873460e-04	2.227970e-04	8.915120e-04
375           	1.523020e-03	8.770630e-04	2.210220e-04	8.867440e-04
376           	1.507850e-03	8.673800e-04	2.193120e-04	8.816930e-04
377           	1.492690e-03	8.582470e-04	2.176530e-04	8.768040e-04
378           	1.477670e-03	8.501650e-04	2.160170e-04	8.720190e-04
379           	1.462930e-03	8.423800e-04	2.144160e-04	8.671170e-04
380           	1.448420e-03	8.350230e-04	2.128400e-04	8.620470e-04
381           	1.434540e-03	8.283660e-04	2.113150e-04	8.566820e-04
382           	1.420990e-03	8.219230e-04	2.097230e-04	8.508560e-04
383           	1.407610e-03	8.157890e-04	2.081260e-04	8.454500e-04
384           	1.394570e-03	8.097560e-04	2.065410e-04	8.397510e-04
385           	1.382010e-03	8.040900e-04	2.049280e-04	8.336330e-04
386           	1.369840e-03	7.987380e-04	2.032590e-04	8.271990e-04
387           	1.358260e-03	7.936900e-04	2.015800e-04	8.205900e-04
388           	1.347240e-03	7.886720e-04	1.998780e-04	8.137840e-04
389           	1.336530e-03	7.836810e-04	1.981060e-04	8.071080e-04
390           	1.326000e-03	7.786620e-04	1.962840e-04	8.000150e-04
391           	1.315410e-03	7.735520e-04	1.943680e-04	7.926280e-04
392           	1.304930e-03	7.682100e-04	1.923230e-04	7.851500e-04
393           	1.294290e-03	7.624780e-04	1.902170e-04	7.774430e-04
394           	1.283460e-03	7.562880e-04	1.880200e-04	7.695720e-04
395           	1.272770e-03	7.495790e-04	1.856930e-04	7.613260e-04
396           	1.261950e-03	7.431460e-04	1.833740e-04	7.525640e-04
397           	1.251130e-03	7.367850e-04	1.809830e-04	7.444050e-04
398           	1.239990e-03	7.302650e-04	1.785680e-04	7.355780e-04
399           	1.228280e-03	7.230560e-04	1.761300e-04	7.266620e-04
400           	1.216040e-03	7.157510e-04	1.735670e-04	7.173920e-04
401           	1.203030e-03	7.076500e-04	1.709960e-04	7.076970e-04
402           	1.189290e-03	6.998380e-04	1.684250e-04	6.982180e-04
403           	1.175120e-03	6.920300e-04	1.658540e-04	6.887370e-04
404           	1.160550e-03	6.840950e-04	1.633390e-04	6.789490e-04
405           	1.145640e-03	6.760920e-04	1.608350e-04	6.694410e-04
406           	1.130710e-03	6.679040e-04	1.583550e-04	6.600440e-04
407           	1.115700e-03	6.600940e-04	1.558760e-04	6.509310e-04
408           	1.100580e-03	6.522290e-04	1.534820e-04	6.423830e-04
409           	1.085360e-03	6.448690e-04	1.511820e-04	6.336720e-04
410           	1.070180e-03	6.378380e-04	1.489810e-04	6.249170e-04
411           	1.055200e-03	6.307660e-04	1.468450e-04	6.163250e-04
412           	1.040370e-03	6.237530e-04	1.447680e-04	6.079790e-04
413           	1.025690e-03	6.166050e-04	1.427430e-04	6.000780e-04
414           	1.011240e-03	6.098350e-04	1.407520e-04	5.920720e-04
415           	9.969030e-04	6.032390e-04	1.388070e-04	5.842740e-04
416           	9.828660e-04	5.967670e-04	1.369580e-04	5.768970e-04
417           	9.689850e-04	5.904240e-04	1.351340e-04	5.697540e-04
418           	9.552580e-04	5.837700e-04	1.333310e-04	5.623480e-04
419           	9.417050e-04	5.772350e-04	1.315440e-04	5.550600e-04
420           	9.282290e-04	5.707690e-04	1.297720e-04	5.479640e-04
421           	9.148850e-04	5.641920e-04	1.279500e-04	5.407340e-04
422           	9.011480e-04	5.574410e-04	1.261010e-04	5.333120e-04
423           	8.874520e-04	5.505870e-04	1.242450e-04	5.261370e-04
424           	8.738870e-04	5.438400e-04	1.223850e-04	5.185840e-04
425           	8.604430e-04	5.371140e-04	1.205050e-04	5.111130e-04
426           	8.472520e-04	5.304040e-04	1.186660e-04	5.041250e-04
427           	8.339810e-04	5.234460e-04	1.167700e-04	4.967990e-04
428           	8.207180e-04	5.162570e-04	1.148780e-04	4.893750e-04
429           	8.075040e-04	5.092640e-04	1.130160e-04	4.821620e-04
430           	7.942850e-04	5.022040e-04	1.112170e-04	4.750840e-04
431           	7.812560e-04	4.952140e-04	1.094620e-04	4.678380e-04
432           	7.683210e-04	4.883030e-04	1.077100e-04	4.606570e-04
433           	7.552390e-04	4.812960e-04	1.059750e-04	4.537430e-04
434           	7.423500e-04	4.742480e-04	1.042460e-04	4.470830e-04
435           	7.296170e-04	4.670020e-04	1.025190e-04	4.403700e-04
436           	7.171560e-04	4.603780e-04	1.008390e-04	4.336790e-04
437           	7.054060e-04	4.537030e-04	9.926810e-05	4.277590e-04
438           	6.946010e-04	4.475060e-04	9.783430e-05	4.228480e-04
439           	6.844600e-04	4.413330e-04	9.629400e-05	4.169770e-04
440           	6.760440e-04	4.365540e-04	9.532010e-05	4.133290e-04
441           	6.700710e-04	4.328100e-04	9.487560e-05	4.092970e-04
442           	6.648450e-04	4.312470e-04	9.465260e-05	4.057960e-04
443           	6.585170e-04	4.307730e-04	9.416900e-05	4.021470e-04
444           	6.496400e-04	4.305030e-04	9.364990e-05	3.982600e-04
445           	6.391360e-04	4.292800e-04	9.348060e-05	3.943280e-04
446           	6.283230e-04	4.265910e-04	9.351970e-05	3.902040e-04
447           	6.178690e-04	4.223410e-04	9.334720e-05	3.862640e-04
448           	6.077400e-04	4.174280e-04	9.271250e-05	3.823630e-04
449           	5.977940e-04	4.116750e-04	9.154230e-05	3.786090e-04
450           	5.886440e-04	4.046750e-04	8.985180e-05	3.746030e-04
451           	5.797310e-04	3.961740e-04	8.761570e-05	3.698460e-04
452           	5.716100e-04	3.860910e-04	8.490250e-05	3.642170e-04
453           	5.640230e-04	3.751600e-04	8.203410e-05	3.582630e-04
454           	5.560170e-04	3.640450e-04	7.932930e-05	3.525080e-04
455           	5.480130e-04	3.539520e-04	7.685260e-05	3.478740e-04
456           	5.396480e-04	3.484230e-04	7.490150e-05	3.461290e-04
457           	5.298870e-04	3.452290e-04	7.416720e-05	3.454900e-04
458           	5.200720e-04	3.425490e-04	7.417440e-05	3.462520e-04
459           	5.126920e-04	3.406030e-04	7.456700e-05	3.462260e-04
460           	5.095520e-04	3.386520e-04	7.496910e-05	3.445960e-04
461           	5.103500e-04	3.365440e-04	7.504220e-05	3.416780e-04
462           	5.101910e-04	3.340050e-04	7.477910e-05	3.375380e-04
463           	5.100920e-04	3.308600e-04	7.376010e-05	3.332680e-04
464           	5.086690e-04	3.246680e-04	7.214430e-05	3.260590e-04
465           	5.035380e-04	3.181610e-04	6.993800e-05	3.179610e-04
466           	4.949470e-04	3.105400e-04	6.724920e-05	3.083440e-04
467           	4.829560e-04	3.017040e-04	6.422040e-05	2.973680e-04
468           	4.681790e-04	2.919580e-04	6.118170e-05	2.853930e-04
469           	4.515350e-04	2.817770e-04	5.836320e-05	2.724480e-04
470           	4.343940e-04	2.716980e-04	5.584160e-05	2.590540e-04
471           	4.170960e-04	2.628470e-04	5.366330e-05	2.462940e-04
472           	4.008520e-04	2.550060e-04	5.184890e-05	2.340970e-04
473           	3.852120e-04	2.498860e-04	5.046860e-05	2.243600e-04
474           	3.718370e-04	2.432780e-04	4.913980e-05	2.152910e-04
475           	3.595280e-04	2.384210e-04	4.787270e-05	2.094140e-04
476           	3.495570e-04	2.317950e-04	4.655730e-05	2.045940e-04
477           	3.406910e-04	2.263650e-04	4.516240e-05	2.021570e-04
478           	3.325220e-04	2.206900e-04	4.375130e-05	2.002770e-04
479           	3.254750e-04	2.145860e-04	4.234040e-05	1.979970e-04
480           	3.184350e-04	2.086050e-04	4.117610e-05	1.949000e-04
481           	3.121660e-04	2.030290e-04	4.021040e-05	1.915680e-04
482           	3.066520e-04	1.977900e-04	3.933810e-05	1.880220e-04
483           	3.017170e-04	1.927480e-04	3.849170e-05	1.841710e-04
484           	2.971010e-04	1.878050e-04	3.764570e-05	1.800650e-04
485           	2.928740e-04	1.830300e-04	3.676460e-05	1.756430e-04
486           	2.889300e-04	1.785880e-04	3.585870e-05	1.712490e-04
487           	2.848060e-04	1.742930e-04	3.500060e-05	1.667050e-04
488           	2.802670e-04	1.701490e-04	3.410020e-05	1.621710e-04
489           	2.746540e-04	1.661360e-04	3.315020e-05	1.578150e-04
490           	2.691630e-04	1.621030e-04	3.211800e-05	1.538890e-04
491           	2.634150e-04	1.580120e-04	3.108350e-05	1.498900e-04
492           	2.573710e-04	1.539330e-04	3.006740e-05	1.456660e-04
493           	2.511400e-04	1.499540e-04	2.907560e-05	1.413820e-04
494           	2.448110e-04	1.460400e-04	2.811000e-05	1.371520e-04
495           	2.385190e-04	1.422420e-04	2.719920e-05	1.329950e-04
496           	2.323110e-04	1.385470e-04	2.634440e-05	1.290440e-04
497           	2.262910e-04	1.349420e-04	2.554700e-05	1.252610e-04
498           	2.204780e-04	1.313860e-04	2.480900e-05	1.216550e-04
499           	2.148460e-04	1.278870e-04	2.411190e-05	1.182650e-04
500           	2.094370e-04	1.243940e-04	2.344270e-05	1.150340e-04
501           	2.042310e-04	1.209340e-04	2.279520e-05	1.119810e-04
502           	1.992100e-04	1.175140e-04	2.216240e-05	1.090640e-04
503           	1.943200e-04	1.141590e-04	2.154150e-05	1.062480e-04
504           	1.895580e-04	1.108510e-04	2.092600e-05	1.035090e-04
505           	1.849390e-04	1.076920e-04	2.031870e-05	1.008310e-04
506           	1.804280e-04	1.046150e-04	1.972370e-05	9.822880e-05
507           	1.760510e-04	1.016400e-04	1.915080e-05	9.564560e-05
508           	1.717970e-04	9.873210e-05	1.859650e-05	9.309240e-05
509           	1.676600e-04	9.588230e-05	1.805910e-05	9.058990e-05
510           	1.636310e-04	9.310620e-05	1.753950e-05	8.814080e-05
511           	1.597840e-04	9.055950e-05	1.706780e-05	8.589880e-05
512           	1.558750e-04	8.799770e-05	1.662290e-05	8.358540e-05
513           	1.520730e-04	8.536730e-05	1.613550e-05	8.120380e-05
514           	1.483810e-04	8.284080e-05	1.564980e-05	7.890430e-05
515           	1.447640e-04	8.041710e-05	1.518150e-05	7.672780e-05
516           	1.413900e-04	7.822880e-05	1.476650e-05	7.483360e-05
517           	1.377490e-04	7.608890e-05	1.432570e-05	7.276140e-05
518           	1.341760e-04	7.372080e-05	1.389650e-05	7.069250e-05
519           	1.308880e-04	7.120250e-05	1.349110e-05	6.848310e-05
520           	1.274650e-04	6.926570e-05	1.308730e-05	6.671310e-05
521           	1.241930e-04	6.716950e-05	1.271970e-05	6.482760e-05
522           	1.210470e-04	6.520070e-05	1.236730e-05	6.312180e-05
523           	1.180290e-04	6.340500e-05	1.203120e-05	6.156950e-05
524           	1.151770e-04	6.180670e-05	1.172220e-05	6.022620e-05
525           	1.124550e-04	6.030640e-05	1.143950e-05	5.894800e-05
526           	1.098590e-04	5.887540e-05	1.115550e-05	5.775920e-05
527           	1.074190e-04	5.758820e-05	1.088920e-05	5.672770e-05
528           	1.051280e-04	5.641930e-05	1.064590e-05	5.584690e-05
529           	1.029890e-04	5.537750e-05	1.043060e-05	5.508100e-05
530           	1.010300e-04	5.445990e-05	1.023690e-05	5.447040e-05
531           	9.924180e-05	5.366200e-05	1.006840e-05	5.397040e-05
532           	9.767480e-05	5.298900e-05	9.920880e-06	5.360630e-05
533           	9.628940e-05	5.244260e-05	9.796370e-06	5.335090e-05
534           	9.520930e-05	5.238170e-05	9.735210e-06	5.329420e-05
535           	9.417390e-05	5.213720e-05	9.667960e-06	5.333190e-05
536           	9.341600e-05	5.180970e-05	9.583020e-06	5.333470e-05
537           	9.287330e-05	5.175310e-05	9.559830e-06	5.351290e-05
538           	9.253060e-05	5.185430e-05	9.566950e-06	5.381610e-05
539           	9.248270e-05	5.212750e-05	9.596440e-06	5.427140e-05
540           	9.270170e-05	5.262670e-05	9.654620e-06	5.491150e-05
541           	9.308270e-05	5.327500e-05	9.734790e-06	5.560680e-05
542           	9.367440e-05	5.399580e-05	9.815760e-06	5.625380e-05
543           	9.455520e-05	5.512660e-05	9.948690e-06	5.732390e-05
544           	9.516400e-05	5.634150e-05	1.014730e-05	5.826760e-05
545           	9.612380e-05	5.736940e-05	1.028420e-05	5.929170e-05
546           	9.717070e-05	5.849440e-05	1.047150e-05	6.018080e-05
547           	9.831890e-05	5.969710e-05	1.067470e-05	6.125020e-05
548           	9.959890e-05	6.101680e-05	1.090500e-05	6.248540e-05
549           	1.010550e-04	6.244980e-05	1.114320e-05	6.382680e-05
550           	1.026370e-04	6.397590e-05	1.139190e-05	6.524320e-05
551           	1.043070e-04	6.565840e-05	1.166410e-05	6.670340e-05
552           	1.059700e-04	6.725260e-05	1.193140e-05	6.816550e-05
553           	1.077260e-04	6.882920e-05	1.220280e-05	6.961330e-05
554           	1.095960e-04	7.045640e-05	1.249840e-05	7.121730e-05
555           	1.115820e-04	7.222740e-05	1.280240e-05	7.285180e-05
556           	1.137180e-04	7.410650e-05	1.313050e-05	7.463720e-05
557           	1.160090e-04	7.606150e-05	1.347090e-05	7.653100e-05
558           	1.184890e-04	7.809880e-05	1.383380e-05	7.851650e-05
559           	1.211720e-04	8.021460e-05	1.422290e-05	8.060780e-05
560           	1.240450e-04	8.240790e-05	1.463720e-05	8.283950e-05
561           	1.271000e-04	8.469100e-05	1.507270e-05	8.515360e-05
562           	1.303170e-04	8.706230e-05	1.552960e-05	8.752280e-05
563           	1.336470e-04	8.951170e-05	1.600450e-05	8.998560e-05
564           	1.370720e-04	9.203250e-05	1.649770e-05	9.249900e-05
565           	1.405640e-04	9.461830e-05	1.701110e-05	9.489870e-05
566           	1.441070e-04	9.725440e-05	1.752730e-05	9.742870e-05
567           	1.477130e-04	9.993280e-05	1.804970e-05	9.996610e-05
568           	1.513530e-04	1.026720e-04	1.857380e-05	1.025090e-04
569           	1.550540e-04	1.054860e-04	1.911050e-05	1.050910e-04
570           	1.587690e-04	1.083690e-04	1.964290e-05	1.077940e-04
571           	1.625410e-04	1.113130e-04	2.018310e-05	1.103270e-04
572           	1.663990e-04	1.142950e-04	2.074350e-05	1.130960e-04
573           	1.702460e-04	1.172390e-04	2.130240e-05	1.157440e-04
574           	1.742170e-04	1.202280e-04	2.184330e-05	1.184080e-04
575           	1.783440e-04	1.232400e-04	2.237240e-05	1.211490e-04
576           	1.825060e-04	1.261780e-04	2.292180e-05	1.237680e-04
577           	1.867310e-04	1.291320e-04	2.347690e-05	1.264700e-04
578           	1.911230e-04	1.321900e-04	2.406490e-05	1.294170e-04
579           	1.957430e-04	1.354130e-04	2.470560e-05	1.325220e-04
580           	2.006170e-04	1.387900e-04	2.539730e-05	1.358860e-04
581           	2.055760e-04	1.421930e-04	2.606300e-05	1.390870e-04
582           	2.104760e-04	1.456380e-04	2.672170e-05	1.421440e-04
583           	2.155280e-04	1.491290e-04	2.747280e-05	1.455820e-04
584           	2.206440e-04	1.523770e-04	2.820900e-05	1.487410e-04
585           	2.257280e-04	1.555610e-04	2.886280e-05	1.517910e-04
586           	2.307560e-04	1.586630e-04	2.951470e-05	1.551130e-04
587           	2.361540e-04	1.623370e-04	3.024150e-05	1.586710e-04
588           	2.622090e-04	1.850550e-04	3.365230e-05	1.840020e-04
589           	2.676630e-04	2.086460e-04	3.645630e-05	2.033120e-04
590           	2.709050e-04	1.938730e-04	3.605470e-05	1.892880e-04
591           	2.748200e-04	1.916060e-04	3.621340e-05	1.890820e-04
592           	2.809290e-04	1.936010e-04	3.713660e-05	1.922320e-04
593           	2.933890e-04	1.979760e-04	3.928920e-05	1.979950e-04
594           	3.113660e-04	2.054650e-04	4.209700e-05	2.068210e-04
595           	3.302230e-04	2.155570e-04	4.547270e-05	2.169890e-04
596           	3.502300e-04	2.298290e-04	4.956940e-05	2.310660e-04
597           	3.747120e-04	2.471480e-04	5.522260e-05	2.490390e-04
598           	4.013210e-04	2.654760e-04	6.090780e-05	2.663820e-04
599           	4.281130e-04	2.862230e-04	6.679610e-05	2.855760e-04
600           	4.511130e-04	3.064710e-04	7.270490e-05	3.084000e-04
601           	4.716280e-04	3.274920e-04	7.819730e-05	3.316780e-04
602           	4.887880e-04	3.467970e-04	8.370030e-05	3.553290e-04
603           	5.070400e-04	3.667160e-04	8.946650e-05	3.785670e-04
604           	5.242790e-04	3.829290e-04	9.515860e-05	4.011060e-04
605           	5.413650e-04	3.986720e-04	9.920540e-05	4.195230e-04
606           	5.582500e-04	4.098310e-04	1.014930e-04	4.321870e-04
607           	5.708550e-04	4.154750e-04	1.017570e-04	4.380420e-04
608           	5.822730e-04	4.127940e-04	9.964090e-05	4.340870e-04
609           	5.914910e-04	4.044640e-04	9.620830e-05	4.225280e-04
610           	5.954470e-04	3.924210e-04	9.138570e-05	4.060350e-04
611           	5.925510e-04	3.801130e-04	8.651730e-05	3.890250e-04
612           	5.805760e-04	3.713230e-04	8.276680e-05	3.768350e-04
613           	5.641340e-04	3.642800e-04	8.091190e-05	3.682710e-04
614           	5.416060e-04	3.606970e-04	8.163200e-05	3.639580e-04
615           	5.198650e-04	3.632140e-04	8.534080e-05	3.653650e-04
616           	5.043800e-04	3.702910e-04	9.021290e-05	3.718150e-04
617           	5.006110e-04	3.809570e-04	9.469260e-05	3.790500e-04
618           	5.067650e-04	3.897380e-04	9.779650e-05	3.843550e-04
619           	5.169300e-04	3.947750e-04	9.897570e-05	3.863120e-04
620           	5.300680e-04	3.903960e-04	9.831450e-05	3.872740e-04
621           	5.380800e-04	3.817020e-04	9.569140e-05	3.911760e-04
622           	5.400570e-04	3.718100e-04	9.191660e-05	3.953470e-04
623           	5.333080e-04	3.633920e-04	8.727100e-05	3.982830e-04
624           	5.198760e-04	3.538670e-04	8.258840e-05	3.962480e-04
625           	5.013650e-04	3.429450e-04	7.829290e-05	3.888560e-04
626           	4.801070e-04	3.327970e-04	7.493060e-05	3.763590e-04
627           	4.599970e-04	3.235860e-04	7.307410e-05	3.603530e-04
628           	4.418790e-04	3.126010e-04	7.186260e-05	3.431000e-04
629           	4.292270e-04	3.021650e-04	7.038950e-05	3.256260e-04
630           	4.225550e-04	2.923410e-04	6.860140e-05	3.083290e-04
631           	4.195680e-04	2.831660e-04	6.650100e-05	2.923410e-04
632           	4.180590e-04	2.744040e-04	6.411340e-05	2.783280e-04
633           	4.152540e-04	2.665500e-04	6.158430e-05	2.668550e-04
634           	4.100540e-04	2.591660e-04	5.900800e-05	2.571520e-04
635           	4.022190e-04	2.513960e-04	5.641020e-05	2.480150e-04
636           	3.920700e-04	2.436000e-04	5.385440e-05	2.389950e-04
637           	3.809020e-04	2.365180e-04	5.150680e-05	2.308510e-04
638           	3.705420e-04	2.314670e-04	4.974840e-05	2.255250e-04
639           	3.610670e-04	2.282990e-04	4.840110e-05	2.207550e-04
640           	3.527100e-04	2.266610e-04	4.747360e-05	2.165280e-04
641           	3.496150e-04	2.272590e-04	4.775120e-05	2.152420e-04
642           	3.513180e-04	2.286450e-04	4.876710e-05	2.148820e-04
643           	3.536640e-04	2.301000e-04	4.955200e-05	2.166280e-04
644           	3.530890e-04	2.301980e-04	4.943150e-05	2.176930e-04
645           	3.495150e-04	2.283880e-04	4.887120e-05	2.193230e-04
646           	3.457020e-04	2.244060e-04	4.878290e-05	2.214270e-04
647           	3.436460e-04	2.211440e-04	4.897810e-05	2.236200e-04
648           	3.432710e-04	2.191960e-04	4.943390e-05	2.282550e-04
649           	3.449380e-04	2.208810e-04	5.060700e-05	2.353310e-04
650           	3.492500e-04	2.260610e-04	5.262650e-05	2.440730e-04
651           	3.571040e-04	2.328940e-04	5.504150e-05	2.535570e-04
652           	3.671340e-04	2.391330e-04	5.681180e-05	2.615050e-04
653           	3.768500e-04	2.436720e-04	5.770780e-05	2.658660e-04
654           	3.856510e-04	2.475600e-04	5.776470e-05	2.662030e-04
655           	3.908540e-04	2.491600e-04	5.731550e-05	2.632000e-04
656           	3.901400e-04	2.488950e-04	5.664430e-05	2.580190e-04
657           	3.852390e-04	2.465260e-04	5.605740e-05	2.542100e-04
658           	3.782080e-04	2.433630e-04	5.604480e-05	2.514170e-04
659           	3.655480e-04	2.389300e-04	5.679270e-05	2.493450e-04
660           	3.495620e-04	2.377070e-04	5.827200e-05	2.489430e-04
661           	3.332950e-04	2.403430e-04	6.080550e-05	2.505330e-04
662           	3.201060e-04	2.445910e-04	6.338510e-05	2.535150e-04
663           	3.134970e-04	2.497750e-04	6.521960e-05	2.545260e-04
664           	3.139650e-04	2.531730e-04	6.608080e-05	2.524330e-04
665           	3.194320e-04	2.535920e-04	6.564430e-05	2.487270e-04
666           	3.254970e-04	2.476320e-04	6.422310e-05	2.442690e-04
667           	3.252160e-04	2.387070e-04	6.152490e-05	2.420540e-04
668           	3.206680e-04	2.282010e-04	5.761000e-05	2.401400e-04
669           	3.118550e-04	2.164500e-04	5.315070e-05	2.355150e-04
670           	2.980810e-04	2.039540e-04	4.869550e-05	2.274980e-04
671           	2.813390e-04	1.927660e-04	4.462250e-05	2.175990e-04
672           	2.641460e-04	1.827490e-04	4.140230e-05	2.057390e-04
673           	2.484620e-04	1.727170e-04	3.913450e-05	1.918780e-04
674           	2.358570e-04	1.623890e-04	3.708260e-05	1.771630e-04
675           	2.260830e-04	1.518250e-04	3.510900e-05	1.627260e-04
676           	2.199320e-04	1.428450e-04	3.318620e-05	1.500120e-04
677           	2.149880e-04	1.348790e-04	3.140160e-05	1.401400e-04
678           	2.104220e-04	1.272180e-04	2.988060e-05	1.320220e-04
679           	2.049380e-04	1.207770e-04	2.829370e-05	1.257650e-04
680           	1.984120e-04	1.156420e-04	2.651960e-05	1.208200e-04
681           	1.902210e-04	1.103050e-04	2.467050e-05	1.164940e-04
682           	1.824230e-04	1.047350e-04	2.277820e-05	1.124760e-04
683           	1.741640e-04	1.000180e-04	2.105580e-05	1.084620e-04
684           	1.656490e-04	9.549670e-05	1.961170e-05	1.038490e-04
685           	1.577490e-04	9.137730e-05	1.845350e-05	9.897890e-05
686           	1.500610e-04	8.801660e-05	1.765260e-05	9.383290e-05
687           	1.431580e-04	8.545940e-05	1.717790e-05	8.918430e-05
688           	1.371070e-04	8.333470e-05	1.688360e-05	8.533400e-05
689           	1.320440e-04	8.178980e-05	1.665890e-05	8.243420e-05
690           	1.280010e-04	8.055210e-05	1.646390e-05	8.038170e-05
691           	1.250560e-04	7.955230e-05	1.628240e-05	7.901290e-05
692           	1.228560e-04	7.884230e-05	1.611570e-05	7.817940e-05
693           	1.209690e-04	7.808370e-05	1.593560e-05	7.759940e-05
694           	1.194240e-04	7.744900e-05	1.572600e-05	7.727310e-05
695           	1.181580e-04	7.710450e-05	1.556410e-05	7.717630e-05
696           	1.175120e-04	7.700140e-05	1.544310e-05	7.727170e-05
697           	1.175900e-04	7.860060e-05	1.549650e-05	7.816010e-05
698           	1.173580e-04	7.960380e-05	1.556800e-05	7.916080e-05
699           	1.177690e-04	7.993410e-05	1.555910e-05	7.967930e-05
700           	1.184430e-04	8.058560e-05	1.568560e-05	8.042450e-05
701           	1.194760e-04	8.138380e-05	1.587670e-05	8.134030e-05
702           	1.207830e-04	8.227490e-05	1.610590e-05	8.229180e-05
703           	1.223290e-04	8.329310e-05	1.637960e-05	8.330540e-05
704           	1.243340e-04	8.433860e-05	1.667110e-05	8.438430e-05
705           	1.262130e-04	8.541860e-05	1.700990e-05	8.532060e-05
706           	1.281460e-04	8.658750e-05	1.735560e-05	8.636440e-05
707           	1.300980e-04	8.779200e-05	1.770560e-05	8.752160e-05
708           	1.320130e-04	8.900870e-05	1.804230e-05	8.872970e-05
709           	1.338670e-04	9.017840e-05	1.836430e-05	8.992840e-05
710           	1.356910e-04	9.131770e-05	1.865990e-05	9.109290e-05
711           	1.374840e-04	9.241650e-05	1.893520e-05	9.215530e-05
712           	1.392610e-04	9.350290e-05	1.919410e-05	9.320080e-05
713           	1.409680e-04	9.451700e-05	1.942820e-05	9.410680e-05
714           	1.426680e-04	9.571930e-05	1.965310e-05	9.501700e-05
715           	1.441880e-04	9.670650e-05	1.987230e-05	9.589080e-05
716           	1.456630e-04	9.750780e-05	2.005070e-05	9.672220e-05
717           	1.470630e-04	9.835780e-05	2.022510e-05	9.744760e-05
718           	1.483950e-04	9.925640e-05	2.039330e-05	9.816500e-05
719           	1.496140e-04	1.001240e-04	2.055760e-05	9.882290e-05
720           	1.507350e-04	1.009280e-04	2.071200e-05	9.951720e-05
721           	1.517770e-04	1.016800e-04	2.085620e-05	1.001310e-04
722           	1.527000e-04	1.023800e-04	2.099320e-05	1.006630e-04
723           	1.535310e-04	1.030330e-04	2.112070e-05	1.011710e-04
724           	1.542770e-04	1.036200e-04	2.123630e-05	1.016360e-04
725           	1.549420e-04	1.041540e-04	2.134410e-05	1.019950e-04
726           	1.555400e-04	1.046300e-04	2.143330e-05	1.023030e-04
727           	1.560760e-04	1.050430e-04	2.151380e-05	1.025750e-04
728           	1.565440e-04	1.053780e-04	2.157510e-05	1.027710e-04
729           	1.569180e-04	1.056620e-04	2.162080e-05	1.029020e-04
730           	1.572140e-04	1.058570e-04	2.165110e-05	1.029490e-04
731           	1.575560e-04	1.062180e-04	2.168070e-05	1.030080e-04
732           	1.576530e-04	1.062630e-04	2.170890e-05	1.029760e-04
733           	1.577650e-04	1.061410e-04	2.168960e-05	1.028840e-04
734           	1.578260e-04	1.059950e-04	2.166530e-05	1.027370e-04
735           	1.578240e-04	1.058940e-04	2.163910e-05	1.025220e-04
736           	1.577390e-04	1.057530e-04	2.160440e-05	1.022510e-04
737           	1.575650e-04	1.055510e-04	2.155770e-05	1.018880e-04
738           	1.573240e-04	1.053040e-04	2.150360e-05	1.014940e-04
739           	1.570250e-04	1.049920e-04	2.143650e-05	1.010800e-04
740           	1.566480e-04	1.046500e-04	2.135530e-05	1.006310e-04
741           	1.562100e-04	1.042580e-04	2.127120e-05	1.001340e-04
742           	1.556990e-04	1.037660e-04	2.116770e-05	9.955660e-05
743           	1.546980e-04	1.032640e-04	2.105190e-05	9.895770e-05
744           	1.543370e-04	1.026370e-04	2.087300e-05	9.857840e-05
745           	1.536250e-04	1.019190e-04	2.071370e-05	9.768270e-05
746           	1.527460e-04	1.012540e-04	2.055580e-05	9.680760e-05
747           	1.514090e-04	1.005870e-04	2.040240e-05	9.597920e-05
748           	1.508380e-04	1.000390e-04	2.020820e-05	9.550310e-05
749           	1.493590e-04	9.920980e-05	2.004110e-05	9.448290e-05
750           	1.485350e-04	9.820170e-05	1.980900e-05	9.373200e-05
751           	1.469760e-04	9.720200e-05	1.961040e-05	9.256900e-05
752           	1.460140e-04	9.624460e-05	1.938230e-05	9.175180e-05
753           	1.443580e-04	9.524820e-05	1.918300e-05	9.055130e-05
754           	1.432990e-04	9.424760e-05	1.895100e-05	8.968900e-05
755           	1.415590e-04	9.319520e-05	1.874540e-05	8.840470e-05
756           	1.400060e-04	9.215080e-05	1.850230e-05	8.745850e-05
757           	1.388570e-04	9.097290e-05	1.824620e-05	8.641240e-05
758           	1.369650e-04	8.979070e-05	1.800460e-05	8.496250e-05
759           	1.352650e-04	8.862910e-05	1.773230e-05	8.383120e-05
760           	1.335780e-04	8.733350e-05	1.744230e-05	8.262940e-05
761           	1.318270e-04	8.598840e-05	1.714200e-05	8.133390e-05
762           	1.300300e-04	8.460730e-05	1.683710e-05	7.999820e-05
763           	1.281960e-04	8.324630e-05	1.653430e-05	7.862390e-05
764           	1.263240e-04	8.186810e-05	1.623640e-05	7.724000e-05
765           	1.245100e-04	8.067800e-05	1.595430e-05	7.591080e-05
766           	1.225570e-04	7.935180e-05	1.567450e-05	7.456960e-05
767           	1.206410e-04	7.784300e-05	1.537670e-05	7.319650e-05
768           	1.187110e-04	7.638820e-05	1.508690e-05	7.185800e-05
769           	1.167910e-04	7.498350e-05	1.480070e-05	7.050600e-05
770           	1.148690e-04	7.357610e-05	1.451380e-05	6.915880e-05
771           	1.129530e-04	7.218330e-05	1.422550e-05	6.781890e-05
772           	1.110340e-04	7.079940e-05	1.393820e-05	6.646940e-05
773           	1.091140e-04	6.939180e-05	1.365180e-05	6.507080e-05
774           	1.071570e-04	6.795930e-05	1.335220e-05	6.366930e-05
775           	1.051900e-04	6.652140e-05	1.304640e-05	6.224590e-05
776           	1.032180e-04	6.507810e-05	1.273970e-05	6.081660e-05
777           	1.012290e-04	6.363940e-05	1.243500e-05	5.937910e-05
778           	9.921400e-05	6.219330e-05	1.212980e-05	5.794590e-05
779           	9.719670e-05	6.075060e-05	1.182800e-05	5.651430e-05
780           	9.517320e-05	5.930860e-05	1.152940e-05	5.509200e-05
781           	9.315340e-05	5.788760e-05	1.123630e-05	5.369520e-05
782           	9.121960e-05	5.670100e-05	1.096480e-05	5.239590e-05
783           	8.915480e-05	5.537680e-05	1.069280e-05	5.110930e-05
784           	8.714980e-05	5.386130e-05	1.039790e-05	4.976080e-05
785           	8.518040e-05	5.241660e-05	1.011750e-05	4.846420e-05
786           	8.325090e-05	5.104000e-05	9.841420e-06	4.722060e-05
787           	8.135690e-05	4.970570e-05	9.572020e-06	4.601670e-05
788           	7.948980e-05	4.844140e-05	9.309470e-06	4.487410e-05
789           	7.765320e-05	4.719040e-05	9.057090e-06	4.373010e-05
790           	7.588740e-05	4.600660e-05	8.808880e-06	4.264920e-05
791           	7.412470e-05	4.483680e-05	8.555550e-06	4.155260e-05
792           	7.243680e-05	4.364650e-05	8.308430e-06	4.049080e-05
793           	7.079610e-05	4.251570e-05	8.067780e-06	3.947930e-05
794           	6.919780e-05	4.144570e-05	7.833400e-06	3.852840e-05
795           	6.765350e-05	4.042000e-05	7.608920e-06	3.763950e-05
796           	6.616520e-05	3.944380e-05	7.392630e-06	3.680400e-05
797           	6.475490e-05	3.853780e-05	7.187400e-06	3.602230e-05
798           	6.340720e-05	3.768200e-05	6.993350e-06	3.532420e-05
799           	6.226500e-05	3.716330e-05	6.839840e-06	3.477040e-05
800           	6.093630e-05	3.652800e-05	6.684830e-06	3.431660e-05
801           	5.983610e-05	3.554880e-05	6.514060e-06	3.365000e-05
802           	5.883520e-05	3.488370e-05	6.366360e-06	3.321300e-05
803           	5.790970e-05	3.438660e-05	6.230890e-06	3.286800e-05
804           	5.719450e-05	3.383670e-05	6.121630e-06	3.249920e-05
805           	5.651890e-05	3.351670e-05	6.027990e-06	3.230720e-05
806           	5.600460e-05	3.312040e-05	5.945650e-06	3.204410e-05
807           	5.551780e-05	3.297830e-05	5.875660e-06	3.198900e-05
808           	5.521600e-05	3.275170e-05	5.828340e-06	3.188110e-05
809           	5.498980e-05	3.277680e-05	5.797870e-06	3.196870e-05
810           	5.484800e-05	3.288240e-05	5.787530e-06	3.211150e-05
811           	5.478280e-05	3.304930e-05	5.797360e-06	3.229310e-05
812           	5.480600e-05	3.324340e-05	5.826060e-06	3.253160e-05
813           	5.489880e-05	3.349660e-05	5.876140e-06	3.282190e-05
814           	5.506430e-05	3.380530e-05	5.944930e-06	3.317040e-05
815           	5.530730e-05	3.416600e-05	6.027500e-06	3.356810e-05
816           	5.576990e-05	3.484640e-05	6.159420e-06	3.411850e-05
817           	5.606800e-05	3.537990e-05	6.281530e-06	3.473930e-05
818           	5.650580e-05	3.571060e-05	6.386490e-06	3.526880e-05
819           	5.704190e-05	3.618060e-05	6.516190e-06	3.587300e-05
820           	5.767820e-05	3.676540e-05	6.660090e-06	3.655830e-05
821           	5.847700e-05	3.738270e-05	6.818330e-06	3.725990e-05
822           	5.925360e-05	3.810240e-05	7.002720e-06	3.791780e-05
823           	6.008220e-05	3.887460e-05	7.188440e-06	3.866830e-05
824           	6.098560e-05	3.970260e-05	7.388230e-06	3.947840e-05
825           	6.194970e-05	4.056600e-05	7.591280e-06	4.032580e-05
826           	6.296990e-05	4.145380e-05	7.795820e-06	4.119530e-05
827           	6.402480e-05	4.235270e-05	8.000090e-06	4.207880e-05
828           	6.511880e-05	4.327820e-05	8.205990e-06	4.297790e-05
829           	6.623200e-05	4.419190e-05	8.407030e-06	4.386780e-05
830           	6.737200e-05	4.509670e-05	8.608500e-06	4.472760e-05
831           	6.852100e-05	4.601250e-05	8.808840e-06	4.560230e-05
832           	6.967180e-05	4.693030e-05	9.010240e-06	4.645280e-05
833           	7.094610e-05	4.808120e-05	9.238000e-06	4.733450e-05
834           	7.208880e-05	4.905460e-05	9.440120e-06	4.821800e-05
835           	7.327960e-05	4.984370e-05	9.623890e-06	4.901500e-05
836           	7.450530e-05	5.071080e-05	9.827850e-06	4.987870e-05
837           	7.574150e-05	5.162580e-05	1.002500e-05	5.073580e-05
838           	7.701370e-05	5.253520e-05	1.022220e-05	5.158540e-05
839           	7.829820e-05	5.346520e-05	1.041860e-05	5.242150e-05
840           	7.960050e-05	5.440720e-05	1.061930e-05	5.327100e-05
841           	8.089530e-05	5.531270e-05	1.081800e-05	5.410660e-05
842           	8.220700e-05	5.623850e-05	1.101930e-05	5.493810e-05
843           	8.350540e-05	5.715060e-05	1.121310e-05	5.575670e-05
844           	8.480560e-05	5.803520e-05	1.140360e-05	5.656290e-05
845           	8.610000e-05	5.890600e-05	1.159160e-05	5.732020e-05
846           	8.737780e-05	5.977400e-05	1.177570e-05	5.807360e-05
847           	8.862230e-05	6.060560e-05	1.195580e-05	5.883380e-05
848           	8.984180e-05	6.142870e-05	1.213370e-05	5.958110e-05
849           	9.103020e-05	6.221460e-05	1.230660e-05	6.029880e-05
850           	9.225420e-05	6.313890e-05	1.249400e-05	6.102540e-05
851           	9.333220e-05	6.387940e-05	1.265030e-05	6.170950e-05
852           	9.440420e-05	6.450650e-05	1.279800e-05	6.235130e-05
853           	9.543210e-05	6.511290e-05	1.294120e-05	6.295960e-05
854           	9.643960e-05	6.570930e-05	1.307440e-05	6.350760e-05
855           	9.739990e-05	6.629030e-05	1.320430e-05	6.403820e-05
856           	9.832560e-05	6.685270e-05	1.333300e-05	6.456620e-05
857           	9.919160e-05	6.736540e-05	1.345050e-05	6.505680e-05
858           	1.000300e-04	6.786630e-05	1.356540e-05	6.552170e-05
859           	1.008200e-04	6.833720e-05	1.367070e-05	6.595580e-05
860           	1.015610e-04	6.878100e-05	1.377250e-05	6.635660e-05
861           	1.022560e-04	6.918940e-05	1.386460e-05	6.667840e-05
862           	1.026500e-04	6.957070e-05	1.394890e-05	6.700460e-05
863           	1.034000e-04	6.982570e-05	1.398790e-05	6.747330e-05
864           	1.039340e-04	7.004140e-05	1.404380e-05	6.759580e-05
865           	1.041020e-04	7.030310e-05	1.409350e-05	6.770680e-05
866           	1.046650e-04	7.047660e-05	1.410880e-05	6.799340e-05
867           	1.048070e-04	7.073100e-05	1.415810e-05	6.801430e-05
868           	1.050010e-04	7.083520e-05	1.415730e-05	6.822060e-05
869           	1.054630e-04	7.075900e-05	1.414350e-05	6.831090e-05
870           	1.054000e-04	7.072470e-05	1.416410e-05	6.811950e-05
871           	1.054680e-04	7.072020e-05	1.415380e-05	6.817280e-05
872           	1.055190e-04	7.063610e-05	1.414640e-05	6.821230e-05
873           	1.055190e-04	7.053070e-05	1.412830e-05	6.816020e-05
874           	1.054610e-04	7.039750e-05	1.410820e-05	6.804960e-05
875           	1.053620e-04	7.022490e-05	1.408590e-05	6.792050e-05
876           	1.052280e-04	7.004560e-05	1.406220e-05	6.775230e-05
877           	1.050470e-04	6.984050e-05	1.403570e-05	6.755610e-05
878           	1.048280e-04	6.962910e-05	1.400660e-05	6.733290e-05
879           	1.045520e-04	6.938950e-05	1.396660e-05	6.706960e-05
880           	1.042180e-04	6.911140e-05	1.392230e-05	6.678600e-05
881           	1.038480e-04	6.879580e-05	1.386990e-05	6.645780e-05
882           	1.034410e-04	6.846110e-05	1.381060e-05	6.610040e-05
883           	1.029920e-04	6.807840e-05	1.374060e-05	6.569780e-05
884           	1.024990e-04	6.767220e-05	1.366350e-05	6.523780e-05
885           	1.019660e-04	6.732730e-05	1.358150e-05	6.473750e-05
886           	1.013300e-04	6.681600e-05	1.346840e-05	6.415280e-05
887           	1.006310e-04	6.618140e-05	1.334290e-05	6.349080e-05
888           	9.983560e-05	6.554940e-05	1.321130e-05	6.274130e-05
889           	9.894810e-05	6.487490e-05	1.306260e-05	6.198720e-05
890           	9.798890e-05	6.416410e-05	1.291360e-05	6.120200e-05
891           	9.696740e-05	6.342600e-05	1.275710e-05	6.039220e-05
892           	9.588340e-05	6.265580e-05	1.259730e-05	5.956010e-05
893           	9.474620e-05	6.185040e-05	1.243300e-05	5.870520e-05
894           	9.354840e-05	6.102060e-05	1.226530e-05	5.782110e-05
895           	9.230420e-05	6.013750e-05	1.209260e-05	5.692000e-05
896           	9.102010e-05	5.926210e-05	1.191720e-05	5.600810e-05
897           	8.970870e-05	5.834580e-05	1.173840e-05	5.508640e-05
898           	8.838880e-05	5.742200e-05	1.155810e-05	5.415820e-05
899           	8.705600e-05	5.648880e-05	1.137110e-05	5.321120e-05
900           	8.570330e-05	5.554830e-05	1.117880e-05	5.224990e-05
901           	8.420560e-05	5.456310e-05	1.097610e-05	5.124460e-05
902           	8.280750e-05	5.320380e-05	1.076040e-05	4.996010e-05
903           	8.127350e-05	5.237040e-05	1.055740e-05	4.898900e-05
904           	7.982100e-05	5.109000e-05	1.033100e-05	4.778940e-05
905           	7.821130e-05	5.010800e-05	1.010370e-05	4.677160e-05
906           	7.661600e-05	4.881340e-05	9.872070e-06	4.552860e-05
907           	7.498540e-05	4.756080e-05	9.636720e-06	4.431370e-05
908           	7.333520e-05	4.636990e-05	9.404600e-06	4.315450e-05
909           	7.168740e-05	4.522000e-05	9.173670e-06	4.203650e-05
910           	7.005950e-05	4.409940e-05	8.943690e-06	4.093790e-05
911           	6.844010e-05	4.298810e-05	8.713320e-06	3.987670e-05
912           	6.682220e-05	4.190430e-05	8.484800e-06	3.883870e-05
913           	6.520700e-05	4.081130e-05	8.258310e-06	3.782970e-05
914           	6.361340e-05	3.973410e-05	8.037160e-06	3.685260e-05
915           	6.206120e-05	3.871210e-05	7.821490e-06	3.591180e-05
916           	6.061480e-05	3.772020e-05	7.609690e-06	3.500750e-05
917           	5.911040e-05	3.697850e-05	7.406110e-06	3.428470e-05
918           	5.774510e-05	3.597740e-05	7.195110e-06	3.340680e-05
919           	5.634840e-05	3.517320e-05	6.994770e-06	3.270480e-05
920           	5.507590e-05	3.422360e-05	6.801750e-06	3.190440e-05
921           	5.387660e-05	3.351690e-05	6.618440e-06	3.130540e-05
922           	5.278270e-05	3.298880e-05	6.456170e-06	3.078650e-05
923           	5.171650e-05	3.235590e-05	6.292420e-06	3.029540e-05
924           	5.074730e-05	3.172180e-05	6.128550e-06	2.976890e-05
925           	4.985400e-05	3.116090e-05	5.982650e-06	2.932720e-05
926           	4.904590e-05	3.067960e-05	5.847420e-06	2.895360e-05
927           	4.834820e-05	3.029040e-05	5.726710e-06	2.863850e-05
928           	4.775860e-05	2.997900e-05	5.623380e-06	2.837860e-05
929           	4.730820e-05	2.972910e-05	5.535610e-06	2.819710e-05
930           	4.697020e-05	2.956690e-05	5.464830e-06	2.809840e-05
931           	4.673440e-05	2.946840e-05	5.415280e-06	2.806790e-05
932           	4.657460e-05	2.945230e-05	5.388790e-06	2.813600e-05
933           	4.646520e-05	2.951090e-05	5.385700e-06	2.826300e-05
934           	4.643620e-05	2.963310e-05	5.398850e-06	2.845580e-05
935           	4.647210e-05	2.981400e-05	5.434660e-06	2.871420e-05
936           	4.663680e-05	3.013380e-05	5.504410e-06	2.913240e-05
937           	4.677030e-05	3.044800e-05	5.603810e-06	2.951130e-05
938           	4.700250e-05	3.076040e-05	5.689140e-06	2.989730e-05
939           	4.731820e-05	3.114260e-05	5.783160e-06	3.036320e-05
940           	4.773340e-05	3.169790e-05	5.907990e-06	3.091230e-05
941           	4.826790e-05	3.219690e-05	6.045570e-06	3.149140e-05
942           	4.884460e-05	3.271910e-05	6.192820e-06	3.201590e-05
943           	4.949060e-05	3.333420e-05	6.361720e-06	3.263230e-05
944           	5.020970e-05	3.399830e-05	6.537060e-06	3.331700e-05
945           	5.101320e-05	3.471710e-05	6.720530e-06	3.405360e-05
946           	5.187790e-05	3.546640e-05	6.910810e-06	3.481880e-05
947           	5.279340e-05	3.623310e-05	7.103740e-06	3.559950e-05
948           	5.374450e-05	3.698570e-05	7.294470e-06	3.639030e-05
949           	5.474490e-05	3.775210e-05	7.485220e-06	3.715850e-05
950           	5.576280e-05	3.852020e-05	7.675050e-06	3.791560e-05
951           	5.680360e-05	3.930220e-05	7.858510e-06	3.866980e-05
952           	5.785300e-05	4.006560e-05	8.039720e-06	3.941330e-05
953           	5.891860e-05	4.085950e-05	8.220880e-06	4.018130e-05
954           	5.997460e-05	4.161770e-05	8.402730e-06	4.090820e-05
955           	6.103310e-05	4.235850e-05	8.571430e-06	4.161990e-05
956           	6.208910e-05	4.309030e-05	8.734280e-06	4.233460e-05
957           	6.313610e-05	4.381980e-05	8.899110e-06	4.304770e-05
958           	6.423220e-05	4.466890e-05	9.074500e-06	4.377040e-05
959           	6.520800e-05	4.538730e-05	9.243790e-06	4.445670e-05
960           	6.621280e-05	4.600080e-05	9.388910e-06	4.509800e-05
961           	6.721960e-05	4.665580e-05	9.537970e-06	4.573280e-05
962           	6.821010e-05	4.729620e-05	9.679780e-06	4.633520e-05
963           	6.917320e-05	4.792660e-05	9.818490e-06	4.691930e-05
964           	7.010620e-05	4.853820e-05	9.951190e-06	4.748830e-05
965           	7.113540e-05	4.919290e-05	1.008510e-05	4.808660e-05
966           	7.219630e-05	4.980790e-05	1.022710e-05	4.862030e-05
967           	7.302150e-05	5.028250e-05	1.034870e-05	4.902330e-05
968           	7.375400e-05	5.076310e-05	1.044890e-05	4.944190e-05
969           	7.443600e-05	5.128350e-05	1.055240e-05	4.987060e-05
970           	7.508820e-05	5.177820e-05	1.065800e-05	5.029580e-05
971           	7.571890e-05	5.224310e-05	1.075410e-05	5.071510e-05
972           	7.632550e-05	5.266520e-05	1.084240e-05	5.110530e-05
973           	7.691630e-05	5.307140e-05	1.092670e-05	5.148570e-05
974           	7.749250e-05	5.342930e-05	1.100910e-05	5.177670e-05
975           	7.804860e-05	5.376600e-05	1.107860e-05	5.207320e-05
976           	7.866120e-05	5.422780e-05	1.115030e-05	5.237100e-05
977           	7.914730e-05	5.453760e-05	1.121790e-05	5.260830e-05
978           	7.964360e-05	5.472280e-05	1.125710e-05	5.281840e-05
979           	8.011400e-05	5.492610e-05	1.129660e-05	5.302400e-05
980           	8.056040e-05	5.513970e-05	1.133030e-05	5.320990e-05
981           	8.096540e-05	5.534230e-05	1.136620e-05	5.337860e-05
982           	8.133290e-05	5.552420e-05	1.139680e-05	5.352040e-05
983           	8.167220e-05	5.568630e-05	1.142430e-05	5.362160e-05
984           	8.197810e-05	5.581400e-05	1.144500e-05	5.368240e-05
985           	8.224360e-05	5.591830e-05	1.146100e-05	5.373000e-05
986           	8.247220e-05	5.598930e-05	1.146840e-05	5.373920e-05
987           	8.266880e-05	5.604040e-05	1.146990e-05	5.374990e-05
988           	8.282540e-05	5.606170e-05	1.146550e-05	5.372230e-05
989           	8.294880e-05	5.607380e-05	1.145640e-05	5.366530e-05
990           	8.303530e-05	5.603910e-05	1.144410e-05	5.357360e-05
991           	8.308170e-05	5.598850e-05	1.142580e-05	5.346440e-05
992           	8.309570e-05	5.592230e-05	1.140390e-05	5.334590e-05
993           	8.315410e-05	5.604180e-05	1.139590e-05	5.327250e-05
994           	8.304490e-05	5.595460e-05	1.138800e-05	5.311790e-05
995           	8.293860e-05	5.572400e-05	1.134240e-05	5.291580e-05
996           	8.282600e-05	5.552750e-05	1.129860e-05	5.273590e-05
997           	8.269740e-05	5.536740e-05	1.125530e-05	5.254290e-05
998           	8.254330e-05	5.518340e-05	1.121140e-05	5.234220e-05
999           	8.235970e-05	5.500730e-05	1.116440e-05	5.213110e-05
1000          	8.214720e-05	5.480830e-05	1.111480e-05	5.189220e-05
