# Force coefficients
# liftDir     : (0.000000e+00 0.000000e+00 1.000000e+00)
# dragDir     : (0.000000e+00 1.000000e+00 0.000000e+00)
# pitchAxis   : (1.000000e+00 0.000000e+00 0.000000e+00)
# magUInf     : 5.493176e-01
# lRef        : 4.000000e+00
# Aref        : 2.562000e-02
# CofR        : (0.000000e+00 0.000000e+00 0.000000e+00)
# Time        	Cm            	Cd            	Cl            	Cl(f)         	Cl(r)         
1             	-1.718024e-04	3.945661e-02	-4.298211e-03	-2.320908e-03	-1.977303e-03
2             	-2.107731e-03	5.383274e-01	-6.460092e-02	-3.440819e-02	-3.019273e-02
3             	-3.054565e-03	9.315516e-01	-7.313678e-02	-3.962295e-02	-3.351382e-02
4             	-2.896741e-03	1.031337e+00	-4.443788e-02	-2.511568e-02	-1.932220e-02
5             	-2.356763e-03	9.807176e-01	-6.199579e-03	-5.456552e-03	-7.430268e-04
6             	-1.995396e-03	9.034852e-01	1.487661e-02	5.442907e-03	9.433699e-03
7             	-1.666445e-03	8.137677e-01	3.890805e-02	1.778758e-02	2.112047e-02
8             	-1.574482e-03	7.572620e-01	4.792333e-02	2.238718e-02	2.553615e-02
9             	-1.641822e-03	7.362480e-01	5.083892e-02	2.377764e-02	2.706128e-02
10            	-1.771149e-03	7.422971e-01	4.932959e-02	2.289364e-02	2.643594e-02
11            	-1.902228e-03	7.572008e-01	4.639598e-02	2.129576e-02	2.510022e-02
12            	-2.046292e-03	7.784935e-01	4.152877e-02	1.871809e-02	2.281068e-02
13            	-2.210810e-03	8.073599e-01	3.202261e-02	1.380049e-02	1.822211e-02
14            	-2.309572e-03	8.263214e-01	1.986778e-02	7.624316e-03	1.224346e-02
15            	-2.377424e-03	8.338909e-01	8.817672e-03	2.031412e-03	6.786260e-03
16            	-2.459284e-03	8.362992e-01	-5.444145e-04	-2.731491e-03	2.187077e-03
17            	-2.558467e-03	8.372721e-01	-8.193047e-03	-6.654991e-03	-1.538056e-03
18            	-2.663296e-03	8.374256e-01	-1.405214e-02	-9.689365e-03	-4.362773e-03
19            	-2.763429e-03	8.366969e-01	-1.752330e-02	-1.152508e-02	-5.998219e-03
20            	-2.861111e-03	8.358020e-01	-1.788771e-02	-1.180497e-02	-6.082746e-03
21            	-2.963256e-03	8.358524e-01	-1.437950e-02	-1.015301e-02	-4.226494e-03
22            	-3.059732e-03	8.373509e-01	-6.602445e-03	-6.360954e-03	-2.414906e-04
23            	-3.133358e-03	8.399898e-01	4.416946e-03	-9.248855e-04	5.341831e-03
24            	-3.182759e-03	8.436194e-01	1.700855e-02	5.321514e-03	1.168703e-02
25            	-3.216413e-03	8.478694e-01	2.977937e-02	1.167327e-02	1.810610e-02
26            	-3.242762e-03	8.519172e-01	4.246446e-02	1.798947e-02	2.447499e-02
27            	-3.266449e-03	8.559081e-01	5.409908e-02	2.378309e-02	3.031599e-02
28            	-3.287328e-03	8.594242e-01	6.298588e-02	2.820561e-02	3.478027e-02
29            	-3.303209e-03	8.620950e-01	6.945774e-02	3.142566e-02	3.803208e-02
30            	-3.313405e-03	8.639330e-01	7.391618e-02	3.364468e-02	4.027149e-02
31            	-3.319075e-03	8.648254e-01	7.681790e-02	3.508988e-02	4.172803e-02
32            	-3.323070e-03	8.646502e-01	7.860217e-02	3.597801e-02	4.262415e-02
33            	-3.330600e-03	8.635801e-01	7.989822e-02	3.661851e-02	4.327971e-02
34            	-3.342948e-03	8.616187e-01	8.155400e-02	3.743405e-02	4.411995e-02
35            	-3.355630e-03	8.587954e-01	8.434538e-02	3.881706e-02	4.552832e-02
36            	-3.364208e-03	8.554341e-01	8.896552e-02	4.111855e-02	4.784697e-02
37            	-3.370930e-03	8.520798e-01	9.604098e-02	4.464956e-02	5.139142e-02
38            	-3.380843e-03	8.495320e-01	1.061449e-01	4.969160e-02	5.645328e-02
39            	-3.397918e-03	8.483388e-01	1.185007e-01	5.585241e-02	6.264825e-02
40            	-3.423707e-03	8.488710e-01	1.326024e-01	6.287751e-02	6.972493e-02
41            	-3.455382e-03	8.506192e-01	1.480562e-01	7.057271e-02	7.748347e-02
42            	-3.487494e-03	8.533331e-01	1.639744e-01	7.849972e-02	8.547471e-02
43            	-3.517501e-03	8.573787e-01	1.795268e-01	8.624588e-02	9.328088e-02
44            	-3.542566e-03	8.623283e-01	1.933309e-01	9.312290e-02	1.002080e-01
45            	-3.561556e-03	8.675326e-01	2.047990e-01	9.883794e-02	1.059611e-01
46            	-3.564003e-03	8.708886e-01	2.133440e-01	1.031080e-01	1.102360e-01
47            	-3.549082e-03	8.717088e-01	2.195017e-01	1.062018e-01	1.132999e-01
48            	-3.524741e-03	8.703088e-01	2.239181e-01	1.084343e-01	1.154838e-01
49            	-3.503933e-03	8.677789e-01	2.266051e-01	1.097986e-01	1.168065e-01
50            	-3.496472e-03	8.655416e-01	2.277153e-01	1.103612e-01	1.173541e-01
51            	-3.503858e-03	8.642686e-01	2.271295e-01	1.100609e-01	1.170686e-01
52            	-3.519710e-03	8.636452e-01	2.244194e-01	1.086900e-01	1.157294e-01
53            	-3.536086e-03	8.633258e-01	2.196178e-01	1.062728e-01	1.133450e-01
54            	-3.553529e-03	8.638319e-01	2.127573e-01	1.028251e-01	1.099322e-01
55            	-3.570664e-03	8.652421e-01	2.040456e-01	9.845216e-02	1.055935e-01
56            	-3.584413e-03	8.670806e-01	1.941909e-01	9.351101e-02	1.006798e-01
57            	-3.592676e-03	8.688736e-01	1.840482e-01	8.843145e-02	9.561680e-02
58            	-3.599336e-03	8.708510e-01	1.742339e-01	8.351762e-02	9.071630e-02
59            	-3.606248e-03	8.730496e-01	1.645522e-01	7.866986e-02	8.588236e-02
60            	-3.613929e-03	8.755464e-01	1.542154e-01	7.349375e-02	8.072161e-02
61            	-3.621072e-03	8.780948e-01	1.432516e-01	6.800471e-02	7.524686e-02
62            	-3.628129e-03	8.808909e-01	1.323448e-01	6.254426e-02	6.980052e-02
63            	-3.638943e-03	8.846246e-01	1.217848e-01	5.725347e-02	6.453136e-02
64            	-3.649804e-03	8.888606e-01	1.128984e-01	5.279938e-02	6.009899e-02
65            	-3.651723e-03	8.918903e-01	1.075921e-01	5.014434e-02	5.744778e-02
66            	-3.648188e-03	8.935838e-01	1.073982e-01	5.005093e-02	5.734730e-02
67            	-3.640482e-03	8.934370e-01	1.134263e-01	5.307265e-02	6.035361e-02
68            	-3.635860e-03	8.921389e-01	1.262636e-01	5.949594e-02	6.676766e-02
69            	-3.640133e-03	8.906940e-01	1.447647e-01	6.874220e-02	7.602246e-02
70            	-3.660859e-03	8.904814e-01	1.666152e-01	7.964672e-02	8.696844e-02
71            	-3.707314e-03	8.927927e-01	1.894866e-01	9.103600e-02	9.845063e-02
72            	-3.771097e-03	8.972051e-01	2.110827e-01	1.017703e-01	1.093125e-01
73            	-3.826796e-03	9.012866e-01	2.294157e-01	1.108811e-01	1.185346e-01
74            	-3.853353e-03	9.026614e-01	2.438097e-01	1.180515e-01	1.257582e-01
75            	-3.858524e-03	9.025434e-01	2.515139e-01	1.218984e-01	1.296155e-01
76            	-3.842450e-03	9.016540e-01	2.487495e-01	1.205323e-01	1.282172e-01
77            	-3.775356e-03	8.973516e-01	2.379729e-01	1.152111e-01	1.227618e-01
78            	-3.667231e-03	8.888435e-01	2.251962e-01	1.089309e-01	1.162653e-01
79            	-3.556962e-03	8.801217e-01	2.108025e-01	1.018443e-01	1.089582e-01
80            	-3.480914e-03	8.751788e-01	1.945912e-01	9.381471e-02	1.007765e-01
81            	-3.438237e-03	8.733965e-01	1.788063e-01	8.596491e-02	9.284139e-02
82            	-3.417307e-03	8.730725e-01	1.654774e-01	7.932140e-02	8.615602e-02
83            	-3.404775e-03	8.725056e-01	1.549773e-01	7.408386e-02	8.089341e-02
84            	-3.398060e-03	8.721343e-01	1.470968e-01	7.015033e-02	7.694645e-02
85            	-3.402554e-03	8.726581e-01	1.416381e-01	6.741649e-02	7.422160e-02
86            	-3.424556e-03	8.748745e-01	1.377170e-01	6.543397e-02	7.228308e-02
87            	-3.465155e-03	8.793911e-01	1.344166e-01	6.374314e-02	7.067345e-02
88            	-3.523658e-03	8.869290e-01	1.312216e-01	6.208717e-02	6.913448e-02
89            	-3.593902e-03	8.972665e-01	1.280140e-01	6.041309e-02	6.760089e-02
90            	-3.667233e-03	9.096416e-01	1.250557e-01	5.886063e-02	6.619510e-02
91            	-3.728063e-03	9.215790e-01	1.224374e-01	5.749063e-02	6.494675e-02
92            	-3.761687e-03	9.302973e-01	1.198776e-01	5.617713e-02	6.370051e-02
93            	-3.759170e-03	9.339180e-01	1.170064e-01	5.474401e-02	6.226235e-02
94            	-3.721487e-03	9.321098e-01	1.145660e-01	5.356152e-02	6.100449e-02
95            	-3.662203e-03	9.260970e-01	1.135722e-01	5.312390e-02	6.044831e-02
96            	-3.594171e-03	9.177994e-01	1.150229e-01	5.391729e-02	6.110563e-02
97            	-3.527901e-03	9.090199e-01	1.197718e-01	5.635799e-02	6.341379e-02
98            	-3.474311e-03	9.009903e-01	1.284273e-01	6.073936e-02	6.768798e-02
99            	-3.449773e-03	8.958575e-01	1.412218e-01	6.716115e-02	7.406070e-02
100           	-3.472158e-03	8.960000e-01	1.578584e-01	7.545703e-02	8.240135e-02
101           	-3.539244e-03	9.016111e-01	1.752074e-01	8.406447e-02	9.114296e-02
102           	-3.615948e-03	9.077714e-01	1.911758e-01	9.197194e-02	9.920384e-02
103           	-3.677528e-03	9.115045e-01	2.045427e-01	9.859381e-02	1.059489e-01
104           	-3.722898e-03	9.128777e-01	2.132371e-01	1.028956e-01	1.103414e-01
105           	-3.756534e-03	9.124818e-01	2.155117e-01	1.039993e-01	1.115124e-01
106           	-3.764267e-03	9.089057e-01	2.072031e-01	9.983726e-02	1.073658e-01
107           	-3.730451e-03	9.002219e-01	1.850742e-01	8.880663e-02	9.626753e-02
108           	-3.663803e-03	8.891408e-01	1.515215e-01	7.209696e-02	7.942456e-02
109           	-3.598596e-03	8.802481e-01	1.183826e-01	5.559269e-02	6.278988e-02
110           	-3.549063e-03	8.741660e-01	9.246701e-02	4.268444e-02	4.978257e-02
111           	-3.508117e-03	8.695693e-01	7.194806e-02	3.246591e-02	3.948215e-02
112           	-3.468161e-03	8.657938e-01	5.617627e-02	2.461997e-02	3.155629e-02
113           	-3.443141e-03	8.649191e-01	4.565612e-02	1.938492e-02	2.627120e-02
114           	-3.442357e-03	8.680699e-01	4.085897e-02	1.698713e-02	2.387184e-02
115           	-3.476785e-03	8.753763e-01	4.255438e-02	1.780041e-02	2.475398e-02
116           	-3.548291e-03	8.861612e-01	5.278409e-02	2.284375e-02	2.994033e-02
117           	-3.640687e-03	8.971258e-01	7.280466e-02	3.276164e-02	4.004302e-02
118           	-3.736621e-03	9.060739e-01	9.999902e-02	4.626289e-02	5.373613e-02
119           	-3.827314e-03	9.124304e-01	1.302371e-01	6.129125e-02	6.894588e-02
120           	-3.908764e-03	9.175639e-01	1.597819e-01	7.598218e-02	8.379970e-02
121           	-3.968697e-03	9.214545e-01	1.851683e-01	8.861546e-02	9.655286e-02
122           	-4.002716e-03	9.233870e-01	2.047157e-01	9.835511e-02	1.063605e-01
123           	-4.015845e-03	9.231619e-01	2.178739e-01	1.049211e-01	1.129528e-01
124           	-4.014508e-03	9.211131e-01	2.242408e-01	1.081059e-01	1.161349e-01
125           	-4.005496e-03	9.179732e-01	2.227279e-01	1.073585e-01	1.153694e-01
126           	-3.988440e-03	9.145103e-01	2.118546e-01	1.019389e-01	1.099157e-01
127           	-3.963429e-03	9.120192e-01	1.931045e-01	9.258881e-02	1.005157e-01
128           	-3.938653e-03	9.119031e-01	1.717367e-01	8.192968e-02	8.980699e-02
129           	-3.912436e-03	9.129255e-01	1.541665e-01	7.317080e-02	8.099567e-02
130           	-3.872236e-03	9.132622e-01	1.425899e-01	6.742274e-02	7.516721e-02
131           	-3.822455e-03	9.124837e-01	1.378675e-01	6.511132e-02	7.275623e-02
132           	-3.777799e-03	9.112186e-01	1.405763e-01	6.651035e-02	7.406594e-02
133           	-3.748109e-03	9.101831e-01	1.507232e-01	7.161351e-02	7.910973e-02
134           	-3.739366e-03	9.100632e-01	1.680448e-01	8.028305e-02	8.776178e-02
135           	-3.745241e-03	9.096027e-01	1.891339e-01	9.082169e-02	9.831218e-02
136           	-3.757022e-03	9.081907e-01	2.091324e-01	1.008092e-01	1.083232e-01
137           	-3.762131e-03	9.052030e-01	2.239214e-01	1.081985e-01	1.157228e-01
138           	-3.753901e-03	9.008292e-01	2.300056e-01	1.112489e-01	1.187567e-01
139           	-3.735646e-03	8.963740e-01	2.258735e-01	1.092011e-01	1.166724e-01
140           	-3.709611e-03	8.928141e-01	2.122357e-01	1.024082e-01	1.098275e-01
141           	-3.678367e-03	8.910415e-01	1.921943e-01	9.241876e-02	9.977550e-02
142           	-3.644040e-03	8.907326e-01	1.710472e-01	8.187956e-02	8.916764e-02
143           	-3.606772e-03	8.902783e-01	1.530585e-01	7.292245e-02	8.013600e-02
144           	-3.572493e-03	8.892768e-01	1.396936e-01	6.627430e-02	7.341928e-02
145           	-3.544589e-03	8.876658e-01	1.310504e-01	6.198061e-02	6.906979e-02
146           	-3.524696e-03	8.856462e-01	1.264924e-01	5.972152e-02	6.677091e-02
147           	-3.512222e-03	8.834459e-01	1.255921e-01	5.928384e-02	6.630828e-02
148           	-3.511667e-03	8.818964e-01	1.271038e-01	6.004024e-02	6.706358e-02
149           	-3.529173e-03	8.816288e-01	1.291121e-01	6.102685e-02	6.808520e-02
150           	-3.559794e-03	8.828622e-01	1.298402e-01	6.136029e-02	6.847988e-02
151           	-3.596907e-03	8.850192e-01	1.290990e-01	6.095257e-02	6.814639e-02
152           	-3.641294e-03	8.882363e-01	1.277074e-01	6.021239e-02	6.749498e-02
153           	-3.694533e-03	8.922806e-01	1.266194e-01	5.961518e-02	6.700425e-02
154           	-3.752552e-03	8.966796e-01	1.266340e-01	5.956445e-02	6.706955e-02
155           	-3.801380e-03	9.004941e-01	1.280087e-01	6.020299e-02	6.780575e-02
156           	-3.836037e-03	9.036632e-01	1.308590e-01	6.159344e-02	6.926552e-02
157           	-3.855955e-03	9.063676e-01	1.353829e-01	6.383548e-02	7.154739e-02
158           	-3.862289e-03	9.087936e-01	1.421633e-01	6.721935e-02	7.494393e-02
159           	-3.857190e-03	9.103613e-01	1.507403e-01	7.151298e-02	7.922736e-02
160           	-3.848741e-03	9.110191e-01	1.597261e-01	7.601431e-02	8.371179e-02
161           	-3.842041e-03	9.110770e-01	1.678763e-01	8.009612e-02	8.778021e-02
162           	-3.837594e-03	9.103695e-01	1.743747e-01	8.334975e-02	9.102494e-02
163           	-3.834306e-03	9.086691e-01	1.788969e-01	8.561416e-02	9.328277e-02
164           	-3.829168e-03	9.060038e-01	1.814521e-01	8.689688e-02	9.455522e-02
165           	-3.821585e-03	9.027514e-01	1.822615e-01	8.730916e-02	9.495233e-02
166           	-3.812944e-03	8.995890e-01	1.814092e-01	8.689166e-02	9.451755e-02
167           	-3.802995e-03	8.971172e-01	1.793854e-01	8.588972e-02	9.349571e-02
168           	-3.789377e-03	8.955390e-01	1.772573e-01	8.483925e-02	9.241801e-02
169           	-3.771663e-03	8.949627e-01	1.765689e-01	8.451278e-02	9.205610e-02
170           	-3.752449e-03	8.951381e-01	1.782584e-01	8.537675e-02	9.288165e-02
171           	-3.737429e-03	8.961092e-01	1.826953e-01	8.761024e-02	9.508509e-02
172           	-3.733601e-03	8.980201e-01	1.890162e-01	9.077449e-02	9.824169e-02
173           	-3.740795e-03	9.004881e-01	1.954916e-01	9.400498e-02	1.014866e-01
174           	-3.754023e-03	9.026997e-01	2.000621e-01	9.627703e-02	1.037851e-01
175           	-3.770791e-03	9.048730e-01	2.016070e-01	9.703271e-02	1.045743e-01
176           	-3.786062e-03	9.067068e-01	1.996980e-01	9.606296e-02	1.036351e-01
177           	-3.795133e-03	9.080361e-01	1.943892e-01	9.339947e-02	1.009897e-01
178           	-3.790164e-03	9.081069e-01	1.848453e-01	8.863250e-02	9.621282e-02
179           	-3.758628e-03	9.053969e-01	1.720809e-01	8.228180e-02	8.979906e-02
180           	-3.706594e-03	9.000417e-01	1.598808e-01	7.623379e-02	8.364697e-02
181           	-3.649657e-03	8.934178e-01	1.513067e-01	7.200368e-02	7.930299e-02
182           	-3.603214e-03	8.874896e-01	1.479103e-01	7.035195e-02	7.755838e-02
183           	-3.576199e-03	8.837401e-01	1.496020e-01	7.122478e-02	7.837718e-02
184           	-3.568945e-03	8.825684e-01	1.552655e-01	7.406380e-02	8.120169e-02
185           	-3.575919e-03	8.833991e-01	1.633813e-01	7.811473e-02	8.526657e-02
186           	-3.588946e-03	8.850908e-01	1.725039e-01	8.266299e-02	8.984088e-02
187           	-3.602938e-03	8.869201e-01	1.815962e-01	8.719517e-02	9.440104e-02
188           	-3.614813e-03	8.882207e-01	1.898161e-01	9.129321e-02	9.852284e-02
189           	-3.622345e-03	8.886754e-01	1.966709e-01	9.471309e-02	1.019578e-01
190           	-3.623470e-03	8.883942e-01	2.000313e-01	9.639218e-02	1.036391e-01
191           	-3.618037e-03	8.876477e-01	1.991438e-01	9.595384e-02	1.031899e-01
192           	-3.609806e-03	8.869487e-01	1.947326e-01	9.375650e-02	1.009761e-01
193           	-3.603111e-03	8.867245e-01	1.879841e-01	9.038896e-02	9.759518e-02
194           	-3.600161e-03	8.871090e-01	1.802070e-01	8.650336e-02	9.370368e-02
195           	-3.602292e-03	8.881775e-01	1.725384e-01	8.266693e-02	8.987151e-02
196           	-3.609655e-03	8.899001e-01	1.655168e-01	7.914875e-02	8.636806e-02
197           	-3.621546e-03	8.922142e-01	1.594095e-01	7.608320e-02	8.332629e-02
198           	-3.635262e-03	8.948062e-01	1.543679e-01	7.354867e-02	8.081920e-02
199           	-3.647396e-03	8.972244e-01	1.504059e-01	7.155556e-02	7.885035e-02
200           	-3.657681e-03	8.994462e-01	1.467811e-01	6.973285e-02	7.704821e-02
201           	-3.668758e-03	9.018531e-01	1.426693e-01	6.766587e-02	7.500339e-02
202           	-3.679098e-03	9.040553e-01	1.381174e-01	6.537958e-02	7.273778e-02
203           	-3.688029e-03	9.059256e-01	1.332938e-01	6.295886e-02	7.033492e-02
204           	-3.696960e-03	9.078772e-01	1.284823e-01	6.054418e-02	6.793810e-02
205           	-3.701092e-03	9.093634e-01	1.246946e-01	5.864620e-02	6.604838e-02
206           	-3.696871e-03	9.099305e-01	1.230833e-01	5.784477e-02	6.523851e-02
207           	-3.684118e-03	9.092974e-01	1.241738e-01	5.840278e-02	6.577102e-02
208           	-3.666197e-03	9.077572e-01	1.278644e-01	6.026599e-02	6.759838e-02
209           	-3.646771e-03	9.056623e-01	1.334083e-01	6.305736e-02	7.035090e-02
210           	-3.626569e-03	9.029413e-01	1.395582e-01	6.615254e-02	7.340568e-02
211           	-3.607939e-03	8.996846e-01	1.455609e-01	6.917253e-02	7.638841e-02
212           	-3.593957e-03	8.962241e-01	1.501459e-01	7.147901e-02	7.866692e-02
213           	-3.584039e-03	8.931127e-01	1.519474e-01	7.238966e-02	7.955774e-02
214           	-3.573319e-03	8.902133e-01	1.512225e-01	7.203791e-02	7.918455e-02
215           	-3.558829e-03	8.873032e-01	1.490485e-01	7.096542e-02	7.808308e-02
216           	-3.543456e-03	8.848815e-01	1.465288e-01	6.972093e-02	7.680784e-02
217           	-3.532328e-03	8.836314e-01	1.443516e-01	6.864347e-02	7.570813e-02
218           	-3.528809e-03	8.840824e-01	1.427512e-01	6.784681e-02	7.490443e-02
219           	-3.534687e-03	8.864527e-01	1.416688e-01	6.729969e-02	7.436906e-02
220           	-3.548566e-03	8.905258e-01	1.409439e-01	6.692337e-02	7.402051e-02
221           	-3.564954e-03	8.954450e-01	1.402484e-01	6.655924e-02	7.368914e-02
222           	-3.578123e-03	9.007650e-01	1.394815e-01	6.616261e-02	7.331886e-02
223           	-3.579649e-03	9.050079e-01	1.386143e-01	6.572751e-02	7.288681e-02
224           	-3.565528e-03	9.070033e-01	1.376979e-01	6.528343e-02	7.241448e-02
225           	-3.538584e-03	9.064695e-01	1.368291e-01	6.487598e-02	7.195315e-02
226           	-3.508009e-03	9.041994e-01	1.359597e-01	6.447185e-02	7.148787e-02
227           	-3.481265e-03	9.011871e-01	1.347803e-01	6.390887e-02	7.087140e-02
228           	-3.462596e-03	8.983949e-01	1.332256e-01	6.315021e-02	7.007540e-02
229           	-3.454510e-03	8.966474e-01	1.313087e-01	6.219986e-02	6.910888e-02
230           	-3.455383e-03	8.961520e-01	1.291357e-01	6.111247e-02	6.802324e-02
231           	-3.460110e-03	8.964688e-01	1.269589e-01	6.001935e-02	6.693957e-02
232           	-3.465986e-03	8.973209e-01	1.246724e-01	5.887023e-02	6.580220e-02
233           	-3.470632e-03	8.983668e-01	1.220499e-01	5.755432e-02	6.449559e-02
234           	-3.471009e-03	8.991044e-01	1.189098e-01	5.598391e-02	6.292592e-02
235           	-3.465110e-03	8.993582e-01	1.150086e-01	5.403921e-02	6.096943e-02
236           	-3.453588e-03	8.993786e-01	1.103785e-01	5.173567e-02	5.864284e-02
237           	-3.438380e-03	8.991493e-01	1.060588e-01	4.959102e-02	5.646778e-02
238           	-3.422873e-03	8.988722e-01	1.030059e-01	4.808009e-02	5.492583e-02
239           	-3.408776e-03	8.985518e-01	1.018992e-01	4.754084e-02	5.435839e-02
240           	-3.397272e-03	8.983054e-01	1.030233e-01	4.811439e-02	5.490894e-02
241           	-3.389419e-03	8.982656e-01	1.063283e-01	4.977473e-02	5.655357e-02
242           	-3.385460e-03	8.984547e-01	1.113041e-01	5.226661e-02	5.903753e-02
243           	-3.385123e-03	8.988954e-01	1.169993e-01	5.511453e-02	6.188477e-02
244           	-3.388433e-03	8.996340e-01	1.225624e-01	5.789275e-02	6.466962e-02
245           	-3.394393e-03	9.005311e-01	1.271107e-01	6.016094e-02	6.694972e-02
246           	-3.402850e-03	9.016266e-01	1.299445e-01	6.156938e-02	6.837508e-02
247           	-3.413024e-03	9.029505e-01	1.301863e-01	6.168012e-02	6.850617e-02
248           	-3.420067e-03	9.041571e-01	1.269099e-01	6.003491e-02	6.687504e-02
249           	-3.417130e-03	9.044031e-01	1.205906e-01	5.687819e-02	6.371245e-02
250           	-3.402147e-03	9.033664e-01	1.124523e-01	5.282399e-02	5.962828e-02
251           	-3.378895e-03	9.012485e-01	1.040937e-01	4.866797e-02	5.542576e-02
252           	-3.353403e-03	8.986455e-01	9.673168e-02	4.501244e-02	5.171924e-02
253           	-3.331479e-03	8.962785e-01	9.095804e-02	4.214754e-02	4.881050e-02
254           	-3.317186e-03	8.948022e-01	8.692406e-02	4.014484e-02	4.677922e-02
255           	-3.308778e-03	8.941263e-01	8.419520e-02	3.878882e-02	4.540638e-02
256           	-3.304897e-03	8.941943e-01	8.239634e-02	3.789327e-02	4.450307e-02
257           	-3.303135e-03	8.947629e-01	8.121291e-02	3.730332e-02	4.390959e-02
258           	-3.301723e-03	8.956741e-01	8.036317e-02	3.687986e-02	4.348331e-02
259           	-3.299403e-03	8.968773e-01	7.958703e-02	3.649411e-02	4.309292e-02
260           	-3.295137e-03	8.982667e-01	7.868914e-02	3.604943e-02	4.263971e-02
261           	-3.287667e-03	8.994051e-01	7.768308e-02	3.555387e-02	4.212921e-02
262           	-3.276741e-03	8.999897e-01	7.662271e-02	3.503461e-02	4.158810e-02
263           	-3.263831e-03	9.000067e-01	7.548146e-02	3.447690e-02	4.100456e-02
264           	-3.249805e-03	8.994279e-01	7.440993e-02	3.395516e-02	4.045477e-02
265           	-3.236264e-03	8.984128e-01	7.351644e-02	3.352196e-02	3.999448e-02
266           	-3.224856e-03	8.972167e-01	7.289129e-02	3.322079e-02	3.967050e-02
267           	-3.215462e-03	8.959739e-01	7.257867e-02	3.307387e-02	3.950480e-02
268           	-3.209084e-03	8.949000e-01	7.244329e-02	3.301256e-02	3.943073e-02
269           	-3.205692e-03	8.941071e-01	7.230639e-02	3.294750e-02	3.935889e-02
270           	-3.203641e-03	8.935157e-01	7.202457e-02	3.280865e-02	3.921593e-02
271           	-3.201904e-03	8.929753e-01	7.141375e-02	3.250497e-02	3.890878e-02
272           	-3.199547e-03	8.924196e-01	7.023919e-02	3.192005e-02	3.831914e-02
273           	-3.196390e-03	8.918005e-01	6.839304e-02	3.100013e-02	3.739291e-02
274           	-3.191426e-03	8.909325e-01	6.621544e-02	2.991629e-02	3.629915e-02
275           	-3.186120e-03	8.900375e-01	6.395866e-02	2.879321e-02	3.516545e-02
276           	-3.181121e-03	8.891828e-01	6.197226e-02	2.780501e-02	3.416725e-02
277           	-3.177353e-03	8.884750e-01	6.047592e-02	2.706061e-02	3.341531e-02
278           	-3.175376e-03	8.879994e-01	5.953915e-02	2.659420e-02	3.294495e-02
279           	-3.175094e-03	8.878191e-01	5.914720e-02	2.639851e-02	3.274869e-02
280           	-3.176163e-03	8.879064e-01	5.913675e-02	2.639221e-02	3.274454e-02
281           	-3.177972e-03	8.882177e-01	5.937444e-02	2.650925e-02	3.286519e-02
282           	-3.179390e-03	8.886350e-01	5.976450e-02	2.670286e-02	3.306164e-02
283           	-3.180221e-03	8.891287e-01	6.019453e-02	2.691705e-02	3.327749e-02
284           	-3.179873e-03	8.896618e-01	6.054851e-02	2.709438e-02	3.345413e-02
285           	-3.178041e-03	8.902957e-01	6.068433e-02	2.716413e-02	3.352021e-02
286           	-3.173552e-03	8.908203e-01	6.058084e-02	2.711687e-02	3.346397e-02
287           	-3.166342e-03	8.910299e-01	6.035938e-02	2.701335e-02	3.334603e-02
288           	-3.156392e-03	8.907581e-01	6.017219e-02	2.692970e-02	3.324249e-02
289           	-3.144702e-03	8.900360e-01	6.012797e-02	2.691928e-02	3.320869e-02
290           	-3.132765e-03	8.890423e-01	6.028695e-02	2.701071e-02	3.327624e-02
291           	-3.122019e-03	8.879997e-01	6.065990e-02	2.720793e-02	3.345197e-02
292           	-3.113091e-03	8.870545e-01	6.118457e-02	2.747920e-02	3.370538e-02
293           	-3.106421e-03	8.863028e-01	6.179595e-02	2.779156e-02	3.400440e-02
294           	-3.101776e-03	8.857902e-01	6.242893e-02	2.811269e-02	3.431624e-02
295           	-3.098385e-03	8.854776e-01	6.299899e-02	2.840111e-02	3.459788e-02
296           	-3.095709e-03	8.852651e-01	6.348338e-02	2.864598e-02	3.483740e-02
297           	-3.093239e-03	8.851020e-01	6.387361e-02	2.884357e-02	3.503004e-02
298           	-3.090731e-03	8.850024e-01	6.402860e-02	2.892357e-02	3.510503e-02
299           	-3.088267e-03	8.850153e-01	6.386968e-02	2.884657e-02	3.502311e-02
300           	-3.085647e-03	8.851274e-01	6.347504e-02	2.865187e-02	3.482316e-02
301           	-3.083094e-03	8.853371e-01	6.291631e-02	2.837506e-02	3.454125e-02
302           	-3.080666e-03	8.856162e-01	6.229472e-02	2.806669e-02	3.422803e-02
303           	-3.078581e-03	8.859662e-01	6.167814e-02	2.776049e-02	3.391765e-02
304           	-3.077201e-03	8.863818e-01	6.112760e-02	2.748660e-02	3.364100e-02
305           	-3.076246e-03	8.868311e-01	6.066956e-02	2.725853e-02	3.341102e-02
306           	-3.075616e-03	8.873022e-01	6.031424e-02	2.708150e-02	3.323273e-02
307           	-3.075109e-03	8.877869e-01	6.004599e-02	2.694789e-02	3.309810e-02
308           	-3.074568e-03	8.882694e-01	5.983463e-02	2.684275e-02	3.299188e-02
309           	-3.074110e-03	8.887897e-01	5.959532e-02	2.672355e-02	3.287177e-02
310           	-3.073560e-03	8.892664e-01	5.927850e-02	2.656569e-02	3.271281e-02
311           	-3.072692e-03	8.895598e-01	5.887359e-02	2.636410e-02	3.250949e-02
312           	-3.071901e-03	8.896417e-01	5.829564e-02	2.607592e-02	3.221972e-02
313           	-3.070855e-03	8.895020e-01	5.754994e-02	2.570412e-02	3.184583e-02
314           	-3.069440e-03	8.891612e-01	5.664506e-02	2.525309e-02	3.139197e-02
315           	-3.067705e-03	8.886625e-01	5.563071e-02	2.474765e-02	3.088306e-02
316           	-3.065788e-03	8.880672e-01	5.458249e-02	2.422546e-02	3.035703e-02
317           	-3.063588e-03	8.874517e-01	5.361155e-02	2.374219e-02	2.986936e-02
318           	-3.061434e-03	8.868295e-01	5.275093e-02	2.331403e-02	2.943690e-02
319           	-3.059349e-03	8.862398e-01	5.202578e-02	2.295354e-02	2.907224e-02
320           	-3.057200e-03	8.856936e-01	5.142705e-02	2.265633e-02	2.877073e-02
321           	-3.054761e-03	8.851438e-01	5.097791e-02	2.243419e-02	2.854372e-02
322           	-3.051725e-03	8.845363e-01	5.069277e-02	2.229466e-02	2.839811e-02
323           	-3.048597e-03	8.839521e-01	5.058822e-02	2.224551e-02	2.834271e-02
324           	-3.046331e-03	8.835461e-01	5.060727e-02	2.225730e-02	2.834997e-02
325           	-3.045333e-03	8.833523e-01	5.066457e-02	2.228695e-02	2.837762e-02
326           	-3.045307e-03	8.833650e-01	5.066440e-02	2.228689e-02	2.837750e-02
327           	-3.045891e-03	8.835458e-01	5.055900e-02	2.223361e-02	2.832539e-02
328           	-3.046786e-03	8.838558e-01	5.034924e-02	2.212783e-02	2.822140e-02
329           	-3.047578e-03	8.842322e-01	5.007516e-02	2.199000e-02	2.808516e-02
330           	-3.048311e-03	8.846712e-01	4.978175e-02	2.184256e-02	2.793918e-02
331           	-3.048871e-03	8.851572e-01	4.951332e-02	2.170779e-02	2.780553e-02
332           	-3.049139e-03	8.856773e-01	4.930341e-02	2.160257e-02	2.770085e-02
333           	-3.048974e-03	8.862251e-01	4.917181e-02	2.153693e-02	2.763488e-02
334           	-3.048089e-03	8.867847e-01	4.913398e-02	2.151890e-02	2.761508e-02
335           	-3.046117e-03	8.872744e-01	4.924346e-02	2.157561e-02	2.766784e-02
336           	-3.043102e-03	8.875659e-01	4.957447e-02	2.174414e-02	2.783034e-02
337           	-3.039664e-03	8.876802e-01	5.015055e-02	2.203561e-02	2.811494e-02
338           	-3.036064e-03	8.876314e-01	5.090833e-02	2.241810e-02	2.849023e-02
339           	-3.032453e-03	8.874593e-01	5.177283e-02	2.285396e-02	2.891887e-02
340           	-3.028937e-03	8.872102e-01	5.268482e-02	2.331347e-02	2.937135e-02
341           	-3.025570e-03	8.869246e-01	5.361014e-02	2.377950e-02	2.983064e-02
342           	-3.022379e-03	8.866176e-01	5.448917e-02	2.422220e-02	3.026696e-02
343           	-3.019463e-03	8.863202e-01	5.534440e-02	2.465274e-02	3.069166e-02
344           	-3.016805e-03	8.860540e-01	5.618435e-02	2.507537e-02	3.110898e-02
345           	-3.014347e-03	8.858237e-01	5.701668e-02	2.549399e-02	3.152269e-02
346           	-3.012001e-03	8.856150e-01	5.785740e-02	2.591670e-02	3.194070e-02
347           	-3.009722e-03	8.854136e-01	5.872012e-02	2.635034e-02	3.236978e-02
348           	-3.007594e-03	8.852438e-01	5.956595e-02	2.677538e-02	3.279057e-02
349           	-3.005782e-03	8.851685e-01	6.031597e-02	2.715220e-02	3.316377e-02
350           	-3.004336e-03	8.852230e-01	6.095396e-02	2.747264e-02	3.348132e-02
351           	-3.003107e-03	8.854214e-01	6.154285e-02	2.776832e-02	3.377453e-02
352           	-3.002252e-03	8.857488e-01	6.208763e-02	2.804156e-02	3.404606e-02
353           	-3.001819e-03	8.861812e-01	6.259580e-02	2.829608e-02	3.429972e-02
354           	-3.001768e-03	8.866851e-01	6.306568e-02	2.853107e-02	3.453461e-02
355           	-3.002025e-03	8.872016e-01	6.348168e-02	2.873881e-02	3.474286e-02
356           	-3.002461e-03	8.877200e-01	6.383376e-02	2.891442e-02	3.491934e-02
357           	-3.003021e-03	8.882257e-01	6.409882e-02	2.904639e-02	3.505243e-02
358           	-3.003658e-03	8.887005e-01	6.424984e-02	2.912126e-02	3.512858e-02
359           	-3.004341e-03	8.891322e-01	6.425683e-02	2.912407e-02	3.513276e-02
360           	-3.005026e-03	8.895077e-01	6.408575e-02	2.903785e-02	3.504790e-02
361           	-3.005666e-03	8.898229e-01	6.371378e-02	2.885122e-02	3.486255e-02
362           	-3.005984e-03	8.900254e-01	6.312598e-02	2.855701e-02	3.456897e-02
363           	-3.005806e-03	8.900752e-01	6.231320e-02	2.815080e-02	3.416241e-02
364           	-3.005000e-03	8.899776e-01	6.136742e-02	2.767871e-02	3.368871e-02
365           	-3.003594e-03	8.897703e-01	6.036574e-02	2.717927e-02	3.318646e-02
366           	-3.001772e-03	8.894839e-01	5.934389e-02	2.667017e-02	3.267372e-02
367           	-2.999653e-03	8.891458e-01	5.834533e-02	2.617301e-02	3.217232e-02
368           	-2.997337e-03	8.887791e-01	5.740326e-02	2.570429e-02	3.169897e-02
369           	-2.994913e-03	8.884004e-01	5.653820e-02	2.527419e-02	3.126401e-02
370           	-2.992451e-03	8.880190e-01	5.575905e-02	2.488708e-02	3.087198e-02
371           	-2.990072e-03	8.876540e-01	5.506781e-02	2.454383e-02	3.052398e-02
372           	-2.987970e-03	8.873352e-01	5.445677e-02	2.424042e-02	3.021636e-02
373           	-2.986324e-03	8.870932e-01	5.390703e-02	2.396719e-02	2.993984e-02
374           	-2.985224e-03	8.869496e-01	5.339207e-02	2.371081e-02	2.968126e-02
375           	-2.984671e-03	8.869151e-01	5.288475e-02	2.345771e-02	2.942705e-02
376           	-2.984565e-03	8.869855e-01	5.236611e-02	2.319849e-02	2.916762e-02
377           	-2.984768e-03	8.871479e-01	5.183235e-02	2.293141e-02	2.890094e-02
378           	-2.985145e-03	8.873878e-01	5.129354e-02	2.266162e-02	2.863191e-02
379           	-2.985565e-03	8.876871e-01	5.076947e-02	2.239917e-02	2.837030e-02
380           	-2.985921e-03	8.880270e-01	5.028627e-02	2.215721e-02	2.812905e-02
381           	-2.986131e-03	8.883878e-01	4.987283e-02	2.195028e-02	2.792254e-02
382           	-2.986144e-03	8.887478e-01	4.955986e-02	2.179379e-02	2.776607e-02
383           	-2.985940e-03	8.890817e-01	4.937434e-02	2.170123e-02	2.767311e-02
384           	-2.985537e-03	8.893669e-01	4.932974e-02	2.167933e-02	2.765041e-02
385           	-2.984987e-03	8.895900e-01	4.942094e-02	2.172548e-02	2.769545e-02
386           	-2.984367e-03	8.897489e-01	4.962426e-02	2.182776e-02	2.779650e-02
387           	-2.983722e-03	8.898445e-01	4.990347e-02	2.196801e-02	2.793546e-02
388           	-2.983090e-03	8.898848e-01	5.021913e-02	2.212647e-02	2.809265e-02
389           	-2.982475e-03	8.898775e-01	5.053310e-02	2.228408e-02	2.824903e-02
390           	-2.981872e-03	8.898320e-01	5.081851e-02	2.242738e-02	2.839113e-02
391           	-2.981252e-03	8.897523e-01	5.105492e-02	2.254621e-02	2.850871e-02
392           	-2.980588e-03	8.896411e-01	5.123003e-02	2.263443e-02	2.859560e-02
393           	-2.979857e-03	8.895023e-01	5.133680e-02	2.268854e-02	2.864826e-02
394           	-2.979049e-03	8.893434e-01	5.137214e-02	2.270702e-02	2.866512e-02
395           	-2.978185e-03	8.891815e-01	5.134603e-02	2.269483e-02	2.865120e-02
396           	-2.977306e-03	8.890372e-01	5.127583e-02	2.266061e-02	2.861522e-02
397           	-2.976464e-03	8.889292e-01	5.118528e-02	2.261618e-02	2.856910e-02
398           	-2.975713e-03	8.888714e-01	5.109765e-02	2.257311e-02	2.852454e-02
399           	-2.975097e-03	8.888718e-01	5.103149e-02	2.254065e-02	2.849084e-02
400           	-2.974642e-03	8.889317e-01	5.099643e-02	2.252357e-02	2.847285e-02
401           	-2.974366e-03	8.890522e-01	5.099943e-02	2.252535e-02	2.847408e-02
402           	-2.974270e-03	8.892315e-01	5.104120e-02	2.254633e-02	2.849487e-02
403           	-2.974343e-03	8.894665e-01	5.111920e-02	2.258526e-02	2.853394e-02
404           	-2.974549e-03	8.897475e-01	5.122816e-02	2.263953e-02	2.858863e-02
405           	-2.974882e-03	8.900775e-01	5.135880e-02	2.270452e-02	2.865428e-02
406           	-2.975242e-03	8.904211e-01	5.150146e-02	2.277549e-02	2.872597e-02
407           	-2.975512e-03	8.907458e-01	5.164410e-02	2.284654e-02	2.879756e-02
408           	-2.975545e-03	8.910101e-01	5.177655e-02	2.291273e-02	2.886382e-02
409           	-2.975360e-03	8.912188e-01	5.189070e-02	2.296999e-02	2.892071e-02
410           	-2.975001e-03	8.913752e-01	5.198204e-02	2.301602e-02	2.896602e-02
411           	-2.974471e-03	8.914711e-01	5.203988e-02	2.304547e-02	2.899441e-02
412           	-2.973807e-03	8.915218e-01	5.208299e-02	2.306769e-02	2.901530e-02
413           	-2.973024e-03	8.915199e-01	5.210455e-02	2.307925e-02	2.902530e-02
414           	-2.972139e-03	8.914624e-01	5.210400e-02	2.307986e-02	2.902414e-02
415           	-2.971166e-03	8.913524e-01	5.208271e-02	2.307019e-02	2.901252e-02
416           	-2.970204e-03	8.912052e-01	5.203791e-02	2.304875e-02	2.898916e-02
417           	-2.969377e-03	8.910435e-01	5.196180e-02	2.301152e-02	2.895028e-02
418           	-2.968661e-03	8.908806e-01	5.186485e-02	2.296376e-02	2.890108e-02
419           	-2.968127e-03	8.907335e-01	5.173976e-02	2.290175e-02	2.883801e-02
420           	-2.967887e-03	8.906246e-01	5.158568e-02	2.282496e-02	2.876073e-02
421           	-2.967870e-03	8.905487e-01	5.140033e-02	2.273229e-02	2.866803e-02
422           	-2.968039e-03	8.905018e-01	5.118109e-02	2.262250e-02	2.855858e-02
423           	-2.968376e-03	8.904847e-01	5.092402e-02	2.249363e-02	2.843039e-02
424           	-2.968877e-03	8.905059e-01	5.062556e-02	2.234391e-02	2.828166e-02
425           	-2.969493e-03	8.905683e-01	5.028705e-02	2.217403e-02	2.811302e-02
426           	-2.970169e-03	8.906727e-01	4.992503e-02	2.199235e-02	2.793269e-02
427           	-2.970843e-03	8.908099e-01	4.955959e-02	2.180895e-02	2.775064e-02
428           	-2.971398e-03	8.909539e-01	4.919714e-02	2.162717e-02	2.756997e-02
429           	-2.971819e-03	8.910878e-01	4.886178e-02	2.145907e-02	2.740271e-02
430           	-2.972089e-03	8.911999e-01	4.856531e-02	2.131057e-02	2.725474e-02
431           	-2.972196e-03	8.912826e-01	4.831405e-02	2.118483e-02	2.712922e-02
432           	-2.972154e-03	8.913338e-01	4.812587e-02	2.109078e-02	2.703509e-02
433           	-2.971968e-03	8.913529e-01	4.798320e-02	2.101963e-02	2.696357e-02
434           	-2.971660e-03	8.913419e-01	4.788276e-02	2.096972e-02	2.691304e-02
435           	-2.971222e-03	8.912995e-01	4.782378e-02	2.094067e-02	2.688311e-02
436           	-2.970684e-03	8.912327e-01	4.780168e-02	2.093016e-02	2.687152e-02
437           	-2.970056e-03	8.911410e-01	4.781461e-02	2.093725e-02	2.687736e-02
438           	-2.969356e-03	8.910238e-01	4.785644e-02	2.095886e-02	2.689758e-02
439           	-2.968599e-03	8.908787e-01	4.793481e-02	2.099881e-02	2.693600e-02
440           	-2.967856e-03	8.907150e-01	4.804932e-02	2.105680e-02	2.699251e-02
441           	-2.967157e-03	8.905406e-01	4.819013e-02	2.112791e-02	2.706222e-02
442           	-2.966535e-03	8.903731e-01	4.834341e-02	2.120517e-02	2.713824e-02
443           	-2.965994e-03	8.902225e-01	4.850037e-02	2.128419e-02	2.721618e-02
444           	-2.965521e-03	8.900920e-01	4.865328e-02	2.136112e-02	2.729216e-02
445           	-2.965128e-03	8.899885e-01	4.880418e-02	2.143696e-02	2.736722e-02
446           	-2.964817e-03	8.899151e-01	4.895286e-02	2.151161e-02	2.744125e-02
447           	-2.964575e-03	8.898713e-01	4.910260e-02	2.158672e-02	2.751587e-02
448           	-2.964384e-03	8.898541e-01	4.925563e-02	2.166343e-02	2.759220e-02
449           	-2.964259e-03	8.898575e-01	4.941303e-02	2.174226e-02	2.767077e-02
450           	-2.964127e-03	8.898784e-01	4.958568e-02	2.182871e-02	2.775697e-02
451           	-2.963951e-03	8.899171e-01	4.977912e-02	2.192561e-02	2.785351e-02
452           	-2.963676e-03	8.899807e-01	5.000491e-02	2.203878e-02	2.796613e-02
453           	-2.963331e-03	8.900536e-01	5.025915e-02	2.216624e-02	2.809291e-02
454           	-2.962985e-03	8.901452e-01	5.054402e-02	2.230903e-02	2.823500e-02
455           	-2.962547e-03	8.902462e-01	5.087007e-02	2.247249e-02	2.839758e-02
456           	-2.962055e-03	8.903441e-01	5.123111e-02	2.265350e-02	2.857761e-02
457           	-2.961500e-03	8.904312e-01	5.162290e-02	2.284995e-02	2.877295e-02
458           	-2.960908e-03	8.904957e-01	5.202820e-02	2.305319e-02	2.897501e-02
459           	-2.960230e-03	8.905461e-01	5.244637e-02	2.326296e-02	2.918341e-02
460           	-2.959452e-03	8.905824e-01	5.287454e-02	2.347782e-02	2.939672e-02
461           	-2.958585e-03	8.906044e-01	5.331055e-02	2.369669e-02	2.961386e-02
462           	-2.957648e-03	8.906108e-01	5.375177e-02	2.391824e-02	2.983353e-02
463           	-2.956658e-03	8.905997e-01	5.419370e-02	2.414019e-02	3.005351e-02
464           	-2.955648e-03	8.905747e-01	5.463248e-02	2.436059e-02	3.027189e-02
465           	-2.954647e-03	8.905380e-01	5.505990e-02	2.457530e-02	3.048460e-02
466           	-2.953651e-03	8.904916e-01	5.547080e-02	2.478175e-02	3.068905e-02
467           	-2.952676e-03	8.904376e-01	5.585262e-02	2.497363e-02	3.087899e-02
468           	-2.951733e-03	8.903814e-01	5.619221e-02	2.514437e-02	3.104784e-02
469           	-2.950826e-03	8.903288e-01	5.648720e-02	2.529277e-02	3.119443e-02
470           	-2.949952e-03	8.902820e-01	5.673858e-02	2.541934e-02	3.131924e-02
471           	-2.949111e-03	8.902415e-01	5.694984e-02	2.552581e-02	3.142403e-02
472           	-2.948317e-03	8.902094e-01	5.712294e-02	2.561315e-02	3.150979e-02
473           	-2.947574e-03	8.901847e-01	5.725946e-02	2.568216e-02	3.157731e-02
474           	-2.946893e-03	8.901675e-01	5.735945e-02	2.573283e-02	3.162662e-02
475           	-2.946259e-03	8.901533e-01	5.742166e-02	2.576457e-02	3.165709e-02
476           	-2.945675e-03	8.901448e-01	5.744600e-02	2.577732e-02	3.166867e-02
477           	-2.945131e-03	8.901426e-01	5.742959e-02	2.576967e-02	3.165993e-02
478           	-2.944607e-03	8.901449e-01	5.737221e-02	2.574150e-02	3.163071e-02
479           	-2.944073e-03	8.901481e-01	5.727813e-02	2.569499e-02	3.158314e-02
480           	-2.943505e-03	8.901497e-01	5.715381e-02	2.563340e-02	3.152041e-02
481           	-2.942815e-03	8.901429e-01	5.700023e-02	2.555730e-02	3.144293e-02
482           	-2.942052e-03	8.901256e-01	5.683029e-02	2.547309e-02	3.135720e-02
483           	-2.941292e-03	8.901006e-01	5.665660e-02	2.538701e-02	3.126959e-02
484           	-2.940506e-03	8.900701e-01	5.648029e-02	2.529964e-02	3.118065e-02
485           	-2.939679e-03	8.900339e-01	5.630130e-02	2.521097e-02	3.109033e-02
486           	-2.938811e-03	8.899918e-01	5.612094e-02	2.512166e-02	3.099928e-02
487           	-2.937905e-03	8.899442e-01	5.594073e-02	2.503246e-02	3.090827e-02
488           	-2.936986e-03	8.898970e-01	5.576083e-02	2.494343e-02	3.081740e-02
489           	-2.936069e-03	8.898481e-01	5.558506e-02	2.485646e-02	3.072860e-02
490           	-2.935158e-03	8.897979e-01	5.541317e-02	2.477143e-02	3.064174e-02
491           	-2.934276e-03	8.897519e-01	5.524863e-02	2.469004e-02	3.055859e-02
492           	-2.933447e-03	8.897131e-01	5.509343e-02	2.461327e-02	3.048016e-02
493           	-2.932675e-03	8.896819e-01	5.494920e-02	2.454193e-02	3.040728e-02
494           	-2.931952e-03	8.896556e-01	5.481809e-02	2.447709e-02	3.034100e-02
495           	-2.931289e-03	8.896411e-01	5.469712e-02	2.441727e-02	3.027985e-02
496           	-2.930665e-03	8.896324e-01	5.458569e-02	2.436218e-02	3.022351e-02
497           	-2.930086e-03	8.896268e-01	5.449218e-02	2.431600e-02	3.017618e-02
498           	-2.929550e-03	8.896236e-01	5.441405e-02	2.427747e-02	3.013657e-02
499           	-2.929049e-03	8.896225e-01	5.435087e-02	2.424638e-02	3.010448e-02
500           	-2.928579e-03	8.896231e-01	5.430313e-02	2.422299e-02	3.008015e-02
501           	-2.928129e-03	8.896234e-01	5.426920e-02	2.420647e-02	3.006273e-02
502           	-2.927702e-03	8.896244e-01	5.425151e-02	2.419805e-02	3.005346e-02
503           	-2.927297e-03	8.896242e-01	5.424740e-02	2.419640e-02	3.005100e-02
504           	-2.926917e-03	8.896237e-01	5.425910e-02	2.420263e-02	3.005647e-02
505           	-2.926564e-03	8.896229e-01	5.428601e-02	2.421644e-02	3.006957e-02
506           	-2.926233e-03	8.896201e-01	5.432570e-02	2.423662e-02	3.008908e-02
507           	-2.925936e-03	8.896191e-01	5.438101e-02	2.426457e-02	3.011644e-02
508           	-2.925670e-03	8.896198e-01	5.444931e-02	2.429898e-02	3.015032e-02
509           	-2.925430e-03	8.896205e-01	5.453012e-02	2.433963e-02	3.019049e-02
510           	-2.925234e-03	8.896241e-01	5.462204e-02	2.438579e-02	3.023625e-02
511           	-2.925078e-03	8.896285e-01	5.472398e-02	2.443691e-02	3.028707e-02
512           	-2.924981e-03	8.896388e-01	5.483541e-02	2.449272e-02	3.034269e-02
513           	-2.924950e-03	8.896582e-01	5.495451e-02	2.455231e-02	3.040221e-02
514           	-2.924987e-03	8.896868e-01	5.508127e-02	2.461565e-02	3.046562e-02
515           	-2.925103e-03	8.897260e-01	5.521493e-02	2.468236e-02	3.053257e-02
516           	-2.925301e-03	8.897754e-01	5.535179e-02	2.475060e-02	3.060120e-02
517           	-2.925583e-03	8.898334e-01	5.549216e-02	2.482050e-02	3.067166e-02
518           	-2.925948e-03	8.898993e-01	5.563317e-02	2.489064e-02	3.074253e-02
519           	-2.926393e-03	8.899726e-01	5.577149e-02	2.495935e-02	3.081214e-02
520           	-2.926920e-03	8.900517e-01	5.590414e-02	2.502515e-02	3.087899e-02
521           	-2.927521e-03	8.901334e-01	5.602553e-02	2.508525e-02	3.094029e-02
522           	-2.928191e-03	8.902143e-01	5.613575e-02	2.513968e-02	3.099606e-02
523           	-2.928932e-03	8.902950e-01	5.622751e-02	2.518482e-02	3.104269e-02
524           	-2.929732e-03	8.903732e-01	5.630270e-02	2.522162e-02	3.108108e-02
525           	-2.930589e-03	8.904475e-01	5.636047e-02	2.524965e-02	3.111083e-02
526           	-2.931461e-03	8.905121e-01	5.639857e-02	2.526782e-02	3.113074e-02
527           	-2.932367e-03	8.905704e-01	5.641885e-02	2.527706e-02	3.114179e-02
528           	-2.933320e-03	8.906233e-01	5.642033e-02	2.527684e-02	3.114348e-02
529           	-2.934321e-03	8.906706e-01	5.640198e-02	2.526667e-02	3.113531e-02
530           	-2.935357e-03	8.907099e-01	5.636537e-02	2.524733e-02	3.111804e-02
531           	-2.936431e-03	8.907433e-01	5.631132e-02	2.521923e-02	3.109209e-02
532           	-2.937534e-03	8.907703e-01	5.623826e-02	2.518160e-02	3.105667e-02
533           	-2.938668e-03	8.907930e-01	5.614831e-02	2.513549e-02	3.101282e-02
534           	-2.939821e-03	8.908100e-01	5.604332e-02	2.508184e-02	3.096148e-02
535           	-2.941000e-03	8.908200e-01	5.592169e-02	2.501984e-02	3.090184e-02
536           	-2.942191e-03	8.908259e-01	5.578556e-02	2.495059e-02	3.083497e-02
537           	-2.943385e-03	8.908305e-01	5.563745e-02	2.487534e-02	3.076211e-02
538           	-2.944570e-03	8.908341e-01	5.547707e-02	2.479396e-02	3.068311e-02
539           	-2.945744e-03	8.908380e-01	5.530933e-02	2.470892e-02	3.060041e-02
540           	-2.946907e-03	8.908440e-01	5.513606e-02	2.462112e-02	3.051494e-02
541           	-2.948048e-03	8.908521e-01	5.495962e-02	2.453176e-02	3.042786e-02
542           	-2.949160e-03	8.908621e-01	5.478307e-02	2.444238e-02	3.034070e-02
543           	-2.950228e-03	8.908716e-01	5.460661e-02	2.435308e-02	3.025354e-02
544           	-2.951242e-03	8.908799e-01	5.443550e-02	2.426651e-02	3.016899e-02
545           	-2.952195e-03	8.908876e-01	5.427178e-02	2.418370e-02	3.008809e-02
546           	-2.953069e-03	8.908965e-01	5.412129e-02	2.410757e-02	3.001371e-02
547           	-2.953862e-03	8.909046e-01	5.398503e-02	2.403865e-02	2.994638e-02
548           	-2.954570e-03	8.909076e-01	5.385921e-02	2.397503e-02	2.988417e-02
549           	-2.955202e-03	8.909069e-01	5.374925e-02	2.391942e-02	2.982983e-02
550           	-2.955762e-03	8.909027e-01	5.365455e-02	2.387151e-02	2.978304e-02
551           	-2.956242e-03	8.908940e-01	5.357586e-02	2.383169e-02	2.974417e-02
552           	-2.956641e-03	8.908820e-01	5.351314e-02	2.379993e-02	2.971321e-02
553           	-2.956956e-03	8.908665e-01	5.346410e-02	2.377510e-02	2.968901e-02
554           	-2.957188e-03	8.908480e-01	5.342744e-02	2.375653e-02	2.967091e-02
555           	-2.957346e-03	8.908288e-01	5.340373e-02	2.374452e-02	2.965921e-02
556           	-2.957431e-03	8.908098e-01	5.339096e-02	2.373805e-02	2.965291e-02
557           	-2.957446e-03	8.907916e-01	5.338783e-02	2.373647e-02	2.965136e-02
558           	-2.957387e-03	8.907737e-01	5.339095e-02	2.373809e-02	2.965286e-02
559           	-2.957251e-03	8.907549e-01	5.339892e-02	2.374221e-02	2.965671e-02
560           	-2.957042e-03	8.907386e-01	5.341222e-02	2.374907e-02	2.966315e-02
561           	-2.956760e-03	8.907259e-01	5.342992e-02	2.375820e-02	2.967172e-02
562           	-2.956392e-03	8.907148e-01	5.344999e-02	2.376861e-02	2.968139e-02
563           	-2.955936e-03	8.907060e-01	5.347524e-02	2.378169e-02	2.969356e-02
564           	-2.955389e-03	8.906976e-01	5.350331e-02	2.379627e-02	2.970704e-02
565           	-2.954756e-03	8.906907e-01	5.353654e-02	2.381351e-02	2.972303e-02
566           	-2.954024e-03	8.906829e-01	5.357689e-02	2.383442e-02	2.974247e-02
567           	-2.953192e-03	8.906736e-01	5.362307e-02	2.385834e-02	2.976473e-02
568           	-2.952267e-03	8.906641e-01	5.367746e-02	2.388646e-02	2.979100e-02
569           	-2.951253e-03	8.906537e-01	5.374093e-02	2.391921e-02	2.982172e-02
570           	-2.950156e-03	8.906408e-01	5.381136e-02	2.395553e-02	2.985584e-02
571           	-2.948969e-03	8.906216e-01	5.389080e-02	2.399643e-02	2.989437e-02
572           	-2.947710e-03	8.905986e-01	5.398045e-02	2.404252e-02	2.993794e-02
573           	-2.946391e-03	8.905723e-01	5.407917e-02	2.409319e-02	2.998598e-02
574           	-2.945020e-03	8.905418e-01	5.418594e-02	2.414795e-02	3.003799e-02
575           	-2.943600e-03	8.905056e-01	5.430041e-02	2.420661e-02	3.009381e-02
576           	-2.942136e-03	8.904612e-01	5.441981e-02	2.426777e-02	3.015204e-02
577           	-2.940648e-03	8.904112e-01	5.454387e-02	2.433129e-02	3.021258e-02
578           	-2.939148e-03	8.903568e-01	5.466955e-02	2.439563e-02	3.027392e-02
579           	-2.937644e-03	8.902974e-01	5.479465e-02	2.445968e-02	3.033497e-02
580           	-2.936149e-03	8.902335e-01	5.491757e-02	2.452264e-02	3.039493e-02
581           	-2.934670e-03	8.901656e-01	5.503360e-02	2.458213e-02	3.045147e-02
582           	-2.933225e-03	8.900957e-01	5.514146e-02	2.463750e-02	3.050395e-02
583           	-2.931826e-03	8.900254e-01	5.523836e-02	2.468735e-02	3.055101e-02
584           	-2.930480e-03	8.899549e-01	5.532304e-02	2.473104e-02	3.059200e-02
585           	-2.929200e-03	8.898868e-01	5.539419e-02	2.476789e-02	3.062629e-02
586           	-2.927987e-03	8.898215e-01	5.544834e-02	2.479618e-02	3.065216e-02
587           	-2.926848e-03	8.897595e-01	5.548712e-02	2.481671e-02	3.067041e-02
588           	-2.925785e-03	8.897008e-01	5.551070e-02	2.482957e-02	3.068114e-02
589           	-2.924801e-03	8.896474e-01	5.551907e-02	2.483473e-02	3.068434e-02
590           	-2.923903e-03	8.896005e-01	5.551293e-02	2.483256e-02	3.068037e-02
591           	-2.923087e-03	8.895593e-01	5.549019e-02	2.482201e-02	3.066818e-02
592           	-2.922350e-03	8.895227e-01	5.545487e-02	2.480509e-02	3.064978e-02
593           	-2.921698e-03	8.894932e-01	5.540738e-02	2.478199e-02	3.062539e-02
594           	-2.921131e-03	8.894717e-01	5.534859e-02	2.475317e-02	3.059543e-02
595           	-2.920646e-03	8.894581e-01	5.528033e-02	2.471952e-02	3.056081e-02
596           	-2.920234e-03	8.894500e-01	5.520170e-02	2.468061e-02	3.052108e-02
597           	-2.919893e-03	8.894468e-01	5.511681e-02	2.463851e-02	3.047830e-02
598           	-2.919621e-03	8.894489e-01	5.502684e-02	2.459380e-02	3.043304e-02
599           	-2.919414e-03	8.894567e-01	5.493318e-02	2.454718e-02	3.038601e-02
600           	-2.919270e-03	8.894687e-01	5.483851e-02	2.449998e-02	3.033852e-02
601           	-2.919177e-03	8.894821e-01	5.474253e-02	2.445209e-02	3.029044e-02
602           	-2.919133e-03	8.894963e-01	5.464973e-02	2.440573e-02	3.024400e-02
603           	-2.919140e-03	8.895123e-01	5.456131e-02	2.436151e-02	3.019979e-02
604           	-2.919198e-03	8.895306e-01	5.447877e-02	2.432019e-02	3.015858e-02
605           	-2.919306e-03	8.895506e-01	5.440419e-02	2.428279e-02	3.012140e-02
606           	-2.919458e-03	8.895707e-01	5.433747e-02	2.424927e-02	3.008819e-02
607           	-2.919657e-03	8.895903e-01	5.427881e-02	2.421975e-02	3.005906e-02
608           	-2.919904e-03	8.896106e-01	5.423148e-02	2.419584e-02	3.003564e-02
609           	-2.920202e-03	8.896330e-01	5.419529e-02	2.417744e-02	3.001785e-02
610           	-2.920551e-03	8.896578e-01	5.417059e-02	2.416474e-02	3.000585e-02
611           	-2.920938e-03	8.896825e-01	5.415530e-02	2.415671e-02	2.999859e-02
612           	-2.921374e-03	8.897092e-01	5.415069e-02	2.415397e-02	2.999672e-02
613           	-2.921847e-03	8.897388e-01	5.415730e-02	2.415680e-02	3.000050e-02
614           	-2.922378e-03	8.897699e-01	5.417173e-02	2.416349e-02	3.000824e-02
615           	-2.922941e-03	8.898018e-01	5.419442e-02	2.417427e-02	3.002015e-02
616           	-2.923535e-03	8.898346e-01	5.422409e-02	2.418851e-02	3.003558e-02
617           	-2.924170e-03	8.898693e-01	5.426037e-02	2.420601e-02	3.005435e-02
618           	-2.924825e-03	8.899076e-01	5.430371e-02	2.422703e-02	3.007668e-02
619           	-2.925503e-03	8.899475e-01	5.435294e-02	2.425097e-02	3.010197e-02
620           	-2.926205e-03	8.899894e-01	5.440840e-02	2.427799e-02	3.013040e-02
621           	-2.926907e-03	8.900300e-01	5.446892e-02	2.430755e-02	3.016137e-02
622           	-2.927634e-03	8.900731e-01	5.453718e-02	2.434095e-02	3.019622e-02
623           	-2.928374e-03	8.901193e-01	5.461004e-02	2.437665e-02	3.023340e-02
624           	-2.929115e-03	8.901675e-01	5.468606e-02	2.441392e-02	3.027215e-02
625           	-2.929854e-03	8.902169e-01	5.476453e-02	2.445241e-02	3.031212e-02
626           	-2.930587e-03	8.902654e-01	5.484199e-02	2.449041e-02	3.035158e-02
627           	-2.931305e-03	8.903114e-01	5.492053e-02	2.452896e-02	3.039157e-02
628           	-2.932016e-03	8.903569e-01	5.499851e-02	2.456724e-02	3.043127e-02
629           	-2.932719e-03	8.904023e-01	5.507471e-02	2.460464e-02	3.047007e-02
630           	-2.933414e-03	8.904476e-01	5.514867e-02	2.464092e-02	3.050775e-02
631           	-2.934099e-03	8.904910e-01	5.521720e-02	2.467450e-02	3.054270e-02
632           	-2.934767e-03	8.905311e-01	5.528247e-02	2.470647e-02	3.057600e-02
633           	-2.935424e-03	8.905697e-01	5.534310e-02	2.473613e-02	3.060697e-02
634           	-2.936070e-03	8.906074e-01	5.539813e-02	2.476300e-02	3.063514e-02
635           	-2.936706e-03	8.906438e-01	5.544729e-02	2.478694e-02	3.066035e-02
636           	-2.937329e-03	8.906772e-01	5.548755e-02	2.480645e-02	3.068110e-02
637           	-2.937931e-03	8.907060e-01	5.552150e-02	2.482282e-02	3.069868e-02
638           	-2.938519e-03	8.907322e-01	5.554818e-02	2.483557e-02	3.071261e-02
639           	-2.939095e-03	8.907564e-01	5.556699e-02	2.484440e-02	3.072259e-02
640           	-2.939657e-03	8.907787e-01	5.557774e-02	2.484921e-02	3.072853e-02
641           	-2.940195e-03	8.907955e-01	5.557721e-02	2.484841e-02	3.072880e-02
642           	-2.940711e-03	8.908083e-01	5.556902e-02	2.484380e-02	3.072522e-02
643           	-2.941220e-03	8.908192e-01	5.555289e-02	2.483523e-02	3.071767e-02
644           	-2.941713e-03	8.908281e-01	5.552781e-02	2.482219e-02	3.070562e-02
645           	-2.942188e-03	8.908349e-01	5.549674e-02	2.480618e-02	3.069056e-02
646           	-2.942639e-03	8.908386e-01	5.545724e-02	2.478598e-02	3.067126e-02
647           	-2.943074e-03	8.908409e-01	5.541082e-02	2.476234e-02	3.064849e-02
648           	-2.943489e-03	8.908412e-01	5.535756e-02	2.473529e-02	3.062227e-02
649           	-2.943880e-03	8.908396e-01	5.529875e-02	2.470550e-02	3.059326e-02
650           	-2.944246e-03	8.908378e-01	5.523541e-02	2.467346e-02	3.056195e-02
651           	-2.944581e-03	8.908346e-01	5.516603e-02	2.463843e-02	3.052759e-02
652           	-2.944886e-03	8.908311e-01	5.509400e-02	2.460211e-02	3.049189e-02
653           	-2.945155e-03	8.908274e-01	5.501951e-02	2.456460e-02	3.045491e-02
654           	-2.945387e-03	8.908220e-01	5.494496e-02	2.452709e-02	3.041787e-02
655           	-2.945585e-03	8.908161e-01	5.487183e-02	2.449033e-02	3.038150e-02
656           	-2.945743e-03	8.908086e-01	5.479859e-02	2.445355e-02	3.034504e-02
657           	-2.945860e-03	8.908004e-01	5.472932e-02	2.441880e-02	3.031052e-02
658           	-2.945941e-03	8.907924e-01	5.466301e-02	2.438556e-02	3.027744e-02
659           	-2.945980e-03	8.907832e-01	5.460056e-02	2.435430e-02	3.024626e-02
660           	-2.945988e-03	8.907742e-01	5.454411e-02	2.432607e-02	3.021804e-02
661           	-2.945952e-03	8.907643e-01	5.449163e-02	2.429986e-02	3.019177e-02
662           	-2.945870e-03	8.907531e-01	5.444287e-02	2.427557e-02	3.016731e-02
663           	-2.945749e-03	8.907418e-01	5.440009e-02	2.425429e-02	3.014579e-02
664           	-2.945585e-03	8.907290e-01	5.436366e-02	2.423625e-02	3.012742e-02
665           	-2.945380e-03	8.907156e-01	5.433404e-02	2.422164e-02	3.011240e-02
666           	-2.945129e-03	8.907000e-01	5.430898e-02	2.420936e-02	3.009962e-02
667           	-2.944836e-03	8.906831e-01	5.429033e-02	2.420033e-02	3.009000e-02
668           	-2.944506e-03	8.906655e-01	5.427715e-02	2.419407e-02	3.008308e-02
669           	-2.944136e-03	8.906461e-01	5.427053e-02	2.419113e-02	3.007940e-02
670           	-2.943728e-03	8.906249e-01	5.426817e-02	2.419036e-02	3.007781e-02
671           	-2.943280e-03	8.906023e-01	5.427011e-02	2.419178e-02	3.007834e-02
672           	-2.942801e-03	8.905797e-01	5.427751e-02	2.419596e-02	3.008156e-02
673           	-2.942293e-03	8.905576e-01	5.428939e-02	2.420240e-02	3.008699e-02
674           	-2.941751e-03	8.905344e-01	5.430626e-02	2.421138e-02	3.009488e-02
675           	-2.941181e-03	8.905113e-01	5.432810e-02	2.422287e-02	3.010523e-02
676           	-2.940581e-03	8.904873e-01	5.435217e-02	2.423551e-02	3.011667e-02
677           	-2.939954e-03	8.904627e-01	5.438077e-02	2.425043e-02	3.013034e-02
678           	-2.939311e-03	8.904392e-01	5.441349e-02	2.426744e-02	3.014606e-02
679           	-2.938645e-03	8.904147e-01	5.444827e-02	2.428549e-02	3.016278e-02
680           	-2.937968e-03	8.903918e-01	5.448748e-02	2.430577e-02	3.018171e-02
681           	-2.937276e-03	8.903695e-01	5.452820e-02	2.432683e-02	3.020138e-02
682           	-2.936580e-03	8.903486e-01	5.457164e-02	2.434924e-02	3.022240e-02
683           	-2.935882e-03	8.903285e-01	5.461717e-02	2.437270e-02	3.024447e-02
684           	-2.935183e-03	8.903082e-01	5.466498e-02	2.439731e-02	3.026767e-02
685           	-2.934492e-03	8.902895e-01	5.471454e-02	2.442278e-02	3.029176e-02
686           	-2.933806e-03	8.902709e-01	5.476327e-02	2.444783e-02	3.031544e-02
687           	-2.933137e-03	8.902535e-01	5.481211e-02	2.447292e-02	3.033919e-02
688           	-2.932486e-03	8.902365e-01	5.486029e-02	2.449766e-02	3.036263e-02
689           	-2.931855e-03	8.902195e-01	5.490786e-02	2.452207e-02	3.038578e-02
690           	-2.931252e-03	8.902045e-01	5.495416e-02	2.454583e-02	3.040833e-02
691           	-2.930672e-03	8.901900e-01	5.499656e-02	2.456761e-02	3.042895e-02
692           	-2.930128e-03	8.901768e-01	5.503587e-02	2.458781e-02	3.044806e-02
693           	-2.929619e-03	8.901643e-01	5.507130e-02	2.460603e-02	3.046527e-02
694           	-2.929145e-03	8.901520e-01	5.510309e-02	2.462240e-02	3.048069e-02
695           	-2.928715e-03	8.901414e-01	5.513087e-02	2.463672e-02	3.049415e-02
696           	-2.928322e-03	8.901316e-01	5.515226e-02	2.464781e-02	3.050445e-02
697           	-2.927976e-03	8.901238e-01	5.516852e-02	2.465628e-02	3.051224e-02
698           	-2.927676e-03	8.901172e-01	5.517935e-02	2.466200e-02	3.051735e-02
699           	-2.927419e-03	8.901114e-01	5.518533e-02	2.466525e-02	3.052008e-02
700           	-2.927212e-03	8.901082e-01	5.518660e-02	2.466609e-02	3.052051e-02
701           	-2.927050e-03	8.901063e-01	5.518096e-02	2.466343e-02	3.051753e-02
702           	-2.926938e-03	8.901072e-01	5.517021e-02	2.465817e-02	3.051205e-02
703           	-2.926875e-03	8.901100e-01	5.515443e-02	2.465034e-02	3.050409e-02
704           	-2.926856e-03	8.901141e-01	5.513464e-02	2.464046e-02	3.049417e-02
705           	-2.926887e-03	8.901213e-01	5.511140e-02	2.462881e-02	3.048259e-02
706           	-2.926959e-03	8.901301e-01	5.508286e-02	2.461447e-02	3.046839e-02
707           	-2.927076e-03	8.901415e-01	5.505157e-02	2.459871e-02	3.045286e-02
708           	-2.927239e-03	8.901555e-01	5.501738e-02	2.458145e-02	3.043593e-02
709           	-2.927440e-03	8.901706e-01	5.498109e-02	2.456311e-02	3.041799e-02
710           	-2.927677e-03	8.901869e-01	5.494409e-02	2.454437e-02	3.039972e-02
711           	-2.927943e-03	8.902038e-01	5.490447e-02	2.452429e-02	3.038018e-02
712           	-2.928243e-03	8.902234e-01	5.486455e-02	2.450403e-02	3.036052e-02
713           	-2.928574e-03	8.902448e-01	5.482428e-02	2.448356e-02	3.034071e-02
714           	-2.928925e-03	8.902664e-01	5.478488e-02	2.446351e-02	3.032137e-02
715           	-2.929298e-03	8.902889e-01	5.474738e-02	2.444439e-02	3.030299e-02
716           	-2.929685e-03	8.903107e-01	5.470997e-02	2.442530e-02	3.028467e-02
717           	-2.930087e-03	8.903325e-01	5.467525e-02	2.440754e-02	3.026771e-02
718           	-2.930504e-03	8.903544e-01	5.464297e-02	2.439098e-02	3.025199e-02
719           	-2.930930e-03	8.903755e-01	5.461474e-02	2.437644e-02	3.023830e-02
720           	-2.931365e-03	8.903954e-01	5.458864e-02	2.436295e-02	3.022568e-02
721           	-2.931805e-03	8.904142e-01	5.456490e-02	2.435064e-02	3.021425e-02
722           	-2.932251e-03	8.904332e-01	5.454522e-02	2.434036e-02	3.020486e-02
723           	-2.932701e-03	8.904526e-01	5.452884e-02	2.433172e-02	3.019712e-02
724           	-2.933148e-03	8.904708e-01	5.451629e-02	2.432500e-02	3.019129e-02
725           	-2.933591e-03	8.904887e-01	5.450778e-02	2.432030e-02	3.018748e-02
726           	-2.934024e-03	8.905052e-01	5.450076e-02	2.431636e-02	3.018441e-02
727           	-2.934449e-03	8.905213e-01	5.449711e-02	2.431411e-02	3.018301e-02
728           	-2.934864e-03	8.905372e-01	5.449595e-02	2.431311e-02	3.018284e-02
729           	-2.935266e-03	8.905522e-01	5.449799e-02	2.431373e-02	3.018426e-02
730           	-2.935647e-03	8.905652e-01	5.450145e-02	2.431508e-02	3.018637e-02
731           	-2.936007e-03	8.905773e-01	5.450633e-02	2.431716e-02	3.018917e-02
732           	-2.936349e-03	8.905900e-01	5.451372e-02	2.432051e-02	3.019321e-02
733           	-2.936674e-03	8.906039e-01	5.452267e-02	2.432466e-02	3.019801e-02
734           	-2.936976e-03	8.906169e-01	5.453378e-02	2.432992e-02	3.020387e-02
735           	-2.937255e-03	8.906299e-01	5.454722e-02	2.433635e-02	3.021086e-02
736           	-2.937508e-03	8.906416e-01	5.456042e-02	2.434270e-02	3.021772e-02
737           	-2.937734e-03	8.906518e-01	5.457575e-02	2.435014e-02	3.022561e-02
738           	-2.937935e-03	8.906618e-01	5.459230e-02	2.435822e-02	3.023409e-02
739           	-2.938108e-03	8.906707e-01	5.461044e-02	2.436711e-02	3.024333e-02
740           	-2.938253e-03	8.906795e-01	5.463020e-02	2.437685e-02	3.025335e-02
741           	-2.938370e-03	8.906875e-01	5.464955e-02	2.438640e-02	3.026314e-02
742           	-2.938457e-03	8.906931e-01	5.466848e-02	2.439578e-02	3.027269e-02
743           	-2.938521e-03	8.906985e-01	5.468828e-02	2.440562e-02	3.028266e-02
744           	-2.938561e-03	8.907028e-01	5.470878e-02	2.441583e-02	3.029295e-02
745           	-2.938579e-03	8.907070e-01	5.472996e-02	2.442640e-02	3.030356e-02
746           	-2.938573e-03	8.907096e-01	5.474913e-02	2.443599e-02	3.031314e-02
747           	-2.938542e-03	8.907100e-01	5.476831e-02	2.444561e-02	3.032270e-02
748           	-2.938493e-03	8.907095e-01	5.478641e-02	2.445471e-02	3.033170e-02
749           	-2.938422e-03	8.907069e-01	5.480365e-02	2.446340e-02	3.034025e-02
750           	-2.938334e-03	8.907034e-01	5.482001e-02	2.447167e-02	3.034834e-02
751           	-2.938227e-03	8.906981e-01	5.483283e-02	2.447819e-02	3.035464e-02
752           	-2.938100e-03	8.906904e-01	5.484439e-02	2.448410e-02	3.036030e-02
753           	-2.937962e-03	8.906823e-01	5.485370e-02	2.448889e-02	3.036481e-02
754           	-2.937814e-03	8.906724e-01	5.486045e-02	2.449241e-02	3.036804e-02
755           	-2.937658e-03	8.906623e-01	5.486562e-02	2.449515e-02	3.037047e-02
756           	-2.937488e-03	8.906513e-01	5.486687e-02	2.449595e-02	3.037092e-02
757           	-2.937307e-03	8.906389e-01	5.486674e-02	2.449606e-02	3.037068e-02
758           	-2.937124e-03	8.906267e-01	5.486447e-02	2.449511e-02	3.036936e-02
759           	-2.936937e-03	8.906141e-01	5.486055e-02	2.449334e-02	3.036721e-02
760           	-2.936753e-03	8.906025e-01	5.485534e-02	2.449092e-02	3.036442e-02
761           	-2.936562e-03	8.905900e-01	5.484683e-02	2.448685e-02	3.035998e-02
762           	-2.936373e-03	8.905784e-01	5.483684e-02	2.448205e-02	3.035479e-02
763           	-2.936185e-03	8.905666e-01	5.482510e-02	2.447637e-02	3.034874e-02
764           	-2.935998e-03	8.905542e-01	5.481244e-02	2.447022e-02	3.034222e-02
765           	-2.935817e-03	8.905430e-01	5.479925e-02	2.446381e-02	3.033544e-02
766           	-2.935630e-03	8.905317e-01	5.478341e-02	2.445608e-02	3.032734e-02
767           	-2.935447e-03	8.905212e-01	5.476733e-02	2.444822e-02	3.031911e-02
768           	-2.935270e-03	8.905118e-01	5.475065e-02	2.444006e-02	3.031060e-02
769           	-2.935091e-03	8.905020e-01	5.473435e-02	2.443209e-02	3.030227e-02
770           	-2.934919e-03	8.904929e-01	5.471924e-02	2.442470e-02	3.029454e-02
771           	-2.934739e-03	8.904829e-01	5.470301e-02	2.441677e-02	3.028625e-02
772           	-2.934564e-03	8.904736e-01	5.468809e-02	2.440948e-02	3.027861e-02
773           	-2.934402e-03	8.904657e-01	5.467487e-02	2.440303e-02	3.027184e-02
774           	-2.934234e-03	8.904559e-01	5.466122e-02	2.439638e-02	3.026485e-02
775           	-2.934074e-03	8.904474e-01	5.465008e-02	2.439097e-02	3.025911e-02
776           	-2.933912e-03	8.904387e-01	5.463889e-02	2.438553e-02	3.025335e-02
777           	-2.933756e-03	8.904312e-01	5.463005e-02	2.438127e-02	3.024878e-02
778           	-2.933610e-03	8.904248e-01	5.462289e-02	2.437784e-02	3.024506e-02
779           	-2.933464e-03	8.904180e-01	5.461785e-02	2.437546e-02	3.024239e-02
780           	-2.933328e-03	8.904124e-01	5.461483e-02	2.437409e-02	3.024074e-02
781           	-2.933181e-03	8.904053e-01	5.461193e-02	2.437279e-02	3.023915e-02
782           	-2.933036e-03	8.903992e-01	5.461188e-02	2.437290e-02	3.023898e-02
783           	-2.932899e-03	8.903946e-01	5.461318e-02	2.437369e-02	3.023949e-02
784           	-2.932761e-03	8.903901e-01	5.461626e-02	2.437537e-02	3.024089e-02
785           	-2.932634e-03	8.903868e-01	5.462157e-02	2.437815e-02	3.024342e-02
786           	-2.932497e-03	8.903819e-01	5.462535e-02	2.438018e-02	3.024517e-02
787           	-2.932373e-03	8.903783e-01	5.463185e-02	2.438355e-02	3.024830e-02
788           	-2.932260e-03	8.903756e-01	5.464034e-02	2.438791e-02	3.025243e-02
789           	-2.932153e-03	8.903733e-01	5.465129e-02	2.439349e-02	3.025780e-02
790           	-2.932060e-03	8.903730e-01	5.466416e-02	2.440002e-02	3.026414e-02
791           	-2.931967e-03	8.903731e-01	5.467701e-02	2.440654e-02	3.027047e-02
792           	-2.931883e-03	8.903744e-01	5.469127e-02	2.441375e-02	3.027752e-02
793           	-2.931813e-03	8.903773e-01	5.470553e-02	2.442095e-02	3.028458e-02
794           	-2.931745e-03	8.903793e-01	5.472128e-02	2.442890e-02	3.029239e-02
795           	-2.931684e-03	8.903823e-01	5.473777e-02	2.443720e-02	3.030057e-02
796           	-2.931624e-03	8.903857e-01	5.475337e-02	2.444506e-02	3.030831e-02
797           	-2.931573e-03	8.903901e-01	5.476940e-02	2.445313e-02	3.031627e-02
798           	-2.931537e-03	8.903958e-01	5.478451e-02	2.446072e-02	3.032379e-02
799           	-2.931506e-03	8.904004e-01	5.480048e-02	2.446874e-02	3.033175e-02
800           	-2.931486e-03	8.904054e-01	5.481615e-02	2.447659e-02	3.033956e-02
801           	-2.931475e-03	8.904106e-01	5.483053e-02	2.448379e-02	3.034674e-02
802           	-2.931477e-03	8.904166e-01	5.484460e-02	2.449082e-02	3.035378e-02
803           	-2.931496e-03	8.904235e-01	5.485692e-02	2.449697e-02	3.035996e-02
804           	-2.931522e-03	8.904289e-01	5.486889e-02	2.450292e-02	3.036597e-02
805           	-2.931559e-03	8.904347e-01	5.488015e-02	2.450852e-02	3.037164e-02
806           	-2.931608e-03	8.904403e-01	5.488866e-02	2.451272e-02	3.037594e-02
807           	-2.931669e-03	8.904466e-01	5.489595e-02	2.451631e-02	3.037964e-02
808           	-2.931747e-03	8.904537e-01	5.490077e-02	2.451864e-02	3.038213e-02
809           	-2.931828e-03	8.904592e-01	5.490392e-02	2.452013e-02	3.038379e-02
810           	-2.931920e-03	8.904650e-01	5.490621e-02	2.452119e-02	3.038502e-02
811           	-2.932022e-03	8.904704e-01	5.490547e-02	2.452071e-02	3.038476e-02
812           	-2.932137e-03	8.904763e-01	5.490371e-02	2.451972e-02	3.038399e-02
813           	-2.932264e-03	8.904828e-01	5.490026e-02	2.451786e-02	3.038239e-02
814           	-2.932402e-03	8.904887e-01	5.489551e-02	2.451535e-02	3.038016e-02
815           	-2.932546e-03	8.904940e-01	5.489045e-02	2.451268e-02	3.037777e-02
816           	-2.932698e-03	8.904986e-01	5.488281e-02	2.450871e-02	3.037410e-02
817           	-2.932859e-03	8.905039e-01	5.487454e-02	2.450441e-02	3.037013e-02
818           	-2.933036e-03	8.905099e-01	5.486471e-02	2.449932e-02	3.036539e-02
819           	-2.933215e-03	8.905156e-01	5.485448e-02	2.449402e-02	3.036045e-02
820           	-2.933405e-03	8.905219e-01	5.484370e-02	2.448844e-02	3.035525e-02
821           	-2.933596e-03	8.905267e-01	5.483062e-02	2.448172e-02	3.034891e-02
822           	-2.933791e-03	8.905318e-01	5.481767e-02	2.447505e-02	3.034263e-02
823           	-2.933987e-03	8.905384e-01	5.480434e-02	2.446818e-02	3.033616e-02
824           	-2.934182e-03	8.905450e-01	5.479121e-02	2.446142e-02	3.032979e-02
825           	-2.934379e-03	8.905523e-01	5.477890e-02	2.445507e-02	3.032383e-02
826           	-2.934575e-03	8.905589e-01	5.476506e-02	2.444796e-02	3.031711e-02
827           	-2.934772e-03	8.905652e-01	5.475211e-02	2.444128e-02	3.031083e-02
828           	-2.934971e-03	8.905719e-01	5.473914e-02	2.443460e-02	3.030454e-02
829           	-2.935162e-03	8.905766e-01	5.472719e-02	2.442843e-02	3.029876e-02
830           	-2.935348e-03	8.905812e-01	5.471692e-02	2.442311e-02	3.029381e-02
831           	-2.935527e-03	8.905853e-01	5.470561e-02	2.441728e-02	3.028833e-02
832           	-2.935699e-03	8.905898e-01	5.469552e-02	2.441206e-02	3.028346e-02
833           	-2.935864e-03	8.905951e-01	5.468688e-02	2.440758e-02	3.027931e-02
834           	-2.936020e-03	8.905984e-01	5.467757e-02	2.440277e-02	3.027481e-02
835           	-2.936167e-03	8.906018e-01	5.467089e-02	2.439928e-02	3.027161e-02
836           	-2.936304e-03	8.906044e-01	5.466390e-02	2.439565e-02	3.026825e-02
837           	-2.936433e-03	8.906073e-01	5.465838e-02	2.439275e-02	3.026562e-02
838           	-2.936549e-03	8.906096e-01	5.465397e-02	2.439044e-02	3.026354e-02
839           	-2.936650e-03	8.906107e-01	5.465121e-02	2.438896e-02	3.026226e-02
840           	-2.936736e-03	8.906122e-01	5.465016e-02	2.438834e-02	3.026181e-02
841           	-2.936805e-03	8.906129e-01	5.464851e-02	2.438745e-02	3.026106e-02
842           	-2.936858e-03	8.906137e-01	5.464834e-02	2.438731e-02	3.026103e-02
843           	-2.936898e-03	8.906147e-01	5.464899e-02	2.438760e-02	3.026140e-02
844           	-2.936922e-03	8.906148e-01	5.465083e-02	2.438849e-02	3.026234e-02
845           	-2.936926e-03	8.906139e-01	5.465463e-02	2.439039e-02	3.026424e-02
846           	-2.936912e-03	8.906121e-01	5.465881e-02	2.439249e-02	3.026632e-02
847           	-2.936882e-03	8.906094e-01	5.466272e-02	2.439448e-02	3.026824e-02
848           	-2.936845e-03	8.906078e-01	5.466781e-02	2.439706e-02	3.027075e-02
849           	-2.936795e-03	8.906058e-01	5.467423e-02	2.440032e-02	3.027391e-02
850           	-2.936739e-03	8.906047e-01	5.468172e-02	2.440412e-02	3.027760e-02
851           	-2.936662e-03	8.906017e-01	5.468878e-02	2.440773e-02	3.028105e-02
852           	-2.936573e-03	8.905987e-01	5.469703e-02	2.441194e-02	3.028509e-02
853           	-2.936477e-03	8.905962e-01	5.470533e-02	2.441619e-02	3.028914e-02
854           	-2.936367e-03	8.905928e-01	5.471428e-02	2.442077e-02	3.029350e-02
855           	-2.936247e-03	8.905895e-01	5.472399e-02	2.442575e-02	3.029824e-02
856           	-2.936113e-03	8.905850e-01	5.473204e-02	2.442990e-02	3.030213e-02
857           	-2.935966e-03	8.905793e-01	5.474075e-02	2.443441e-02	3.030634e-02
858           	-2.935815e-03	8.905737e-01	5.474927e-02	2.443882e-02	3.031045e-02
859           	-2.935655e-03	8.905671e-01	5.475803e-02	2.444336e-02	3.031467e-02
860           	-2.935493e-03	8.905609e-01	5.476715e-02	2.444808e-02	3.031907e-02
861           	-2.935322e-03	8.905535e-01	5.477457e-02	2.445196e-02	3.032261e-02
862           	-2.935154e-03	8.905464e-01	5.478166e-02	2.445568e-02	3.032599e-02
863           	-2.934987e-03	8.905388e-01	5.478813e-02	2.445908e-02	3.032905e-02
864           	-2.934820e-03	8.905304e-01	5.479457e-02	2.446247e-02	3.033211e-02
865           	-2.934660e-03	8.905229e-01	5.480089e-02	2.446579e-02	3.033511e-02
866           	-2.934497e-03	8.905149e-01	5.480496e-02	2.446799e-02	3.033698e-02
867           	-2.934338e-03	8.905076e-01	5.480857e-02	2.446995e-02	3.033862e-02
868           	-2.934190e-03	8.905014e-01	5.481053e-02	2.447107e-02	3.033945e-02
869           	-2.934041e-03	8.904938e-01	5.481208e-02	2.447200e-02	3.034008e-02
870           	-2.933902e-03	8.904870e-01	5.481352e-02	2.447286e-02	3.034066e-02
871           	-2.933763e-03	8.904801e-01	5.481251e-02	2.447249e-02	3.034002e-02
872           	-2.933634e-03	8.904742e-01	5.481111e-02	2.447192e-02	3.033919e-02
873           	-2.933518e-03	8.904696e-01	5.480871e-02	2.447084e-02	3.033787e-02
874           	-2.933411e-03	8.904650e-01	5.480577e-02	2.446948e-02	3.033630e-02
875           	-2.933314e-03	8.904604e-01	5.480335e-02	2.446836e-02	3.033499e-02
876           	-2.933219e-03	8.904553e-01	5.479915e-02	2.446635e-02	3.033279e-02
877           	-2.933136e-03	8.904515e-01	5.479512e-02	2.446443e-02	3.033070e-02
878           	-2.933068e-03	8.904493e-01	5.479055e-02	2.446221e-02	3.032834e-02
879           	-2.933009e-03	8.904471e-01	5.478606e-02	2.446002e-02	3.032604e-02
880           	-2.932963e-03	8.904459e-01	5.478221e-02	2.445814e-02	3.032407e-02
881           	-2.932924e-03	8.904446e-01	5.477611e-02	2.445513e-02	3.032098e-02
882           	-2.932893e-03	8.904431e-01	5.477043e-02	2.445232e-02	3.031811e-02
883           	-2.932874e-03	8.904427e-01	5.476450e-02	2.444937e-02	3.031512e-02
884           	-2.932862e-03	8.904425e-01	5.475876e-02	2.444652e-02	3.031224e-02
885           	-2.932862e-03	8.904436e-01	5.475383e-02	2.444406e-02	3.030978e-02
886           	-2.932867e-03	8.904447e-01	5.474719e-02	2.444073e-02	3.030646e-02
887           	-2.932879e-03	8.904464e-01	5.474128e-02	2.443776e-02	3.030352e-02
888           	-2.932904e-03	8.904493e-01	5.473527e-02	2.443473e-02	3.030054e-02
889           	-2.932931e-03	8.904509e-01	5.473013e-02	2.443213e-02	3.029800e-02
890           	-2.932964e-03	8.904529e-01	5.472663e-02	2.443035e-02	3.029628e-02
891           	-2.933000e-03	8.904550e-01	5.472190e-02	2.442795e-02	3.029395e-02
892           	-2.933044e-03	8.904581e-01	5.471911e-02	2.442651e-02	3.029260e-02
893           	-2.933096e-03	8.904614e-01	5.471460e-02	2.442420e-02	3.029040e-02
894           	-2.933154e-03	8.904646e-01	5.471173e-02	2.442271e-02	3.028902e-02
895           	-2.933219e-03	8.904687e-01	5.471025e-02	2.442190e-02	3.028834e-02
896           	-2.933286e-03	8.904721e-01	5.470790e-02	2.442066e-02	3.028724e-02
897           	-2.933356e-03	8.904759e-01	5.470686e-02	2.442007e-02	3.028678e-02
898           	-2.933431e-03	8.904808e-01	5.470608e-02	2.441961e-02	3.028647e-02
899           	-2.933507e-03	8.904855e-01	5.470600e-02	2.441949e-02	3.028650e-02
900           	-2.933582e-03	8.904905e-01	5.470707e-02	2.441995e-02	3.028712e-02
901           	-2.933657e-03	8.904952e-01	5.470687e-02	2.441978e-02	3.028709e-02
902           	-2.933733e-03	8.905001e-01	5.470727e-02	2.441990e-02	3.028737e-02
903           	-2.933806e-03	8.905047e-01	5.470807e-02	2.442023e-02	3.028784e-02
904           	-2.933874e-03	8.905085e-01	5.470993e-02	2.442109e-02	3.028884e-02
905           	-2.933939e-03	8.905128e-01	5.471297e-02	2.442254e-02	3.029042e-02
906           	-2.934004e-03	8.905171e-01	5.471489e-02	2.442344e-02	3.029145e-02
907           	-2.934065e-03	8.905217e-01	5.471772e-02	2.442479e-02	3.029293e-02
908           	-2.934129e-03	8.905271e-01	5.472033e-02	2.442604e-02	3.029429e-02
909           	-2.934188e-03	8.905308e-01	5.472404e-02	2.442783e-02	3.029621e-02
910           	-2.934242e-03	8.905345e-01	5.472888e-02	2.443020e-02	3.029868e-02
911           	-2.934294e-03	8.905380e-01	5.473269e-02	2.443205e-02	3.030064e-02
912           	-2.934344e-03	8.905417e-01	5.473712e-02	2.443422e-02	3.030291e-02
913           	-2.934393e-03	8.905459e-01	5.474133e-02	2.443627e-02	3.030506e-02
914           	-2.934439e-03	8.905494e-01	5.474569e-02	2.443841e-02	3.030729e-02
915           	-2.934477e-03	8.905518e-01	5.475079e-02	2.444092e-02	3.030987e-02
916           	-2.934512e-03	8.905533e-01	5.475475e-02	2.444286e-02	3.031189e-02
917           	-2.934544e-03	8.905550e-01	5.475911e-02	2.444501e-02	3.031410e-02
918           	-2.934578e-03	8.905572e-01	5.476293e-02	2.444689e-02	3.031604e-02
919           	-2.934610e-03	8.905586e-01	5.476703e-02	2.444891e-02	3.031813e-02
920           	-2.934640e-03	8.905602e-01	5.477094e-02	2.445083e-02	3.032011e-02
921           	-2.934666e-03	8.905598e-01	5.477354e-02	2.445210e-02	3.032144e-02
922           	-2.934690e-03	8.905593e-01	5.477619e-02	2.445340e-02	3.032278e-02
923           	-2.934716e-03	8.905595e-01	5.477806e-02	2.445431e-02	3.032375e-02
924           	-2.934741e-03	8.905591e-01	5.477990e-02	2.445521e-02	3.032469e-02
925           	-2.934763e-03	8.905590e-01	5.478176e-02	2.445612e-02	3.032564e-02
926           	-2.934786e-03	8.905584e-01	5.478124e-02	2.445584e-02	3.032541e-02
927           	-2.934806e-03	8.905572e-01	5.478079e-02	2.445559e-02	3.032520e-02
928           	-2.934828e-03	8.905565e-01	5.477958e-02	2.445496e-02	3.032462e-02
929           	-2.934849e-03	8.905558e-01	5.477815e-02	2.445422e-02	3.032392e-02
930           	-2.934869e-03	8.905558e-01	5.477679e-02	2.445353e-02	3.032326e-02
931           	-2.934886e-03	8.905551e-01	5.477301e-02	2.445162e-02	3.032139e-02
932           	-2.934905e-03	8.905550e-01	5.476900e-02	2.444960e-02	3.031941e-02
933           	-2.934921e-03	8.905545e-01	5.476463e-02	2.444739e-02	3.031724e-02
934           	-2.934935e-03	8.905532e-01	5.476064e-02	2.444538e-02	3.031525e-02
935           	-2.934948e-03	8.905528e-01	5.475761e-02	2.444386e-02	3.031375e-02
936           	-2.934956e-03	8.905518e-01	5.475264e-02	2.444136e-02	3.031128e-02
937           	-2.934964e-03	8.905511e-01	5.474840e-02	2.443924e-02	3.030916e-02
938           	-2.934974e-03	8.905510e-01	5.474432e-02	2.443718e-02	3.030713e-02
939           	-2.934982e-03	8.905502e-01	5.474062e-02	2.443533e-02	3.030529e-02
940           	-2.934987e-03	8.905488e-01	5.473836e-02	2.443419e-02	3.030417e-02
941           	-2.934984e-03	8.905463e-01	5.473467e-02	2.443235e-02	3.030232e-02
942           	-2.934984e-03	8.905446e-01	5.473155e-02	2.443079e-02	3.030076e-02
943           	-2.934987e-03	8.905442e-01	5.472833e-02	2.442918e-02	3.029915e-02
944           	-2.934986e-03	8.905433e-01	5.472576e-02	2.442790e-02	3.029787e-02
945           	-2.934986e-03	8.905430e-01	5.472437e-02	2.442720e-02	3.029717e-02
946           	-2.934980e-03	8.905419e-01	5.472099e-02	2.442551e-02	3.029547e-02
947           	-2.934970e-03	8.905403e-01	5.471931e-02	2.442468e-02	3.029462e-02
948           	-2.934958e-03	8.905380e-01	5.471586e-02	2.442297e-02	3.029289e-02
949           	-2.934944e-03	8.905355e-01	5.471383e-02	2.442197e-02	3.029186e-02
950           	-2.934936e-03	8.905346e-01	5.471311e-02	2.442162e-02	3.029149e-02
951           	-2.934919e-03	8.905333e-01	5.471121e-02	2.442069e-02	3.029053e-02
952           	-2.934902e-03	8.905326e-01	5.471036e-02	2.442028e-02	3.029008e-02
953           	-2.934889e-03	8.905327e-01	5.470932e-02	2.441977e-02	3.028955e-02
954           	-2.934865e-03	8.905308e-01	5.470943e-02	2.441985e-02	3.028958e-02
955           	-2.934841e-03	8.905294e-01	5.471074e-02	2.442053e-02	3.029021e-02
956           	-2.934806e-03	8.905273e-01	5.471088e-02	2.442064e-02	3.029025e-02
957           	-2.934770e-03	8.905260e-01	5.471179e-02	2.442113e-02	3.029067e-02
958           	-2.934735e-03	8.905255e-01	5.471284e-02	2.442169e-02	3.029116e-02
959           	-2.934694e-03	8.905243e-01	5.471473e-02	2.442267e-02	3.029206e-02
960           	-2.934657e-03	8.905238e-01	5.471715e-02	2.442392e-02	3.029323e-02
961           	-2.934604e-03	8.905215e-01	5.471874e-02	2.442477e-02	3.029398e-02
962           	-2.934552e-03	8.905194e-01	5.472130e-02	2.442610e-02	3.029520e-02
963           	-2.934506e-03	8.905186e-01	5.472378e-02	2.442738e-02	3.029640e-02
964           	-2.934456e-03	8.905173e-01	5.472689e-02	2.442899e-02	3.029790e-02
965           	-2.934409e-03	8.905168e-01	5.473081e-02	2.443100e-02	3.029981e-02
966           	-2.934355e-03	8.905158e-01	5.473321e-02	2.443225e-02	3.030096e-02
967           	-2.934297e-03	8.905141e-01	5.473655e-02	2.443398e-02	3.030257e-02
968           	-2.934242e-03	8.905131e-01	5.473997e-02	2.443574e-02	3.030423e-02
969           	-2.934183e-03	8.905119e-01	5.474410e-02	2.443787e-02	3.030623e-02
970           	-2.934129e-03	8.905114e-01	5.474880e-02	2.444027e-02	3.030853e-02
971           	-2.934067e-03	8.905102e-01	5.475239e-02	2.444213e-02	3.031026e-02
972           	-2.934011e-03	8.905094e-01	5.475608e-02	2.444403e-02	3.031205e-02
973           	-2.933960e-03	8.905081e-01	5.475960e-02	2.444584e-02	3.031376e-02
974           	-2.933907e-03	8.905059e-01	5.476383e-02	2.444801e-02	3.031582e-02
975           	-2.933863e-03	8.905046e-01	5.476835e-02	2.445031e-02	3.031804e-02
976           	-2.933816e-03	8.905029e-01	5.477139e-02	2.445188e-02	3.031951e-02
977           	-2.933774e-03	8.905016e-01	5.477460e-02	2.445353e-02	3.032108e-02
978           	-2.933744e-03	8.905013e-01	5.477671e-02	2.445461e-02	3.032210e-02
979           	-2.933712e-03	8.904995e-01	5.477915e-02	2.445586e-02	3.032329e-02
980           	-2.933686e-03	8.904982e-01	5.478192e-02	2.445727e-02	3.032464e-02
981           	-2.933660e-03	8.904967e-01	5.478273e-02	2.445771e-02	3.032502e-02
982           	-2.933640e-03	8.904961e-01	5.478345e-02	2.445808e-02	3.032536e-02
983           	-2.933628e-03	8.904965e-01	5.478332e-02	2.445803e-02	3.032529e-02
984           	-2.933621e-03	8.904966e-01	5.478271e-02	2.445774e-02	3.032498e-02
985           	-2.933617e-03	8.904964e-01	5.478264e-02	2.445771e-02	3.032494e-02
986           	-2.933613e-03	8.904955e-01	5.478070e-02	2.445674e-02	3.032396e-02
987           	-2.933614e-03	8.904955e-01	5.477895e-02	2.445586e-02	3.032309e-02
988           	-2.933623e-03	8.904967e-01	5.477672e-02	2.445474e-02	3.032199e-02
989           	-2.933636e-03	8.904975e-01	5.477469e-02	2.445371e-02	3.032098e-02
990           	-2.933655e-03	8.904990e-01	5.477317e-02	2.445293e-02	3.032024e-02
991           	-2.933673e-03	8.904991e-01	5.476998e-02	2.445131e-02	3.031866e-02
992           	-2.933695e-03	8.904996e-01	5.476751e-02	2.445006e-02	3.031745e-02
993           	-2.933725e-03	8.905012e-01	5.476483e-02	2.444869e-02	3.031614e-02
994           	-2.933759e-03	8.905026e-01	5.476247e-02	2.444748e-02	3.031499e-02
995           	-2.933795e-03	8.905047e-01	5.476101e-02	2.444671e-02	3.031430e-02
996           	-2.933835e-03	8.905064e-01	5.475778e-02	2.444505e-02	3.031273e-02
997           	-2.933880e-03	8.905085e-01	5.475479e-02	2.444352e-02	3.031128e-02
998           	-2.933928e-03	8.905103e-01	5.475171e-02	2.444193e-02	3.030979e-02
999           	-2.933978e-03	8.905116e-01	5.474912e-02	2.444058e-02	3.030854e-02
1000          	-2.934028e-03	8.905137e-01	5.474750e-02	2.443972e-02	3.030778e-02
