# Residuals   
# Time        	p             	Ux            	Uy            	Uz            
1             	1.000000e+00	1.228620e-01	1.000000e+00	8.963790e-02
2             	6.529600e-02	5.602980e-01	2.995580e-01	5.862970e-01
3             	2.462180e-02	3.929180e-01	1.434060e-01	4.173250e-01
4             	4.380870e-02	2.784750e-01	8.917080e-02	2.849650e-01
5             	1.656550e-01	2.435330e-01	6.863240e-02	2.421550e-01
6             	1.147680e-01	2.137380e-01	5.312430e-02	1.945990e-01
7             	9.333090e-02	1.760270e-01	4.404470e-02	1.609920e-01
8             	1.251020e-01	1.367280e-01	3.707840e-02	1.345940e-01
9             	7.260970e-02	1.091260e-01	3.015860e-02	1.081160e-01
10            	5.414250e-02	9.125540e-02	2.383810e-02	8.530450e-02
11            	4.262150e-02	7.799350e-02	1.977620e-02	7.365810e-02
12            	3.877310e-02	6.833710e-02	1.696390e-02	6.491300e-02
13            	3.689320e-02	6.003760e-02	1.512750e-02	5.650020e-02
14            	3.536250e-02	5.296180e-02	1.382810e-02	4.940390e-02
15            	3.471400e-02	4.741080e-02	1.278010e-02	4.451390e-02
16            	3.457870e-02	4.270550e-02	1.179870e-02	4.017530e-02
17            	3.474610e-02	3.871510e-02	1.080290e-02	3.592940e-02
18            	3.486050e-02	3.522580e-02	9.830280e-03	3.221180e-02
19            	3.477960e-02	3.194400e-02	8.918560e-03	2.915190e-02
20            	3.515470e-02	2.891740e-02	8.082450e-03	2.660360e-02
21            	3.639320e-02	2.631260e-02	7.348200e-03	2.425040e-02
22            	3.839630e-02	2.405100e-02	6.733100e-03	2.216330e-02
23            	4.104540e-02	2.208120e-02	6.238270e-03	2.039660e-02
24            	4.396000e-02	2.032690e-02	5.813160e-03	1.894500e-02
25            	4.668490e-02	1.871790e-02	5.436530e-03	1.773570e-02
26            	4.312590e-02	1.727610e-02	5.095190e-03	1.663340e-02
27            	3.942360e-02	1.600680e-02	4.758050e-03	1.553730e-02
28            	3.649460e-02	1.497590e-02	4.461690e-03	1.460320e-02
29            	3.390830e-02	1.411900e-02	4.196400e-03	1.380630e-02
30            	3.170740e-02	1.334470e-02	3.955480e-03	1.312800e-02
31            	2.991660e-02	1.260230e-02	3.746600e-03	1.248140e-02
32            	2.830470e-02	1.190420e-02	3.564470e-03	1.188700e-02
33            	2.681090e-02	1.125310e-02	3.397730e-03	1.130610e-02
34            	2.542980e-02	1.065050e-02	3.245060e-03	1.074680e-02
35            	2.414320e-02	1.011770e-02	3.107830e-03	1.021490e-02
36            	2.292940e-02	9.643200e-03	2.984190e-03	9.748190e-03
37            	2.177120e-02	9.225920e-03	2.869230e-03	9.330550e-03
38            	2.072750e-02	8.903880e-03	2.757380e-03	8.965700e-03
39            	1.972790e-02	8.541210e-03	2.654230e-03	8.630730e-03
40            	1.886720e-02	8.232720e-03	2.549080e-03	8.315270e-03
41            	1.808340e-02	7.936750e-03	2.448290e-03	8.028290e-03
42            	1.730330e-02	7.628210e-03	2.341900e-03	7.743550e-03
43            	1.660270e-02	7.312250e-03	2.233880e-03	7.486160e-03
44            	1.588560e-02	6.987370e-03	2.131970e-03	7.175130e-03
45            	1.518990e-02	6.616970e-03	2.030230e-03	6.874660e-03
46            	1.447560e-02	6.267290e-03	1.933180e-03	6.579160e-03
47            	1.376040e-02	5.947820e-03	1.841120e-03	6.282930e-03
48            	1.307570e-02	5.654840e-03	1.756320e-03	5.999910e-03
49            	1.243530e-02	5.389420e-03	1.675000e-03	5.729280e-03
50            	1.185200e-02	5.137310e-03	1.594350e-03	5.466690e-03
51            	1.124240e-02	4.887520e-03	1.517110e-03	5.183730e-03
52            	1.070950e-02	4.649670e-03	1.442820e-03	4.966410e-03
53            	1.017360e-02	4.424330e-03	1.366450e-03	4.728320e-03
54            	9.720870e-03	4.200560e-03	1.292520e-03	4.534580e-03
55            	9.260420e-03	3.982370e-03	1.221630e-03	4.314010e-03
56            	8.802620e-03	3.768590e-03	1.152590e-03	4.103330e-03
57            	8.363460e-03	3.567000e-03	1.086650e-03	3.906410e-03
58            	7.943630e-03	3.373060e-03	1.024480e-03	3.717860e-03
59            	7.549130e-03	3.185190e-03	9.658430e-04	3.534850e-03
60            	7.170400e-03	3.006450e-03	9.113680e-04	3.358640e-03
61            	6.816460e-03	2.834480e-03	8.619110e-04	3.188580e-03
62            	6.487090e-03	2.673570e-03	8.144860e-04	3.025670e-03
63            	6.174550e-03	2.529060e-03	7.709020e-04	2.876310e-03
64            	5.880020e-03	2.399720e-03	7.303480e-04	2.736690e-03
65            	5.602860e-03	2.278030e-03	6.927880e-04	2.602900e-03
66            	5.331550e-03	2.168390e-03	6.572970e-04	2.472480e-03
67            	5.070160e-03	2.064610e-03	6.235040e-04	2.345820e-03
68            	4.820390e-03	1.964340e-03	5.902300e-04	2.223580e-03
69            	4.581430e-03	1.868960e-03	5.578130e-04	2.105440e-03
70            	4.354440e-03	1.777800e-03	5.254770e-04	1.989130e-03
71            	4.142770e-03	1.689080e-03	4.933980e-04	1.876300e-03
72            	3.940350e-03	1.601010e-03	4.613720e-04	1.766640e-03
73            	3.745910e-03	1.514650e-03	4.301310e-04	1.661480e-03
74            	3.560980e-03	1.429520e-03	4.010750e-04	1.563120e-03
75            	3.384030e-03	1.346180e-03	3.746590e-04	1.470450e-03
76            	3.206500e-03	1.266170e-03	3.505860e-04	1.385450e-03
77            	3.054010e-03	1.190720e-03	3.295000e-04	1.318920e-03
78            	2.896680e-03	1.122130e-03	3.105710e-04	1.250680e-03
79            	2.744800e-03	1.063250e-03	2.942760e-04	1.193670e-03
80            	2.602920e-03	1.008960e-03	2.802570e-04	1.143670e-03
81            	2.472000e-03	9.605610e-04	2.681710e-04	1.097580e-03
82            	2.351680e-03	9.175570e-04	2.571900e-04	1.053610e-03
83            	2.242120e-03	8.799080e-04	2.464600e-04	1.010900e-03
84            	2.139710e-03	8.468830e-04	2.355520e-04	9.681330e-04
85            	2.046650e-03	8.140770e-04	2.243460e-04	9.261020e-04
86            	1.961060e-03	7.819660e-04	2.129620e-04	8.834120e-04
87            	1.891750e-03	7.516250e-04	2.015890e-04	8.446260e-04
88            	1.826870e-03	7.217620e-04	1.906640e-04	8.045380e-04
89            	1.761750e-03	6.930890e-04	1.808760e-04	7.664040e-04
90            	1.697490e-03	6.666570e-04	1.721070e-04	7.322890e-04
91            	1.631960e-03	6.400780e-04	1.640520e-04	7.015700e-04
92            	1.565180e-03	6.125840e-04	1.565990e-04	6.717570e-04
93            	1.498770e-03	5.842230e-04	1.490520e-04	6.418030e-04
94            	1.425760e-03	5.562920e-04	1.412570e-04	6.071590e-04
95            	1.352470e-03	5.288410e-04	1.335870e-04	5.722010e-04
96            	1.279440e-03	5.024650e-04	1.262140e-04	5.371280e-04
97            	1.207430e-03	4.768990e-04	1.188220e-04	5.021740e-04
98            	1.137910e-03	4.518670e-04	1.116730e-04	4.681280e-04
99            	1.072500e-03	4.276710e-04	1.047710e-04	4.367450e-04
100           	1.012140e-03	4.053860e-04	9.831910e-05	4.086350e-04
101           	9.575460e-04	3.865700e-04	9.229450e-05	3.844650e-04
102           	9.084650e-04	3.705320e-04	8.690150e-05	3.651420e-04
103           	8.641290e-04	3.557830e-04	8.265020e-05	3.507520e-04
104           	8.212200e-04	3.421220e-04	7.969050e-05	3.404250e-04
105           	7.781870e-04	3.288580e-04	7.786020e-05	3.325550e-04
106           	7.360450e-04	3.166350e-04	7.645230e-05	3.249990e-04
107           	6.969720e-04	3.083020e-04	7.518030e-05	3.184850e-04
108           	6.612680e-04	2.972480e-04	7.354060e-05	3.074690e-04
109           	6.314780e-04	2.865690e-04	7.149430e-05	2.953040e-04
110           	6.086300e-04	2.766220e-04	6.886000e-05	2.825030e-04
111           	5.924910e-04	2.667840e-04	6.574880e-05	2.685350e-04
112           	5.790650e-04	2.563060e-04	6.245560e-05	2.541040e-04
113           	5.638910e-04	2.457130e-04	5.917950e-05	2.401690e-04
114           	5.491800e-04	2.355200e-04	5.600020e-05	2.289150e-04
115           	5.319700e-04	2.260390e-04	5.331600e-05	2.201600e-04
116           	5.131050e-04	2.169870e-04	5.105550e-05	2.138750e-04
117           	4.902680e-04	2.089940e-04	4.907890e-05	2.063510e-04
118           	4.657450e-04	2.015660e-04	4.723660e-05	1.983720e-04
119           	4.384930e-04	1.966130e-04	4.537940e-05	1.913300e-04
120           	4.109920e-04	1.910620e-04	4.363070e-05	1.826060e-04
121           	3.849360e-04	1.850480e-04	4.210380e-05	1.731290e-04
122           	3.615320e-04	1.780410e-04	4.056670e-05	1.627220e-04
123           	3.433140e-04	1.699630e-04	3.882040e-05	1.521720e-04
124           	3.298970e-04	1.611440e-04	3.692250e-05	1.417920e-04
125           	3.187710e-04	1.525040e-04	3.507240e-05	1.326770e-04
126           	3.081840e-04	1.465770e-04	3.340180e-05	1.267630e-04
127           	2.984020e-04	1.425650e-04	3.211260e-05	1.243110e-04
128           	2.869040e-04	1.392110e-04	3.128610e-05	1.240680e-04
129           	2.731150e-04	1.356710e-04	3.081550e-05	1.242420e-04
130           	2.583620e-04	1.321370e-04	3.053840e-05	1.235730e-04
131           	2.433900e-04	1.282900e-04	3.032170e-05	1.218810e-04
132           	2.301500e-04	1.246470e-04	3.012230e-05	1.195640e-04
133           	2.196840e-04	1.212910e-04	2.971670e-05	1.163080e-04
134           	2.134270e-04	1.179470e-04	2.899330e-05	1.122390e-04
135           	2.095710e-04	1.140190e-04	2.797660e-05	1.072640e-04
136           	2.081160e-04	1.092940e-04	2.675280e-05	1.011640e-04
137           	2.085290e-04	1.053070e-04	2.548330e-05	9.600540e-05
138           	2.085190e-04	1.017170e-04	2.429000e-05	9.200580e-05
139           	2.068300e-04	9.863180e-05	2.320720e-05	8.965720e-05
140           	2.026290e-04	9.619520e-05	2.232390e-05	8.845020e-05
141           	1.969580e-04	9.452460e-05	2.161780e-05	8.749160e-05
142           	1.892300e-04	9.270280e-05	2.096490e-05	8.603970e-05
143           	1.790970e-04	9.164740e-05	2.038530e-05	8.452080e-05
144           	1.683120e-04	8.970550e-05	1.979050e-05	8.135130e-05
145           	1.576100e-04	8.727910e-05	1.929870e-05	7.724360e-05
146           	1.487820e-04	8.465820e-05	1.875820e-05	7.240610e-05
147           	1.421020e-04	8.153490e-05	1.810280e-05	6.740380e-05
148           	1.371620e-04	7.749020e-05	1.743300e-05	6.230430e-05
149           	1.339260e-04	7.368760e-05	1.677050e-05	5.817580e-05
150           	1.317310e-04	7.076760e-05	1.617120e-05	5.572000e-05
151           	1.289720e-04	6.913290e-05	1.581130e-05	5.524660e-05
152           	1.251070e-04	6.819360e-05	1.561270e-05	5.625590e-05
153           	1.201660e-04	6.730140e-05	1.562180e-05	5.777810e-05
154           	1.149810e-04	6.627940e-05	1.580540e-05	5.909890e-05
155           	1.103360e-04	6.531770e-05	1.611980e-05	6.010720e-05
156           	1.074020e-04	6.473660e-05	1.640580e-05	6.079630e-05
157           	1.064720e-04	6.456230e-05	1.651840e-05	6.092140e-05
158           	1.079810e-04	6.459040e-05	1.649740e-05	6.067530e-05
159           	1.107890e-04	6.420410e-05	1.639330e-05	5.994740e-05
160           	1.153060e-04	6.320290e-05	1.616360e-05	5.857520e-05
161           	1.202540e-04	6.264700e-05	1.576750e-05	5.765430e-05
162           	1.248680e-04	6.236090e-05	1.533750e-05	5.693820e-05
163           	1.289850e-04	6.201100e-05	1.492420e-05	5.660550e-05
164           	1.310950e-04	6.183260e-05	1.450730e-05	5.671150e-05
165           	1.326480e-04	6.217750e-05	1.414740e-05	5.735770e-05
166           	1.321690e-04	6.235580e-05	1.374710e-05	5.703710e-05
167           	1.304290e-04	6.239760e-05	1.337610e-05	5.659180e-05
168           	1.282000e-04	6.217220e-05	1.304170e-05	5.553140e-05
169           	1.249790e-04	6.210390e-05	1.265490e-05	5.421490e-05
170           	1.221400e-04	6.158310e-05	1.223820e-05	5.227860e-05
171           	1.199890e-04	6.090840e-05	1.197950e-05	5.020720e-05
172           	1.185360e-04	6.014370e-05	1.194180e-05	4.834790e-05
173           	1.177000e-04	5.936510e-05	1.223640e-05	4.709150e-05
174           	1.180630e-04	5.814240e-05	1.271990e-05	4.662110e-05
175           	1.190720e-04	5.724200e-05	1.336620e-05	4.760690e-05
176           	1.208130e-04	5.696460e-05	1.415220e-05	5.022290e-05
177           	1.238540e-04	5.750420e-05	1.503960e-05	5.408000e-05
178           	1.280200e-04	5.938520e-05	1.599850e-05	5.921790e-05
179           	1.329510e-04	6.166150e-05	1.685370e-05	6.405530e-05
180           	1.384580e-04	6.328810e-05	1.748540e-05	6.716560e-05
181           	1.450850e-04	6.495100e-05	1.797180e-05	6.985550e-05
182           	1.529950e-04	6.694190e-05	1.838680e-05	7.251100e-05
183           	1.615380e-04	6.929370e-05	1.880300e-05	7.517790e-05
184           	1.713880e-04	7.201560e-05	1.926330e-05	7.806560e-05
185           	1.813650e-04	7.496950e-05	1.967990e-05	8.062030e-05
186           	1.907880e-04	7.793690e-05	1.997470e-05	8.323820e-05
187           	1.998060e-04	8.098110e-05	2.023940e-05	8.555920e-05
188           	2.082070e-04	8.400520e-05	2.049080e-05	8.752060e-05
189           	2.157560e-04	8.719320e-05	2.076510e-05	8.951270e-05
190           	2.225660e-04	9.046490e-05	2.108740e-05	9.157050e-05
191           	2.286600e-04	9.364450e-05	2.145250e-05	9.351380e-05
192           	2.335690e-04	9.659460e-05	2.185870e-05	9.528970e-05
193           	2.385860e-04	9.967780e-05	2.232990e-05	9.680910e-05
194           	2.432200e-04	1.022590e-04	2.291370e-05	9.847150e-05
195           	2.485780e-04	1.046220e-04	2.365570e-05	1.004080e-04
196           	2.534490e-04	1.062970e-04	2.456830e-05	1.027820e-04
197           	2.599500e-04	1.088130e-04	2.560730e-05	1.055300e-04
198           	2.666570e-04	1.106850e-04	2.674200e-05	1.089190e-04
199           	2.741310e-04	1.130800e-04	2.800060e-05	1.130840e-04
200           	2.825420e-04	1.159990e-04	2.933340e-05	1.180920e-04
201           	2.919020e-04	1.194440e-04	3.070490e-05	1.236890e-04
202           	3.021370e-04	1.232260e-04	3.207630e-05	1.296400e-04
203           	3.131240e-04	1.271950e-04	3.341470e-05	1.356730e-04
204           	3.247800e-04	1.312840e-04	3.471290e-05	1.416380e-04
205           	3.370250e-04	1.355700e-04	3.600560e-05	1.475500e-04
206           	3.497720e-04	1.402770e-04	3.729670e-05	1.535650e-04
207           	3.628820e-04	1.454070e-04	3.855760e-05	1.596710e-04
208           	3.761840e-04	1.509800e-04	3.977130e-05	1.656890e-04
209           	3.895120e-04	1.569190e-04	4.094100e-05	1.714400e-04
210           	4.027120e-04	1.631030e-04	4.208830e-05	1.768710e-04
211           	4.156280e-04	1.693570e-04	4.321220e-05	1.820480e-04
212           	4.273080e-04	1.756240e-04	4.433100e-05	1.870140e-04
213           	4.408660e-04	1.824540e-04	4.542850e-05	1.917570e-04
214           	4.519960e-04	1.881120e-04	4.659130e-05	1.964360e-04
215           	4.651810e-04	1.949060e-04	4.776580e-05	2.011650e-04
216           	4.760050e-04	2.002510e-04	4.901140e-05	2.059140e-04
217           	4.879460e-04	2.067980e-04	5.025870e-05	2.106620e-04
218           	5.009680e-04	2.126350e-04	5.154860e-05	2.154230e-04
219           	5.117100e-04	2.172960e-04	5.293510e-05	2.206210e-04
220           	5.250940e-04	2.235380e-04	5.434160e-05	2.260710e-04
221           	5.361860e-04	2.280370e-04	5.579750e-05	2.315890e-04
222           	5.498560e-04	2.342950e-04	5.727310e-05	2.373300e-04
223           	5.623290e-04	2.386430e-04	5.878030e-05	2.431200e-04
224           	5.736870e-04	2.437500e-04	6.032360e-05	2.492000e-04
225           	5.879710e-04	2.501560e-04	6.183990e-05	2.553450e-04
226           	6.007820e-04	2.543590e-04	6.337700e-05	2.613380e-04
227           	6.135930e-04	2.591850e-04	6.490260e-05	2.676080e-04
228           	6.264750e-04	2.635070e-04	6.637290e-05	2.737770e-04
229           	6.391400e-04	2.676470e-04	6.783380e-05	2.798580e-04
230           	6.516210e-04	2.722120e-04	6.930710e-05	2.859260e-04
231           	6.639670e-04	2.770070e-04	7.078990e-05	2.921130e-04
232           	6.761760e-04	2.818260e-04	7.226850e-05	2.985050e-04
233           	6.880570e-04	2.867440e-04	7.372830e-05	3.049550e-04
234           	6.996210e-04	2.921230e-04	7.516560e-05	3.109230e-04
235           	7.109280e-04	2.977410e-04	7.658440e-05	3.166720e-04
236           	7.222760e-04	3.034930e-04	7.799300e-05	3.224900e-04
237           	7.337740e-04	3.093520e-04	7.941980e-05	3.282650e-04
238           	7.453030e-04	3.152490e-04	8.084840e-05	3.338330e-04
239           	7.567710e-04	3.210910e-04	8.225480e-05	3.393720e-04
240           	7.680820e-04	3.263520e-04	8.367390e-05	3.448750e-04
241           	7.797920e-04	3.315910e-04	8.516840e-05	3.506240e-04
242           	7.916350e-04	3.370900e-04	8.675960e-05	3.567510e-04
243           	8.033060e-04	3.428410e-04	8.836840e-05	3.630280e-04
244           	8.150150e-04	3.485880e-04	8.994270e-05	3.691530e-04
245           	8.270270e-04	3.541900e-04	9.148520e-05	3.751330e-04
246           	8.389450e-04	3.596370e-04	9.299990e-05	3.808910e-04
247           	8.505340e-04	3.649880e-04	9.449540e-05	3.866110e-04
248           	8.619390e-04	3.702180e-04	9.601220e-05	3.923730e-04
249           	8.733460e-04	3.754130e-04	9.754040e-05	3.982800e-04
250           	8.847640e-04	3.807510e-04	9.907500e-05	4.042900e-04
251           	8.962890e-04	3.860970e-04	1.005800e-04	4.103940e-04
252           	9.074720e-04	3.913580e-04	1.020330e-04	4.161990e-04
253           	9.190300e-04	3.963760e-04	1.035100e-04	4.218680e-04
254           	9.311220e-04	4.017030e-04	1.050900e-04	4.277320e-04
255           	9.437600e-04	4.075680e-04	1.068080e-04	4.342080e-04
256           	9.566490e-04	4.138420e-04	1.085980e-04	4.412430e-04
257           	9.694240e-04	4.201580e-04	1.103540e-04	4.480170e-04
258           	9.818600e-04	4.259960e-04	1.120320e-04	4.541960e-04
259           	9.936060e-04	4.309040e-04	1.136050e-04	4.597110e-04
260           	1.004290e-03	4.354000e-04	1.150740e-04	4.649550e-04
261           	1.013850e-03	4.399120e-04	1.164440e-04	4.698000e-04
262           	1.022570e-03	4.441330e-04	1.177000e-04	4.742020e-04
263           	1.031010e-03	4.480650e-04	1.188670e-04	4.782180e-04
264           	1.039270e-03	4.516050e-04	1.199710e-04	4.819680e-04
265           	1.047320e-03	4.550100e-04	1.210300e-04	4.856340e-04
266           	1.055110e-03	4.583560e-04	1.220350e-04	4.890990e-04
267           	1.062280e-03	4.616250e-04	1.229740e-04	4.923360e-04
268           	1.068630e-03	4.645700e-04	1.238400e-04	4.952280e-04
269           	1.074130e-03	4.669470e-04	1.246020e-04	4.977610e-04
270           	1.079010e-03	4.687610e-04	1.252310e-04	4.999260e-04
271           	1.083250e-03	4.703430e-04	1.257780e-04	5.017860e-04
272           	1.087040e-03	4.716350e-04	1.263030e-04	5.033400e-04
273           	1.090240e-03	4.725140e-04	1.268020e-04	5.047620e-04
274           	1.092710e-03	4.731790e-04	1.272660e-04	5.059790e-04
275           	1.097870e-03	4.738460e-04	1.276870e-04	5.070770e-04
276           	1.095770e-03	4.741160e-04	1.279830e-04	5.063530e-04
277           	1.100170e-03	4.743500e-04	1.284370e-04	5.081860e-04
278           	1.100530e-03	4.753080e-04	1.287750e-04	5.075380e-04
279           	1.100520e-03	4.758180e-04	1.291290e-04	5.080130e-04
280           	1.100670e-03	4.761350e-04	1.295040e-04	5.083640e-04
281           	1.100770e-03	4.764040e-04	1.298480e-04	5.087730e-04
282           	1.100190e-03	4.767410e-04	1.301810e-04	5.091280e-04
283           	1.098960e-03	4.764540e-04	1.304640e-04	5.090460e-04
284           	1.097270e-03	4.761020e-04	1.307430e-04	5.088450e-04
285           	1.095310e-03	4.757700e-04	1.310360e-04	5.085100e-04
286           	1.093220e-03	4.751230e-04	1.313280e-04	5.083500e-04
287           	1.090900e-03	4.741670e-04	1.315710e-04	5.081700e-04
288           	1.088270e-03	4.734560e-04	1.317470e-04	5.079730e-04
289           	1.085210e-03	4.721850e-04	1.318440e-04	5.075970e-04
290           	1.081830e-03	4.708230e-04	1.318650e-04	5.066770e-04
291           	1.078330e-03	4.697330e-04	1.318500e-04	5.056480e-04
292           	1.074460e-03	4.685020e-04	1.317860e-04	5.044760e-04
293           	1.070160e-03	4.670260e-04	1.316500e-04	5.027420e-04
294           	1.065440e-03	4.654320e-04	1.314340e-04	5.009170e-04
295           	1.060330e-03	4.638000e-04	1.311530e-04	4.987150e-04
296           	1.054800e-03	4.620260e-04	1.308160e-04	4.961530e-04
297           	1.048990e-03	4.598920e-04	1.304050e-04	4.933230e-04
298           	1.042860e-03	4.577370e-04	1.299570e-04	4.902830e-04
299           	1.036390e-03	4.555130e-04	1.294340e-04	4.871080e-04
300           	1.029620e-03	4.530150e-04	1.288890e-04	4.836900e-04
301           	1.024550e-03	4.504500e-04	1.283070e-04	4.803200e-04
302           	1.017000e-03	4.456660e-04	1.278120e-04	4.766950e-04
303           	1.007550e-03	4.420060e-04	1.272390e-04	4.734590e-04
304           	1.002760e-03	4.412170e-04	1.264940e-04	4.704290e-04
305           	9.952380e-04	4.412050e-04	1.263610e-04	4.712500e-04
306           	9.883820e-04	4.363820e-04	1.255500e-04	4.664360e-04
307           	9.818950e-04	4.352510e-04	1.253530e-04	4.656680e-04
308           	9.752830e-04	4.340740e-04	1.249230e-04	4.648600e-04
309           	9.685330e-04	4.310710e-04	1.243780e-04	4.626580e-04
310           	9.614770e-04	4.274220e-04	1.237350e-04	4.596870e-04
311           	9.543470e-04	4.245100e-04	1.230130e-04	4.565820e-04
312           	9.470660e-04	4.218680e-04	1.222120e-04	4.532260e-04
313           	9.395960e-04	4.192980e-04	1.213890e-04	4.496930e-04
314           	9.320300e-04	4.167580e-04	1.205550e-04	4.459700e-04
315           	9.244920e-04	4.141090e-04	1.197120e-04	4.420280e-04
316           	9.168620e-04	4.112850e-04	1.188690e-04	4.379720e-04
317           	9.092640e-04	4.083290e-04	1.180190e-04	4.337450e-04
318           	9.018110e-04	4.052200e-04	1.171780e-04	4.294280e-04
319           	8.943540e-04	4.020750e-04	1.163510e-04	4.251120e-04
320           	8.871740e-04	3.989390e-04	1.155350e-04	4.208530e-04
321           	8.808260e-04	3.958870e-04	1.147650e-04	4.167990e-04
322           	8.749980e-04	3.932950e-04	1.140590e-04	4.133330e-04
323           	8.690410e-04	3.908100e-04	1.133490e-04	4.099470e-04
324           	8.628130e-04	3.882990e-04	1.125630e-04	4.065090e-04
325           	8.562700e-04	3.856960e-04	1.116910e-04	4.028470e-04
326           	8.494520e-04	3.829360e-04	1.107430e-04	3.988670e-04
327           	8.424820e-04	3.799450e-04	1.097440e-04	3.946340e-04
328           	8.354620e-04	3.768580e-04	1.087210e-04	3.903740e-04
329           	8.282400e-04	3.737370e-04	1.076830e-04	3.860190e-04
330           	8.209440e-04	3.706070e-04	1.066470e-04	3.816160e-04
331           	8.134840e-04	3.674510e-04	1.056270e-04	3.773240e-04
332           	8.060190e-04	3.641880e-04	1.046450e-04	3.731420e-04
333           	7.985680e-04	3.610250e-04	1.036790e-04	3.690340e-04
334           	7.910350e-04	3.578990e-04	1.027430e-04	3.648870e-04
335           	7.834980e-04	3.547520e-04	1.018180e-04	3.607410e-04
336           	7.760990e-04	3.515980e-04	1.008960e-04	3.568400e-04
337           	7.687580e-04	3.485100e-04	9.998970e-05	3.529840e-04
338           	7.615370e-04	3.454080e-04	9.907330e-05	3.491420e-04
339           	7.541460e-04	3.423830e-04	9.814170e-05	3.451860e-04
340           	7.466480e-04	3.393830e-04	9.720880e-05	3.414060e-04
341           	7.390610e-04	3.364810e-04	9.629660e-05	3.377030e-04
342           	7.316000e-04	3.336800e-04	9.542070e-05	3.341230e-04
343           	7.242290e-04	3.309370e-04	9.457280e-05	3.306010e-04
344           	7.168450e-04	3.282460e-04	9.372550e-05	3.270950e-04
345           	7.095060e-04	3.254940e-04	9.290550e-05	3.235770e-04
346           	7.019860e-04	3.226110e-04	9.209650e-05	3.200560e-04
347           	6.944650e-04	3.198700e-04	9.128360e-05	3.165170e-04
348           	6.868260e-04	3.170460e-04	9.047440e-05	3.129550e-04
349           	6.794420e-04	3.141710e-04	8.966750e-05	3.095680e-04
350           	6.721830e-04	3.113990e-04	8.888370e-05	3.063550e-04
351           	6.652900e-04	3.087220e-04	8.812470e-05	3.032290e-04
352           	6.585040e-04	3.062030e-04	8.739370e-05	3.002040e-04
353           	6.517560e-04	3.035910e-04	8.667150e-05	2.971510e-04
354           	6.450530e-04	3.010800e-04	8.596290e-05	2.941530e-04
355           	6.383680e-04	2.985280e-04	8.525510e-05	2.912020e-04
356           	6.316010e-04	2.959900e-04	8.455160e-05	2.883900e-04
357           	6.248080e-04	2.934940e-04	8.385250e-05	2.855750e-04
358           	6.181050e-04	2.910230e-04	8.316180e-05	2.827430e-04
359           	6.114280e-04	2.885910e-04	8.246430e-05	2.799050e-04
360           	6.048640e-04	2.861410e-04	8.178530e-05	2.770890e-04
361           	5.983160e-04	2.837030e-04	8.109300e-05	2.743090e-04
362           	5.917950e-04	2.812870e-04	8.043140e-05	2.715930e-04
363           	5.852950e-04	2.788750e-04	7.974650e-05	2.689150e-04
364           	5.789120e-04	2.765590e-04	7.905780e-05	2.663050e-04
365           	5.727470e-04	2.742410e-04	7.835810e-05	2.636750e-04
366           	5.667220e-04	2.719510e-04	7.764650e-05	2.610270e-04
367           	5.608350e-04	2.695810e-04	7.694620e-05	2.583630e-04
368           	5.549670e-04	2.672320e-04	7.625150e-05	2.558300e-04
369           	5.499210e-04	2.656770e-04	7.557680e-05	2.537790e-04
370           	5.434320e-04	2.634750e-04	7.490530e-05	2.515730e-04
371           	5.379630e-04	2.605230e-04	7.415900e-05	2.486620e-04
372           	5.313580e-04	2.563220e-04	7.349500e-05	2.458290e-04
373           	5.259160e-04	2.545880e-04	7.277820e-05	2.435570e-04
374           	5.195060e-04	2.511830e-04	7.212900e-05	2.410120e-04
375           	5.141310e-04	2.496770e-04	7.141760e-05	2.389200e-04
376           	5.079720e-04	2.465230e-04	7.079550e-05	2.364500e-04
377           	5.027800e-04	2.451090e-04	7.013540e-05	2.344490e-04
378           	4.971490e-04	2.419760e-04	6.955140e-05	2.322200e-04
379           	4.911410e-04	2.392520e-04	6.895120e-05	2.301360e-04
380           	4.860560e-04	2.381620e-04	6.829240e-05	2.283860e-04
381           	4.807080e-04	2.353310e-04	6.771480e-05	2.262870e-04
382           	4.750090e-04	2.328760e-04	6.712700e-05	2.242100e-04
383           	4.704350e-04	2.320100e-04	6.650820e-05	2.225280e-04
384           	4.654700e-04	2.293020e-04	6.597310e-05	2.204650e-04
385           	4.607440e-04	2.267280e-04	6.542890e-05	2.183830e-04
386           	4.557340e-04	2.244190e-04	6.487630e-05	2.164140e-04
387           	4.513960e-04	2.235040e-04	6.426510e-05	2.146370e-04
388           	4.467570e-04	2.207550e-04	6.373190e-05	2.124280e-04
389           	4.421930e-04	2.182540e-04	6.318000e-05	2.103080e-04
390           	4.375910e-04	2.159570e-04	6.259430e-05	2.082210e-04
391           	4.329040e-04	2.137090e-04	6.198050e-05	2.061290e-04
392           	4.281770e-04	2.114310e-04	6.136470e-05	2.040940e-04
393           	4.234430e-04	2.091570e-04	6.076490e-05	2.020730e-04
394           	4.187170e-04	2.069400e-04	6.016300e-05	2.000860e-04
395           	4.139980e-04	2.047390e-04	5.958090e-05	1.981820e-04
396           	4.093560e-04	2.026040e-04	5.901220e-05	1.962730e-04
397           	4.047550e-04	2.004530e-04	5.845320e-05	1.943910e-04
398           	4.002150e-04	1.983530e-04	5.790190e-05	1.925840e-04
399           	3.957110e-04	1.962120e-04	5.735640e-05	1.907780e-04
400           	3.912950e-04	1.941090e-04	5.681320e-05	1.889280e-04
401           	3.868640e-04	1.920610e-04	5.626460e-05	1.870900e-04
402           	3.824490e-04	1.899910e-04	5.571330e-05	1.852180e-04
403           	3.780940e-04	1.879720e-04	5.516120e-05	1.833780e-04
404           	3.737850e-04	1.859390e-04	5.461250e-05	1.815750e-04
405           	3.695180e-04	1.839420e-04	5.406460e-05	1.798270e-04
406           	3.652880e-04	1.819780e-04	5.351370e-05	1.780180e-04
407           	3.610420e-04	1.799750e-04	5.296350e-05	1.760980e-04
408           	3.568260e-04	1.779690e-04	5.241330e-05	1.742000e-04
409           	3.527070e-04	1.759840e-04	5.186780e-05	1.723190e-04
410           	3.486460e-04	1.740260e-04	5.132640e-05	1.704230e-04
411           	3.446450e-04	1.720740e-04	5.078430e-05	1.685430e-04
412           	3.407150e-04	1.701460e-04	5.024420e-05	1.666920e-04
413           	3.368350e-04	1.682020e-04	4.970650e-05	1.648480e-04
414           	3.329730e-04	1.662360e-04	4.917030e-05	1.630410e-04
415           	3.291230e-04	1.642640e-04	4.863520e-05	1.612450e-04
416           	3.252650e-04	1.623080e-04	4.810400e-05	1.594140e-04
417           	3.214210e-04	1.603370e-04	4.757190e-05	1.575840e-04
418           	3.175400e-04	1.584040e-04	4.704700e-05	1.557750e-04
419           	3.136400e-04	1.563580e-04	4.652710e-05	1.539780e-04
420           	3.097700e-04	1.543640e-04	4.601290e-05	1.521920e-04
421           	3.059080e-04	1.524630e-04	4.550010e-05	1.504250e-04
422           	3.020650e-04	1.506220e-04	4.499870e-05	1.486920e-04
423           	2.982600e-04	1.487890e-04	4.450010e-05	1.470040e-04
424           	2.944590e-04	1.469770e-04	4.400560e-05	1.453220e-04
425           	2.907240e-04	1.451820e-04	4.351430e-05	1.435740e-04
426           	2.870490e-04	1.433790e-04	4.302890e-05	1.418670e-04
427           	2.834010e-04	1.415690e-04	4.254740e-05	1.401800e-04
428           	2.798230e-04	1.397620e-04	4.206730e-05	1.385300e-04
429           	2.762760e-04	1.379910e-04	4.159170e-05	1.368690e-04
430           	2.727950e-04	1.362280e-04	4.112180e-05	1.352190e-04
431           	2.693780e-04	1.345000e-04	4.066110e-05	1.336250e-04
432           	2.660340e-04	1.328000e-04	4.020850e-05	1.320530e-04
433           	2.627320e-04	1.311290e-04	3.975550e-05	1.304990e-04
434           	2.594830e-04	1.294480e-04	3.930550e-05	1.289430e-04
435           	2.562620e-04	1.278120e-04	3.885720e-05	1.273980e-04
436           	2.530900e-04	1.262020e-04	3.840670e-05	1.258750e-04
437           	2.499460e-04	1.246650e-04	3.795920e-05	1.243890e-04
438           	2.468210e-04	1.231500e-04	3.751410e-05	1.229470e-04
439           	2.437270e-04	1.216440e-04	3.707570e-05	1.215200e-04
440           	2.406690e-04	1.201490e-04	3.664460e-05	1.201130e-04
441           	2.376600e-04	1.186800e-04	3.621660e-05	1.187290e-04
442           	2.347070e-04	1.172280e-04	3.579330e-05	1.173720e-04
443           	2.318020e-04	1.157980e-04	3.537380e-05	1.160250e-04
444           	2.289350e-04	1.143880e-04	3.496120e-05	1.146930e-04
445           	2.261070e-04	1.129910e-04	3.455390e-05	1.133750e-04
446           	2.233070e-04	1.116220e-04	3.415050e-05	1.120730e-04
447           	2.205430e-04	1.102630e-04	3.375040e-05	1.107840e-04
448           	2.178070e-04	1.089280e-04	3.335570e-05	1.095130e-04
449           	2.151260e-04	1.075630e-04	3.296460e-05	1.082150e-04
450           	2.124630e-04	1.063190e-04	3.258380e-05	1.069510e-04
451           	2.098360e-04	1.050240e-04	3.220410e-05	1.057100e-04
452           	2.072500e-04	1.037540e-04	3.182520e-05	1.044830e-04
453           	2.051440e-04	1.028440e-04	3.147400e-05	1.034770e-04
454           	2.022470e-04	1.016670e-04	3.111600e-05	1.023800e-04
455           	2.002030e-04	1.001280e-04	3.072790e-05	1.009140e-04
456           	1.973890e-04	9.885210e-05	3.038280e-05	9.920760e-05
457           	1.949700e-04	9.766180e-05	3.001480e-05	9.824910e-05
458           	1.925850e-04	9.659180e-05	2.967240e-05	9.725410e-05
459           	1.902320e-04	9.537280e-05	2.933270e-05	9.621570e-05
460           	1.882900e-04	9.417290e-05	2.899730e-05	9.514010e-05
461           	1.856380e-04	9.302570e-05	2.868510e-05	9.361140e-05
462           	1.833400e-04	9.199880e-05	2.834800e-05	9.277760e-05
463           	1.810810e-04	9.088870e-05	2.802070e-05	9.184360e-05
464           	1.792010e-04	8.976240e-05	2.769750e-05	9.084560e-05
465           	1.766690e-04	8.862630e-05	2.739440e-05	8.937830e-05
466           	1.744530e-04	8.761500e-05	2.706200e-05	8.853730e-05
467           	1.725770e-04	8.654470e-05	2.673740e-05	8.758250e-05
468           	1.701090e-04	8.543410e-05	2.643450e-05	8.616010e-05
469           	1.679500e-04	8.442080e-05	2.611160e-05	8.533510e-05
470           	1.661370e-04	8.347020e-05	2.580460e-05	8.443960e-05
471           	1.637720e-04	8.237050e-05	2.551150e-05	8.308180e-05
472           	1.619980e-04	8.137770e-05	2.519970e-05	8.228210e-05
473           	1.597190e-04	8.040230e-05	2.491400e-05	8.101800e-05
474           	1.579380e-04	7.948200e-05	2.460900e-05	8.030230e-05
475           	1.557020e-04	7.845720e-05	2.432630e-05	7.908730e-05
476           	1.539610e-04	7.748650e-05	2.402470e-05	7.835110e-05
477           	1.517870e-04	7.650360e-05	2.374830e-05	7.714530e-05
478           	1.500800e-04	7.561830e-05	2.345500e-05	7.645740e-05
479           	1.479510e-04	7.461150e-05	2.317900e-05	7.528000e-05
480           	1.462980e-04	7.369220e-05	2.288700e-05	7.459240e-05
481           	1.442300e-04	7.275080e-05	2.261830e-05	7.348080e-05
482           	1.426090e-04	7.191810e-05	2.233530e-05	7.286590e-05
483           	1.405710e-04	7.096570e-05	2.206760e-05	7.175830e-05
484           	1.389790e-04	7.011720e-05	2.178950e-05	7.111490e-05
485           	1.369890e-04	6.921090e-05	2.153150e-05	7.002150e-05
486           	1.354290e-04	6.842540e-05	2.126310e-05	6.941560e-05
487           	1.334880e-04	6.752290e-05	2.101000e-05	6.836070e-05
488           	1.319970e-04	6.672100e-05	2.074630e-05	6.776910e-05
489           	1.301350e-04	6.586810e-05	2.050770e-05	6.675540e-05
490           	1.287070e-04	6.513680e-05	2.026100e-05	6.620790e-05
491           	1.269170e-04	6.428810e-05	2.003040e-05	6.521690e-05
492           	1.255500e-04	6.354340e-05	1.978930e-05	6.466830e-05
493           	1.238190e-04	6.274600e-05	1.956190e-05	6.369700e-05
494           	1.224820e-04	6.206250e-05	1.932620e-05	6.317660e-05
495           	1.209890e-04	6.126070e-05	1.910010e-05	6.222530e-05
496           	1.193130e-04	6.052340e-05	1.887040e-05	6.139660e-05
497           	1.180200e-04	5.988430e-05	1.864310e-05	6.093580e-05
498           	1.164000e-04	5.911240e-05	1.842730e-05	6.005270e-05
499           	1.151530e-04	5.842460e-05	1.820240e-05	5.955680e-05
500           	1.137580e-04	5.767150e-05	1.799200e-05	5.865940e-05
501           	1.121880e-04	5.699560e-05	1.777980e-05	5.788220e-05
502           	1.109670e-04	5.639320e-05	1.756580e-05	5.744930e-05
503           	1.096300e-04	5.566120e-05	1.736120e-05	5.661120e-05
504           	1.081280e-04	5.496660e-05	1.715460e-05	5.586240e-05
505           	1.069530e-04	5.438440e-05	1.694710e-05	5.543810e-05
506           	1.056610e-04	5.366590e-05	1.674940e-05	5.462470e-05
507           	1.042070e-04	5.300030e-05	1.654890e-05	5.389850e-05
508           	1.030640e-04	5.242780e-05	1.634720e-05	5.347410e-05
509           	1.018100e-04	5.173170e-05	1.615490e-05	5.268080e-05
510           	1.004140e-04	5.108460e-05	1.596080e-05	5.197630e-05
511           	9.959160e-05	5.066520e-05	1.580960e-05	5.166500e-05
512           	9.876470e-05	5.011130e-05	1.567330e-05	5.101620e-05
513           	9.797120e-05	4.968060e-05	1.555860e-05	5.057910e-05
514           	9.723330e-05	4.937560e-05	1.547020e-05	5.029340e-05
515           	9.649610e-05	4.908990e-05	1.539980e-05	5.006300e-05
516           	9.581170e-05	4.877130e-05	1.533920e-05	4.983440e-05
517           	9.514960e-05	4.847380e-05	1.528460e-05	4.961920e-05
518           	9.449870e-05	4.819400e-05	1.523220e-05	4.940560e-05
519           	9.385890e-05	4.791610e-05	1.517970e-05	4.919410e-05
520           	9.322250e-05	4.763960e-05	1.512600e-05	4.898040e-05
521           	9.258800e-05	4.736930e-05	1.506880e-05	4.876010e-05
522           	9.167620e-05	4.699400e-05	1.496400e-05	4.845860e-05
523           	9.068400e-05	4.660820e-05	1.484870e-05	4.810470e-05
524           	8.965930e-05	4.615170e-05	1.470270e-05	4.761360e-05
525           	8.860810e-05	4.563480e-05	1.452770e-05	4.701220e-05
526           	8.740910e-05	4.508980e-05	1.433120e-05	4.635640e-05
527           	8.639920e-05	4.458350e-05	1.411610e-05	4.589820e-05
528           	8.525710e-05	4.392690e-05	1.389560e-05	4.508190e-05
529           	8.392190e-05	4.330640e-05	1.366190e-05	4.430710e-05
530           	8.283210e-05	4.270690e-05	1.341600e-05	4.374150e-05
531           	8.161210e-05	4.202830e-05	1.317470e-05	4.286940e-05
532           	8.024220e-05	4.134690e-05	1.292590e-05	4.205160e-05
533           	7.909450e-05	4.068220e-05	1.267000e-05	4.143150e-05
534           	7.773700e-05	3.997530e-05	1.242510e-05	4.054160e-05
535           	7.658770e-05	3.928060e-05	1.217120e-05	3.989800e-05
536           	7.535500e-05	3.856430e-05	1.193260e-05	3.900720e-05
537           	7.404100e-05	3.787270e-05	1.169670e-05	3.820200e-05
538           	7.311680e-05	3.730940e-05	1.149280e-05	3.767580e-05
539           	7.220870e-05	3.672570e-05	1.131220e-05	3.695500e-05
540           	7.133090e-05	3.621570e-05	1.115590e-05	3.638670e-05
541           	7.049640e-05	3.576120e-05	1.102610e-05	3.592260e-05
542           	6.971030e-05	3.536620e-05	1.092170e-05	3.556310e-05
543           	6.897550e-05	3.500270e-05	1.083770e-05	3.525730e-05
544           	6.827890e-05	3.466910e-05	1.076850e-05	3.499190e-05
545           	6.762000e-05	3.435460e-05	1.070970e-05	3.475690e-05
546           	6.698830e-05	3.407120e-05	1.065870e-05	3.455310e-05
547           	6.638250e-05	3.380930e-05	1.061220e-05	3.436600e-05
548           	6.579690e-05	3.356870e-05	1.056780e-05	3.419160e-05
549           	6.522750e-05	3.333450e-05	1.052350e-05	3.401900e-05
550           	6.467210e-05	3.311240e-05	1.047740e-05	3.385100e-05
551           	6.412960e-05	3.288750e-05	1.042720e-05	3.367400e-05
552           	6.358530e-05	3.266260e-05	1.037080e-05	3.348920e-05
553           	6.304110e-05	3.242620e-05	1.030860e-05	3.328590e-05
554           	6.249090e-05	3.218190e-05	1.023960e-05	3.306770e-05
555           	6.192870e-05	3.192010e-05	1.016260e-05	3.282460e-05
556           	6.134720e-05	3.164960e-05	1.007740e-05	3.256010e-05
557           	6.074860e-05	3.135980e-05	9.984010e-06	3.226810e-05
558           	6.013050e-05	3.105850e-05	9.883200e-06	3.195260e-05
559           	5.949670e-05	3.073760e-05	9.774890e-06	3.161100e-05
560           	5.884380e-05	3.040620e-05	9.660320e-06	3.124900e-05
561           	5.817580e-05	3.005690e-05	9.539310e-06	3.086600e-05
562           	5.749070e-05	2.972350e-05	9.415270e-06	3.047710e-05
563           	5.679760e-05	2.933230e-05	9.285220e-06	3.006400e-05
564           	5.609770e-05	2.895460e-05	9.153260e-06	2.964070e-05
565           	5.539370e-05	2.857330e-05	9.020450e-06	2.921460e-05
566           	5.468330e-05	2.821550e-05	8.889200e-06	2.879940e-05
567           	5.397580e-05	2.781290e-05	8.755820e-06	2.837320e-05
568           	5.326570e-05	2.745030e-05	8.625350e-06	2.795490e-05
569           	5.255800e-05	2.704950e-05	8.495200e-06	2.753180e-05
570           	5.185390e-05	2.667470e-05	8.368010e-06	2.711530e-05
571           	5.115190e-05	2.632370e-05	8.244640e-06	2.671220e-05
572           	5.045380e-05	2.594150e-05	8.122230e-06	2.631260e-05
573           	4.975960e-05	2.559450e-05	8.003880e-06	2.592580e-05
574           	4.907260e-05	2.522290e-05	7.887060e-06	2.554110e-05
575           	4.839170e-05	2.488520e-05	7.773890e-06	2.516950e-05
576           	4.771790e-05	2.452360e-05	7.661850e-06	2.480120e-05
577           	4.705240e-05	2.419380e-05	7.552900e-06	2.444680e-05
578           	4.639240e-05	2.384050e-05	7.445380e-06	2.409590e-05
579           	4.573830e-05	2.351750e-05	7.340190e-06	2.375550e-05
580           	4.508800e-05	2.318920e-05	7.236240e-06	2.342220e-05
581           	4.444990e-05	2.284320e-05	7.132470e-06	2.308720e-05
582           	4.381710e-05	2.253230e-05	7.031960e-06	2.276120e-05
583           	4.319340e-05	2.219480e-05	6.931590e-06	2.243690e-05
584           	4.257330e-05	2.189560e-05	6.833600e-06	2.212490e-05
585           	4.196080e-05	2.158100e-05	6.736050e-06	2.181500e-05
586           	4.135650e-05	2.125420e-05	6.638540e-06	2.150090e-05
587           	4.075960e-05	2.096020e-05	6.543680e-06	2.119540e-05
588           	4.016930e-05	2.064300e-05	6.448980e-06	2.089020e-05
589           	3.958490e-05	2.035470e-05	6.356160e-06	2.059340e-05
590           	3.900400e-05	2.005770e-05	6.264160e-06	2.030040e-05
591           	3.843110e-05	1.974720e-05	6.171540e-06	1.999940e-05
592           	3.786300e-05	1.947030e-05	6.081630e-06	1.970600e-05
593           	3.730450e-05	1.916740e-05	5.991670e-06	1.941430e-05
594           	3.675160e-05	1.889590e-05	5.904140e-06	1.913030e-05
595           	3.620710e-05	1.860240e-05	5.816550e-06	1.884540e-05
596           	3.566710e-05	1.834120e-05	5.731420e-06	1.856970e-05
597           	3.513710e-05	1.805480e-05	5.646150e-06	1.829000e-05
598           	3.461080e-05	1.779670e-05	5.563260e-06	1.801520e-05
599           	3.409350e-05	1.751940e-05	5.480430e-06	1.774480e-05
600           	3.358230e-05	1.726860e-05	5.400020e-06	1.748120e-05
601           	3.307980e-05	1.699790e-05	5.319950e-06	1.721830e-05
602           	3.258310e-05	1.675640e-05	5.242080e-06	1.696380e-05
603           	3.209560e-05	1.649400e-05	5.164110e-06	1.670830e-05
604           	3.161280e-05	1.625760e-05	5.088310e-06	1.646000e-05
605           	3.113860e-05	1.600480e-05	5.012620e-06	1.621350e-05
606           	3.067030e-05	1.577550e-05	4.939030e-06	1.597280e-05
607           	3.021000e-05	1.552830e-05	4.865630e-06	1.573250e-05
608           	2.975440e-05	1.530750e-05	4.794310e-06	1.550000e-05
609           	2.930720e-05	1.506740e-05	4.723070e-06	1.526670e-05
610           	2.886430e-05	1.485050e-05	4.653790e-06	1.503970e-05
611           	2.842950e-05	1.461920e-05	4.584640e-06	1.481440e-05
612           	2.800000e-05	1.440910e-05	4.517330e-06	1.459430e-05
613           	2.757840e-05	1.418160e-05	4.450150e-06	1.437440e-05
614           	2.716170e-05	1.397980e-05	4.384820e-06	1.416170e-05
615           	2.675360e-05	1.376050e-05	4.319620e-06	1.394820e-05
616           	2.635130e-05	1.355240e-05	4.255760e-06	1.373700e-05
617           	2.595470e-05	1.336320e-05	4.193750e-06	1.353570e-05
618           	2.556420e-05	1.315300e-05	4.131590e-06	1.333280e-05
619           	2.517850e-05	1.296430e-05	4.071110e-06	1.313540e-05
620           	2.479840e-05	1.276120e-05	4.010810e-06	1.293790e-05
621           	2.442580e-05	1.256800e-05	3.951470e-06	1.274210e-05
622           	2.405660e-05	1.239000e-05	3.893860e-06	1.255220e-05
623           	2.369390e-05	1.219640e-05	3.835920e-06	1.236410e-05
624           	2.333710e-05	1.201180e-05	3.778990e-06	1.217640e-05
625           	2.298470e-05	1.184050e-05	3.723640e-06	1.199510e-05
626           	2.263750e-05	1.165530e-05	3.668090e-06	1.181370e-05
627           	2.229680e-05	1.147810e-05	3.613430e-06	1.163370e-05
628           	2.195920e-05	1.131140e-05	3.560360e-06	1.145930e-05
629           	2.162740e-05	1.113200e-05	3.507070e-06	1.128650e-05
630           	2.130090e-05	1.096270e-05	3.454770e-06	1.111380e-05
631           	2.097930e-05	1.079530e-05	3.403510e-06	1.094470e-05
632           	2.066120e-05	1.064090e-05	3.353560e-06	1.078270e-05
633           	2.034910e-05	1.047210e-05	3.303330e-06	1.061990e-05
634           	2.003140e-05	1.031250e-05	3.254140e-06	1.045770e-05
635           	1.973910e-05	1.020920e-05	3.203860e-06	1.031000e-05
636           	1.944020e-05	1.003550e-05	3.158340e-06	1.014260e-05
637           	1.914470e-05	9.880620e-06	3.112940e-06	9.989220e-06
638           	1.884520e-05	9.720370e-06	3.067120e-06	9.841710e-06
639           	1.857200e-05	9.617700e-06	3.020070e-06	9.704870e-06
640           	1.829170e-05	9.453950e-06	2.977600e-06	9.548730e-06
641           	1.801590e-05	9.302830e-06	2.934600e-06	9.403620e-06
642           	1.773610e-05	9.157530e-06	2.891800e-06	9.264200e-06
643           	1.747800e-05	9.068390e-06	2.847960e-06	9.139180e-06
644           	1.721400e-05	8.908290e-06	2.807290e-06	8.993480e-06
645           	1.694600e-05	8.761860e-06	2.766180e-06	8.854040e-06
646           	1.670060e-05	8.666430e-06	2.723730e-06	8.729710e-06
647           	1.645020e-05	8.518900e-06	2.685170e-06	8.592330e-06
648           	1.619450e-05	8.381790e-06	2.646050e-06	8.461300e-06
649           	1.596070e-05	8.290640e-06	2.605500e-06	8.344680e-06
650           	1.572080e-05	8.150700e-06	2.568660e-06	8.213690e-06
651           	1.547640e-05	8.020550e-06	2.531380e-06	8.089780e-06
652           	1.525250e-05	7.931480e-06	2.492450e-06	7.977620e-06
653           	1.501480e-05	7.796920e-06	2.457150e-06	7.852500e-06
654           	1.479880e-05	7.708680e-06	2.419800e-06	7.740160e-06
655           	1.457680e-05	7.575820e-06	2.385930e-06	7.618890e-06
656           	1.435060e-05	7.453700e-06	2.351400e-06	7.505540e-06
657           	1.414520e-05	7.373390e-06	2.315650e-06	7.403570e-06
658           	1.392590e-05	7.250430e-06	2.283320e-06	7.288070e-06
659           	1.372660e-05	7.169220e-06	2.248920e-06	7.186570e-06
660           	1.352180e-05	7.047870e-06	2.217660e-06	7.074380e-06
661           	1.331360e-05	6.934940e-06	2.185960e-06	6.969870e-06
662           	1.312320e-05	6.861920e-06	2.152930e-06	6.876330e-06
663           	1.292180e-05	6.748690e-06	2.123070e-06	6.770070e-06
664           	1.273810e-05	6.672930e-06	2.091310e-06	6.675190e-06
665           	1.254980e-05	6.562700e-06	2.062570e-06	6.573430e-06
666           	1.235860e-05	6.459250e-06	2.033320e-06	6.476970e-06
667           	1.218390e-05	6.391560e-06	2.002960e-06	6.391500e-06
668           	1.200500e-05	6.287830e-06	1.975400e-06	6.294530e-06
669           	1.182330e-05	6.189850e-06	1.947440e-06	6.202950e-06
670           	1.165740e-05	6.126190e-06	1.918440e-06	6.120990e-06
671           	1.148770e-05	6.026990e-06	1.892150e-06	6.029220e-06
672           	1.131460e-05	5.934100e-06	1.865480e-06	5.941520e-06
673           	1.115730e-05	5.873620e-06	1.837900e-06	5.864510e-06
674           	1.099550e-05	5.779790e-06	1.812880e-06	5.777240e-06
675           	1.083640e-05	5.691240e-06	1.787580e-06	5.694830e-06
676           	1.068000e-05	5.607120e-06	1.762490e-06	5.616100e-06
677           	1.052120e-05	5.528440e-06	1.737740e-06	5.540240e-06
678           	1.037570e-05	5.476950e-06	1.712150e-06	5.468640e-06
679           	1.022580e-05	5.389430e-06	1.689000e-06	5.385300e-06
680           	1.007800e-05	5.309860e-06	1.665640e-06	5.309190e-06
681           	9.933910e-06	5.232400e-06	1.642510e-06	5.237120e-06
682           	9.792000e-06	5.158770e-06	1.619670e-06	5.166040e-06
683           	9.652510e-06	5.088880e-06	1.597170e-06	5.096990e-06
684           	9.515470e-06	5.018760e-06	1.574920e-06	5.026990e-06
685           	9.380300e-06	4.949570e-06	1.553050e-06	4.958580e-06
686           	9.246930e-06	4.883550e-06	1.531530e-06	4.891720e-06
687           	9.116290e-06	4.816940e-06	1.510360e-06	4.825320e-06
688           	8.987230e-06	4.751750e-06	1.489540e-06	4.759750e-06
689           	8.860240e-06	4.689130e-06	1.469130e-06	4.696800e-06
690           	8.735700e-06	4.626300e-06	1.449000e-06	4.633230e-06
691           	8.613050e-06	4.564250e-06	1.429270e-06	4.571550e-06
692           	8.492190e-06	4.504990e-06	1.409870e-06	4.511320e-06
693           	8.373870e-06	4.444930e-06	1.390770e-06	4.451470e-06
694           	8.257010e-06	4.386250e-06	1.371980e-06	4.392350e-06
695           	8.141950e-06	4.329550e-06	1.353530e-06	4.335390e-06
696           	8.029020e-06	4.272520e-06	1.335300e-06	4.277750e-06
697           	7.917730e-06	4.216200e-06	1.317390e-06	4.221810e-06
698           	7.808040e-06	4.162350e-06	1.299730e-06	4.167140e-06
699           	7.700610e-06	4.107390e-06	1.282340e-06	4.112580e-06
700           	7.594320e-06	4.053780e-06	1.265190e-06	4.058780e-06
701           	7.489390e-06	4.001660e-06	1.248340e-06	4.006910e-06
702           	7.386470e-06	3.948930e-06	1.231640e-06	3.954190e-06
703           	7.299920e-06	3.896980e-06	1.215220e-06	3.903000e-06
704           	7.200280e-06	3.891780e-06	1.201470e-06	3.894160e-06
705           	7.098430e-06	3.821530e-06	1.185760e-06	3.829910e-06
706           	6.997640e-06	3.757060e-06	1.169240e-06	3.764740e-06
707           	6.901380e-06	3.701090e-06	1.152580e-06	3.707790e-06
708           	6.806190e-06	3.650630e-06	1.136340e-06	3.656210e-06
709           	6.726570e-06	3.602430e-06	1.120600e-06	3.607760e-06
710           	6.634060e-06	3.597540e-06	1.107190e-06	3.597980e-06
711           	6.540050e-06	3.531630e-06	1.092510e-06	3.537810e-06
712           	6.446390e-06	3.472450e-06	1.077060e-06	3.477350e-06
713           	6.357860e-06	3.420270e-06	1.061650e-06	3.424300e-06
714           	6.282970e-06	3.373310e-06	1.046700e-06	3.376660e-06
715           	6.197070e-06	3.366390e-06	1.034110e-06	3.366520e-06
716           	6.107660e-06	3.307340e-06	1.020510e-06	3.312170e-06
717           	6.020920e-06	3.250190e-06	1.006200e-06	3.255290e-06
718           	5.949280e-06	3.201080e-06	9.917500e-07	3.205210e-06
719           	5.852380e-06	3.187570e-06	9.773900e-07	3.190200e-06
720           	5.765030e-06	3.129990e-06	9.644020e-07	3.136040e-06
721           	5.680640e-06	3.074110e-06	9.498980e-07	3.077540e-06
722           	5.597830e-06	3.020620e-06	9.332290e-07	3.022220e-06
723           	5.515990e-06	3.010610e-06	9.205720e-07	3.006650e-06
724           	5.435010e-06	2.953990e-06	9.072000e-07	2.951690e-06
725           	5.352130e-06	2.897420e-06	8.913730e-07	2.894940e-06
726           	5.273430e-06	2.883410e-06	8.787860e-07	2.875070e-06
727           	5.194110e-06	2.827160e-06	8.659350e-07	2.821780e-06
728           	5.115160e-06	2.772380e-06	8.508390e-07	2.766940e-06
729           	5.027090e-06	2.753170e-06	8.370590e-07	2.744870e-06
730           	4.937510e-06	2.695300e-06	8.231370e-07	2.690380e-06
731           	4.858610e-06	2.641140e-06	8.081730e-07	2.634120e-06
732           	4.774360e-06	2.619070e-06	7.935240e-07	2.604970e-06
733           	4.688170e-06	2.562190e-06	7.793570e-07	2.549550e-06
734           	4.612820e-06	2.510730e-06	7.645480e-07	2.494750e-06
735           	4.532620e-06	2.489260e-06	7.503840e-07	2.467260e-06
736           	4.459100e-06	2.436080e-06	7.371170e-07	2.416030e-06
737           	4.380200e-06	2.411390e-06	7.238150e-07	2.386760e-06
738           	4.302830e-06	2.355560e-06	7.111920e-07	2.333750e-06
739           	4.234520e-06	2.307330e-06	6.981740e-07	2.285590e-06
740           	4.162090e-06	2.289000e-06	6.858260e-07	2.263400e-06
741           	4.088800e-06	2.239270e-06	6.746340e-07	2.218130e-06
742           	4.026130e-06	2.195470e-06	6.630770e-07	2.174470e-06
743           	3.958860e-06	2.178860e-06	6.523120e-07	2.155510e-06
744           	3.892780e-06	2.133490e-06	6.426090e-07	2.114670e-06
745           	3.835410e-06	2.093630e-06	6.326170e-07	2.076440e-06
746           	3.774390e-06	2.080450e-06	6.234430e-07	2.061500e-06
747           	3.713440e-06	2.038850e-06	6.152900e-07	2.025380e-06
748           	3.661920e-06	2.003540e-06	6.067700e-07	1.991190e-06
749           	3.606600e-06	1.992490e-06	5.990690e-07	1.979550e-06
750           	3.551990e-06	1.955480e-06	5.921230e-07	1.947540e-06
751           	3.505550e-06	1.922740e-06	5.847110e-07	1.917270e-06
752           	3.455280e-06	1.915260e-06	5.780330e-07	1.908640e-06
753           	3.405050e-06	1.880580e-06	5.720280e-07	1.879570e-06
754           	3.356170e-06	1.851370e-06	5.653980e-07	1.851750e-06
755           	3.316900e-06	1.824610e-06	5.588450e-07	1.827040e-06
756           	3.272400e-06	1.820520e-06	5.532260e-07	1.822330e-06
757           	3.227770e-06	1.791400e-06	5.480850e-07	1.797990e-06
758           	3.183050e-06	1.764690e-06	5.421140e-07	1.772880e-06
759           	3.142500e-06	1.738580e-06	5.360910e-07	1.748480e-06
760           	3.101520e-06	1.718720e-06	5.304100e-07	1.729140e-06
761           	3.062260e-06	1.698300e-06	5.250010e-07	1.710590e-06
762           	3.023400e-06	1.678380e-06	5.195440e-07	1.691490e-06
763           	2.985800e-06	1.659080e-06	5.142890e-07	1.673360e-06
764           	2.948000e-06	1.641040e-06	5.090790e-07	1.655920e-06
765           	2.912000e-06	1.620610e-06	5.039600e-07	1.636900e-06
766           	2.875770e-06	1.603520e-06	4.988760e-07	1.619760e-06
767           	2.840360e-06	1.584930e-06	4.939440e-07	1.602290e-06
768           	2.805740e-06	1.566610e-06	4.889390e-07	1.584040e-06
769           	2.771490e-06	1.549060e-06	4.840560e-07	1.566850e-06
770           	2.737440e-06	1.532530e-06	4.791970e-07	1.550030e-06
771           	2.704590e-06	1.513680e-06	4.743590e-07	1.531770e-06
772           	2.671770e-06	1.498010e-06	4.695580e-07	1.515310e-06
773           	2.639210e-06	1.480880e-06	4.648610e-07	1.498610e-06
774           	2.607620e-06	1.463820e-06	4.600830e-07	1.481090e-06
775           	2.576010e-06	1.447680e-06	4.554350e-07	1.464840e-06
776           	2.544670e-06	1.432310e-06	4.508430e-07	1.448840e-06
777           	2.514220e-06	1.414680e-06	4.462410e-07	1.431590e-06
778           	2.483860e-06	1.400080e-06	4.416990e-07	1.415970e-06
779           	2.453440e-06	1.384110e-06	4.372370e-07	1.400160e-06
780           	2.424090e-06	1.367900e-06	4.327170e-07	1.383460e-06
781           	2.394640e-06	1.352730e-06	4.283080e-07	1.368060e-06
782           	2.365380e-06	1.338220e-06	4.239320e-07	1.352790e-06
783           	2.336840e-06	1.321440e-06	4.195270e-07	1.336320e-06
784           	2.308400e-06	1.307700e-06	4.151930e-07	1.321450e-06
785           	2.279770e-06	1.292620e-06	4.109330e-07	1.306380e-06
786           	2.252280e-06	1.277190e-06	4.066150e-07	1.290410e-06
787           	2.224610e-06	1.262880e-06	4.024220e-07	1.275780e-06
788           	2.197210e-06	1.249170e-06	3.982580e-07	1.261240e-06
789           	2.170480e-06	1.233220e-06	3.940720e-07	1.245520e-06
790           	2.143890e-06	1.220270e-06	3.899880e-07	1.231470e-06
791           	2.117160e-06	1.206090e-06	3.859820e-07	1.217160e-06
792           	2.091540e-06	1.191420e-06	3.819100e-07	1.202010e-06
793           	2.065620e-06	1.178030e-06	3.779850e-07	1.188230e-06
794           	2.039820e-06	1.165130e-06	3.740760e-07	1.174530e-06
795           	2.014710e-06	1.150090e-06	3.701480e-07	1.159630e-06
796           	1.989740e-06	1.137920e-06	3.663360e-07	1.146510e-06
797           	1.964460e-06	1.124700e-06	3.625750e-07	1.133030e-06
798           	1.940310e-06	1.110760e-06	3.587430e-07	1.118750e-06
799           	1.915810e-06	1.098330e-06	3.550690e-07	1.105830e-06
800           	1.891410e-06	1.086190e-06	3.513980e-07	1.092960e-06
801           	1.867740e-06	1.072070e-06	3.477070e-07	1.078850e-06
802           	1.844190e-06	1.060660e-06	3.441340e-07	1.066540e-06
803           	1.820280e-06	1.048360e-06	3.405960e-07	1.053820e-06
804           	1.797530e-06	1.035180e-06	3.369820e-07	1.040320e-06
805           	1.774490e-06	1.023650e-06	3.335380e-07	1.028150e-06
806           	1.751590e-06	1.012270e-06	3.300910e-07	1.016030e-06
807           	1.729400e-06	9.989570e-07	3.266080e-07	1.002640e-06
808           	1.707290e-06	9.882920e-07	3.232530e-07	9.910690e-07
