# Residuals   
# Time        	p             	Ux            	Uy            	Uz            
1             	1.000000e+00	1.573880e-01	1.000000e+00	1.160630e-01
2             	7.938720e-02	5.670780e-01	2.987260e-01	5.932200e-01
3             	2.724430e-02	4.101790e-01	1.443710e-01	4.335230e-01
4             	4.564250e-02	2.885620e-01	9.013540e-02	2.911680e-01
5             	1.623910e-01	2.507810e-01	6.968800e-02	2.462360e-01
6             	1.234170e-01	2.209490e-01	5.421340e-02	1.964560e-01
7             	9.876150e-02	1.789840e-01	4.530540e-02	1.625170e-01
8             	1.313070e-01	1.373810e-01	3.820200e-02	1.361280e-01
9             	7.050760e-02	1.097210e-01	3.085280e-02	1.090830e-01
10            	5.224260e-02	9.248710e-02	2.438880e-02	8.648830e-02
11            	4.140410e-02	7.945370e-02	2.029220e-02	7.460290e-02
12            	3.774860e-02	6.990610e-02	1.737850e-02	6.537200e-02
13            	3.587500e-02	6.128520e-02	1.549860e-02	5.660480e-02
14            	3.494050e-02	5.388700e-02	1.414800e-02	4.960850e-02
15            	3.548350e-02	4.868450e-02	1.313890e-02	4.513590e-02
16            	3.583690e-02	4.381120e-02	1.210310e-02	4.060870e-02
17            	3.630710e-02	3.964740e-02	1.100970e-02	3.641470e-02
18            	3.667460e-02	3.577900e-02	9.951730e-03	3.298480e-02
19            	3.665440e-02	3.181130e-02	9.004960e-03	2.997040e-02
20            	3.702530e-02	2.839170e-02	8.153120e-03	2.719920e-02
21            	3.815390e-02	2.561820e-02	7.382730e-03	2.461370e-02
22            	4.020340e-02	2.349220e-02	6.715990e-03	2.247810e-02
23            	4.298980e-02	2.171620e-02	6.193480e-03	2.073320e-02
24            	4.614940e-02	2.023890e-02	5.793600e-03	1.938380e-02
25            	4.821890e-02	1.894700e-02	5.461820e-03	1.834430e-02
26            	4.332970e-02	1.780530e-02	5.174110e-03	1.751200e-02
27            	3.942550e-02	1.682410e-02	4.903800e-03	1.677110e-02
28            	3.638240e-02	1.596360e-02	4.657360e-03	1.603400e-02
29            	3.394080e-02	1.508450e-02	4.420100e-03	1.528840e-02
30            	3.199230e-02	1.423650e-02	4.181400e-03	1.447920e-02
31            	3.023930e-02	1.345110e-02	3.973450e-03	1.369180e-02
32            	2.863870e-02	1.272790e-02	3.789010e-03	1.294950e-02
33            	2.713590e-02	1.207360e-02	3.624230e-03	1.232120e-02
34            	2.576020e-02	1.150520e-02	3.482900e-03	1.177360e-02
35            	2.455560e-02	1.095040e-02	3.358250e-03	1.129150e-02
36            	2.352540e-02	1.049690e-02	3.263100e-03	1.094530e-02
37            	2.261990e-02	1.006620e-02	3.174630e-03	1.065600e-02
38            	2.194960e-02	9.688520e-03	3.095470e-03	1.041920e-02
39            	2.131250e-02	9.371900e-03	3.021070e-03	1.021530e-02
40            	2.071250e-02	9.073370e-03	2.940910e-03	1.000970e-02
41            	2.008940e-02	8.787730e-03	2.850720e-03	9.772180e-03
42            	1.939870e-02	8.514230e-03	2.746040e-03	9.494390e-03
43            	1.866960e-02	8.233080e-03	2.638230e-03	9.181880e-03
44            	1.794700e-02	7.945410e-03	2.532310e-03	8.842270e-03
45            	1.723880e-02	7.665480e-03	2.430480e-03	8.502930e-03
46            	1.654980e-02	7.401870e-03	2.331980e-03	8.159530e-03
47            	1.586370e-02	7.148180e-03	2.235250e-03	7.815450e-03
48            	1.519120e-02	6.883760e-03	2.135680e-03	7.474950e-03
49            	1.453670e-02	6.615480e-03	2.035990e-03	7.139480e-03
50            	1.391850e-02	6.347490e-03	1.938370e-03	6.812010e-03
51            	1.332220e-02	6.083170e-03	1.842790e-03	6.498800e-03
52            	1.274450e-02	5.818320e-03	1.752360e-03	6.225950e-03
53            	1.219140e-02	5.567330e-03	1.667260e-03	5.987630e-03
54            	1.165550e-02	5.297700e-03	1.584950e-03	5.746980e-03
55            	1.113760e-02	5.031030e-03	1.510560e-03	5.512080e-03
56            	1.061970e-02	4.771110e-03	1.438430e-03	5.299640e-03
57            	1.010110e-02	4.565040e-03	1.371640e-03	5.108390e-03
58            	9.600350e-03	4.375370e-03	1.308560e-03	4.921820e-03
59            	9.113510e-03	4.195880e-03	1.249470e-03	4.728490e-03
60            	8.644600e-03	4.022930e-03	1.192200e-03	4.531810e-03
61            	8.247620e-03	3.875680e-03	1.142250e-03	4.332270e-03
62            	7.915060e-03	3.740810e-03	1.100930e-03	4.142880e-03
63            	7.633050e-03	3.625900e-03	1.062160e-03	3.979190e-03
64            	7.415700e-03	3.522040e-03	1.024420e-03	3.824350e-03
65            	7.198180e-03	3.471320e-03	9.891660e-04	3.711660e-03
66            	6.976390e-03	3.418650e-03	9.575050e-04	3.612190e-03
67            	6.744210e-03	3.360370e-03	9.278070e-04	3.514420e-03
68            	6.500730e-03	3.279930e-03	8.959320e-04	3.411350e-03
69            	6.253960e-03	3.188180e-03	8.637010e-04	3.281290e-03
70            	5.965770e-03	3.098760e-03	8.345030e-04	3.097620e-03
71            	5.666430e-03	3.024530e-03	8.033160e-04	2.930960e-03
72            	5.422330e-03	2.948210e-03	7.707810e-04	2.779860e-03
73            	5.221930e-03	2.871310e-03	7.380350e-04	2.650880e-03
74            	5.125570e-03	2.757340e-03	7.007810e-04	2.502930e-03
75            	5.076990e-03	2.662870e-03	6.660920e-04	2.382900e-03
76            	5.018180e-03	2.593790e-03	6.364680e-04	2.305080e-03
77            	4.921390e-03	2.538440e-03	6.165880e-04	2.290080e-03
78            	4.765630e-03	2.497430e-03	6.111350e-04	2.299740e-03
79            	4.570450e-03	2.488690e-03	6.124210e-04	2.314710e-03
80            	4.340090e-03	2.548080e-03	6.197250e-04	2.347070e-03
81            	4.076230e-03	2.600180e-03	6.303830e-04	2.333460e-03
82            	3.855350e-03	2.661040e-03	6.427410e-04	2.306610e-03
83            	3.789350e-03	2.722130e-03	6.503340e-04	2.281510e-03
84            	3.890890e-03	2.765390e-03	6.482720e-04	2.258680e-03
85            	4.091240e-03	2.787090e-03	6.371920e-04	2.228570e-03
86            	4.285540e-03	2.797200e-03	6.282690e-04	2.200450e-03
87            	4.427250e-03	2.780890e-03	6.297650e-04	2.212270e-03
88            	4.517500e-03	2.788690e-03	6.378240e-04	2.305170e-03
89            	4.600580e-03	2.832950e-03	6.542360e-04	2.402190e-03
90            	4.648440e-03	2.876300e-03	6.773960e-04	2.473990e-03
91            	4.595480e-03	2.939400e-03	6.973640e-04	2.528930e-03
92            	4.473980e-03	2.978550e-03	7.036380e-04	2.519740e-03
93            	4.289570e-03	2.986260e-03	7.067440e-04	2.469520e-03
94            	4.106050e-03	2.986140e-03	7.094960e-04	2.414180e-03
95            	4.070610e-03	2.975230e-03	7.008800e-04	2.338860e-03
96            	4.239310e-03	2.942530e-03	6.788480e-04	2.256180e-03
97            	4.405520e-03	2.912560e-03	6.602500e-04	2.192530e-03
98            	4.502360e-03	2.869340e-03	6.449370e-04	2.198660e-03
99            	4.558390e-03	2.871050e-03	6.376360e-04	2.274420e-03
100           	4.537540e-03	2.922820e-03	6.465840e-04	2.375800e-03
101           	4.466990e-03	3.012380e-03	6.627120e-04	2.469760e-03
102           	4.303250e-03	3.098810e-03	6.834380e-04	2.496570e-03
103           	4.089870e-03	3.162820e-03	7.069530e-04	2.503180e-03
104           	3.891620e-03	3.209480e-03	7.350530e-04	2.516340e-03
105           	3.844180e-03	3.275000e-03	7.525230e-04	2.525760e-03
106           	4.060620e-03	3.320460e-03	7.522130e-04	2.528480e-03
107           	4.349420e-03	3.326620e-03	7.410020e-04	2.491360e-03
108           	4.592830e-03	3.283000e-03	7.328970e-04	2.465270e-03
109           	4.767360e-03	3.242570e-03	7.363780e-04	2.505470e-03
110           	4.950300e-03	3.223560e-03	7.483590e-04	2.585350e-03
111           	5.054030e-03	3.319890e-03	7.715150e-04	2.724570e-03
112           	5.123350e-03	3.450530e-03	7.975230e-04	2.828030e-03
113           	5.015990e-03	3.548460e-03	8.172750e-04	2.869040e-03
114           	4.821460e-03	3.628260e-03	8.372570e-04	2.895740e-03
115           	4.614720e-03	3.679650e-03	8.649410e-04	2.895360e-03
116           	4.555280e-03	3.688270e-03	8.753530e-04	2.827630e-03
117           	4.811270e-03	3.680920e-03	8.601640e-04	2.744270e-03
118           	5.083530e-03	3.623180e-03	8.298070e-04	2.656170e-03
119           	5.288680e-03	3.547680e-03	8.069840e-04	2.631630e-03
120           	5.447490e-03	3.511770e-03	7.961910e-04	2.683190e-03
121           	5.527580e-03	3.556980e-03	8.036250e-04	2.808120e-03
122           	5.560510e-03	3.680190e-03	8.264490e-04	2.960400e-03
123           	5.554600e-03	3.824950e-03	8.530720e-04	3.080220e-03
124           	5.429470e-03	3.944170e-03	8.792420e-04	3.116630e-03
125           	5.215260e-03	4.034710e-03	9.148790e-04	3.152290e-03
126           	5.045580e-03	4.096850e-03	9.500980e-04	3.196520e-03
127           	5.089820e-03	4.179160e-03	9.624590e-04	3.213490e-03
128           	5.346290e-03	4.217410e-03	9.554370e-04	3.219260e-03
129           	5.617580e-03	4.181940e-03	9.371700e-04	3.175530e-03
130           	5.858290e-03	4.118630e-03	9.338010e-04	3.156910e-03
131           	6.062250e-03	4.088040e-03	9.437900e-04	3.229580e-03
132           	6.252080e-03	4.119590e-03	9.562510e-04	3.288700e-03
133           	6.379950e-03	4.292570e-03	9.803950e-04	3.428720e-03
134           	6.359330e-03	4.458940e-03	1.008200e-03	3.512790e-03
135           	6.174690e-03	4.599700e-03	1.028080e-03	3.574510e-03
136           	5.957510e-03	4.678260e-03	1.062710e-03	3.644870e-03
137           	5.785090e-03	4.681230e-03	1.101130e-03	3.624590e-03
138           	5.954040e-03	4.671700e-03	1.098150e-03	3.546460e-03
139           	6.243570e-03	4.603480e-03	1.064730e-03	3.421210e-03
140           	6.469200e-03	4.502240e-03	1.028900e-03	3.344090e-03
141           	6.633500e-03	4.429750e-03	1.004180e-03	3.335160e-03
142           	6.772100e-03	4.430890e-03	9.981600e-04	3.420750e-03
143           	6.853150e-03	4.533680e-03	1.017720e-03	3.551450e-03
144           	6.902860e-03	4.702500e-03	1.047670e-03	3.701630e-03
145           	6.871820e-03	4.874710e-03	1.077480e-03	3.797440e-03
146           	6.726260e-03	5.001660e-03	1.115190e-03	3.878480e-03
147           	6.500610e-03	5.116190e-03	1.166690e-03	3.958750e-03
148           	6.441300e-03	5.187950e-03	1.205710e-03	4.028780e-03
149           	6.559130e-03	5.261250e-03	1.212520e-03	4.063030e-03
150           	6.819470e-03	5.252660e-03	1.194940e-03	4.065750e-03
151           	7.065320e-03	5.179150e-03	1.177210e-03	4.014830e-03
152           	7.328580e-03	5.133970e-03	1.183640e-03	4.015080e-03
153           	7.584470e-03	5.161840e-03	1.196570e-03	4.098000e-03
154           	7.765080e-03	5.296850e-03	1.210350e-03	4.179780e-03
155           	7.865010e-03	5.486100e-03	1.233450e-03	4.276460e-03
156           	7.765580e-03	5.676300e-03	1.256980e-03	4.344040e-03
157           	7.550580e-03	5.812450e-03	1.288150e-03	4.449080e-03
158           	7.306110e-03	5.832870e-03	1.337700e-03	4.521650e-03
159           	7.332950e-03	5.818010e-03	1.362940e-03	4.478870e-03
160           	7.576370e-03	5.712780e-03	1.334400e-03	4.341290e-03
161           	7.804120e-03	5.569530e-03	1.283540e-03	4.193430e-03
162           	7.968540e-03	5.451000e-03	1.241410e-03	4.118260e-03
163           	8.072150e-03	5.443300e-03	1.222840e-03	4.128790e-03
164           	8.173170e-03	5.493880e-03	1.227300e-03	4.223530e-03
165           	8.246570e-03	5.628850e-03	1.254260e-03	4.368610e-03
166           	8.289620e-03	5.806810e-03	1.283620e-03	4.505830e-03
167           	8.202110e-03	5.972760e-03	1.320060e-03	4.608380e-03
168           	8.033250e-03	6.115930e-03	1.370840e-03	4.729300e-03
169           	7.818990e-03	6.227710e-03	1.431790e-03	4.836690e-03
170           	7.846900e-03	6.313480e-03	1.466270e-03	4.932230e-03
171           	8.032570e-03	6.342210e-03	1.464250e-03	5.004420e-03
172           	8.274150e-03	6.260390e-03	1.441360e-03	4.974830e-03
173           	8.533580e-03	6.190560e-03	1.432770e-03	4.905180e-03
174           	8.779490e-03	6.178070e-03	1.445030e-03	4.931200e-03
175           	9.022300e-03	6.241970e-03	1.451990e-03	4.940950e-03
176           	9.182330e-03	6.450420e-03	1.465190e-03	5.049650e-03
177           	9.257790e-03	6.680770e-03	1.487320e-03	5.131590e-03
178           	9.087960e-03	6.863500e-03	1.509490e-03	5.219930e-03
179           	8.841960e-03	6.929470e-03	1.550690e-03	5.341290e-03
180           	8.726750e-03	6.927550e-03	1.595000e-03	5.386400e-03
181           	8.827480e-03	6.816380e-03	1.590550e-03	5.278310e-03
182           	9.008490e-03	6.632600e-03	1.535020e-03	5.075430e-03
183           	9.159070e-03	6.437900e-03	1.469430e-03	4.902580e-03
184           	9.236000e-03	6.331230e-03	1.425190e-03	4.800070e-03
185           	9.270460e-03	6.369550e-03	1.417460e-03	4.808370e-03
186           	9.348550e-03	6.449180e-03	1.430270e-03	4.923010e-03
187           	9.411500e-03	6.582780e-03	1.457560e-03	5.071290e-03
188           	9.370710e-03	6.751620e-03	1.482080e-03	5.210700e-03
189           	9.236220e-03	6.900270e-03	1.523170e-03	5.323930e-03
190           	8.968180e-03	7.030050e-03	1.587600e-03	5.482010e-03
191           	8.817730e-03	7.125330e-03	1.651040e-03	5.626890e-03
192           	8.910720e-03	7.180210e-03	1.672300e-03	5.759250e-03
193           	9.100590e-03	7.132000e-03	1.662840e-03	5.792970e-03
194           	9.336620e-03	7.017480e-03	1.635110e-03	5.713930e-03
195           	9.593460e-03	6.949280e-03	1.634590e-03	5.645360e-03
196           	9.806670e-03	6.969810e-03	1.638510e-03	5.645100e-03
197           	1.000620e-02	7.027440e-03	1.638410e-03	5.621570e-03
198           	1.014450e-02	7.262040e-03	1.645070e-03	5.678110e-03
199           	1.006410e-02	7.471930e-03	1.658940e-03	5.743460e-03
200           	9.805860e-03	7.600470e-03	1.670440e-03	5.871110e-03
201           	9.537700e-03	7.625730e-03	1.703520e-03	5.962800e-03
202           	9.485170e-03	7.512600e-03	1.712330e-03	5.882070e-03
203           	9.577850e-03	7.306140e-03	1.674210e-03	5.675970e-03
204           	9.638260e-03	7.028720e-03	1.595940e-03	5.416880e-03
205           	9.669900e-03	6.776600e-03	1.519780e-03	5.183750e-03
206           	9.630470e-03	6.669930e-03	1.483540e-03	5.041260e-03
207           	9.592150e-03	6.699280e-03	1.481770e-03	5.051030e-03
208           	9.600910e-03	6.762530e-03	1.493680e-03	5.157140e-03
209           	9.587060e-03	6.896160e-03	1.514650e-03	5.282760e-03
210           	9.385860e-03	7.045280e-03	1.537950e-03	5.366100e-03
211           	9.187980e-03	7.171320e-03	1.577610e-03	5.509490e-03
212           	8.933380e-03	7.252810e-03	1.641170e-03	5.673660e-03
213           	8.912400e-03	7.303250e-03	1.685630e-03	5.849470e-03
214           	9.024860e-03	7.267420e-03	1.692370e-03	5.930780e-03
215           	9.174420e-03	7.147770e-03	1.670990e-03	5.899610e-03
216           	9.375580e-03	6.972870e-03	1.639230e-03	5.778580e-03
217           	9.568900e-03	6.875720e-03	1.625620e-03	5.689810e-03
218           	9.685250e-03	6.889550e-03	1.616360e-03	5.659260e-03
219           	9.803510e-03	6.901790e-03	1.597800e-03	5.562630e-03
220           	9.749370e-03	7.096540e-03	1.593910e-03	5.569110e-03
221           	9.458020e-03	7.232590e-03	1.591040e-03	5.594510e-03
222           	9.096810e-03	7.284530e-03	1.584560e-03	5.652620e-03
223           	8.873380e-03	7.246600e-03	1.588340e-03	5.614610e-03
224           	8.848290e-03	7.055850e-03	1.569990e-03	5.445870e-03
225           	8.889790e-03	6.745530e-03	1.508120e-03	5.175250e-03
226           	8.822070e-03	6.390070e-03	1.413230e-03	4.884130e-03
227           	8.720100e-03	6.080500e-03	1.323380e-03	4.627970e-03
228           	8.537830e-03	5.915850e-03	1.280020e-03	4.465670e-03
229           	8.321440e-03	5.868480e-03	1.268960e-03	4.424930e-03
230           	8.117350e-03	5.875800e-03	1.270330e-03	4.462560e-03
231           	7.928020e-03	5.925930e-03	1.281480e-03	4.505090e-03
232           	7.655730e-03	6.010580e-03	1.305370e-03	4.527890e-03
233           	7.462930e-03	6.089660e-03	1.342250e-03	4.598320e-03
234           	7.369980e-03	6.138740e-03	1.385150e-03	4.707740e-03
235           	7.517950e-03	6.142110e-03	1.405500e-03	4.835850e-03
236           	7.684250e-03	6.066440e-03	1.393520e-03	4.867850e-03
237           	7.793400e-03	5.894930e-03	1.362830e-03	4.797530e-03
238           	7.795440e-03	5.678880e-03	1.324820e-03	4.679370e-03
239           	7.797370e-03	5.471000e-03	1.286070e-03	4.536720e-03
240           	7.787580e-03	5.383030e-03	1.252080e-03	4.461610e-03
241           	7.669910e-03	5.421160e-03	1.224260e-03	4.415010e-03
242           	7.461550e-03	5.491320e-03	1.207970e-03	4.316430e-03
243           	7.149780e-03	5.532940e-03	1.189180e-03	4.244830e-03
244           	6.820210e-03	5.526670e-03	1.176140e-03	4.191630e-03
245           	6.684780e-03	5.486510e-03	1.172000e-03	4.111510e-03
246           	6.760180e-03	5.345820e-03	1.138470e-03	3.956950e-03
247           	6.786130e-03	5.094670e-03	1.076630e-03	3.734900e-03
248           	6.697500e-03	4.751500e-03	9.961850e-04	3.498490e-03
249           	6.491610e-03	4.381080e-03	9.113590e-04	3.292040e-03
250           	6.187140e-03	4.116540e-03	8.396890e-04	3.122080e-03
251           	5.817130e-03	3.989670e-03	8.048150e-04	3.026820e-03
252           	5.460270e-03	3.916800e-03	7.961000e-04	2.967190e-03
253           	5.179290e-03	3.869610e-03	8.059870e-04	2.920570e-03
254           	4.916090e-03	3.862710e-03	8.323410e-04	2.875720e-03
255           	4.756530e-03	3.915490e-03	8.706490e-04	2.889520e-03
256           	4.808010e-03	4.000280e-03	9.042530e-04	2.948080e-03
257           	5.012320e-03	4.047940e-03	9.155960e-04	3.021620e-03
258           	5.160080e-03	4.028600e-03	9.006320e-04	3.048250e-03
259           	5.204700e-03	3.897470e-03	8.680240e-04	3.009950e-03
260           	5.154250e-03	3.643800e-03	8.274370e-04	2.900330e-03
261           	5.051120e-03	3.411440e-03	7.845170e-04	2.800170e-03
262           	4.910680e-03	3.240990e-03	7.403670e-04	2.711340e-03
263           	4.751860e-03	3.139770e-03	7.088700e-04	2.624100e-03
264           	4.558860e-03	3.127520e-03	6.895480e-04	2.554840e-03
265           	4.343020e-03	3.123350e-03	6.738660e-04	2.475860e-03
266           	4.125320e-03	3.115570e-03	6.631350e-04	2.411830e-03
267           	3.940620e-03	3.099880e-03	6.594290e-04	2.346180e-03
268           	3.947070e-03	3.079840e-03	6.497980e-04	2.264230e-03
269           	4.020640e-03	3.000130e-03	6.214390e-04	2.158980e-03
270           	4.029390e-03	2.823830e-03	5.763200e-04	2.027600e-03
271           	3.928640e-03	2.613650e-03	5.263270e-04	1.893990e-03
272           	3.775380e-03	2.388040e-03	4.748790e-04	1.793630e-03
273           	3.558990e-03	2.173620e-03	4.293070e-04	1.682130e-03
274           	3.308250e-03	2.025880e-03	3.963680e-04	1.603520e-03
275           	3.067470e-03	1.932450e-03	3.824450e-04	1.535050e-03
276           	2.852310e-03	1.886460e-03	3.880680e-04	1.486370e-03
277           	2.676290e-03	1.869310e-03	4.074140e-04	1.458030e-03
278           	2.582570e-03	1.897040e-03	4.346800e-04	1.462680e-03
279           	2.547920e-03	1.946460e-03	4.551690e-04	1.478160e-03
280           	2.626640e-03	1.992150e-03	4.633450e-04	1.498250e-03
281           	2.717270e-03	2.010560e-03	4.572220e-04	1.499290e-03
282           	2.758780e-03	1.980970e-03	4.411590e-04	1.487240e-03
283           	2.752860e-03	1.878050e-03	4.177670e-04	1.437020e-03
284           	2.698520e-03	1.747760e-03	3.919330e-04	1.379630e-03
285           	2.608980e-03	1.612570e-03	3.667750e-04	1.324130e-03
286           	2.502700e-03	1.499310e-03	3.431710e-04	1.271300e-03
287           	2.382270e-03	1.428270e-03	3.255570e-04	1.220260e-03
288           	2.259950e-03	1.387720e-03	3.154780e-04	1.173680e-03
289           	2.146510e-03	1.374960e-03	3.102180e-04	1.147840e-03
290           	2.034730e-03	1.367940e-03	3.056150e-04	1.130610e-03
291           	1.943570e-03	1.354360e-03	3.021620e-04	1.106510e-03
292           	1.921480e-03	1.338190e-03	2.970590e-04	1.075000e-03
293           	1.943210e-03	1.308390e-03	2.873680e-04	1.035930e-03
294           	1.955330e-03	1.251720e-03	2.737530e-04	9.834500e-04
295           	1.937080e-03	1.186730e-03	2.573280e-04	9.289020e-04
296           	1.894280e-03	1.115710e-03	2.387320e-04	8.801510e-04
297           	1.834260e-03	1.039940e-03	2.211700e-04	8.380540e-04
298           	1.755160e-03	9.595660e-04	2.075760e-04	7.974120e-04
299           	1.674130e-03	8.918780e-04	1.991620e-04	7.614450e-04
300           	1.592610e-03	8.536760e-04	1.951860e-04	7.373110e-04
301           	1.512980e-03	8.330090e-04	1.954060e-04	7.163960e-04
302           	1.441460e-03	8.281540e-04	1.987130e-04	7.054630e-04
303           	1.386330e-03	8.334390e-04	2.035670e-04	7.035070e-04
304           	1.354530e-03	8.444920e-04	2.077830e-04	7.048320e-04
305           	1.354200e-03	8.547310e-04	2.097290e-04	7.049130e-04
306           	1.360280e-03	8.580420e-04	2.090540e-04	7.007160e-04
307           	1.368100e-03	8.507190e-04	2.053870e-04	6.918670e-04
308           	1.366840e-03	8.308690e-04	1.995760e-04	6.784560e-04
309           	1.355140e-03	7.990110e-04	1.920650e-04	6.602670e-04
310           	1.331350e-03	7.572220e-04	1.838680e-04	6.390360e-04
311           	1.297170e-03	7.130400e-04	1.753050e-04	6.164910e-04
312           	1.253530e-03	6.751810e-04	1.675600e-04	5.951290e-04
313           	1.204880e-03	6.462970e-04	1.612930e-04	5.748020e-04
314           	1.154130e-03	6.255510e-04	1.568780e-04	5.564990e-04
315           	1.106220e-03	6.111180e-04	1.535840e-04	5.429910e-04
316           	1.065580e-03	6.016950e-04	1.507590e-04	5.345090e-04
317           	1.034340e-03	5.957440e-04	1.484820e-04	5.286970e-04
318           	1.015640e-03	5.897050e-04	1.463440e-04	5.223770e-04
319           	1.007460e-03	5.825520e-04	1.442340e-04	5.150540e-04
320           	1.002430e-03	5.740220e-04	1.417300e-04	5.063480e-04
321           	9.996770e-04	5.630640e-04	1.388900e-04	4.968010e-04
322           	9.949590e-04	5.487900e-04	1.358320e-04	4.867360e-04
323           	9.862130e-04	5.318340e-04	1.327780e-04	4.763050e-04
324           	9.717560e-04	5.132630e-04	1.299510e-04	4.654250e-04
325           	9.522230e-04	4.953960e-04	1.275040e-04	4.549000e-04
326           	9.295460e-04	4.805800e-04	1.257090e-04	4.448990e-04
327           	9.058750e-04	4.691620e-04	1.245270e-04	4.356660e-04
328           	8.813310e-04	4.608010e-04	1.239160e-04	4.280440e-04
329           	8.578810e-04	4.550330e-04	1.234990e-04	4.229570e-04
330           	8.371540e-04	4.508460e-04	1.230440e-04	4.193190e-04
331           	8.202370e-04	4.476510e-04	1.224750e-04	4.167650e-04
332           	8.066130e-04	4.446200e-04	1.218150e-04	4.142820e-04
333           	7.959320e-04	4.412450e-04	1.209300e-04	4.111010e-04
334           	7.863530e-04	4.365450e-04	1.197590e-04	4.072750e-04
335           	7.769950e-04	4.303120e-04	1.182730e-04	4.027480e-04
336           	7.675840e-04	4.224770e-04	1.164960e-04	3.972690e-04
337           	7.572760e-04	4.134790e-04	1.145270e-04	3.911620e-04
338           	7.456240e-04	4.037700e-04	1.124640e-04	3.846810e-04
339           	7.326050e-04	3.937340e-04	1.103930e-04	3.781080e-04
340           	7.182730e-04	3.841400e-04	1.083860e-04	3.714590e-04
341           	7.033160e-04	3.757140e-04	1.064570e-04	3.651850e-04
342           	6.879460e-04	3.682190e-04	1.047140e-04	3.593610e-04
343           	6.734090e-04	3.617190e-04	1.030780e-04	3.540270e-04
344           	6.607360e-04	3.558840e-04	1.015760e-04	3.490270e-04
345           	6.495300e-04	3.506430e-04	1.001400e-04	3.444420e-04
346           	6.389680e-04	3.456030e-04	9.877190e-05	3.400080e-04
347           	6.292180e-04	3.406920e-04	9.743540e-05	3.357260e-04
348           	6.203940e-04	3.358480e-04	9.616050e-05	3.312420e-04
349           	6.125220e-04	3.306850e-04	9.491860e-05	3.266320e-04
350           	6.046370e-04	3.251230e-04	9.372480e-05	3.219440e-04
351           	5.962900e-04	3.195120e-04	9.254780e-05	3.171800e-04
352           	5.875240e-04	3.135220e-04	9.140450e-05	3.122830e-04
353           	5.785010e-04	3.082540e-04	9.026130e-05	3.074910e-04
354           	5.692030e-04	3.032280e-04	8.915200e-05	3.028770e-04
355           	5.598670e-04	2.983650e-04	8.811340e-05	2.983810e-04
356           	5.506410e-04	2.940960e-04	8.711020e-05	2.941990e-04
357           	5.417010e-04	2.898340e-04	8.610990e-05	2.902540e-04
358           	5.330690e-04	2.862560e-04	8.512000e-05	2.866360e-04
359           	5.248430e-04	2.826550e-04	8.411260e-05	2.830380e-04
360           	5.169530e-04	2.792630e-04	8.310200e-05	2.794940e-04
361           	5.094890e-04	2.759440e-04	8.207410e-05	2.760570e-04
362           	5.023400e-04	2.725930e-04	8.101840e-05	2.727390e-04
363           	4.952480e-04	2.687100e-04	7.993830e-05	2.693450e-04
364           	4.882720e-04	2.648430e-04	7.885530e-05	2.658930e-04
365           	4.814580e-04	2.608810e-04	7.776180e-05	2.623560e-04
366           	4.747300e-04	2.569750e-04	7.666670e-05	2.588450e-04
367           	4.680780e-04	2.526980e-04	7.556220e-05	2.552700e-04
368           	4.614150e-04	2.485440e-04	7.447380e-05	2.517120e-04
369           	4.546760e-04	2.446270e-04	7.338910e-05	2.482730e-04
370           	4.479460e-04	2.405030e-04	7.231240e-05	2.448430e-04
371           	4.413050e-04	2.366130e-04	7.125730e-05	2.413870e-04
372           	4.347340e-04	2.328500e-04	7.023660e-05	2.378420e-04
373           	4.282310e-04	2.292130e-04	6.923210e-05	2.345520e-04
374           	4.218170e-04	2.257030e-04	6.825010e-05	2.313520e-04
375           	4.155470e-04	2.223190e-04	6.729450e-05	2.281580e-04
376           	4.094270e-04	2.191020e-04	6.637230e-05	2.250040e-04
377           	4.034800e-04	2.159800e-04	6.547690e-05	2.220190e-04
378           	3.977040e-04	2.129750e-04	6.459370e-05	2.190850e-04
379           	3.920810e-04	2.100630e-04	6.373370e-05	2.162560e-04
380           	3.865870e-04	2.072710e-04	6.289190e-05	2.134990e-04
381           	3.812110e-04	2.045510e-04	6.206770e-05	2.107760e-04
382           	3.759550e-04	2.019470e-04	6.125110e-05	2.082020e-04
383           	3.708270e-04	1.994030e-04	6.044100e-05	2.057050e-04
384           	3.658030e-04	1.969540e-04	5.963920e-05	2.032640e-04
385           	3.608800e-04	1.946030e-04	5.884440e-05	2.008900e-04
386           	3.560700e-04	1.922340e-04	5.805610e-05	1.985310e-04
387           	3.513390e-04	1.899310e-04	5.727160e-05	1.962160e-04
388           	3.473440e-04	1.877030e-04	5.649070e-05	1.939140e-04
389           	3.421790e-04	1.854860e-04	5.573550e-05	1.909100e-04
390           	3.381400e-04	1.833750e-04	5.495870e-05	1.890500e-04
391           	3.337460e-04	1.812400e-04	5.423240e-05	1.863890e-04
392           	3.293730e-04	1.790960e-04	5.349970e-05	1.840540e-04
393           	3.251160e-04	1.769780e-04	5.277930e-05	1.818020e-04
394           	3.209100e-04	1.748060e-04	5.206890e-05	1.796360e-04
395           	3.167370e-04	1.725800e-04	5.136540e-05	1.774760e-04
396           	3.126100e-04	1.703800e-04	5.066230e-05	1.753700e-04
397           	3.085330e-04	1.681670e-04	4.997200e-05	1.732450e-04
398           	3.045180e-04	1.660020e-04	4.929360e-05	1.711290e-04
399           	3.005850e-04	1.638510e-04	4.862490e-05	1.690530e-04
400           	2.967370e-04	1.617760e-04	4.796730e-05	1.670360e-04
401           	2.929790e-04	1.597490e-04	4.732170e-05	1.650390e-04
402           	2.892600e-04	1.577570e-04	4.668300e-05	1.630290e-04
403           	2.855880e-04	1.558220e-04	4.605870e-05	1.610940e-04
404           	2.819960e-04	1.539330e-04	4.544640e-05	1.592220e-04
405           	2.784510e-04	1.520800e-04	4.484420e-05	1.573990e-04
406           	2.749740e-04	1.502940e-04	4.424910e-05	1.556060e-04
407           	2.715510e-04	1.485730e-04	4.366750e-05	1.538230e-04
408           	2.682060e-04	1.469080e-04	4.309280e-05	1.520800e-04
409           	2.649350e-04	1.452470e-04	4.252470e-05	1.503330e-04
410           	2.617240e-04	1.436170e-04	4.196810e-05	1.486570e-04
411           	2.585780e-04	1.419920e-04	4.141940e-05	1.470610e-04
412           	2.554980e-04	1.403770e-04	4.088080e-05	1.454720e-04
413           	2.524610e-04	1.387950e-04	4.035110e-05	1.439070e-04
414           	2.494670e-04	1.372400e-04	3.983160e-05	1.423670e-04
415           	2.464950e-04	1.357090e-04	3.931430e-05	1.408370e-04
416           	2.435520e-04	1.341920e-04	3.880350e-05	1.393020e-04
417           	2.406370e-04	1.326800e-04	3.829820e-05	1.377530e-04
418           	2.377460e-04	1.311670e-04	3.779980e-05	1.362600e-04
419           	2.348940e-04	1.296590e-04	3.730610e-05	1.347590e-04
420           	2.320950e-04	1.281830e-04	3.681730e-05	1.332720e-04
421           	2.293520e-04	1.267200e-04	3.633380e-05	1.318070e-04
422           	2.266390e-04	1.252740e-04	3.585570e-05	1.303680e-04
423           	2.239620e-04	1.238380e-04	3.538210e-05	1.289340e-04
424           	2.213150e-04	1.224230e-04	3.491420e-05	1.275080e-04
425           	2.186930e-04	1.209940e-04	3.445360e-05	1.260990e-04
426           	2.161050e-04	1.196160e-04	3.400260e-05	1.247820e-04
427           	2.135470e-04	1.182300e-04	3.356400e-05	1.234190e-04
428           	2.112140e-04	1.171960e-04	3.314980e-05	1.221210e-04
429           	2.086400e-04	1.159590e-04	3.273760e-05	1.209480e-04
430           	2.061790e-04	1.144630e-04	3.229730e-05	1.195520e-04
431           	2.037370e-04	1.130660e-04	3.187870e-05	1.181800e-04
432           	2.013200e-04	1.117740e-04	3.147350e-05	1.168830e-04
433           	1.991710e-04	1.105190e-04	3.107730e-05	1.156030e-04
434           	1.965460e-04	1.088260e-04	3.070410e-05	1.143290e-04
435           	1.942070e-04	1.077660e-04	3.031250e-05	1.132230e-04
436           	1.921770e-04	1.067020e-04	2.993050e-05	1.120620e-04
437           	1.897090e-04	1.051480e-04	2.956450e-05	1.108170e-04
438           	1.877380e-04	1.041890e-04	2.918760e-05	1.097250e-04
439           	1.856160e-04	1.027330e-04	2.883050e-05	1.085450e-04
440           	1.833010e-04	1.014190e-04	2.847370e-05	1.074380e-04
441           	1.814470e-04	1.006210e-04	2.810630e-05	1.063730e-04
442           	1.793950e-04	9.931850e-05	2.775810e-05	1.051920e-04
443           	1.773200e-04	9.810250e-05	2.741220e-05	1.040940e-04
444           	1.752900e-04	9.694540e-05	2.707360e-05	1.030390e-04
445           	1.732970e-04	9.583670e-05	2.673600e-05	1.019680e-04
446           	1.713360e-04	9.477300e-05	2.640500e-05	1.009270e-04
447           	1.698110e-04	9.372910e-05	2.607950e-05	9.989530e-05
448           	1.678570e-04	9.365790e-05	2.582110e-05	9.969630e-05
449           	1.659020e-04	9.225800e-05	2.549950e-05	9.841220e-05
450           	1.643660e-04	9.098550e-05	2.518330e-05	9.711220e-05
451           	1.624640e-04	9.077920e-05	2.492280e-05	9.676050e-05
452           	1.609230e-04	8.937330e-05	2.460590e-05	9.547970e-05
453           	1.592540e-04	8.900040e-05	2.434630e-05	9.497400e-05
454           	1.576440e-04	8.764900e-05	2.405970e-05	9.339960e-05
455           	1.559520e-04	8.728990e-05	2.378600e-05	9.292150e-05
456           	1.545390e-04	8.596470e-05	2.349530e-05	9.139490e-05
457           	1.529740e-04	8.565510e-05	2.324850e-05	9.076080e-05
458           	1.511920e-04	8.501620e-05	2.296490e-05	9.028330e-05
459           	1.497110e-04	8.340250e-05	2.266350e-05	8.862670e-05
460           	1.482910e-04	8.291300e-05	2.240740e-05	8.789790e-05
461           	1.468450e-04	8.233350e-05	2.214770e-05	8.716170e-05
462           	1.453510e-04	8.160620e-05	2.188640e-05	8.634080e-05
463           	1.438440e-04	8.077430e-05	2.161810e-05	8.541920e-05
464           	1.423330e-04	7.989200e-05	2.134430e-05	8.445910e-05
465           	1.408110e-04	7.898910e-05	2.106740e-05	8.348900e-05
466           	1.389940e-04	7.808380e-05	2.078890e-05	8.252210e-05
467           	1.374930e-04	7.644040e-05	2.047000e-05	8.091020e-05
468           	1.360380e-04	7.583130e-05	2.019740e-05	8.011620e-05
469           	1.345610e-04	7.516270e-05	1.992800e-05	7.933820e-05
470           	1.330540e-04	7.438070e-05	1.966320e-05	7.846120e-05
471           	1.315520e-04	7.354890e-05	1.939970e-05	7.753270e-05
472           	1.300610e-04	7.269950e-05	1.914000e-05	7.660530e-05
473           	1.285560e-04	7.186490e-05	1.888530e-05	7.567970e-05
474           	1.270630e-04	7.104560e-05	1.863790e-05	7.477810e-05
475           	1.255690e-04	7.023650e-05	1.839340e-05	7.388370e-05
476           	1.240790e-04	6.941420e-05	1.815270e-05	7.299250e-05
477           	1.225900e-04	6.859520e-05	1.791330e-05	7.209810e-05
478           	1.210990e-04	6.777170e-05	1.767740e-05	7.122520e-05
479           	1.196190e-04	6.693800e-05	1.744390e-05	7.033370e-05
480           	1.181490e-04	6.612240e-05	1.721560e-05	6.947320e-05
481           	1.166800e-04	6.529850e-05	1.699020e-05	6.862450e-05
482           	1.152180e-04	6.446470e-05	1.676970e-05	6.778220e-05
483           	1.137660e-04	6.366480e-05	1.655390e-05	6.694010e-05
484           	1.123290e-04	6.283540e-05	1.634160e-05	6.609490e-05
485           	1.109030e-04	6.203980e-05	1.613190e-05	6.526420e-05
486           	1.094830e-04	6.122850e-05	1.592570e-05	6.445390e-05
487           	1.080700e-04	6.043050e-05	1.572090e-05	6.363460e-05
488           	1.066750e-04	5.963210e-05	1.551850e-05	6.283020e-05
489           	1.050640e-04	5.886140e-05	1.531540e-05	6.201930e-05
490           	1.037070e-04	5.755400e-05	1.508110e-05	6.074770e-05
491           	1.023780e-04	5.701900e-05	1.488690e-05	6.007990e-05
492           	1.010440e-04	5.642240e-05	1.469760e-05	5.945240e-05
493           	9.970710e-05	5.575810e-05	1.450780e-05	5.876110e-05
494           	9.818140e-05	5.507170e-05	1.432070e-05	5.802940e-05
495           	9.690560e-05	5.388050e-05	1.410370e-05	5.684070e-05
496           	9.567080e-05	5.339720e-05	1.392810e-05	5.624390e-05
497           	9.443460e-05	5.285960e-05	1.375530e-05	5.567610e-05
498           	9.299000e-05	5.225960e-05	1.358290e-05	5.504470e-05
499           	9.177890e-05	5.115690e-05	1.337860e-05	5.394170e-05
500           	9.060160e-05	5.070310e-05	1.321230e-05	5.337930e-05
501           	8.921950e-05	5.018930e-05	1.304650e-05	5.282580e-05
502           	8.806000e-05	4.916050e-05	1.285130e-05	5.181610e-05
503           	8.691400e-05	4.875620e-05	1.268990e-05	5.127850e-05
504           	8.558420e-05	4.825330e-05	1.253060e-05	5.073140e-05
505           	8.445980e-05	4.724650e-05	1.233950e-05	4.972610e-05
506           	8.316710e-05	4.684790e-05	1.218460e-05	4.920200e-05
507           	8.208370e-05	4.593570e-05	1.200080e-05	4.827640e-05
508           	8.082240e-05	4.555800e-05	1.185080e-05	4.779260e-05
509           	7.975880e-05	4.466730e-05	1.167180e-05	4.691390e-05
510           	7.851580e-05	4.430430e-05	1.152350e-05	4.645660e-05
511           	7.746810e-05	4.344040e-05	1.134860e-05	4.558450e-05
512           	7.625720e-05	4.307830e-05	1.120500e-05	4.511870e-05
513           	7.506960e-05	4.222580e-05	1.103400e-05	4.426960e-05
514           	7.407010e-05	4.149800e-05	1.087040e-05	4.347800e-05
515           	7.290570e-05	4.122300e-05	1.073380e-05	4.308250e-05
516           	7.175860e-05	4.042760e-05	1.057090e-05	4.230300e-05
517           	7.077990e-05	3.972150e-05	1.041060e-05	4.153430e-05
518           	6.965500e-05	3.944950e-05	1.027890e-05	4.116340e-05
519           	6.854480e-05	3.868870e-05	1.012040e-05	4.039500e-05
520           	6.745730e-05	3.799910e-05	9.966950e-06	3.965250e-05
521           	6.654280e-05	3.737600e-05	9.816370e-06	3.897110e-05
522           	6.547080e-05	3.714400e-05	9.691810e-06	3.864950e-05
523           	6.440410e-05	3.643300e-05	9.542650e-06	3.793350e-05
524           	6.336170e-05	3.578090e-05	9.397350e-06	3.722990e-05
525           	6.234390e-05	3.518630e-05	9.254490e-06	3.657670e-05
526           	6.134250e-05	3.463780e-05	9.116330e-06	3.597560e-05
527           	6.035980e-05	3.410280e-05	8.979750e-06	3.537720e-05
528           	5.939050e-05	3.356810e-05	8.845000e-06	3.479300e-05
529           	5.838850e-05	3.304400e-05	8.711520e-06	3.421240e-05
530           	5.744100e-05	3.249040e-05	8.568660e-06	3.371410e-05
531           	5.645650e-05	3.195380e-05	8.441000e-06	3.310780e-05
532           	5.550000e-05	3.139760e-05	8.302790e-06	3.259040e-05
533           	5.455660e-05	3.084220e-05	8.167300e-06	3.206160e-05
534           	5.362620e-05	3.030160e-05	8.036420e-06	3.153340e-05
535           	5.271200e-05	2.977150e-05	7.907680e-06	3.098610e-05
536           	5.181120e-05	2.924560e-05	7.781290e-06	3.044750e-05
537           	5.091980e-05	2.874080e-05	7.656890e-06	2.991970e-05
538           	5.003430e-05	2.825820e-05	7.536380e-06	2.941080e-05
539           	4.916310e-05	2.777550e-05	7.416860e-06	2.888990e-05
540           	4.830300e-05	2.729070e-05	7.299180e-06	2.837290e-05
541           	4.744960e-05	2.681750e-05	7.182390e-06	2.786550e-05
542           	4.660620e-05	2.635880e-05	7.068950e-06	2.737720e-05
543           	4.578020e-05	2.590390e-05	6.956050e-06	2.687450e-05
544           	4.496790e-05	2.545100e-05	6.844900e-06	2.637940e-05
545           	4.416770e-05	2.500560e-05	6.734420e-06	2.589890e-05
546           	4.338150e-05	2.457780e-05	6.626720e-06	2.543230e-05
547           	4.261380e-05	2.415260e-05	6.519030e-06	2.495430e-05
548           	4.186820e-05	2.371950e-05	6.413110e-06	2.448710e-05
549           	4.113470e-05	2.330370e-05	6.308090e-06	2.402360e-05
550           	4.041360e-05	2.290720e-05	6.206210e-06	2.358190e-05
551           	3.971600e-05	2.251370e-05	6.104440e-06	2.312580e-05
552           	3.903760e-05	2.210730e-05	6.004010e-06	2.268140e-05
553           	3.836950e-05	2.171390e-05	5.903850e-06	2.223870e-05
554           	3.771580e-05	2.133800e-05	5.806530e-06	2.181740e-05
555           	3.707390e-05	2.096820e-05	5.709640e-06	2.138330e-05
556           	3.644350e-05	2.058450e-05	5.613750e-06	2.096290e-05
557           	3.589200e-05	2.024200e-05	5.534400e-06	2.057700e-05
558           	3.535500e-05	1.991390e-05	5.457280e-06	2.021030e-05
559           	3.482130e-05	1.960240e-05	5.384970e-06	1.985300e-05
560           	3.429510e-05	1.928840e-05	5.318280e-06	1.952790e-05
561           	3.376990e-05	1.899180e-05	5.255940e-06	1.921580e-05
562           	3.325210e-05	1.871860e-05	5.199430e-06	1.893540e-05
563           	3.274540e-05	1.845810e-05	5.145310e-06	1.865050e-05
564           	3.225660e-05	1.819160e-05	5.094130e-06	1.838210e-05
565           	3.177310e-05	1.794500e-05	5.044470e-06	1.812220e-05
566           	3.130560e-05	1.772500e-05	4.998370e-06	1.788860e-05
567           	3.085430e-05	1.752080e-05	4.952410e-06	1.764700e-05
568           	3.042290e-05	1.730940e-05	4.906870e-06	1.741720e-05
569           	3.000070e-05	1.711150e-05	4.860540e-06	1.719130e-05
570           	2.959720e-05	1.693410e-05	4.814960e-06	1.698390e-05
571           	2.920610e-05	1.676150e-05	4.767130e-06	1.676250e-05
572           	2.882950e-05	1.657310e-05	4.717060e-06	1.654370e-05
573           	2.845410e-05	1.638860e-05	4.663830e-06	1.631920e-05
574           	2.808150e-05	1.621280e-05	4.609620e-06	1.610730e-05
575           	2.768460e-05	1.603730e-05	4.552470e-06	1.587890e-05
576           	2.730390e-05	1.582190e-05	4.487050e-06	1.570640e-05
577           	2.692150e-05	1.559760e-05	4.421700e-06	1.550130e-05
578           	2.654470e-05	1.538320e-05	4.356900e-06	1.529120e-05
579           	2.616790e-05	1.515850e-05	4.287600e-06	1.504910e-05
580           	2.579850e-05	1.493270e-05	4.218480e-06	1.480510e-05
581           	2.542520e-05	1.471130e-05	4.148150e-06	1.456330e-05
582           	2.506010e-05	1.450500e-05	4.079510e-06	1.434230e-05
583           	2.469880e-05	1.430240e-05	4.010480e-06	1.411340e-05
584           	2.435340e-05	1.408540e-05	3.942160e-06	1.389110e-05
585           	2.405110e-05	1.388110e-05	3.874870e-06	1.368060e-05
586           	2.368050e-05	1.370770e-05	3.814340e-06	1.344560e-05
587           	2.337830e-05	1.354330e-05	3.750310e-06	1.328160e-05
588           	2.307790e-05	1.336880e-05	3.692440e-06	1.306910e-05
589           	2.277760e-05	1.321170e-05	3.635750e-06	1.288410e-05
590           	2.249090e-05	1.307750e-05	3.582880e-06	1.273560e-05
591           	2.220960e-05	1.294870e-05	3.530920e-06	1.258860e-05
592           	2.194880e-05	1.280260e-05	3.480040e-06	1.245040e-05
593           	2.169400e-05	1.266520e-05	3.430940e-06	1.232150e-05
594           	2.145350e-05	1.254560e-05	3.385100e-06	1.221470e-05
595           	2.121050e-05	1.242810e-05	3.339860e-06	1.209910e-05
596           	2.099190e-05	1.230140e-05	3.295230e-06	1.198380e-05
597           	2.077360e-05	1.218120e-05	3.251860e-06	1.187480e-05
598           	2.056720e-05	1.207700e-05	3.210730e-06	1.178850e-05
599           	2.035530e-05	1.197230e-05	3.169710e-06	1.169300e-05
600           	2.016430e-05	1.185310e-05	3.128470e-06	1.159300e-05
601           	1.997500e-05	1.174260e-05	3.088550e-06	1.149940e-05
602           	1.979670e-05	1.164950e-05	3.050770e-06	1.142700e-05
603           	1.960770e-05	1.155710e-05	3.013200e-06	1.134340e-05
604           	1.943780e-05	1.144830e-05	2.974830e-06	1.125430e-05
605           	1.926540e-05	1.134540e-05	2.937360e-06	1.117010e-05
606           	1.910010e-05	1.125700e-05	2.901720e-06	1.110500e-05
607           	1.896180e-05	1.117210e-05	2.866280e-06	1.102830e-05
608           	1.880370e-05	1.117650e-05	2.834920e-06	1.103690e-05
609           	1.867850e-05	1.104070e-05	2.799150e-06	1.093290e-05
610           	1.856540e-05	1.102650e-05	2.769370e-06	1.092870e-05
611           	1.843640e-05	1.099590e-05	2.739630e-06	1.090480e-05
612           	1.831800e-05	1.091960e-05	2.707620e-06	1.084920e-05
613           	1.819590e-05	1.083550e-05	2.675560e-06	1.078420e-05
614           	1.810770e-05	1.076520e-05	2.644390e-06	1.073270e-05
615           	1.800410e-05	1.070670e-05	2.616980e-06	1.063640e-05
616           	1.790370e-05	1.063240e-05	2.586340e-06	1.054000e-05
617           	1.778840e-05	1.055770e-05	2.554900e-06	1.045550e-05
618           	1.767520e-05	1.049440e-05	2.524010e-06	1.039180e-05
619           	1.753880e-05	1.042140e-05	2.492790e-06	1.031600e-05
620           	1.741300e-05	1.032240e-05	2.459560e-06	1.022720e-05
621           	1.727820e-05	1.022110e-05	2.426840e-06	1.014110e-05
622           	1.714020e-05	1.013370e-05	2.395620e-06	1.007150e-05
623           	1.697800e-05	1.004590e-05	2.364860e-06	9.990890e-06
624           	1.682810e-05	9.934670e-06	2.332470e-06	9.896280e-06
625           	1.666810e-05	9.831110e-06	2.301040e-06	9.808760e-06
626           	1.651320e-05	9.747420e-06	2.272060e-06	9.741080e-06
627           	1.633810e-05	9.661790e-06	2.244800e-06	9.664310e-06
628           	1.617760e-05	9.552420e-06	2.215810e-06	9.575980e-06
629           	1.602740e-05	9.469940e-06	2.188310e-06	9.499190e-06
630           	1.589170e-05	9.401580e-06	2.163510e-06	9.443060e-06
631           	1.573820e-05	9.334610e-06	2.140000e-06	9.377450e-06
632           	1.560530e-05	9.247650e-06	2.115040e-06	9.298230e-06
633           	1.547070e-05	9.168210e-06	2.091000e-06	9.228980e-06
634           	1.534860e-05	9.107840e-06	2.069210e-06	9.179050e-06
635           	1.520790e-05	9.050600e-06	2.048410e-06	9.118860e-06
636           	1.508590e-05	8.967820e-06	2.025690e-06	9.043030e-06
637           	1.496160e-05	8.890750e-06	2.003220e-06	8.976620e-06
638           	1.484790e-05	8.833180e-06	1.982990e-06	8.929600e-06
639           	1.471260e-05	8.775760e-06	1.963530e-06	8.870600e-06
640           	1.459470e-05	8.693060e-06	1.941750e-06	8.794000e-06
641           	1.447490e-05	8.614890e-06	1.919840e-06	8.724880e-06
642           	1.436260e-05	8.554080e-06	1.900080e-06	8.674850e-06
643           	1.422900e-05	8.493800e-06	1.881090e-06	8.613090e-06
644           	1.411050e-05	8.407730e-06	1.859670e-06	8.532780e-06
645           	1.398610e-05	8.323990e-06	1.838210e-06	8.459180e-06
646           	1.385500e-05	8.253050e-06	1.815950e-06	8.398020e-06
647           	1.370050e-05	8.185800e-06	1.794480e-06	8.326150e-06
648           	1.355910e-05	8.088550e-06	1.769920e-06	8.232560e-06
649           	1.341380e-05	7.994460e-06	1.744420e-06	8.142850e-06
650           	1.327650e-05	7.921520e-06	1.720940e-06	8.071640e-06
651           	1.311880e-05	7.850950e-06	1.697560e-06	7.989240e-06
652           	1.297650e-05	7.752060e-06	1.671540e-06	7.889020e-06
653           	1.283270e-05	7.658890e-06	1.645310e-06	7.792720e-06
654           	1.269680e-05	7.587260e-06	1.621970e-06	7.722160e-06
655           	1.254190e-05	7.518990e-06	1.599260e-06	7.639730e-06
656           	1.240320e-05	7.422690e-06	1.574030e-06	7.541330e-06
657           	1.226120e-05	7.330690e-06	1.549070e-06	7.447860e-06
658           	1.212870e-05	7.261370e-06	1.527510e-06	7.381910e-06
659           	1.198020e-05	7.198570e-06	1.506640e-06	7.303710e-06
660           	1.184800e-05	7.105350e-06	1.483620e-06	7.211630e-06
661           	1.173520e-05	7.018030e-06	1.461530e-06	7.123230e-06
662           	1.160950e-05	6.972020e-06	1.447490e-06	7.060220e-06
663           	1.146470e-05	6.918940e-06	1.429620e-06	6.991780e-06
664           	1.135420e-05	6.829020e-06	1.409090e-06	6.910130e-06
665           	1.124260e-05	6.759710e-06	1.394050e-06	6.826370e-06
666           	1.113890e-05	6.718160e-06	1.382590e-06	6.775210e-06
667           	1.099780e-05	6.682870e-06	1.371250e-06	6.708420e-06
668           	1.089100e-05	6.598590e-06	1.352640e-06	6.636050e-06
669           	1.078380e-05	6.526500e-06	1.338580e-06	6.558310e-06
670           	1.067160e-05	6.479070e-06	1.327860e-06	6.511810e-06
671           	1.055620e-05	6.425370e-06	1.312900e-06	6.451380e-06
672           	1.045360e-05	6.349130e-06	1.299090e-06	6.371640e-06
673           	1.034830e-05	6.278870e-06	1.285440e-06	6.295410e-06
674           	1.023580e-05	6.231360e-06	1.274210e-06	6.250070e-06
675           	1.010160e-05	6.175910e-06	1.258920e-06	6.188740e-06
676           	9.998650e-06	6.080640e-06	1.240950e-06	6.110780e-06
677           	9.895160e-06	6.001680e-06	1.227230e-06	6.028700e-06
678           	9.783940e-06	5.952540e-06	1.216240e-06	5.980100e-06
679           	9.651830e-06	5.898330e-06	1.201140e-06	5.915430e-06
680           	9.549640e-06	5.805460e-06	1.183130e-06	5.836180e-06
681           	9.444090e-06	5.727910e-06	1.169340e-06	5.752410e-06
682           	9.333140e-06	5.677220e-06	1.158560e-06	5.702490e-06
683           	9.202550e-06	5.622920e-06	1.143970e-06	5.636820e-06
684           	9.099020e-06	5.530530e-06	1.126710e-06	5.557220e-06
685           	8.994570e-06	5.451870e-06	1.113650e-06	5.474370e-06
686           	8.886180e-06	5.399750e-06	1.103550e-06	5.424700e-06
687           	8.757190e-06	5.346420e-06	1.089950e-06	5.359140e-06
688           	8.641910e-06	5.253670e-06	1.073560e-06	5.278530e-06
689           	8.541910e-06	5.162540e-06	1.057710e-06	5.198010e-06
690           	8.434130e-06	5.107940e-06	1.048710e-06	5.146090e-06
691           	8.309450e-06	5.056920e-06	1.036530e-06	5.079110e-06
692           	8.198110e-06	4.969430e-06	1.021080e-06	4.998600e-06
693           	8.086840e-06	4.885940e-06	1.006220e-06	4.920890e-06
694           	7.985310e-06	4.823600e-06	9.949100e-07	4.872450e-06
695           	7.866070e-06	4.774350e-06	9.837450e-07	4.805520e-06
696           	7.759070e-06	4.693150e-06	9.696600e-07	4.725670e-06
697           	7.653540e-06	4.616220e-06	9.559070e-07	4.650010e-06
698           	7.557630e-06	4.559940e-06	9.451860e-07	4.603360e-06
699           	7.441440e-06	4.516440e-06	9.347710e-07	4.539580e-06
700           	7.339830e-06	4.437800e-06	9.212780e-07	4.461240e-06
701           	7.239060e-06	4.362930e-06	9.079460e-07	4.386460e-06
702           	7.145400e-06	4.309700e-06	8.979240e-07	4.341500e-06
703           	7.035170e-06	4.267370e-06	8.882010e-07	4.279510e-06
704           	6.939250e-06	4.190170e-06	8.749410e-07	4.203080e-06
705           	6.842930e-06	4.118660e-06	8.620780e-07	4.130200e-06
706           	6.756680e-06	4.066600e-06	8.526040e-07	4.086140e-06
707           	6.652220e-06	4.025730e-06	8.431400e-07	4.025910e-06
708           	6.558280e-06	3.952190e-06	8.302800e-07	3.951550e-06
709           	6.466820e-06	3.882130e-06	8.178480e-07	3.879670e-06
710           	6.385640e-06	3.832150e-06	8.085520e-07	3.836960e-06
711           	6.285270e-06	3.795420e-06	7.995780e-07	3.779330e-06
712           	6.197640e-06	3.723210e-06	7.870890e-07	3.706600e-06
713           	6.110920e-06	3.654790e-06	7.746800e-07	3.635210e-06
714           	6.031660e-06	3.607700e-06	7.656810e-07	3.593770e-06
715           	5.935260e-06	3.571580e-06	7.570580e-07	3.537600e-06
716           	5.849830e-06	3.500650e-06	7.444990e-07	3.465870e-06
717           	5.762900e-06	3.434200e-06	7.323270e-07	3.395800e-06
718           	5.685940e-06	3.387060e-06	7.236360e-07	3.355150e-06
719           	5.591080e-06	3.352090e-06	7.150980e-07	3.300670e-06
720           	5.504700e-06	3.283400e-06	7.028820e-07	3.231210e-06
721           	5.419760e-06	3.216700e-06	6.910820e-07	3.162030e-06
722           	5.344800e-06	3.170690e-06	6.825360e-07	3.122680e-06
723           	5.249420e-06	3.137530e-06	6.745340e-07	3.070450e-06
724           	5.165650e-06	3.069170e-06	6.627580e-07	3.001950e-06
725           	5.082780e-06	3.003480e-06	6.510830e-07	2.933770e-06
726           	5.008440e-06	2.959910e-06	6.430520e-07	2.896530e-06
727           	4.915640e-06	2.928350e-06	6.356300e-07	2.846300e-06
728           	4.834690e-06	2.862560e-06	6.240170e-07	2.779110e-06
729           	4.752680e-06	2.799790e-06	6.128880e-07	2.713330e-06
730           	4.675810e-06	2.757850e-06	6.054290e-07	2.678160e-06
731           	4.580540e-06	2.712350e-06	5.989990e-07	2.619340e-06
732           	4.502940e-06	2.639340e-06	5.876520e-07	2.547300e-06
733           	4.420500e-06	2.589120e-06	5.769530e-07	2.492410e-06
734           	4.352710e-06	2.541610e-06	5.704410e-07	2.454520e-06
735           	4.260740e-06	2.510340e-06	5.640930e-07	2.406650e-06
736           	4.184760e-06	2.446160e-06	5.535630e-07	2.340740e-06
737           	4.110890e-06	2.387050e-06	5.437050e-07	2.279880e-06
738           	4.049910e-06	2.352200e-06	5.377790e-07	2.251500e-06
739           	3.967090e-06	2.330290e-06	5.326450e-07	2.212550e-06
740           	3.898540e-06	2.275410e-06	5.232560e-07	2.154140e-06
741           	3.830160e-06	2.222480e-06	5.143250e-07	2.098620e-06
742           	3.777140e-06	2.190770e-06	5.090730e-07	2.073780e-06
743           	3.700460e-06	2.172780e-06	5.043000e-07	2.038360e-06
744           	3.635120e-06	2.121250e-06	4.952990e-07	1.983070e-06
745           	3.572220e-06	2.068580e-06	4.863760e-07	1.929370e-06
746           	3.523330e-06	2.037560e-06	4.807490e-07	1.905930e-06
747           	3.447240e-06	2.020000e-06	4.758050e-07	1.872240e-06
748           	3.383790e-06	1.967320e-06	4.663010e-07	1.817200e-06
749           	3.321860e-06	1.914270e-06	4.568170e-07	1.763550e-06
750           	3.267230e-06	1.883260e-06	4.509770e-07	1.741250e-06
751           	3.189320e-06	1.862960e-06	4.451530e-07	1.711010e-06
752           	3.122800e-06	1.807790e-06	4.348130e-07	1.657350e-06
753           	3.056980e-06	1.751820e-06	4.250870e-07	1.605610e-06
754           	3.006220e-06	1.717860e-06	4.190330e-07	1.584740e-06
755           	2.928310e-06	1.698710e-06	4.139140e-07	1.554680e-06
756           	2.860990e-06	1.648420e-06	4.046270e-07	1.502620e-06
757           	2.798050e-06	1.597680e-06	3.958110e-07	1.453260e-06
758           	2.752010e-06	1.570050e-06	3.907130e-07	1.435870e-06
759           	2.676500e-06	1.556630e-06	3.869280e-07	1.410900e-06
760           	2.615010e-06	1.510810e-06	3.786310e-07	1.362550e-06
761           	2.558760e-06	1.465460e-06	3.708610e-07	1.317180e-06
762           	2.518480e-06	1.443160e-06	3.670980e-07	1.304720e-06
763           	2.448560e-06	1.434010e-06	3.643950e-07	1.284350e-06
764           	2.394590e-06	1.401670e-06	3.571640e-07	1.241370e-06
765           	2.347930e-06	1.367030e-06	3.508350e-07	1.201490e-06
766           	2.316220e-06	1.346840e-06	3.482270e-07	1.193410e-06
767           	2.259410e-06	1.348460e-06	3.467010e-07	1.180250e-06
768           	2.214440e-06	1.318920e-06	3.409230e-07	1.143860e-06
769           	2.179170e-06	1.286710e-06	3.353780e-07	1.109970e-06
770           	2.158550e-06	1.270520e-06	3.334720e-07	1.108560e-06
771           	2.109970e-06	1.275580e-06	3.327930e-07	1.102610e-06
772           	2.075110e-06	1.249610e-06	3.273520e-07	1.071570e-06
773           	2.046980e-06	1.221260e-06	3.221090e-07	1.042880e-06
774           	2.035590e-06	1.214940e-06	3.206930e-07	1.047930e-06
775           	1.995440e-06	1.220010e-06	3.202250e-07	1.045990e-06
776           	1.968880e-06	1.196710e-06	3.151210e-07	1.020330e-06
777           	1.948460e-06	1.171290e-06	3.105180e-07	9.983300e-07
778           	1.941880e-06	1.160760e-06	3.092740e-07	1.008650e-06
779           	1.905940e-06	1.171740e-06	3.090050e-07	1.013950e-06
780           	1.880740e-06	1.157750e-06	3.045400e-07	9.953020e-07
781           	1.864950e-06	1.148580e-06	3.001020e-07	9.867100e-07
782           	1.869860e-06	1.151910e-06	3.000670e-07	1.010700e-06
783           	1.843330e-06	1.163510e-06	3.007180e-07	1.024560e-06
784           	1.831800e-06	1.146430e-06	2.965240e-07	1.010320e-06
785           	1.827390e-06	1.127190e-06	2.926100e-07	9.980090e-07
786           	1.837190e-06	1.123850e-06	2.925620e-07	1.019260e-06
787           	1.808650e-06	1.134640e-06	2.933730e-07	1.032930e-06
788           	1.801480e-06	1.126010e-06	2.897910e-07	1.020490e-06
789           	1.798730e-06	1.112550e-06	2.867860e-07	1.005990e-06
790           	1.808730e-06	1.115870e-06	2.870800e-07	1.025600e-06
791           	1.777020e-06	1.133830e-06	2.884100e-07	1.039420e-06
792           	1.770270e-06	1.131570e-06	2.856880e-07	1.027770e-06
793           	1.769130e-06	1.107300e-06	2.825600e-07	1.016610e-06
794           	1.789700e-06	1.109550e-06	2.826610e-07	1.038600e-06
795           	1.768120e-06	1.124260e-06	2.838360e-07	1.053080e-06
796           	1.759900e-06	1.111790e-06	2.805620e-07	1.038690e-06
797           	1.755690e-06	1.095400e-06	2.772560e-07	1.026020e-06
798           	1.771550e-06	1.102390e-06	2.778050e-07	1.047690e-06
799           	1.748550e-06	1.119990e-06	2.788360e-07	1.061120e-06
800           	1.741310e-06	1.110320e-06	2.759180e-07	1.047680e-06
801           	1.736690e-06	1.096480e-06	2.733680e-07	1.036960e-06
802           	1.754820e-06	1.104590e-06	2.742170e-07	1.058890e-06
803           	1.734640e-06	1.124030e-06	2.756620e-07	1.073770e-06
804           	1.728660e-06	1.116570e-06	2.734580e-07	1.061740e-06
805           	1.726210e-06	1.103650e-06	2.709960e-07	1.050620e-06
806           	1.748140e-06	1.112840e-06	2.721270e-07	1.073150e-06
807           	1.729190e-06	1.133220e-06	2.740020e-07	1.089260e-06
808           	1.724820e-06	1.125740e-06	2.717100e-07	1.075810e-06
809           	1.724630e-06	1.112870e-06	2.693150e-07	1.064370e-06
810           	1.747420e-06	1.122150e-06	2.707470e-07	1.086970e-06
811           	1.728390e-06	1.141590e-06	2.722810e-07	1.101620e-06
812           	1.725640e-06	1.133560e-06	2.699940e-07	1.087310e-06
813           	1.724960e-06	1.119930e-06	2.677960e-07	1.075340e-06
814           	1.747680e-06	1.127630e-06	2.688340e-07	1.095960e-06
815           	1.728910e-06	1.145920e-06	2.702590e-07	1.109960e-06
816           	1.724430e-06	1.136960e-06	2.680990e-07	1.094840e-06
817           	1.722010e-06	1.121860e-06	2.653950e-07	1.080630e-06
818           	1.744620e-06	1.128670e-06	2.663250e-07	1.100390e-06
819           	1.723720e-06	1.146200e-06	2.679020e-07	1.113970e-06
820           	1.717120e-06	1.135800e-06	2.652610e-07	1.096470e-06
821           	1.714170e-06	1.119770e-06	2.624480e-07	1.081530e-06
822           	1.735070e-06	1.125760e-06	2.635560e-07	1.100940e-06
823           	1.711950e-06	1.141800e-06	2.646970e-07	1.112600e-06
824           	1.704650e-06	1.131010e-06	2.620410e-07	1.094240e-06
825           	1.699990e-06	1.114670e-06	2.594550e-07	1.079450e-06
826           	1.719250e-06	1.119480e-06	2.601700e-07	1.097070e-06
827           	1.695540e-06	1.135230e-06	2.613310e-07	1.108700e-06
828           	1.686550e-06	1.124270e-06	2.589410e-07	1.089770e-06
829           	1.683270e-06	1.106910e-06	2.559360e-07	1.073800e-06
830           	1.702320e-06	1.113870e-06	2.572990e-07	1.089970e-06
831           	1.677170e-06	1.130000e-06	2.586170e-07	1.102780e-06
832           	1.665840e-06	1.117610e-06	2.557680e-07	1.082110e-06
833           	1.662420e-06	1.099220e-06	2.526920e-07	1.066100e-06
834           	1.680360e-06	1.105010e-06	2.541860e-07	1.082140e-06
835           	1.653420e-06	1.119480e-06	2.551030e-07	1.093150e-06
836           	1.645190e-06	1.106710e-06	2.522880e-07	1.071860e-06
837           	1.640680e-06	1.090300e-06	2.499370e-07	1.054960e-06
838           	1.656660e-06	1.095450e-06	2.508710e-07	1.070490e-06
839           	1.628750e-06	1.109550e-06	2.516750e-07	1.081760e-06
840           	1.619060e-06	1.095260e-06	2.489330e-07	1.059820e-06
841           	1.612330e-06	1.076590e-06	2.460800e-07	1.041390e-06
842           	1.628050e-06	1.081310e-06	2.470640e-07	1.056580e-06
843           	1.599460e-06	1.094960e-06	2.480270e-07	1.067900e-06
844           	1.587680e-06	1.079250e-06	2.448210e-07	1.044140e-06
845           	1.581370e-06	1.060650e-06	2.419790e-07	1.025620e-06
846           	1.596460e-06	1.064930e-06	2.430900e-07	1.040650e-06
847           	1.566290e-06	1.077390e-06	2.436430e-07	1.050320e-06
848           	1.554820e-06	1.061740e-06	2.405280e-07	1.026300e-06
849           	1.548420e-06	1.042750e-06	2.378300e-07	1.007830e-06
850           	1.561650e-06	1.045520e-06	2.385530e-07	1.021240e-06
851           	1.531470e-06	1.058350e-06	2.392290e-07	1.031010e-06
852           	1.519730e-06	1.042090e-06	2.363160e-07	1.006740e-06
853           	1.511600e-06	1.021610e-06	2.331840e-07	9.867160e-07
854           	1.524780e-06	1.024560e-06	2.340430e-07	1.000250e-06
855           	1.494610e-06	1.036990e-06	2.348780e-07	1.009890e-06
856           	1.480930e-06	1.018940e-06	2.315820e-07	9.838190e-07
857           	1.473000e-06	9.988230e-07	2.285530e-07	9.638270e-07
