# Residuals   
# Time        	p             	Ux            	Uy            	Uz            
1             	1.000000e+00	1.893130e-01	1.000000e+00	1.410080e-01
2             	9.242940e-02	5.714310e-01	2.983740e-01	5.975340e-01
3             	2.941780e-02	4.217170e-01	1.454350e-01	4.442560e-01
4             	4.735640e-02	2.948200e-01	9.101180e-02	2.963930e-01
5             	1.588390e-01	2.536920e-01	7.038450e-02	2.481240e-01
6             	1.317200e-01	2.234950e-01	5.503350e-02	1.974690e-01
7             	1.044030e-01	1.806200e-01	4.616470e-02	1.630430e-01
8             	1.243880e-01	1.377050e-01	3.897900e-02	1.360210e-01
9             	6.826100e-02	1.091500e-01	3.149940e-02	1.094640e-01
10            	5.127260e-02	9.310210e-02	2.497370e-02	8.795020e-02
11            	4.131480e-02	8.079590e-02	2.079350e-02	7.588880e-02
12            	3.792900e-02	7.129540e-02	1.780330e-02	6.641080e-02
13            	3.620180e-02	6.242530e-02	1.588450e-02	5.721520e-02
14            	3.569140e-02	5.493700e-02	1.452030e-02	5.020730e-02
15            	3.664320e-02	4.970640e-02	1.351050e-02	4.585560e-02
16            	3.702310e-02	4.444640e-02	1.236690e-02	4.116990e-02
17            	3.733510e-02	3.981560e-02	1.120150e-02	3.682130e-02
18            	3.762590e-02	3.584990e-02	1.012790e-02	3.354290e-02
19            	3.812080e-02	3.202280e-02	9.185120e-03	3.075570e-02
20            	3.884880e-02	2.880910e-02	8.301140e-03	2.791630e-02
21            	4.039440e-02	2.622630e-02	7.490690e-03	2.534010e-02
22            	4.269460e-02	2.414440e-02	6.820170e-03	2.322830e-02
23            	4.567180e-02	2.248530e-02	6.301860e-03	2.168670e-02
24            	4.937920e-02	2.110240e-02	5.909450e-03	2.049610e-02
25            	4.804860e-02	1.992810e-02	5.616940e-03	1.956690e-02
26            	4.267700e-02	1.880400e-02	5.352320e-03	1.869430e-02
27            	3.878910e-02	1.774600e-02	5.120470e-03	1.789180e-02
28            	3.599290e-02	1.676770e-02	4.868740e-03	1.707050e-02
29            	3.397310e-02	1.577430e-02	4.595220e-03	1.619130e-02
30            	3.225420e-02	1.479710e-02	4.340120e-03	1.537090e-02
31            	3.045720e-02	1.399590e-02	4.157270e-03	1.470720e-02
32            	2.879920e-02	1.324210e-02	3.986200e-03	1.405210e-02
33            	2.744890e-02	1.259390e-02	3.854590e-03	1.347990e-02
34            	2.631700e-02	1.203820e-02	3.758970e-03	1.303790e-02
35            	2.544990e-02	1.159060e-02	3.697720e-03	1.270980e-02
36            	2.492820e-02	1.125770e-02	3.648730e-03	1.247480e-02
37            	2.449580e-02	1.103990e-02	3.608750e-03	1.236320e-02
38            	2.403550e-02	1.090100e-02	3.573500e-03	1.229730e-02
39            	2.349670e-02	1.081630e-02	3.525790e-03	1.221400e-02
40            	2.289480e-02	1.073080e-02	3.463140e-03	1.206180e-02
41            	2.229830e-02	1.062570e-02	3.392360e-03	1.181930e-02
42            	2.171150e-02	1.047890e-02	3.300420e-03	1.150170e-02
43            	2.113420e-02	1.029280e-02	3.195170e-03	1.110870e-02
44            	2.054610e-02	1.009920e-02	3.081300e-03	1.067520e-02
45            	2.001570e-02	9.862820e-03	2.954800e-03	1.024580e-02
46            	1.950270e-02	9.604820e-03	2.830610e-03	9.859470e-03
47            	1.903910e-02	9.352880e-03	2.716620e-03	9.506870e-03
48            	1.858090e-02	9.124410e-03	2.623200e-03	9.240790e-03
49            	1.809060e-02	8.916630e-03	2.538570e-03	9.058350e-03
50            	1.745880e-02	8.639040e-03	2.451940e-03	8.837410e-03
51            	1.680590e-02	8.318810e-03	2.374170e-03	8.600130e-03
52            	1.608990e-02	8.009720e-03	2.299060e-03	8.376960e-03
53            	1.531980e-02	7.726180e-03	2.232070e-03	8.147430e-03
54            	1.456420e-02	7.509790e-03	2.171250e-03	7.903620e-03
55            	1.376460e-02	7.434790e-03	2.117400e-03	7.758650e-03
56            	1.310730e-02	7.293340e-03	2.060330e-03	7.558830e-03
57            	1.254080e-02	7.122150e-03	2.011850e-03	7.344450e-03
58            	1.214540e-02	7.034920e-03	1.965190e-03	7.111160e-03
59            	1.193740e-02	6.994130e-03	1.927430e-03	6.902000e-03
60            	1.199610e-02	6.932520e-03	1.896180e-03	6.739380e-03
61            	1.200610e-02	6.929150e-03	1.884600e-03	6.702280e-03
62            	1.188010e-02	7.015470e-03	1.890130e-03	6.747720e-03
63            	1.163500e-02	7.147360e-03	1.906340e-03	6.785340e-03
64            	1.133940e-02	7.274910e-03	1.927230e-03	6.651390e-03
65            	1.099360e-02	7.444250e-03	1.940030e-03	6.536220e-03
66            	1.058480e-02	7.479210e-03	1.927260e-03	6.361990e-03
67            	1.032110e-02	7.518820e-03	1.905470e-03	6.210840e-03
68            	1.043580e-02	7.526170e-03	1.879090e-03	6.083690e-03
69            	1.104360e-02	7.479640e-03	1.841450e-03	5.956880e-03
70            	1.165540e-02	7.535080e-03	1.809230e-03	5.939860e-03
71            	1.206880e-02	7.723910e-03	1.827900e-03	6.160500e-03
72            	1.232620e-02	7.941270e-03	1.901100e-03	6.495390e-03
73            	1.228770e-02	8.395430e-03	1.993090e-03	6.972990e-03
74            	1.203290e-02	8.876190e-03	2.085820e-03	7.321430e-03
75            	1.160280e-02	9.237770e-03	2.168160e-03	7.540740e-03
76            	1.124210e-02	9.650660e-03	2.266790e-03	7.650270e-03
77            	1.124710e-02	1.000870e-02	2.367600e-03	7.750690e-03
78            	1.161910e-02	1.036120e-02	2.437450e-03	8.025880e-03
79            	1.253770e-02	1.071780e-02	2.490380e-03	8.247950e-03
80            	1.389340e-02	1.098400e-02	2.535770e-03	8.417750e-03
81            	1.512580e-02	1.116420e-02	2.598120e-03	8.616600e-03
82            	1.621540e-02	1.148610e-02	2.719790e-03	9.139520e-03
83            	1.679390e-02	1.187050e-02	2.849330e-03	9.688480e-03
84            	1.702310e-02	1.259750e-02	2.977320e-03	1.032450e-02
85            	1.710100e-02	1.313530e-02	3.095150e-03	1.066760e-02
86            	1.680640e-02	1.342860e-02	3.167700e-03	1.066380e-02
87            	1.623320e-02	1.354910e-02	3.224350e-03	1.045700e-02
88            	1.616030e-02	1.352990e-02	3.294010e-03	1.027920e-02
89            	1.656360e-02	1.355570e-02	3.281170e-03	1.007500e-02
90            	1.713460e-02	1.339640e-02	3.234460e-03	9.862350e-03
91            	1.808250e-02	1.323790e-02	3.220500e-03	9.918660e-03
92            	1.929680e-02	1.349380e-02	3.234210e-03	1.039300e-02
93            	2.005450e-02	1.408030e-02	3.319370e-03	1.136430e-02
94            	2.046620e-02	1.480600e-02	3.451460e-03	1.225680e-02
95            	2.043550e-02	1.553580e-02	3.582400e-03	1.285360e-02
96            	2.016740e-02	1.609480e-02	3.707350e-03	1.316810e-02
97            	1.964100e-02	1.650220e-02	3.837220e-03	1.329360e-02
98            	1.906760e-02	1.692180e-02	4.004690e-03	1.354320e-02
99            	1.905700e-02	1.732970e-02	4.126540e-03	1.378100e-02
100           	1.985630e-02	1.778340e-02	4.199180e-03	1.407490e-02
101           	2.152940e-02	1.809460e-02	4.267410e-03	1.431790e-02
102           	2.346560e-02	1.827530e-02	4.361000e-03	1.448770e-02
103           	2.451330e-02	1.828060e-02	4.431450e-03	1.467950e-02
104           	2.482400e-02	1.845530e-02	4.559870e-03	1.519380e-02
105           	2.526580e-02	1.900730e-02	4.696970e-03	1.609540e-02
106           	2.594570e-02	1.981430e-02	4.840830e-03	1.694400e-02
107           	2.588670e-02	2.036770e-02	4.927350e-03	1.709800e-02
108           	2.485240e-02	2.065690e-02	4.921040e-03	1.667410e-02
109           	2.373780e-02	2.046960e-02	4.918630e-03	1.594130e-02
110           	2.396860e-02	1.987820e-02	4.898540e-03	1.514380e-02
111           	2.507300e-02	1.935800e-02	4.770320e-03	1.445640e-02
112           	2.598380e-02	1.876050e-02	4.627670e-03	1.396860e-02
113           	2.634230e-02	1.835650e-02	4.514670e-03	1.378380e-02
114           	2.676800e-02	1.817260e-02	4.441640e-03	1.406100e-02
115           	2.745290e-02	1.841520e-02	4.406000e-03	1.495240e-02
116           	2.738420e-02	1.864250e-02	4.412400e-03	1.577150e-02
117           	2.701310e-02	1.878190e-02	4.435630e-03	1.619870e-02
118           	2.627910e-02	1.920670e-02	4.501870e-03	1.648060e-02
119           	2.526970e-02	1.954130e-02	4.568860e-03	1.654200e-02
120           	2.426870e-02	1.994550e-02	4.705660e-03	1.659770e-02
121           	2.377850e-02	2.030650e-02	4.864000e-03	1.676610e-02
122           	2.387460e-02	2.061090e-02	4.994020e-03	1.695320e-02
123           	2.464240e-02	2.084450e-02	5.061440e-03	1.717820e-02
124           	2.626640e-02	2.101490e-02	5.127970e-03	1.734650e-02
125           	2.782770e-02	2.102680e-02	5.205030e-03	1.750070e-02
126           	2.905070e-02	2.092100e-02	5.264460e-03	1.759900e-02
127           	2.907170e-02	2.122660e-02	5.391650e-03	1.817590e-02
128           	2.914870e-02	2.195200e-02	5.460750e-03	1.897110e-02
129           	2.903400e-02	2.258330e-02	5.510840e-03	1.961270e-02
130           	2.843360e-02	2.285040e-02	5.486900e-03	1.945170e-02
131           	2.727320e-02	2.269340e-02	5.435940e-03	1.864980e-02
132           	2.688350e-02	2.213730e-02	5.412310e-03	1.750410e-02
133           	2.745430e-02	2.134240e-02	5.324380e-03	1.637020e-02
134           	2.843780e-02	2.049120e-02	5.138430e-03	1.552140e-02
135           	2.908510e-02	1.983300e-02	4.925650e-03	1.501400e-02
136           	2.894830e-02	1.922080e-02	4.752640e-03	1.473200e-02
137           	2.888970e-02	1.921350e-02	4.634500e-03	1.508220e-02
138           	2.945430e-02	1.942520e-02	4.562850e-03	1.593220e-02
139           	2.918910e-02	1.931700e-02	4.513290e-03	1.652210e-02
140           	2.851280e-02	1.914330e-02	4.473500e-03	1.669300e-02
141           	2.746420e-02	1.919050e-02	4.476780e-03	1.676400e-02
142           	2.619420e-02	1.934430e-02	4.519120e-03	1.661620e-02
143           	2.489920e-02	1.956850e-02	4.586350e-03	1.650890e-02
144           	2.412950e-02	1.984860e-02	4.704250e-03	1.651550e-02
145           	2.417940e-02	2.013750e-02	4.788550e-03	1.660260e-02
146           	2.459980e-02	2.010360e-02	4.845540e-03	1.662040e-02
147           	2.556470e-02	2.003790e-02	4.879830e-03	1.657400e-02
148           	2.684690e-02	1.980570e-02	4.931700e-03	1.650490e-02
149           	2.788120e-02	1.990550e-02	4.999030e-03	1.680300e-02
150           	2.795120e-02	2.012940e-02	5.115710e-03	1.732800e-02
151           	2.800750e-02	2.079990e-02	5.148580e-03	1.803250e-02
152           	2.768220e-02	2.130500e-02	5.184530e-03	1.854690e-02
153           	2.701190e-02	2.146190e-02	5.152630e-03	1.830980e-02
154           	2.564890e-02	2.126110e-02	5.107310e-03	1.746530e-02
155           	2.487890e-02	2.075920e-02	5.112520e-03	1.640600e-02
156           	2.585390e-02	2.008810e-02	5.025810e-03	1.540710e-02
157           	2.687890e-02	1.936060e-02	4.884300e-03	1.470580e-02
158           	2.765240e-02	1.879040e-02	4.694930e-03	1.428300e-02
159           	2.740660e-02	1.825170e-02	4.554630e-03	1.408470e-02
160           	2.790810e-02	1.832000e-02	4.451820e-03	1.459380e-02
161           	2.838410e-02	1.854910e-02	4.406670e-03	1.548610e-02
162           	2.807460e-02	1.858430e-02	4.397830e-03	1.611850e-02
163           	2.743500e-02	1.857460e-02	4.401660e-03	1.627020e-02
164           	2.643000e-02	1.882380e-02	4.429670e-03	1.639200e-02
165           	2.525940e-02	1.908170e-02	4.487110e-03	1.633410e-02
166           	2.412870e-02	1.940130e-02	4.589910e-03	1.630900e-02
167           	2.362170e-02	1.969280e-02	4.717120e-03	1.636890e-02
168           	2.383260e-02	1.996260e-02	4.813740e-03	1.650500e-02
169           	2.440750e-02	2.000030e-02	4.856510e-03	1.661290e-02
170           	2.570030e-02	1.997010e-02	4.906560e-03	1.667230e-02
171           	2.699910e-02	1.972190e-02	4.957770e-03	1.660390e-02
172           	2.801170e-02	1.977840e-02	5.049380e-03	1.689450e-02
173           	2.794270e-02	2.015910e-02	5.156500e-03	1.750560e-02
174           	2.796040e-02	2.087700e-02	5.196360e-03	1.825640e-02
175           	2.770140e-02	2.139670e-02	5.247530e-03	1.872960e-02
176           	2.699020e-02	2.164510e-02	5.212770e-03	1.840910e-02
177           	2.562050e-02	2.137770e-02	5.154060e-03	1.746190e-02
178           	2.491160e-02	2.078940e-02	5.151760e-03	1.638370e-02
179           	2.589850e-02	1.996550e-02	5.034900e-03	1.531380e-02
180           	2.702050e-02	1.923950e-02	4.876400e-03	1.468700e-02
181           	2.767700e-02	1.868070e-02	4.688560e-03	1.429890e-02
182           	2.744170e-02	1.824290e-02	4.558520e-03	1.417610e-02
183           	2.802520e-02	1.837700e-02	4.448920e-03	1.475910e-02
184           	2.832720e-02	1.852630e-02	4.406580e-03	1.561860e-02
185           	2.784490e-02	1.848470e-02	4.380640e-03	1.617320e-02
186           	2.711870e-02	1.843090e-02	4.380350e-03	1.625320e-02
187           	2.603420e-02	1.864840e-02	4.403170e-03	1.634510e-02
188           	2.477560e-02	1.892280e-02	4.457930e-03	1.624680e-02
189           	2.367560e-02	1.922590e-02	4.570840e-03	1.619150e-02
190           	2.330950e-02	1.950280e-02	4.690890e-03	1.625290e-02
191           	2.350740e-02	1.974150e-02	4.778100e-03	1.638460e-02
192           	2.406790e-02	1.972380e-02	4.807480e-03	1.645400e-02
193           	2.543430e-02	1.971350e-02	4.860580e-03	1.649040e-02
194           	2.670620e-02	1.942560e-02	4.905820e-03	1.641700e-02
195           	2.759010e-02	1.949200e-02	5.022060e-03	1.677430e-02
196           	2.752040e-02	1.997200e-02	5.106460e-03	1.738800e-02
197           	2.747290e-02	2.063670e-02	5.134020e-03	1.810300e-02
198           	2.714080e-02	2.107770e-02	5.171150e-03	1.844600e-02
199           	2.628810e-02	2.129850e-02	5.116030e-03	1.800120e-02
200           	2.490090e-02	2.096210e-02	5.061350e-03	1.701960e-02
201           	2.453040e-02	2.037140e-02	5.047920e-03	1.595360e-02
202           	2.555390e-02	1.959450e-02	4.931800e-03	1.491990e-02
203           	2.657020e-02	1.891500e-02	4.769260e-03	1.435900e-02
204           	2.697030e-02	1.834210e-02	4.589500e-03	1.399150e-02
205           	2.677810e-02	1.792910e-02	4.460990e-03	1.393290e-02
206           	2.746890e-02	1.804470e-02	4.343100e-03	1.456380e-02
207           	2.752980e-02	1.813250e-02	4.305460e-03	1.537460e-02
208           	2.696370e-02	1.807800e-02	4.278330e-03	1.585700e-02
209           	2.607800e-02	1.819170e-02	4.288570e-03	1.604220e-02
210           	2.495560e-02	1.827820e-02	4.310630e-03	1.596570e-02
211           	2.378560e-02	1.853620e-02	4.386710e-03	1.586420e-02
212           	2.285590e-02	1.883490e-02	4.519310e-03	1.585620e-02
213           	2.260400e-02	1.912910e-02	4.628440e-03	1.599190e-02
214           	2.274950e-02	1.930150e-02	4.709100e-03	1.608560e-02
215           	2.346420e-02	1.925200e-02	4.730510e-03	1.616530e-02
216           	2.478450e-02	1.924250e-02	4.792100e-03	1.623980e-02
217           	2.612410e-02	1.896160e-02	4.839790e-03	1.615570e-02
218           	2.668130e-02	1.903740e-02	4.965370e-03	1.654300e-02
219           	2.670750e-02	1.967720e-02	5.024730e-03	1.712510e-02
220           	2.651420e-02	2.020900e-02	5.035190e-03	1.772410e-02
221           	2.608520e-02	2.052890e-02	5.030430e-03	1.789960e-02
222           	2.507980e-02	2.065500e-02	4.941220e-03	1.730330e-02
223           	2.379070e-02	2.022390e-02	4.894380e-03	1.628420e-02
224           	2.370630e-02	1.961290e-02	4.858790e-03	1.524020e-02
225           	2.465600e-02	1.887460e-02	4.748050e-03	1.425670e-02
226           	2.545550e-02	1.819190e-02	4.572690e-03	1.375740e-02
227           	2.546770e-02	1.758360e-02	4.398300e-03	1.341260e-02
228           	2.549930e-02	1.722170e-02	4.254910e-03	1.338770e-02
229           	2.604070e-02	1.733660e-02	4.141290e-03	1.401340e-02
230           	2.583740e-02	1.735570e-02	4.109730e-03	1.475310e-02
231           	2.516730e-02	1.726210e-02	4.080910e-03	1.513790e-02
232           	2.423680e-02	1.731760e-02	4.089410e-03	1.522680e-02
233           	2.321310e-02	1.736810e-02	4.119030e-03	1.512740e-02
234           	2.215280e-02	1.758950e-02	4.209280e-03	1.504590e-02
235           	2.132110e-02	1.783440e-02	4.334220e-03	1.504780e-02
236           	2.104950e-02	1.807480e-02	4.424580e-03	1.514870e-02
237           	2.099920e-02	1.815400e-02	4.488040e-03	1.525730e-02
238           	2.208860e-02	1.811240e-02	4.505130e-03	1.535750e-02
239           	2.317890e-02	1.798470e-02	4.552710e-03	1.540750e-02
240           	2.428230e-02	1.769910e-02	4.604860e-03	1.525130e-02
241           	2.465920e-02	1.783520e-02	4.671700e-03	1.555220e-02
242           	2.450800e-02	1.839810e-02	4.672370e-03	1.605280e-02
243           	2.409120e-02	1.879690e-02	4.643910e-03	1.644600e-02
244           	2.328440e-02	1.884130e-02	4.534540e-03	1.618870e-02
245           	2.209740e-02	1.864610e-02	4.420300e-03	1.543420e-02
246           	2.108490e-02	1.816840e-02	4.393180e-03	1.446700e-02
247           	2.126490e-02	1.757980e-02	4.339620e-03	1.342810e-02
248           	2.185870e-02	1.686720e-02	4.226180e-03	1.261060e-02
249           	2.220590e-02	1.615680e-02	4.043770e-03	1.211220e-02
250           	2.223850e-02	1.556020e-02	3.880920e-03	1.184100e-02
251           	2.246580e-02	1.530320e-02	3.727780e-03	1.188460e-02
252           	2.243030e-02	1.534350e-02	3.633860e-03	1.247220e-02
253           	2.200960e-02	1.532290e-02	3.608570e-03	1.301710e-02
254           	2.122810e-02	1.533800e-02	3.581760e-03	1.333850e-02
255           	2.037730e-02	1.516250e-02	3.570620e-03	1.320940e-02
256           	1.943240e-02	1.504750e-02	3.596780e-03	1.301400e-02
257           	1.845100e-02	1.510060e-02	3.704710e-03	1.286320e-02
258           	1.781620e-02	1.519650e-02	3.797750e-03	1.284020e-02
259           	1.742130e-02	1.525930e-02	3.845630e-03	1.290170e-02
260           	1.781010e-02	1.526120e-02	3.832620e-03	1.302510e-02
261           	1.855730e-02	1.516290e-02	3.816810e-03	1.302280e-02
262           	1.940670e-02	1.476190e-02	3.829080e-03	1.270610e-02
263           	1.988430e-02	1.470020e-02	3.818010e-03	1.269880e-02
264           	1.982440e-02	1.483080e-02	3.787450e-03	1.290120e-02
265           	1.950800e-02	1.496980e-02	3.699490e-03	1.299880e-02
266           	1.875050e-02	1.498040e-02	3.601310e-03	1.295170e-02
267           	1.763550e-02	1.477740e-02	3.445050e-03	1.247190e-02
268           	1.655200e-02	1.438400e-02	3.349710e-03	1.174700e-02
269           	1.599610e-02	1.385860e-02	3.314360e-03	1.090120e-02
270           	1.608290e-02	1.321310e-02	3.239740e-03	9.980850e-03
271           	1.625490e-02	1.258640e-02	3.099370e-03	9.305990e-03
272           	1.632480e-02	1.195710e-02	2.928010e-03	8.825290e-03
273           	1.634200e-02	1.153870e-02	2.784870e-03	8.655790e-03
274           	1.621010e-02	1.132070e-02	2.675930e-03	8.773010e-03
275           	1.575410e-02	1.126030e-02	2.614630e-03	9.162550e-03
276           	1.520780e-02	1.129610e-02	2.577120e-03	9.506730e-03
277           	1.453490e-02	1.113570e-02	2.542270e-03	9.489510e-03
278           	1.383440e-02	1.086380e-02	2.545810e-03	9.303230e-03
279           	1.309520e-02	1.068740e-02	2.595130e-03	9.069550e-03
280           	1.250180e-02	1.055610e-02	2.660010e-03	8.955800e-03
281           	1.216640e-02	1.051060e-02	2.683700e-03	8.968040e-03
282           	1.233540e-02	1.047580e-02	2.636620e-03	8.981350e-03
283           	1.266380e-02	1.036340e-02	2.559520e-03	8.807770e-03
284           	1.300550e-02	1.018900e-02	2.491500e-03	8.608870e-03
285           	1.320190e-02	9.863390e-03	2.434280e-03	8.358270e-03
286           	1.317280e-02	9.670190e-03	2.353620e-03	8.249950e-03
287           	1.288490e-02	9.548000e-03	2.261210e-03	8.166360e-03
288           	1.240340e-02	9.428020e-03	2.181280e-03	7.974450e-03
289           	1.166160e-02	9.338200e-03	2.091230e-03	7.703770e-03
290           	1.082310e-02	9.099860e-03	1.995050e-03	7.344960e-03
291           	1.012520e-02	8.692350e-03	1.960410e-03	6.940470e-03
292           	9.992440e-03	8.294910e-03	1.913350e-03	6.414500e-03
293           	1.008860e-02	7.870220e-03	1.810220e-03	5.895810e-03
294           	1.012320e-02	7.428120e-03	1.676280e-03	5.454030e-03
295           	9.989850e-03	6.988350e-03	1.544230e-03	5.132640e-03
296           	9.654090e-03	6.543370e-03	1.434330e-03	4.902250e-03
297           	9.210950e-03	6.246670e-03	1.356350e-03	4.857410e-03
298           	8.660400e-03	6.149610e-03	1.326950e-03	4.960240e-03
299           	8.158900e-03	6.066260e-03	1.326760e-03	4.967290e-03
300           	7.661420e-03	5.981250e-03	1.339990e-03	4.867700e-03
301           	7.200630e-03	5.962990e-03	1.379330e-03	4.803690e-03
302           	6.871170e-03	5.964060e-03	1.435950e-03	4.804240e-03
303           	6.841490e-03	6.020700e-03	1.472120e-03	4.855950e-03
304           	7.160530e-03	6.074160e-03	1.463770e-03	4.864150e-03
305           	7.439130e-03	6.048970e-03	1.421270e-03	4.810530e-03
306           	7.591660e-03	5.852010e-03	1.355630e-03	4.626830e-03
307           	7.580550e-03	5.555750e-03	1.276350e-03	4.434470e-03
308           	7.463190e-03	5.207130e-03	1.188760e-03	4.272110e-03
309           	7.237210e-03	4.870670e-03	1.102980e-03	4.114720e-03
310           	6.902250e-03	4.640110e-03	1.034910e-03	3.940330e-03
311           	6.491220e-03	4.486460e-03	9.900310e-04	3.732400e-03
312           	6.044650e-03	4.410440e-03	9.565940e-04	3.563610e-03
313           	5.604060e-03	4.339430e-03	9.411540e-04	3.432650e-03
314           	5.271200e-03	4.271170e-03	9.415270e-04	3.305480e-03
315           	5.173250e-03	4.197290e-03	9.281920e-04	3.170590e-03
316           	5.301920e-03	4.091550e-03	8.846330e-04	3.025640e-03
317           	5.339180e-03	3.922720e-03	8.206440e-04	2.872100e-03
318           	5.254140e-03	3.656840e-03	7.449760e-04	2.690900e-03
319           	5.075070e-03	3.391850e-03	6.696930e-04	2.528490e-03
320           	4.801990e-03	3.097810e-03	6.003390e-04	2.396960e-03
321           	4.456560e-03	2.822880e-03	5.491370e-04	2.288990e-03
322           	4.106280e-03	2.617040e-03	5.217160e-04	2.164710e-03
323           	3.768540e-03	2.508400e-03	5.200580e-04	2.054810e-03
324           	3.473600e-03	2.462290e-03	5.421130e-04	1.973790e-03
325           	3.263580e-03	2.489390e-03	5.768080e-04	1.966660e-03
326           	3.142100e-03	2.543370e-03	6.076950e-04	1.994420e-03
327           	3.186260e-03	2.609790e-03	6.217010e-04	2.031610e-03
328           	3.339700e-03	2.657500e-03	6.176320e-04	2.044070e-03
329           	3.485030e-03	2.658310e-03	5.987900e-04	2.028360e-03
330           	3.556170e-03	2.593540e-03	5.682850e-04	1.981210e-03
331           	3.545580e-03	2.450680e-03	5.289500e-04	1.886910e-03
332           	3.462220e-03	2.275080e-03	4.860040e-04	1.779400e-03
333           	3.328750e-03	2.075500e-03	4.432100e-04	1.675050e-03
334           	3.163790e-03	1.884460e-03	4.055600e-04	1.574750e-03
335           	2.970730e-03	1.735890e-03	3.761890e-04	1.477130e-03
336           	2.762410e-03	1.637970e-03	3.561740e-04	1.388520e-03
337           	2.568250e-03	1.575110e-03	3.465660e-04	1.327960e-03
338           	2.386100e-03	1.550120e-03	3.445170e-04	1.305280e-03
339           	2.238940e-03	1.536200e-03	3.445600e-04	1.288010e-03
340           	2.164620e-03	1.525700e-03	3.423900e-04	1.267250e-03
341           	2.156630e-03	1.507800e-03	3.362380e-04	1.241120e-03
342           	2.175750e-03	1.478810e-03	3.255040e-04	1.207010e-03
343           	2.172900e-03	1.440320e-03	3.110040e-04	1.171540e-03
344           	2.143200e-03	1.387170e-03	2.937550e-04	1.132690e-03
345           	2.097330e-03	1.317060e-03	2.760930e-04	1.092820e-03
346           	2.036370e-03	1.230620e-03	2.604780e-04	1.048210e-03
347           	1.961620e-03	1.144740e-03	2.485300e-04	9.993470e-04
348           	1.875860e-03	1.073720e-03	2.399460e-04	9.514690e-04
349           	1.779060e-03	1.023750e-03	2.354560e-04	9.082640e-04
350           	1.685880e-03	9.903190e-04	2.354670e-04	8.756980e-04
351           	1.605090e-03	9.698280e-04	2.373240e-04	8.582270e-04
352           	1.539410e-03	9.601310e-04	2.394980e-04	8.476990e-04
353           	1.502360e-03	9.565090e-04	2.409040e-04	8.418200e-04
354           	1.492180e-03	9.561550e-04	2.406730e-04	8.367060e-04
355           	1.484240e-03	9.523450e-04	2.377280e-04	8.280650e-04
356           	1.483990e-03	9.408850e-04	2.323880e-04	8.134870e-04
357           	1.473860e-03	9.195580e-04	2.248730e-04	7.929790e-04
358           	1.456060e-03	8.881920e-04	2.157560e-04	7.682280e-04
359           	1.427780e-03	8.468700e-04	2.057130e-04	7.412250e-04
360           	1.390160e-03	7.986040e-04	1.956070e-04	7.126830e-04
361           	1.344060e-03	7.489730e-04	1.859750e-04	6.846580e-04
362           	1.291110e-03	7.052500e-04	1.773260e-04	6.586270e-04
363           	1.232510e-03	6.713350e-04	1.703880e-04	6.344890e-04
364           	1.173450e-03	6.464600e-04	1.658930e-04	6.134790e-04
365           	1.117010e-03	6.294590e-04	1.630580e-04	5.994320e-04
366           	1.064980e-03	6.171600e-04	1.612220e-04	5.900970e-04
367           	1.027430e-03	6.073020e-04	1.596440e-04	5.825940e-04
368           	1.005890e-03	5.993720e-04	1.579710e-04	5.749470e-04
369           	9.915780e-04	5.918000e-04	1.557840e-04	5.659870e-04
370           	9.794630e-04	5.817900e-04	1.529740e-04	5.559200e-04
371           	9.690510e-04	5.691930e-04	1.496700e-04	5.447510e-04
372           	9.580680e-04	5.528450e-04	1.460590e-04	5.328020e-04
373           	9.425810e-04	5.336070e-04	1.422860e-04	5.201100e-04
374           	9.214950e-04	5.131750e-04	1.385660e-04	5.068420e-04
375           	8.964850e-04	4.942990e-04	1.351710e-04	4.934090e-04
376           	8.693630e-04	4.777410e-04	1.324060e-04	4.803110e-04
377           	8.417500e-04	4.640360e-04	1.302620e-04	4.680370e-04
378           	8.137370e-04	4.525780e-04	1.285400e-04	4.573890e-04
379           	7.877420e-04	4.440050e-04	1.269760e-04	4.489830e-04
380           	7.680460e-04	4.369960e-04	1.254800e-04	4.421620e-04
381           	7.520850e-04	4.315860e-04	1.240840e-04	4.357480e-04
382           	7.395560e-04	4.267320e-04	1.226290e-04	4.291390e-04
383           	7.289620e-04	4.214200e-04	1.210280e-04	4.223950e-04
384           	7.194290e-04	4.150790e-04	1.191780e-04	4.152420e-04
385           	7.098560e-04	4.073910e-04	1.170350e-04	4.076450e-04
386           	6.996870e-04	3.984520e-04	1.146160e-04	3.997060e-04
387           	6.887240e-04	3.881920e-04	1.119990e-04	3.911180e-04
388           	6.764850e-04	3.771570e-04	1.093000e-04	3.822690e-04
389           	6.631430e-04	3.657890e-04	1.066350e-04	3.737050e-04
390           	6.489280e-04	3.545610e-04	1.040350e-04	3.652790e-04
391           	6.336630e-04	3.443020e-04	1.015830e-04	3.574100e-04
392           	6.181460e-04	3.342030e-04	9.926530e-05	3.497810e-04
393           	6.030000e-04	3.249090e-04	9.708650e-05	3.424010e-04
394           	5.883650e-04	3.166420e-04	9.502230e-05	3.352830e-04
395           	5.745760e-04	3.092090e-04	9.303040e-05	3.285380e-04
396           	5.617980e-04	3.024500e-04	9.113090e-05	3.223770e-04
397           	5.500160e-04	2.963300e-04	8.928950e-05	3.166380e-04
398           	5.386440e-04	2.904510e-04	8.749250e-05	3.110490e-04
399           	5.278040e-04	2.849420e-04	8.574740e-05	3.056930e-04
400           	5.175220e-04	2.796750e-04	8.405370e-05	3.004150e-04
401           	5.075160e-04	2.746860e-04	8.240970e-05	2.952630e-04
402           	4.977850e-04	2.699640e-04	8.081820e-05	2.902730e-04
403           	4.884810e-04	2.655010e-04	7.929620e-05	2.855030e-04
404           	4.796280e-04	2.613210e-04	7.784070e-05	2.811050e-04
405           	4.712170e-04	2.576490e-04	7.643900e-05	2.770470e-04
406           	4.632890e-04	2.542900e-04	7.509430e-05	2.732510e-04
407           	4.567230e-04	2.511370e-04	7.381210e-05	2.696300e-04
408           	4.491080e-04	2.482310e-04	7.257760e-05	2.653650e-04
409           	4.432490e-04	2.455170e-04	7.136760e-05	2.623380e-04
410           	4.372070e-04	2.427970e-04	7.024660e-05	2.585830e-04
411           	4.314880e-04	2.401160e-04	6.912800e-05	2.552610e-04
412           	4.260090e-04	2.374130e-04	6.804280e-05	2.520890e-04
413           	4.206840e-04	2.346680e-04	6.697420e-05	2.490820e-04
414           	4.154810e-04	2.318290e-04	6.592190e-05	2.461790e-04
415           	4.104200e-04	2.289250e-04	6.487950e-05	2.433630e-04
416           	4.055220e-04	2.260040e-04	6.385680e-05	2.405990e-04
417           	4.007430e-04	2.231570e-04	6.285140e-05	2.379360e-04
418           	3.960830e-04	2.203320e-04	6.186450e-05	2.353020e-04
419           	3.915200e-04	2.176330e-04	6.089880e-05	2.327450e-04
420           	3.870710e-04	2.150870e-04	5.995810e-05	2.303430e-04
421           	3.827020e-04	2.126500e-04	5.904700e-05	2.281130e-04
422           	3.785040e-04	2.103960e-04	5.815930e-05	2.259840e-04
423           	3.744630e-04	2.083640e-04	5.730320e-05	2.239610e-04
424           	3.705290e-04	2.064600e-04	5.647220e-05	2.219750e-04
425           	3.667400e-04	2.046620e-04	5.567290e-05	2.201200e-04
426           	3.631390e-04	2.029530e-04	5.490160e-05	2.183800e-04
427           	3.596860e-04	2.012990e-04	5.415610e-05	2.167490e-04
428           	3.563560e-04	1.997700e-04	5.343490e-05	2.151920e-04
429           	3.531650e-04	1.983330e-04	5.273460e-05	2.138580e-04
430           	3.501410e-04	1.969780e-04	5.205220e-05	2.125290e-04
431           	3.472920e-04	1.957200e-04	5.139360e-05	2.112470e-04
432           	3.444980e-04	1.944510e-04	5.075070e-05	2.099310e-04
433           	3.418390e-04	1.932000e-04	5.012810e-05	2.086410e-04
434           	3.393080e-04	1.919790e-04	4.951430e-05	2.074390e-04
435           	3.368680e-04	1.907120e-04	4.890990e-05	2.063210e-04
436           	3.345500e-04	1.894970e-04	4.832450e-05	2.051570e-04
437           	3.323110e-04	1.882460e-04	4.775060e-05	2.040030e-04
438           	3.301440e-04	1.870400e-04	4.718540e-05	2.028700e-04
439           	3.280280e-04	1.858660e-04	4.662230e-05	2.017730e-04
440           	3.259930e-04	1.847470e-04	4.605870e-05	2.005990e-04
441           	3.240000e-04	1.836750e-04	4.550950e-05	1.994880e-04
442           	3.220520e-04	1.825360e-04	4.496930e-05	1.984040e-04
443           	3.201640e-04	1.814440e-04	4.444570e-05	1.973470e-04
444           	3.183150e-04	1.803900e-04	4.392490e-05	1.962700e-04
445           	3.163870e-04	1.792940e-04	4.342270e-05	1.950600e-04
446           	3.144810e-04	1.782280e-04	4.291710e-05	1.940840e-04
447           	3.132860e-04	1.770880e-04	4.242310e-05	1.931830e-04
448           	3.117070e-04	1.763770e-04	4.201050e-05	1.918370e-04
449           	3.100000e-04	1.757010e-04	4.159610e-05	1.909020e-04
450           	3.083020e-04	1.751240e-04	4.119700e-05	1.898740e-04
451           	3.065930e-04	1.742550e-04	4.079100e-05	1.887650e-04
452           	3.049160e-04	1.733610e-04	4.039420e-05	1.876970e-04
453           	3.033240e-04	1.723730e-04	3.999820e-05	1.866380e-04
454           	3.017150e-04	1.714800e-04	3.961410e-05	1.855560e-04
455           	3.001220e-04	1.705620e-04	3.923230e-05	1.845390e-04
456           	2.984930e-04	1.696950e-04	3.885160e-05	1.837370e-04
457           	2.968800e-04	1.688030e-04	3.847950e-05	1.827360e-04
458           	2.952890e-04	1.679410e-04	3.811180e-05	1.818540e-04
459           	2.937850e-04	1.671010e-04	3.774990e-05	1.809990e-04
460           	2.924120e-04	1.663460e-04	3.739790e-05	1.801600e-04
461           	2.910850e-04	1.656050e-04	3.704480e-05	1.793110e-04
462           	2.897110e-04	1.648510e-04	3.669690e-05	1.784980e-04
463           	2.883460e-04	1.641300e-04	3.635270e-05	1.776160e-04
464           	2.870200e-04	1.634230e-04	3.601200e-05	1.767790e-04
465           	2.857140e-04	1.627040e-04	3.567340e-05	1.758600e-04
466           	2.848920e-04	1.619370e-04	3.533510e-05	1.748940e-04
467           	2.831940e-04	1.606160e-04	3.500960e-05	1.739650e-04
468           	2.819240e-04	1.599140e-04	3.467610e-05	1.728890e-04
469           	2.810840e-04	1.592090e-04	3.433990e-05	1.717160e-04
470           	2.792440e-04	1.579880e-04	3.400340e-05	1.707730e-04
471           	2.782120e-04	1.573350e-04	3.366740e-05	1.695450e-04
472           	2.769520e-04	1.560990e-04	3.333630e-05	1.683030e-04
473           	2.755970e-04	1.564770e-04	3.305070e-05	1.678980e-04
474           	2.739120e-04	1.549350e-04	3.270120e-05	1.662500e-04
475           	2.721700e-04	1.536170e-04	3.237730e-05	1.646240e-04
476           	2.704730e-04	1.524110e-04	3.207540e-05	1.631920e-04
477           	2.694140e-04	1.513500e-04	3.177470e-05	1.618460e-04
478           	2.676190e-04	1.513200e-04	3.151540e-05	1.613680e-04
479           	2.658900e-04	1.500270e-04	3.119610e-05	1.596990e-04
480           	2.642350e-04	1.488850e-04	3.089690e-05	1.581180e-04
481           	2.632350e-04	1.478310e-04	3.060800e-05	1.566430e-04
482           	2.615180e-04	1.477980e-04	3.035680e-05	1.560640e-04
483           	2.598840e-04	1.465430e-04	3.005100e-05	1.543850e-04
484           	2.582720e-04	1.454050e-04	2.975980e-05	1.527300e-04
485           	2.572330e-04	1.443240e-04	2.947580e-05	1.511980e-04
486           	2.554890e-04	1.441760e-04	2.923060e-05	1.504700e-04
487           	2.537840e-04	1.428040e-04	2.892990e-05	1.486770e-04
488           	2.521050e-04	1.415540e-04	2.863920e-05	1.468960e-04
489           	2.504640e-04	1.404000e-04	2.835440e-05	1.452350e-04
490           	2.487560e-04	1.392600e-04	2.806720e-05	1.436240e-04
491           	2.469840e-04	1.381680e-04	2.777730e-05	1.420510e-04
492           	2.451750e-04	1.371080e-04	2.749020e-05	1.404810e-04
493           	2.433710e-04	1.360820e-04	2.720680e-05	1.388920e-04
494           	2.415430e-04	1.350560e-04	2.692940e-05	1.373240e-04
495           	2.396570e-04	1.340140e-04	2.665720e-05	1.357270e-04
496           	2.377070e-04	1.329340e-04	2.638950e-05	1.341790e-04
497           	2.356910e-04	1.318360e-04	2.612090e-05	1.325080e-04
498           	2.335840e-04	1.307070e-04	2.585240e-05	1.308670e-04
499           	2.313940e-04	1.295700e-04	2.558800e-05	1.292490e-04
500           	2.291640e-04	1.284060e-04	2.532460e-05	1.276250e-04
501           	2.268800e-04	1.271930e-04	2.505570e-05	1.259650e-04
502           	2.246100e-04	1.259390e-04	2.478430e-05	1.243460e-04
503           	2.222870e-04	1.246530e-04	2.451400e-05	1.226830e-04
504           	2.199290e-04	1.233630e-04	2.424130e-05	1.210050e-04
505           	2.175280e-04	1.220210e-04	2.396810e-05	1.192720e-04
506           	2.150680e-04	1.206330e-04	2.368990e-05	1.175080e-04
507           	2.125710e-04	1.192270e-04	2.340860e-05	1.157300e-04
508           	2.100320e-04	1.177860e-04	2.312390e-05	1.139840e-04
509           	2.074590e-04	1.163310e-04	2.283600e-05	1.121690e-04
510           	2.048550e-04	1.148070e-04	2.254950e-05	1.103880e-04
511           	2.021990e-04	1.132640e-04	2.225900e-05	1.085540e-04
512           	1.994990e-04	1.116960e-04	2.196480e-05	1.067680e-04
513           	1.967410e-04	1.101050e-04	2.166710e-05	1.049620e-04
514           	1.939360e-04	1.084860e-04	2.136760e-05	1.031530e-04
515           	1.911200e-04	1.068810e-04	2.107090e-05	1.013510e-04
516           	1.883080e-04	1.052570e-04	2.077350e-05	9.955190e-05
517           	1.854840e-04	1.036340e-04	2.047470e-05	9.773690e-05
518           	1.826070e-04	1.020150e-04	2.017730e-05	9.595430e-05
519           	1.796950e-04	1.003960e-04	1.988180e-05	9.417690e-05
520           	1.767710e-04	9.876420e-05	1.958740e-05	9.240110e-05
521           	1.738130e-04	9.713890e-05	1.929320e-05	9.063590e-05
522           	1.708420e-04	9.551470e-05	1.900280e-05	8.889050e-05
523           	1.678860e-04	9.388930e-05	1.871600e-05	8.715510e-05
524           	1.649440e-04	9.226370e-05	1.843360e-05	8.545730e-05
525           	1.620210e-04	9.064480e-05	1.815730e-05	8.377900e-05
526           	1.588640e-04	8.904360e-05	1.788740e-05	8.213890e-05
527           	1.558720e-04	8.733450e-05	1.758540e-05	8.065950e-05
528           	1.529110e-04	8.559300e-05	1.730550e-05	7.914810e-05
529           	1.499510e-04	8.386520e-05	1.704240e-05	7.761120e-05
530           	1.469980e-04	8.221090e-05	1.678920e-05	7.606120e-05
531           	1.440550e-04	8.060870e-05	1.654260e-05	7.454330e-05
532           	1.411540e-04	7.900490e-05	1.629880e-05	7.305120e-05
533           	1.382700e-04	7.741590e-05	1.605580e-05	7.158070e-05
534           	1.354090e-04	7.584690e-05	1.581450e-05	7.014070e-05
535           	1.325850e-04	7.427540e-05	1.557420e-05	6.872070e-05
536           	1.297730e-04	7.271010e-05	1.533470e-05	6.730920e-05
537           	1.269780e-04	7.117710e-05	1.509650e-05	6.591670e-05
538           	1.241870e-04	6.964220e-05	1.486000e-05	6.453700e-05
539           	1.214040e-04	6.816360e-05	1.462430e-05	6.316520e-05
540           	1.186490e-04	6.672310e-05	1.439200e-05	6.181190e-05
541           	1.159240e-04	6.530170e-05	1.416280e-05	6.048150e-05
542           	1.132290e-04	6.390200e-05	1.393650e-05	5.916830e-05
543           	1.105740e-04	6.253140e-05	1.371410e-05	5.788180e-05
544           	1.079520e-04	6.119060e-05	1.349560e-05	5.661680e-05
545           	1.053700e-04	5.986610e-05	1.328010e-05	5.537020e-05
546           	1.028350e-04	5.855810e-05	1.306770e-05	5.414460e-05
547           	1.003500e-04	5.726440e-05	1.285960e-05	5.294180e-05
548           	9.791490e-05	5.597010e-05	1.265280e-05	5.174600e-05
549           	9.552240e-05	5.469700e-05	1.244960e-05	5.058750e-05
550           	9.318220e-05	5.341740e-05	1.224660e-05	4.942890e-05
551           	9.089180e-05	5.218070e-05	1.204720e-05	4.832520e-05
552           	8.864430e-05	5.095710e-05	1.185190e-05	4.725310e-05
553           	8.644660e-05	4.975450e-05	1.166020e-05	4.621820e-05
554           	8.429170e-05	4.857410e-05	1.147360e-05	4.521800e-05
555           	8.219770e-05	4.741830e-05	1.129040e-05	4.425530e-05
556           	8.016830e-05	4.628500e-05	1.111140e-05	4.332440e-05
557           	7.818890e-05	4.518500e-05	1.093660e-05	4.245550e-05
558           	7.626260e-05	4.413070e-05	1.076770e-05	4.164420e-05
559           	7.435580e-05	4.315810e-05	1.062430e-05	4.095110e-05
560           	7.282440e-05	4.243440e-05	1.048620e-05	4.031770e-05
561           	7.126480e-05	4.152120e-05	1.035720e-05	3.974430e-05
562           	6.964270e-05	4.072080e-05	1.024040e-05	3.928310e-05
563           	6.839490e-05	4.017880e-05	1.013470e-05	3.891970e-05
564           	6.701470e-05	3.947300e-05	1.003820e-05	3.859630e-05
565           	6.597100e-05	3.905430e-05	9.946580e-06	3.835510e-05
566           	6.492000e-05	3.847820e-05	9.862340e-06	3.813860e-05
567           	6.406750e-05	3.852140e-05	9.800290e-06	3.827040e-05
568           	6.329720e-05	3.790320e-05	9.720300e-06	3.805310e-05
569           	6.238860e-05	3.773440e-05	9.659640e-06	3.814160e-05
570           	6.185170e-05	3.736040e-05	9.570810e-06	3.790860e-05
571           	6.132020e-05	3.718230e-05	9.502270e-06	3.797850e-05
572           	6.071630e-05	3.702200e-05	9.429070e-06	3.803720e-05
573           	6.025150e-05	3.646980e-05	9.328150e-06	3.773370e-05
574           	5.985820e-05	3.634170e-05	9.240310e-06	3.773630e-05
575           	5.950040e-05	3.621050e-05	9.143710e-06	3.773100e-05
576           	5.916100e-05	3.603220e-05	9.040150e-06	3.775900e-05
577           	5.884280e-05	3.581180e-05	8.931530e-06	3.778730e-05
578           	5.865470e-05	3.556170e-05	8.816540e-06	3.766580e-05
579           	5.842790e-05	3.536050e-05	8.709920e-06	3.731100e-05
580           	5.813730e-05	3.513210e-05	8.594160e-06	3.684180e-05
581           	5.782990e-05	3.486870e-05	8.464740e-06	3.650130e-05
582           	5.750900e-05	3.458130e-05	8.333480e-06	3.619140e-05
583           	5.718170e-05	3.426990e-05	8.201140e-06	3.586950e-05
584           	5.684790e-05	3.394500e-05	8.068310e-06	3.551970e-05
585           	5.649270e-05	3.360470e-05	7.934660e-06	3.516020e-05
586           	5.611900e-05	3.326770e-05	7.800370e-06	3.479300e-05
587           	5.572280e-05	3.293540e-05	7.667090e-06	3.442380e-05
588           	5.532090e-05	3.261680e-05	7.536450e-06	3.406400e-05
589           	5.493000e-05	3.231320e-05	7.408810e-06	3.371180e-05
590           	5.453500e-05	3.202300e-05	7.285700e-06	3.336060e-05
591           	5.413710e-05	3.174940e-05	7.167240e-06	3.302840e-05
592           	5.374690e-05	3.149700e-05	7.053610e-06	3.271180e-05
593           	5.336900e-05	3.126150e-05	6.945280e-06	3.240780e-05
594           	5.300120e-05	3.103620e-05	6.841400e-06	3.211490e-05
595           	5.264270e-05	3.082050e-05	6.742210e-06	3.183450e-05
596           	5.230300e-05	3.061360e-05	6.646070e-06	3.156150e-05
597           	5.197030e-05	3.040900e-05	6.553550e-06	3.128950e-05
598           	5.164540e-05	3.020890e-05	6.463450e-06	3.101590e-05
599           	5.132740e-05	3.000590e-05	6.375330e-06	3.074190e-05
600           	5.099800e-05	2.980080e-05	6.289270e-06	3.046750e-05
601           	5.067240e-05	2.959380e-05	6.204280e-06	3.019020e-05
602           	5.034360e-05	2.937860e-05	6.120570e-06	2.990150e-05
603           	5.000830e-05	2.915920e-05	6.037650e-06	2.960900e-05
604           	4.966470e-05	2.894030e-05	5.956050e-06	2.931620e-05
605           	4.931080e-05	2.871840e-05	5.876360e-06	2.900770e-05
606           	4.894010e-05	2.849440e-05	5.797500e-06	2.869290e-05
607           	4.856170e-05	2.826840e-05	5.719410e-06	2.837820e-05
608           	4.817020e-05	2.803970e-05	5.642070e-06	2.805040e-05
609           	4.777300e-05	2.781290e-05	5.566410e-06	2.772050e-05
610           	4.737150e-05	2.758310e-05	5.491670e-06	2.739790e-05
611           	4.695620e-05	2.735900e-05	5.419280e-06	2.707070e-05
612           	4.652650e-05	2.713330e-05	5.348530e-06	2.674180e-05
613           	4.609660e-05	2.690660e-05	5.279070e-06	2.641900e-05
614           	4.566390e-05	2.667670e-05	5.210800e-06	2.609510e-05
615           	4.523030e-05	2.644400e-05	5.143330e-06	2.576550e-05
616           	4.469960e-05	2.620830e-05	5.077040e-06	2.543420e-05
617           	4.429870e-05	2.582600e-05	5.005420e-06	2.498140e-05
618           	4.386890e-05	2.563330e-05	4.943660e-06	2.469900e-05
619           	4.333040e-05	2.541890e-05	4.880790e-06	2.440180e-05
620           	4.291680e-05	2.505150e-05	4.811580e-06	2.396450e-05
621           	4.236990e-05	2.485820e-05	4.754110e-06	2.367840e-05
622           	4.196820e-05	2.450250e-05	4.688110e-06	2.326700e-05
623           	4.144000e-05	2.431050e-05	4.632740e-06	2.299970e-05
624           	4.104340e-05	2.395420e-05	4.568600e-06	2.259760e-05
625           	4.051520e-05	2.375460e-05	4.514780e-06	2.233080e-05
626           	4.012100e-05	2.339580e-05	4.452140e-06	2.193100e-05
627           	3.958760e-05	2.318730e-05	4.398360e-06	2.166870e-05
628           	3.909130e-05	2.281980e-05	4.335180e-06	2.128040e-05
629           	3.859160e-05	2.247040e-05	4.274830e-06	2.090300e-05
630           	3.809630e-05	2.212990e-05	4.213860e-06	2.054090e-05
631           	3.759050e-05	2.179720e-05	4.152790e-06	2.018900e-05
632           	3.707920e-05	2.146680e-05	4.091300e-06	1.983570e-05
633           	3.655540e-05	2.113450e-05	4.028920e-06	1.948220e-05
634           	3.599950e-05	2.078560e-05	3.956690e-06	1.911540e-05
635           	3.542490e-05	2.043410e-05	3.884980e-06	1.873990e-05
636           	3.484260e-05	2.007800e-05	3.812320e-06	1.836360e-05
637           	3.425090e-05	1.971500e-05	3.738980e-06	1.798550e-05
638           	3.365650e-05	1.934580e-05	3.664880e-06	1.759620e-05
639           	3.305870e-05	1.897260e-05	3.590100e-06	1.721120e-05
640           	3.245660e-05	1.859160e-05	3.515020e-06	1.682420e-05
641           	3.184830e-05	1.820860e-05	3.439430e-06	1.643130e-05
642           	3.123750e-05	1.781940e-05	3.363060e-06	1.603910e-05
643           	3.062170e-05	1.742510e-05	3.286650e-06	1.564840e-05
644           	3.000060e-05	1.702630e-05	3.210350e-06	1.525100e-05
645           	2.937420e-05	1.662630e-05	3.134360e-06	1.485930e-05
646           	2.868060e-05	1.622180e-05	3.059200e-06	1.446940e-05
647           	2.810960e-05	1.586910e-05	2.986340e-06	1.406530e-05
648           	2.741160e-05	1.545580e-05	2.913150e-06	1.368180e-05
649           	2.682780e-05	1.509800e-05	2.842860e-06	1.329820e-05
650           	2.612340e-05	1.467760e-05	2.773850e-06	1.292550e-05
651           	2.548190e-05	1.431880e-05	2.707610e-06	1.255580e-05
652           	2.485220e-05	1.395430e-05	2.644380e-06	1.219450e-05
653           	2.422680e-05	1.359730e-05	2.583010e-06	1.183930e-05
654           	2.360830e-05	1.324010e-05	2.523430e-06	1.149920e-05
655           	2.299750e-05	1.288610e-05	2.466570e-06	1.117430e-05
656           	2.236050e-05	1.253800e-05	2.411800e-06	1.085250e-05
657           	2.175300e-05	1.218180e-05	2.351950e-06	1.057370e-05
658           	2.116470e-05	1.182580e-05	2.297130e-06	1.029370e-05
659           	2.058960e-05	1.148390e-05	2.246620e-06	1.000620e-05
660           	2.002810e-05	1.115180e-05	2.198050e-06	9.725070e-06
661           	1.947790e-05	1.083370e-05	2.151100e-06	9.454880e-06
662           	1.893700e-05	1.052560e-05	2.104880e-06	9.185490e-06
663           	1.840560e-05	1.022100e-05	2.059020e-06	8.927010e-06
664           	1.788450e-05	9.921570e-06	2.013980e-06	8.677160e-06
665           	1.737240e-05	9.629410e-06	1.969740e-06	8.428460e-06
666           	1.689810e-05	9.338840e-06	1.925980e-06	8.189430e-06
667           	1.640550e-05	9.124680e-06	1.891210e-06	8.017000e-06
668           	1.595900e-05	8.830400e-06	1.854480e-06	7.784340e-06
669           	1.551770e-05	8.610460e-06	1.821240e-06	7.618210e-06
670           	1.508720e-05	8.390560e-06	1.790390e-06	7.463780e-06
671           	1.466810e-05	8.172860e-06	1.760650e-06	7.309740e-06
672           	1.426660e-05	7.960740e-06	1.732070e-06	7.167270e-06
673           	1.388330e-05	7.763760e-06	1.705460e-06	7.043830e-06
674           	1.352110e-05	7.582360e-06	1.680310e-06	6.932940e-06
675           	1.318440e-05	7.417160e-06	1.656530e-06	6.843940e-06
676           	1.288970e-05	7.268470e-06	1.634180e-06	6.774600e-06
677           	1.261870e-05	7.146490e-06	1.615830e-06	6.695970e-06
678           	1.237170e-05	7.043010e-06	1.597040e-06	6.639350e-06
679           	1.215110e-05	6.952780e-06	1.577980e-06	6.599560e-06
680           	1.197660e-05	6.867640e-06	1.558100e-06	6.559310e-06
681           	1.176270e-05	6.753330e-06	1.537960e-06	6.526650e-06
682           	1.161950e-05	6.686040e-06	1.516980e-06	6.499820e-06
683           	1.146550e-05	6.586930e-06	1.496120e-06	6.466640e-06
684           	1.131980e-05	6.502520e-06	1.474550e-06	6.438480e-06
685           	1.119000e-05	6.426780e-06	1.453230e-06	6.415250e-06
686           	1.106740e-05	6.357650e-06	1.431710e-06	6.383890e-06
687           	1.095360e-05	6.294460e-06	1.410510e-06	6.354810e-06
688           	1.084760e-05	6.236730e-06	1.390090e-06	6.329850e-06
689           	1.074810e-05	6.181980e-06	1.370540e-06	6.299550e-06
690           	1.065180e-05	6.130930e-06	1.351780e-06	6.272350e-06
691           	1.056490e-05	6.085750e-06	1.334190e-06	6.250390e-06
692           	1.048070e-05	6.045490e-06	1.317160e-06	6.222660e-06
693           	1.040040e-05	6.010310e-06	1.300920e-06	6.197680e-06
694           	1.032960e-05	5.977590e-06	1.285370e-06	6.176770e-06
695           	1.026440e-05	5.949330e-06	1.270430e-06	6.152100e-06
696           	1.020330e-05	5.924730e-06	1.256410e-06	6.130160e-06
697           	1.014980e-05	5.903330e-06	1.242870e-06	6.110340e-06
698           	1.010290e-05	5.883530e-06	1.229910e-06	6.085710e-06
699           	1.005810e-05	5.865880e-06	1.217770e-06	6.065930e-06
700           	1.001790e-05	5.850100e-06	1.206050e-06	6.049250e-06
701           	1.000330e-05	5.834060e-06	1.194770e-06	6.025980e-06
702           	9.979880e-06	5.833000e-06	1.187110e-06	6.002390e-06
703           	9.955900e-06	5.836080e-06	1.179630e-06	5.984290e-06
704           	9.929580e-06	5.836430e-06	1.171820e-06	5.960020e-06
705           	9.902400e-06	5.835450e-06	1.164060e-06	5.940500e-06
706           	9.877850e-06	5.830260e-06	1.156390e-06	5.922160e-06
707           	9.853290e-06	5.824150e-06	1.148650e-06	5.895350e-06
708           	9.825900e-06	5.817610e-06	1.141240e-06	5.870710e-06
709           	9.800390e-06	5.814930e-06	1.134060e-06	5.846480e-06
710           	9.771580e-06	5.805240e-06	1.125090e-06	5.810680e-06
711           	9.742170e-06	5.799130e-06	1.116190e-06	5.779720e-06
712           	9.716700e-06	5.791830e-06	1.107410e-06	5.750790e-06
713           	9.693080e-06	5.783940e-06	1.098330e-06	5.714850e-06
714           	9.665790e-06	5.773890e-06	1.089430e-06	5.681850e-06
715           	9.637630e-06	5.767160e-06	1.080940e-06	5.651360e-06
716           	9.610070e-06	5.756420e-06	1.072240e-06	5.614190e-06
717           	9.578640e-06	5.745360e-06	1.063670e-06	5.580320e-06
718           	9.548030e-06	5.729400e-06	1.055110e-06	5.544560e-06
719           	9.516840e-06	5.712340e-06	1.046010e-06	5.503260e-06
720           	9.482010e-06	5.690850e-06	1.036960e-06	5.464880e-06
721           	9.445950e-06	5.670010e-06	1.028070e-06	5.425090e-06
722           	9.407620e-06	5.642730e-06	1.018620e-06	5.378810e-06
723           	9.364390e-06	5.616670e-06	1.009150e-06	5.335820e-06
724           	9.318930e-06	5.587210e-06	1.000150e-06	5.291510e-06
725           	9.271330e-06	5.557110e-06	9.907510e-07	5.241980e-06
726           	9.205080e-06	5.524660e-06	9.817150e-07	5.196450e-06
727           	9.143920e-06	5.479520e-06	9.699510e-07	5.150310e-06
728           	9.085910e-06	5.429540e-06	9.593050e-07	5.101960e-06
729           	9.025270e-06	5.384590e-06	9.497910e-07	5.055160e-06
730           	8.960660e-06	5.340070e-06	9.411910e-07	5.004800e-06
731           	8.891660e-06	5.295320e-06	9.320290e-07	4.948750e-06
732           	8.819260e-06	5.249930e-06	9.230870e-07	4.897160e-06
733           	8.743680e-06	5.203940e-06	9.140530e-07	4.844790e-06
734           	8.667530e-06	5.151870e-06	9.048180e-07	4.785460e-06
735           	8.588050e-06	5.100950e-06	8.955270e-07	4.729160e-06
736           	8.506940e-06	5.046860e-06	8.864170e-07	4.671950e-06
737           	8.422660e-06	4.988050e-06	8.765460e-07	4.607780e-06
738           	8.334850e-06	4.929440e-06	8.669700e-07	4.546210e-06
739           	8.243980e-06	4.870860e-06	8.569600e-07	4.483330e-06
740           	8.151530e-06	4.806980e-06	8.467550e-07	4.413770e-06
741           	8.055030e-06	4.745250e-06	8.364910e-07	4.346960e-06
742           	7.957220e-06	4.682680e-06	8.263880e-07	4.280370e-06
743           	7.856750e-06	4.616600e-06	8.157090e-07	4.207420e-06
744           	7.754390e-06	4.552560e-06	8.055630e-07	4.138210e-06
745           	7.650880e-06	4.489490e-06	7.952020e-07	4.069600e-06
746           	7.546270e-06	4.421350e-06	7.847710e-07	3.995800e-06
747           	7.439310e-06	4.356420e-06	7.744640e-07	3.926100e-06
748           	7.333000e-06	4.291230e-06	7.643610e-07	3.857200e-06
749           	7.224660e-06	4.221050e-06	7.535800e-07	3.782650e-06
750           	7.114710e-06	4.152620e-06	7.433570e-07	3.712090e-06
751           	7.004090e-06	4.084360e-06	7.327030e-07	3.642270e-06
752           	6.891390e-06	4.010180e-06	7.217250e-07	3.566300e-06
753           	6.775880e-06	3.938590e-06	7.106770e-07	3.494060e-06
754           	6.661300e-06	3.866030e-06	6.995340e-07	3.422410e-06
755           	6.544420e-06	3.787600e-06	6.875830e-07	3.344550e-06
756           	6.425430e-06	3.711620e-06	6.760530e-07	3.270110e-06
757           	6.294780e-06	3.635790e-06	6.640970e-07	3.196760e-06
758           	6.176780e-06	3.535480e-06	6.524150e-07	3.105110e-06
759           	6.043580e-06	3.464140e-06	6.394130e-07	3.033490e-06
760           	5.924540e-06	3.373150e-06	6.279230e-07	2.951070e-06
761           	5.789610e-06	3.300220e-06	6.146920e-07	2.878480e-06
762           	5.668130e-06	3.210370e-06	6.034350e-07	2.796590e-06
763           	5.531980e-06	3.143160e-06	5.907170e-07	2.730800e-06
764           	5.402060e-06	3.049610e-06	5.792030e-07	2.646520e-06
765           	5.276990e-06	2.966880e-06	5.673580e-07	2.571280e-06
766           	5.142660e-06	2.904390e-06	5.554920e-07	2.511730e-06
767           	5.010120e-06	2.816720e-06	5.442860e-07	2.434000e-06
768           	4.887340e-06	2.736230e-06	5.332420e-07	2.361790e-06
769           	4.736540e-06	2.676710e-06	5.215260e-07	2.305080e-06
770           	4.619460e-06	2.599850e-06	5.097850e-07	2.236020e-06
771           	4.480270e-06	2.515910e-06	4.979520e-07	2.172840e-06
772           	4.374170e-06	2.447820e-06	4.868160e-07	2.109880e-06
773           	4.238210e-06	2.380570e-06	4.754910e-07	2.055720e-06
774           	4.121770e-06	2.311310e-06	4.660970e-07	1.993450e-06
775           	4.006800e-06	2.256770e-06	4.551660e-07	1.941800e-06
776           	3.903580e-06	2.194690e-06	4.451750e-07	1.886360e-06
777           	3.780320e-06	2.123820e-06	4.349970e-07	1.835530e-06
778           	3.669640e-06	2.064960e-06	4.254040e-07	1.784980e-06
779           	3.562900e-06	2.001110e-06	4.156380e-07	1.730340e-06
780           	3.458170e-06	1.942590e-06	4.067890e-07	1.681930e-06
781           	3.357180e-06	1.887120e-06	3.980610e-07	1.639390e-06
782           	3.259460e-06	1.828390e-06	3.896350e-07	1.593310e-06
783           	3.165430e-06	1.777070e-06	3.818410e-07	1.554910e-06
784           	3.075080e-06	1.729400e-06	3.743220e-07	1.521640e-06
785           	2.988550e-06	1.679130e-06	3.668730e-07	1.486550e-06
786           	2.914380e-06	1.636770e-06	3.600120e-07	1.459500e-06
787           	2.830080e-06	1.590440e-06	3.532790e-07	1.439020e-06
788           	2.769120e-06	1.555300e-06	3.466970e-07	1.416690e-06
789           	2.700540e-06	1.518380e-06	3.412250e-07	1.394530e-06
790           	2.650180e-06	1.498470e-06	3.357320e-07	1.378770e-06
791           	2.596230e-06	1.464240e-06	3.300610e-07	1.360070e-06
792           	2.544890e-06	1.438920e-06	3.247430e-07	1.347280e-06
793           	2.497860e-06	1.417530e-06	3.195360e-07	1.339210e-06
794           	2.454490e-06	1.393970e-06	3.143730e-07	1.327670e-06
795           	2.415080e-06	1.377370e-06	3.095430e-07	1.318770e-06
796           	2.379230e-06	1.362810e-06	3.049660e-07	1.314680e-06
797           	2.347030e-06	1.346580e-06	3.006890e-07	1.306560e-06
798           	2.318370e-06	1.335410e-06	2.968720e-07	1.301430e-06
799           	2.293240e-06	1.326030e-06	2.933150e-07	1.301420e-06
800           	2.270230e-06	1.314740e-06	2.900210e-07	1.297280e-06
801           	2.249660e-06	1.308690e-06	2.871290e-07	1.295330e-06
802           	2.231870e-06	1.304030e-06	2.844010e-07	1.298660e-06
803           	2.216390e-06	1.297670e-06	2.819810e-07	1.296450e-06
804           	2.202900e-06	1.295350e-06	2.798820e-07	1.296280e-06
805           	2.190530e-06	1.294020e-06	2.779720e-07	1.300590e-06
806           	2.185480e-06	1.290770e-06	2.761910e-07	1.299310e-06
807           	2.179660e-06	1.293060e-06	2.753270e-07	1.298020e-06
808           	2.173800e-06	1.297190e-06	2.743560e-07	1.302040e-06
809           	2.169020e-06	1.298360e-06	2.734150e-07	1.300200e-06
810           	2.164510e-06	1.300550e-06	2.723240e-07	1.299440e-06
811           	2.160330e-06	1.303440e-06	2.713380e-07	1.304280e-06
812           	2.157370e-06	1.303230e-06	2.703490e-07	1.302810e-06
813           	2.154930e-06	1.304670e-06	2.694930e-07	1.302080e-06
814           	2.152440e-06	1.307240e-06	2.686590e-07	1.306710e-06
815           	2.150880e-06	1.307810e-06	2.680260e-07	1.304980e-06
816           	2.149010e-06	1.309160e-06	2.672220e-07	1.303670e-06
817           	2.146850e-06	1.312870e-06	2.666800e-07	1.307520e-06
818           	2.145690e-06	1.314140e-06	2.661630e-07	1.304870e-06
819           	2.144310e-06	1.316440e-06	2.656740e-07	1.302820e-06
820           	2.143550e-06	1.320110e-06	2.652260e-07	1.305730e-06
821           	2.143420e-06	1.321950e-06	2.649940e-07	1.302180e-06
822           	2.144510e-06	1.324070e-06	2.644840e-07	1.299740e-06
823           	2.146290e-06	1.327300e-06	2.641460e-07	1.301700e-06
824           	2.148500e-06	1.328390e-06	2.637610e-07	1.297020e-06
825           	2.151110e-06	1.329720e-06	2.632130e-07	1.293350e-06
826           	2.152960e-06	1.331540e-06	2.626930e-07	1.293970e-06
827           	2.154480e-06	1.332170e-06	2.622480e-07	1.287550e-06
828           	2.155200e-06	1.331840e-06	2.614260e-07	1.282800e-06
829           	2.154100e-06	1.332610e-06	2.608080e-07	1.281910e-06
830           	2.152370e-06	1.331320e-06	2.600510e-07	1.273940e-06
831           	2.150290e-06	1.329790e-06	2.591260e-07	1.268220e-06
832           	2.146210e-06	1.328100e-06	2.582840e-07	1.265540e-06
833           	2.141260e-06	1.325840e-06	2.574680e-07	1.256100e-06
834           	2.136290e-06	1.321760e-06	2.563820e-07	1.249460e-06
835           	2.129450e-06	1.319210e-06	2.554940e-07	1.245660e-06
836           	2.121950e-06	1.314770e-06	2.545510e-07	1.235160e-06
837           	2.114910e-06	1.309690e-06	2.533460e-07	1.227290e-06
838           	2.101250e-06	1.304870e-06	2.522960e-07	1.222160e-06
839           	2.089540e-06	1.296120e-06	2.504090e-07	1.211210e-06
840           	2.079070e-06	1.285770e-06	2.485790e-07	1.202950e-06
841           	2.066020e-06	1.277670e-06	2.472140e-07	1.196490e-06
842           	2.052670e-06	1.268940e-06	2.459180e-07	1.184160e-06
843           	2.039200e-06	1.259030e-06	2.442080e-07	1.172940e-06
844           	2.022960e-06	1.249420e-06	2.424670e-07	1.164010e-06
845           	2.007100e-06	1.239480e-06	2.406700e-07	1.148850e-06
846           	1.991290e-06	1.227550e-06	2.385270e-07	1.136870e-06
847           	1.973510e-06	1.217140e-06	2.367170e-07	1.126840e-06
848           	1.955680e-06	1.204900e-06	2.347170e-07	1.110690e-06
849           	1.937760e-06	1.191870e-06	2.325030e-07	1.097430e-06
850           	1.917710e-06	1.179190e-06	2.305200e-07	1.085810e-06
851           	1.897840e-06	1.166420e-06	2.284800e-07	1.068400e-06
852           	1.877690e-06	1.151580e-06	2.261140e-07	1.054110e-06
853           	1.855630e-06	1.138770e-06	2.240210e-07	1.041140e-06
854           	1.833880e-06	1.124510e-06	2.218220e-07	1.023010e-06
855           	1.812200e-06	1.109520e-06	2.193950e-07	1.007900e-06
856           	1.788910e-06	1.095420e-06	2.172740e-07	9.941870e-07
857           	1.766210e-06	1.081800e-06	2.151270e-07	9.756670e-07
858           	1.743280e-06	1.065820e-06	2.127000e-07	9.604520e-07
859           	1.718930e-06	1.052230e-06	2.106150e-07	9.463900e-07
860           	1.695100e-06	1.037200e-06	2.084010e-07	9.275900e-07
861           	1.671270e-06	1.021110e-06	2.059970e-07	9.120420e-07
862           	1.645900e-06	1.006050e-06	2.038060e-07	8.976950e-07
863           	1.621050e-06	9.912450e-07	2.015710e-07	8.787120e-07
