# Residuals   
# Time        	p             	Ux            	Uy            	Uz            
1             	1.000000e+00	2.464640e-01	1.000000e+00	1.869390e-01
2             	1.164630e-01	5.766650e-01	2.981610e-01	6.027030e-01
3             	3.334340e-02	4.363750e-01	1.474120e-01	4.575340e-01
4             	4.866560e-02	3.021140e-01	9.370800e-02	3.030930e-01
5             	1.298610e-01	2.603890e-01	7.172400e-02	2.490380e-01
6             	1.485670e-01	2.223210e-01	5.682040e-02	2.002020e-01
7             	1.167120e-01	1.813250e-01	4.766700e-02	1.613790e-01
8             	1.146810e-01	1.416670e-01	4.074470e-02	1.373260e-01
9             	6.574690e-02	1.124010e-01	3.296860e-02	1.118780e-01
10            	5.082120e-02	9.806100e-02	2.638920e-02	9.102110e-02
11            	4.183160e-02	8.641160e-02	2.201570e-02	7.883010e-02
12            	3.848560e-02	7.603920e-02	1.892290e-02	6.879910e-02
13            	3.690910e-02	6.605800e-02	1.683770e-02	5.940890e-02
14            	3.702960e-02	5.874720e-02	1.537750e-02	5.267080e-02
15            	3.768430e-02	5.237730e-02	1.420290e-02	4.764500e-02
16            	3.885570e-02	4.686170e-02	1.294910e-02	4.268620e-02
17            	4.019390e-02	4.196670e-02	1.171600e-02	3.860350e-02
18            	4.105770e-02	3.747970e-02	1.066400e-02	3.536080e-02
19            	4.248640e-02	3.354900e-02	9.700710e-03	3.253270e-02
20            	4.391130e-02	3.052300e-02	8.748680e-03	2.995720e-02
21            	4.558630e-02	2.833580e-02	7.891510e-03	2.775610e-02
22            	4.823710e-02	2.644420e-02	7.188020e-03	2.595020e-02
23            	5.134770e-02	2.466100e-02	6.645260e-03	2.442730e-02
24            	5.347950e-02	2.318520e-02	6.218560e-03	2.306350e-02
25            	4.711800e-02	2.188720e-02	5.993170e-03	2.203610e-02
26            	4.268270e-02	2.062200e-02	5.731450e-03	2.099200e-02
27            	3.970230e-02	1.944780e-02	5.485590e-03	2.004960e-02
28            	3.778690e-02	1.826830e-02	5.211530e-03	1.923380e-02
29            	3.588270e-02	1.725500e-02	5.037560e-03	1.861060e-02
30            	3.400630e-02	1.638120e-02	4.886670e-03	1.798630e-02
31            	3.234940e-02	1.561170e-02	4.772670e-03	1.734710e-02
32            	3.131520e-02	1.507580e-02	4.714100e-03	1.688270e-02
33            	3.060810e-02	1.479370e-02	4.680280e-03	1.661440e-02
34            	3.004610e-02	1.470310e-02	4.636310e-03	1.654740e-02
35            	2.940570e-02	1.471060e-02	4.571500e-03	1.640220e-02
36            	2.869420e-02	1.472430e-02	4.514600e-03	1.613860e-02
37            	2.781220e-02	1.471910e-02	4.448220e-03	1.576590e-02
38            	2.705030e-02	1.470540e-02	4.374100e-03	1.531440e-02
39            	2.679800e-02	1.472170e-02	4.318800e-03	1.491160e-02
40            	2.684540e-02	1.481560e-02	4.266160e-03	1.460250e-02
41            	2.680110e-02	1.483610e-02	4.234030e-03	1.437040e-02
42            	2.684110e-02	1.480720e-02	4.194310e-03	1.425090e-02
43            	2.687670e-02	1.467710e-02	4.118330e-03	1.431400e-02
44            	2.668410e-02	1.429510e-02	3.982250e-03	1.426650e-02
45            	2.597800e-02	1.389120e-02	3.791850e-03	1.403830e-02
46            	2.496130e-02	1.334820e-02	3.588870e-03	1.356540e-02
47            	2.379440e-02	1.298780e-02	3.467920e-03	1.313000e-02
48            	2.266480e-02	1.281830e-02	3.427630e-03	1.288490e-02
49            	2.164180e-02	1.274050e-02	3.413550e-03	1.264390e-02
50            	2.090330e-02	1.278980e-02	3.391870e-03	1.253470e-02
51            	2.028240e-02	1.285240e-02	3.386980e-03	1.241640e-02
52            	2.000940e-02	1.284700e-02	3.384560e-03	1.244020e-02
53            	1.984850e-02	1.286840e-02	3.407080e-03	1.242690e-02
54            	1.996010e-02	1.302740e-02	3.480900e-03	1.251010e-02
55            	2.029130e-02	1.331820e-02	3.574390e-03	1.279160e-02
56            	2.071580e-02	1.374620e-02	3.692760e-03	1.320980e-02
57            	2.086410e-02	1.444520e-02	3.825660e-03	1.342350e-02
58            	2.061620e-02	1.529440e-02	3.955630e-03	1.351430e-02
59            	2.015060e-02	1.584880e-02	4.021010e-03	1.327040e-02
60            	1.977700e-02	1.608990e-02	3.996550e-03	1.303290e-02
61            	1.980070e-02	1.616370e-02	3.975090e-03	1.295550e-02
62            	2.038640e-02	1.609110e-02	3.972360e-03	1.297630e-02
63            	2.139440e-02	1.620970e-02	3.988300e-03	1.312760e-02
64            	2.306260e-02	1.671690e-02	4.029710e-03	1.385430e-02
65            	2.402230e-02	1.761870e-02	4.145470e-03	1.493540e-02
66            	2.458420e-02	1.887270e-02	4.347180e-03	1.580330e-02
67            	2.490740e-02	2.018380e-02	4.619520e-03	1.665720e-02
68            	2.508620e-02	2.156180e-02	4.919550e-03	1.750200e-02
69            	2.523700e-02	2.297990e-02	5.223080e-03	1.826470e-02
70            	2.549330e-02	2.438130e-02	5.549910e-03	1.911010e-02
71            	2.652700e-02	2.544900e-02	5.808280e-03	1.999670e-02
72            	2.823000e-02	2.602870e-02	5.968430e-03	2.072020e-02
73            	2.986940e-02	2.652050e-02	6.079280e-03	2.145130e-02
74            	3.181680e-02	2.713670e-02	6.339980e-03	2.253150e-02
75            	3.279860e-02	2.690010e-02	6.529910e-03	2.328680e-02
76            	3.381430e-02	2.709880e-02	6.662540e-03	2.387280e-02
77            	3.512780e-02	2.811480e-02	6.947770e-03	2.505170e-02
78            	3.629580e-02	2.952110e-02	7.229290e-03	2.612290e-02
79            	3.638300e-02	3.026700e-02	7.353290e-03	2.622540e-02
80            	3.511200e-02	3.022260e-02	7.331030e-03	2.526740e-02
81            	3.383190e-02	2.970410e-02	7.170910e-03	2.419340e-02
82            	3.389050e-02	2.854990e-02	6.984680e-03	2.328140e-02
83            	3.479790e-02	2.727510e-02	6.742120e-03	2.244380e-02
84            	3.571100e-02	2.570760e-02	6.410490e-03	2.105990e-02
85            	3.573380e-02	2.493990e-02	6.162570e-03	2.016520e-02
86            	3.540570e-02	2.502250e-02	6.026370e-03	2.007600e-02
87            	3.566490e-02	2.533570e-02	6.017840e-03	2.055550e-02
88            	3.555830e-02	2.575480e-02	5.997950e-03	2.147070e-02
89            	3.519580e-02	2.610650e-02	5.963490e-03	2.206780e-02
90            	3.494610e-02	2.630690e-02	6.022100e-03	2.242010e-02
91            	3.454720e-02	2.713590e-02	6.200650e-03	2.300230e-02
92            	3.416210e-02	2.803930e-02	6.361130e-03	2.323770e-02
93            	3.338130e-02	2.887550e-02	6.454100e-03	2.343210e-02
94            	3.270730e-02	2.982540e-02	6.579460e-03	2.379320e-02
95            	3.278120e-02	3.014020e-02	6.768150e-03	2.403850e-02
96            	3.373660e-02	3.008350e-02	6.810830e-03	2.419290e-02
97            	3.465980e-02	3.010550e-02	6.706060e-03	2.418550e-02
98            	3.618760e-02	3.060640e-02	6.797620e-03	2.488800e-02
99            	3.707420e-02	3.082650e-02	7.051430e-03	2.609170e-02
100           	3.752810e-02	3.073290e-02	7.245310e-03	2.683540e-02
101           	3.781370e-02	3.059480e-02	7.506880e-03	2.730090e-02
102           	3.798750e-02	3.103260e-02	7.713860e-03	2.747160e-02
103           	3.688550e-02	3.078970e-02	7.596920e-03	2.647650e-02
104           	3.502160e-02	2.990280e-02	7.360750e-03	2.482250e-02
105           	3.379990e-02	2.861950e-02	6.992780e-03	2.345580e-02
106           	3.356760e-02	2.717640e-02	6.580690e-03	2.233540e-02
107           	3.486820e-02	2.538790e-02	6.170460e-03	2.102200e-02
108           	3.559070e-02	2.374790e-02	5.871010e-03	2.015770e-02
109           	3.526000e-02	2.297870e-02	5.596990e-03	1.953450e-02
110           	3.419580e-02	2.290710e-02	5.393420e-03	1.940130e-02
111           	3.337850e-02	2.335950e-02	5.316560e-03	1.955660e-02
112           	3.255620e-02	2.372740e-02	5.292820e-03	1.981110e-02
113           	3.231370e-02	2.419310e-02	5.298690e-03	1.999400e-02
114           	3.212920e-02	2.463460e-02	5.372540e-03	2.038180e-02
115           	3.191500e-02	2.519070e-02	5.533290e-03	2.081620e-02
116           	3.166640e-02	2.592220e-02	5.782040e-03	2.126840e-02
117           	3.140820e-02	2.651580e-02	5.923240e-03	2.175600e-02
118           	3.183880e-02	2.697870e-02	5.989190e-03	2.212430e-02
119           	3.258620e-02	2.729430e-02	6.004640e-03	2.254520e-02
120           	3.397140e-02	2.769440e-02	6.074580e-03	2.299110e-02
121           	3.468100e-02	2.777720e-02	6.222310e-03	2.353510e-02
122           	3.447470e-02	2.726510e-02	6.356380e-03	2.395650e-02
123           	3.458610e-02	2.765680e-02	6.473650e-03	2.461420e-02
124           	3.544460e-02	2.863030e-02	6.724740e-03	2.540230e-02
125           	3.557850e-02	2.951640e-02	6.841250e-03	2.519750e-02
126           	3.465780e-02	2.961590e-02	6.849190e-03	2.431190e-02
127           	3.308380e-02	2.932550e-02	6.849930e-03	2.333730e-02
128           	3.276860e-02	2.910310e-02	6.809130e-03	2.304150e-02
129           	3.494830e-02	2.841950e-02	6.674790e-03	2.313510e-02
130           	3.713940e-02	2.735430e-02	6.477360e-03	2.261080e-02
131           	3.770130e-02	2.629390e-02	6.236050e-03	2.168640e-02
132           	3.688560e-02	2.570110e-02	6.057280e-03	2.104590e-02
133           	3.578450e-02	2.550610e-02	5.957490e-03	2.059410e-02
134           	3.443810e-02	2.575120e-02	5.967440e-03	2.068590e-02
135           	3.380650e-02	2.599820e-02	6.088140e-03	2.138210e-02
136           	3.380020e-02	2.630700e-02	6.189830e-03	2.203350e-02
137           	3.405230e-02	2.656170e-02	6.257230e-03	2.247610e-02
138           	3.490220e-02	2.668870e-02	6.304950e-03	2.284730e-02
139           	3.530930e-02	2.732330e-02	6.353990e-03	2.332300e-02
140           	3.472390e-02	2.779890e-02	6.395220e-03	2.327930e-02
141           	3.403200e-02	2.869550e-02	6.478250e-03	2.293130e-02
142           	3.285140e-02	2.966620e-02	6.598170e-03	2.269910e-02
143           	3.241700e-02	3.046590e-02	6.688080e-03	2.262560e-02
144           	3.296240e-02	3.078010e-02	6.660480e-03	2.316810e-02
145           	3.489750e-02	3.112190e-02	6.783940e-03	2.411970e-02
146           	3.613410e-02	3.109560e-02	7.103290e-03	2.508200e-02
147           	3.722110e-02	3.070900e-02	7.442510e-03	2.555050e-02
148           	3.823330e-02	3.029470e-02	7.562300e-03	2.592160e-02
149           	3.861850e-02	3.025860e-02	7.532560e-03	2.589940e-02
150           	3.789920e-02	3.013980e-02	7.339440e-03	2.521860e-02
151           	3.623810e-02	2.947020e-02	7.046390e-03	2.404920e-02
152           	3.407090e-02	2.906480e-02	6.729380e-03	2.293560e-02
153           	3.357980e-02	2.860430e-02	6.464240e-03	2.195240e-02
154           	3.372450e-02	2.758320e-02	6.182040e-03	2.113770e-02
155           	3.443200e-02	2.686270e-02	5.991420e-03	2.037870e-02
156           	3.454780e-02	2.669080e-02	5.939320e-03	1.969790e-02
157           	3.491320e-02	2.663530e-02	5.899170e-03	1.980390e-02
158           	3.468800e-02	2.621150e-02	5.818300e-03	2.015270e-02
159           	3.373380e-02	2.550090e-02	5.643440e-03	2.041270e-02
160           	3.272960e-02	2.479590e-02	5.488040e-03	2.036430e-02
161           	3.134530e-02	2.412530e-02	5.378070e-03	2.015410e-02
162           	2.982130e-02	2.384090e-02	5.252960e-03	1.973790e-02
163           	2.880010e-02	2.406570e-02	5.199640e-03	1.937900e-02
164           	2.810970e-02	2.419590e-02	5.162680e-03	1.895540e-02
165           	2.808580e-02	2.440670e-02	5.157290e-03	1.877700e-02
166           	2.806610e-02	2.485750e-02	5.207120e-03	1.888510e-02
167           	2.824900e-02	2.524470e-02	5.395640e-03	1.917420e-02
168           	2.884540e-02	2.567280e-02	5.705030e-03	1.958840e-02
169           	2.957460e-02	2.585650e-02	5.996470e-03	2.043580e-02
170           	3.001860e-02	2.607510e-02	6.116790e-03	2.100760e-02
171           	3.092380e-02	2.609320e-02	6.152910e-03	2.119100e-02
172           	3.164690e-02	2.649450e-02	6.168000e-03	2.115490e-02
173           	3.242930e-02	2.713680e-02	6.247200e-03	2.109070e-02
174           	3.323090e-02	2.808490e-02	6.449940e-03	2.138180e-02
175           	3.421680e-02	2.931560e-02	6.694290e-03	2.213150e-02
176           	3.519140e-02	3.033280e-02	6.888640e-03	2.257490e-02
177           	3.506200e-02	3.134250e-02	7.047180e-03	2.308070e-02
178           	3.597120e-02	3.252970e-02	7.224820e-03	2.402050e-02
179           	3.693180e-02	3.394520e-02	7.495240e-03	2.531770e-02
180           	3.779530e-02	3.472390e-02	7.784430e-03	2.661140e-02
181           	3.851910e-02	3.501850e-02	8.064060e-03	2.773140e-02
182           	3.934630e-02	3.521700e-02	8.194580e-03	2.885840e-02
183           	4.049410e-02	3.593420e-02	8.356300e-03	3.012920e-02
184           	4.152140e-02	3.675290e-02	8.671370e-03	3.115800e-02
185           	4.176570e-02	3.716220e-02	8.883300e-03	3.147960e-02
186           	4.238570e-02	3.806860e-02	9.017090e-03	3.171750e-02
187           	4.291280e-02	3.946470e-02	9.201880e-03	3.205500e-02
188           	4.376120e-02	4.088020e-02	9.490000e-03	3.284430e-02
189           	4.425290e-02	4.262560e-02	9.867260e-03	3.396750e-02
190           	4.389060e-02	4.322750e-02	1.019720e-02	3.465310e-02
191           	4.493220e-02	4.219080e-02	1.020120e-02	3.426690e-02
192           	4.676010e-02	4.002740e-02	9.732830e-03	3.258220e-02
193           	4.664290e-02	3.690220e-02	8.990550e-03	2.990250e-02
194           	4.449840e-02	3.342030e-02	8.423980e-03	2.749680e-02
195           	4.280470e-02	3.123770e-02	7.928680e-03	2.579980e-02
196           	4.280820e-02	3.035300e-02	7.434550e-03	2.461830e-02
197           	4.248060e-02	2.969960e-02	7.000670e-03	2.416880e-02
198           	4.107720e-02	2.885410e-02	6.647220e-03	2.399910e-02
199           	4.023520e-02	2.801780e-02	6.399540e-03	2.342410e-02
200           	3.983890e-02	2.802760e-02	6.268750e-03	2.297250e-02
201           	3.909600e-02	2.730500e-02	6.040640e-03	2.197190e-02
202           	3.781820e-02	2.635710e-02	5.694590e-03	2.076210e-02
203           	3.646830e-02	2.489730e-02	5.317760e-03	1.941070e-02
204           	3.507110e-02	2.323070e-02	4.974090e-03	1.856740e-02
205           	3.348890e-02	2.148630e-02	4.646810e-03	1.778060e-02
206           	3.170100e-02	1.984350e-02	4.321550e-03	1.680110e-02
207           	2.974920e-02	1.876270e-02	4.075490e-03	1.577030e-02
208           	2.786850e-02	1.846030e-02	3.893040e-03	1.495880e-02
209           	2.618390e-02	1.842630e-02	3.766940e-03	1.435250e-02
210           	2.432570e-02	1.873680e-02	3.785440e-03	1.401710e-02
211           	2.276980e-02	1.904010e-02	3.886210e-03	1.383130e-02
212           	2.210750e-02	1.931660e-02	4.104630e-03	1.395890e-02
213           	2.300650e-02	1.983410e-02	4.288210e-03	1.433860e-02
214           	2.450910e-02	2.045670e-02	4.401540e-03	1.478400e-02
215           	2.576710e-02	2.053730e-02	4.452010e-03	1.517350e-02
216           	2.667450e-02	2.040700e-02	4.389600e-03	1.547690e-02
217           	2.665310e-02	2.012240e-02	4.283300e-03	1.575120e-02
218           	2.619280e-02	2.035980e-02	4.265250e-03	1.595330e-02
219           	2.541160e-02	2.119550e-02	4.362890e-03	1.606650e-02
220           	2.463000e-02	2.213150e-02	4.484670e-03	1.599480e-02
221           	2.374590e-02	2.288890e-02	4.672670e-03	1.584610e-02
222           	2.330760e-02	2.329390e-02	4.809380e-03	1.557350e-02
223           	2.378880e-02	2.350130e-02	4.998700e-03	1.570550e-02
224           	2.581910e-02	2.383340e-02	5.180020e-03	1.619810e-02
225           	2.792190e-02	2.437120e-02	5.309180e-03	1.737320e-02
226           	2.972050e-02	2.457250e-02	5.333960e-03	1.853380e-02
227           	3.067210e-02	2.454970e-02	5.466160e-03	1.945410e-02
228           	3.109960e-02	2.490660e-02	5.598910e-03	2.023470e-02
229           	3.112440e-02	2.620870e-02	5.694770e-03	2.111550e-02
230           	3.068320e-02	2.779140e-02	5.861290e-03	2.148550e-02
231           	2.974060e-02	2.972470e-02	6.239960e-03	2.161690e-02
232           	2.895610e-02	3.149850e-02	6.616530e-03	2.180740e-02
233           	2.944450e-02	3.279960e-02	6.926100e-03	2.217090e-02
234           	3.185260e-02	3.367940e-02	7.259710e-03	2.282610e-02
235           	3.464300e-02	3.378660e-02	7.631130e-03	2.397730e-02
236           	3.670970e-02	3.269960e-02	7.771710e-03	2.460480e-02
237           	3.852110e-02	3.209700e-02	7.688860e-03	2.551780e-02
238           	3.966290e-02	3.166400e-02	7.520540e-03	2.650380e-02
239           	3.926290e-02	3.248300e-02	7.352180e-03	2.726850e-02
240           	3.796180e-02	3.347720e-02	7.392090e-03	2.687150e-02
241           	3.597940e-02	3.475780e-02	7.554910e-03	2.603460e-02
242           	3.480230e-02	3.591320e-02	7.737180e-03	2.548650e-02
243           	3.463830e-02	3.662670e-02	7.893830e-03	2.523580e-02
244           	3.544240e-02	3.695800e-02	8.115230e-03	2.519190e-02
245           	3.746600e-02	3.747580e-02	8.229450e-03	2.567160e-02
246           	4.008160e-02	3.803040e-02	8.270490e-03	2.687000e-02
247           	4.157010e-02	3.848710e-02	8.218850e-03	2.862530e-02
248           	4.236210e-02	3.744200e-02	8.193910e-03	2.941720e-02
249           	4.182490e-02	3.585400e-02	8.105670e-03	2.961040e-02
250           	4.106860e-02	3.533540e-02	8.047260e-03	2.970680e-02
251           	3.998880e-02	3.653060e-02	8.136240e-03	2.987300e-02
252           	3.832700e-02	3.790320e-02	8.238590e-03	2.919670e-02
253           	3.661110e-02	3.883640e-02	8.418140e-03	2.810270e-02
254           	3.553670e-02	3.979310e-02	8.571400e-03	2.754560e-02
255           	3.643540e-02	4.030230e-02	8.803580e-03	2.775610e-02
256           	3.998440e-02	4.033110e-02	8.951590e-03	2.834250e-02
257           	4.202580e-02	3.972070e-02	8.939620e-03	2.848080e-02
258           	4.290470e-02	3.773750e-02	8.625770e-03	2.824560e-02
259           	4.292400e-02	3.583970e-02	8.130540e-03	2.813180e-02
260           	4.167620e-02	3.411750e-02	7.569200e-03	2.791730e-02
261           	3.940770e-02	3.317980e-02	7.183650e-03	2.694580e-02
262           	3.672990e-02	3.301970e-02	6.997560e-03	2.558840e-02
263           	3.429730e-02	3.310230e-02	6.956810e-03	2.444430e-02
264           	3.330190e-02	3.324560e-02	7.066560e-03	2.402550e-02
265           	3.316880e-02	3.300280e-02	7.239710e-03	2.379230e-02
266           	3.434340e-02	3.301750e-02	7.301450e-03	2.336930e-02
267           	3.506170e-02	3.310160e-02	7.192150e-03	2.310940e-02
268           	3.608220e-02	3.268480e-02	6.977960e-03	2.278630e-02
269           	3.694840e-02	3.236700e-02	6.858790e-03	2.329980e-02
270           	3.660680e-02	3.158200e-02	6.609240e-03	2.399720e-02
271           	3.532600e-02	3.021270e-02	6.353740e-03	2.415040e-02
272           	3.426210e-02	2.903340e-02	6.152670e-03	2.405710e-02
273           	3.320510e-02	2.874290e-02	6.088280e-03	2.348830e-02
274           	3.160720e-02	2.942380e-02	6.138090e-03	2.295940e-02
275           	3.030690e-02	3.018620e-02	6.324850e-03	2.227700e-02
276           	2.968290e-02	3.109060e-02	6.514610e-03	2.163490e-02
277           	3.002800e-02	3.150110e-02	6.676010e-03	2.119920e-02
278           	3.133550e-02	3.137650e-02	6.768840e-03	2.112870e-02
279           	3.274200e-02	3.135530e-02	6.782940e-03	2.120930e-02
280           	3.366550e-02	3.057430e-02	6.658480e-03	2.144840e-02
281           	3.400320e-02	2.929630e-02	6.329040e-03	2.176390e-02
282           	3.326130e-02	2.795370e-02	5.904630e-03	2.197510e-02
283           	3.198480e-02	2.666540e-02	5.512290e-03	2.161750e-02
284           	3.014680e-02	2.601490e-02	5.239620e-03	2.058470e-02
285           	2.797510e-02	2.592590e-02	5.160130e-03	1.969030e-02
286           	2.600540e-02	2.616850e-02	5.236780e-03	1.880770e-02
287           	2.529610e-02	2.651620e-02	5.471090e-03	1.826770e-02
288           	2.551330e-02	2.656660e-02	5.680040e-03	1.801780e-02
289           	2.625050e-02	2.687020e-02	5.805460e-03	1.792680e-02
290           	2.811490e-02	2.708510e-02	5.850430e-03	1.803170e-02
291           	2.930750e-02	2.659320e-02	5.699600e-03	1.802480e-02
292           	2.964810e-02	2.573790e-02	5.409130e-03	1.839150e-02
293           	2.915660e-02	2.436720e-02	5.006530e-03	1.850060e-02
294           	2.809710e-02	2.281400e-02	4.618680e-03	1.817270e-02
295           	2.623070e-02	2.169970e-02	4.381020e-03	1.744190e-02
296           	2.443350e-02	2.129540e-02	4.327210e-03	1.668010e-02
297           	2.258530e-02	2.147440e-02	4.382410e-03	1.608170e-02
298           	2.164870e-02	2.191710e-02	4.540610e-03	1.556640e-02
299           	2.154840e-02	2.220610e-02	4.720860e-03	1.520300e-02
300           	2.245080e-02	2.240810e-02	4.802080e-03	1.499060e-02
301           	2.323810e-02	2.225580e-02	4.786540e-03	1.496030e-02
302           	2.394180e-02	2.159100e-02	4.620540e-03	1.487280e-02
303           	2.392740e-02	2.072440e-02	4.338650e-03	1.473240e-02
304           	2.350060e-02	1.945600e-02	3.955580e-03	1.445220e-02
305           	2.236660e-02	1.809840e-02	3.562290e-03	1.405430e-02
306           	2.068230e-02	1.689470e-02	3.262550e-03	1.339640e-02
307           	1.880690e-02	1.595100e-02	3.049050e-03	1.232410e-02
308           	1.705490e-02	1.550070e-02	2.973220e-03	1.152700e-02
309           	1.582960e-02	1.536220e-02	3.064290e-03	1.098590e-02
310           	1.555500e-02	1.537370e-02	3.204110e-03	1.068970e-02
311           	1.587380e-02	1.549220e-02	3.315260e-03	1.061800e-02
312           	1.667960e-02	1.558670e-02	3.357910e-03	1.069730e-02
313           	1.755890e-02	1.529880e-02	3.307150e-03	1.063160e-02
314           	1.786240e-02	1.478700e-02	3.140710e-03	1.042660e-02
315           	1.758000e-02	1.397130e-02	2.881560e-03	1.015520e-02
316           	1.672950e-02	1.293040e-02	2.580370e-03	9.768620e-03
317           	1.554430e-02	1.173560e-02	2.330120e-03	9.248850e-03
318           	1.414630e-02	1.074610e-02	2.185830e-03	8.625990e-03
319           	1.283040e-02	1.014910e-02	2.111670e-03	8.148210e-03
320           	1.178630e-02	9.936320e-03	2.097650e-03	7.886750e-03
321           	1.130600e-02	9.967390e-03	2.156190e-03	7.809990e-03
322           	1.119450e-02	1.007920e-02	2.225140e-03	7.721330e-03
323           	1.113120e-02	1.016600e-02	2.235420e-03	7.635100e-03
324           	1.123420e-02	9.929670e-03	2.197960e-03	7.422630e-03
325           	1.139370e-02	9.585280e-03	2.097220e-03	7.185810e-03
326           	1.129290e-02	9.091220e-03	1.926710e-03	6.907770e-03
327           	1.089910e-02	8.416170e-03	1.715080e-03	6.476720e-03
328           	1.025120e-02	7.588420e-03	1.492320e-03	5.978380e-03
329           	9.430790e-03	6.742460e-03	1.302170e-03	5.424340e-03
330           	8.611650e-03	6.048750e-03	1.170800e-03	4.943390e-03
331           	7.849230e-03	5.581440e-03	1.095030e-03	4.538720e-03
332           	7.244450e-03	5.299490e-03	1.068500e-03	4.240150e-03
333           	6.755140e-03	5.163840e-03	1.074910e-03	4.056820e-03
334           	6.401980e-03	5.081430e-03	1.086290e-03	3.945770e-03
335           	6.234160e-03	5.019170e-03	1.087440e-03	3.879260e-03
336           	6.240450e-03	4.895140e-03	1.068530e-03	3.789090e-03
337           	6.334370e-03	4.752300e-03	1.027480e-03	3.693800e-03
338           	6.312300e-03	4.597950e-03	9.670460e-04	3.563160e-03
339           	6.144130e-03	4.349680e-03	8.899010e-04	3.401790e-03
340           	5.853770e-03	4.048730e-03	8.075080e-04	3.193000e-03
341           	5.481030e-03	3.702720e-03	7.310400e-04	2.978200e-03
342           	5.045130e-03	3.368550e-03	6.747410e-04	2.762630e-03
343           	4.609540e-03	3.119230e-03	6.354440e-04	2.581350e-03
344           	4.213770e-03	2.947890e-03	6.112000e-04	2.431230e-03
345           	3.883600e-03	2.826070e-03	6.043110e-04	2.337430e-03
346           	3.611340e-03	2.746340e-03	6.099040e-04	2.310010e-03
347           	3.448130e-03	2.692950e-03	6.187940e-04	2.312570e-03
348           	3.359840e-03	2.652860e-03	6.203390e-04	2.302220e-03
349           	3.328980e-03	2.605770e-03	6.096910e-04	2.271530e-03
350           	3.349180e-03	2.553850e-03	5.863840e-04	2.213190e-03
351           	3.347810e-03	2.476750e-03	5.549530e-04	2.128690e-03
352           	3.315250e-03	2.367700e-03	5.187650e-04	2.030170e-03
353           	3.255060e-03	2.240260e-03	4.804050e-04	1.920220e-03
354           	3.178470e-03	2.095750e-03	4.428130e-04	1.800310e-03
355           	3.097780e-03	1.944800e-03	4.084470e-04	1.681310e-03
356           	3.001330e-03	1.812380e-03	3.790570e-04	1.579700e-03
357           	2.900500e-03	1.694510e-03	3.553760e-04	1.490470e-03
358           	2.795620e-03	1.594700e-03	3.370970e-04	1.412300e-03
359           	2.690910e-03	1.515740e-03	3.223980e-04	1.348990e-03
360           	2.588770e-03	1.458000e-03	3.104030e-04	1.297290e-03
361           	2.489310e-03	1.416210e-03	3.003700e-04	1.257050e-03
362           	2.399160e-03	1.381530e-03	2.917630e-04	1.226420e-03
363           	2.317410e-03	1.352060e-03	2.837750e-04	1.202920e-03
364           	2.247800e-03	1.324960e-03	2.758410e-04	1.183570e-03
365           	2.186010e-03	1.295510e-03	2.682970e-04	1.164280e-03
366           	2.131940e-03	1.267090e-03	2.610840e-04	1.144400e-03
367           	2.084560e-03	1.238220e-03	2.539950e-04	1.122350e-03
368           	2.041240e-03	1.209280e-03	2.470650e-04	1.099790e-03
369           	2.005880e-03	1.180270e-03	2.403220e-04	1.076500e-03
370           	1.970420e-03	1.152060e-03	2.340450e-04	1.049550e-03
371           	1.931690e-03	1.126770e-03	2.279610e-04	1.023390e-03
372           	1.903540e-03	1.101130e-03	2.214770e-04	1.000000e-03
373           	1.869860e-03	1.072820e-03	2.152400e-04	9.707590e-04
374           	1.839270e-03	1.051570e-03	2.089650e-04	9.508860e-04
375           	1.805610e-03	1.018360e-03	2.021930e-04	9.172680e-04
376           	1.767970e-03	9.929310e-04	1.955690e-04	8.901160e-04
377           	1.728740e-03	9.667620e-04	1.887790e-04	8.632530e-04
378           	1.688320e-03	9.378030e-04	1.821250e-04	8.355750e-04
379           	1.647290e-03	9.077020e-04	1.757500e-04	8.087950e-04
380           	1.605840e-03	8.770850e-04	1.697720e-04	7.828280e-04
381           	1.564080e-03	8.469110e-04	1.642380e-04	7.581820e-04
382           	1.523160e-03	8.194650e-04	1.591630e-04	7.364920e-04
383           	1.481900e-03	7.917860e-04	1.547870e-04	7.181990e-04
384           	1.441350e-03	7.666710e-04	1.511300e-04	7.016920e-04
385           	1.402570e-03	7.441710e-04	1.480570e-04	6.875770e-04
386           	1.365370e-03	7.242820e-04	1.455440e-04	6.751120e-04
387           	1.330320e-03	7.072310e-04	1.435370e-04	6.638810e-04
388           	1.296670e-03	6.935940e-04	1.420640e-04	6.536450e-04
389           	1.265870e-03	6.819290e-04	1.409270e-04	6.445660e-04
390           	1.236620e-03	6.720800e-04	1.401010e-04	6.368770e-04
391           	1.210340e-03	6.581960e-04	1.392470e-04	6.257540e-04
392           	1.187000e-03	6.475530e-04	1.388480e-04	6.171540e-04
393           	1.165780e-03	6.400510e-04	1.386860e-04	6.107460e-04
394           	1.146950e-03	6.344320e-04	1.384870e-04	6.055820e-04
395           	1.130700e-03	6.301470e-04	1.382180e-04	6.010040e-04
396           	1.115790e-03	6.263540e-04	1.378880e-04	5.973180e-04
397           	1.101390e-03	6.233960e-04	1.375570e-04	5.939200e-04
398           	1.089150e-03	6.212630e-04	1.372160e-04	5.905190e-04
399           	1.079610e-03	6.200970e-04	1.368590e-04	5.874470e-04
400           	1.071880e-03	6.198890e-04	1.365260e-04	5.852610e-04
401           	1.065720e-03	6.212160e-04	1.363280e-04	5.841320e-04
402           	1.060710e-03	6.230560e-04	1.363100e-04	5.838890e-04
403           	1.056980e-03	6.254710e-04	1.365110e-04	5.847430e-04
404           	1.055390e-03	6.280320e-04	1.369240e-04	5.863490e-04
405           	1.054790e-03	6.312050e-04	1.376040e-04	5.887980e-04
406           	1.055580e-03	6.350000e-04	1.385400e-04	5.914750e-04
407           	1.057820e-03	6.396980e-04	1.397210e-04	5.947130e-04
408           	1.061720e-03	6.447980e-04	1.411180e-04	5.983470e-04
409           	1.067470e-03	6.500530e-04	1.427460e-04	6.026130e-04
410           	1.074110e-03	6.557720e-04	1.444700e-04	6.070980e-04
411           	1.081690e-03	6.615720e-04	1.462220e-04	6.126340e-04
412           	1.089880e-03	6.672180e-04	1.479950e-04	6.180910e-04
413           	1.098760e-03	6.727500e-04	1.497770e-04	6.237340e-04
414           	1.107340e-03	6.783670e-04	1.515330e-04	6.287810e-04
415           	1.116130e-03	6.841100e-04	1.533030e-04	6.341400e-04
416           	1.125100e-03	6.894060e-04	1.550410e-04	6.401110e-04
417           	1.134300e-03	6.943960e-04	1.567250e-04	6.463950e-04
418           	1.143590e-03	6.992040e-04	1.583260e-04	6.529330e-04
419           	1.152680e-03	7.036040e-04	1.597900e-04	6.592700e-04
420           	1.161300e-03	7.074280e-04	1.611750e-04	6.655960e-04
421           	1.169270e-03	7.112090e-04	1.625060e-04	6.708260e-04
422           	1.176760e-03	7.145810e-04	1.636560e-04	6.762050e-04
423           	1.183530e-03	7.179950e-04	1.646490e-04	6.823820e-04
424           	1.189440e-03	7.210280e-04	1.655710e-04	6.877040e-04
425           	1.194550e-03	7.232820e-04	1.664390e-04	6.924030e-04
426           	1.199370e-03	7.257650e-04	1.672480e-04	6.978980e-04
427           	1.204140e-03	7.283370e-04	1.679930e-04	7.029890e-04
428           	1.208730e-03	7.306530e-04	1.686360e-04	7.078170e-04
429           	1.213060e-03	7.324320e-04	1.692120e-04	7.124460e-04
430           	1.217180e-03	7.339570e-04	1.697040e-04	7.167760e-04
431           	1.220920e-03	7.359160e-04	1.701420e-04	7.209910e-04
432           	1.224150e-03	7.368790e-04	1.705690e-04	7.243390e-04
433           	1.226010e-03	7.369520e-04	1.708650e-04	7.269900e-04
434           	1.226960e-03	7.369380e-04	1.710610e-04	7.292090e-04
435           	1.227040e-03	7.370230e-04	1.710580e-04	7.298250e-04
436           	1.226400e-03	7.367700e-04	1.710730e-04	7.305290e-04
437           	1.225020e-03	7.365370e-04	1.709430e-04	7.311610e-04
438           	1.222350e-03	7.356620e-04	1.707560e-04	7.316950e-04
439           	1.218910e-03	7.346880e-04	1.705370e-04	7.325200e-04
440           	1.215410e-03	7.335230e-04	1.701890e-04	7.321560e-04
441           	1.211790e-03	7.316940e-04	1.696960e-04	7.307900e-04
442           	1.207270e-03	7.297620e-04	1.690280e-04	7.288760e-04
443           	1.201380e-03	7.276450e-04	1.682080e-04	7.256970e-04
444           	1.194420e-03	7.247570e-04	1.672390e-04	7.220330e-04
445           	1.187070e-03	7.221260e-04	1.661320e-04	7.179540e-04
446           	1.179250e-03	7.192150e-04	1.649460e-04	7.147580e-04
447           	1.170310e-03	7.155330e-04	1.637820e-04	7.110430e-04
448           	1.160810e-03	7.116720e-04	1.626930e-04	7.067700e-04
449           	1.150540e-03	7.080200e-04	1.615410e-04	7.023330e-04
450           	1.139660e-03	7.034860e-04	1.603650e-04	6.980890e-04
451           	1.128980e-03	6.989710e-04	1.590960e-04	6.932810e-04
452           	1.118300e-03	6.943650e-04	1.577980e-04	6.878380e-04
453           	1.107470e-03	6.899160e-04	1.563560e-04	6.825060e-04
454           	1.095930e-03	6.850990e-04	1.547370e-04	6.765440e-04
455           	1.083850e-03	6.793090e-04	1.529940e-04	6.699870e-04
456           	1.071070e-03	6.726360e-04	1.512210e-04	6.623780e-04
457           	1.057750e-03	6.659170e-04	1.493790e-04	6.548730e-04
458           	1.044340e-03	6.592420e-04	1.474860e-04	6.480060e-04
459           	1.030590e-03	6.522540e-04	1.455390e-04	6.404920e-04
460           	1.016800e-03	6.450890e-04	1.435280e-04	6.331100e-04
461           	1.003030e-03	6.373680e-04	1.415350e-04	6.254820e-04
462           	9.890600e-04	6.295020e-04	1.395430e-04	6.177820e-04
463           	9.748370e-04	6.220120e-04	1.375430e-04	6.093570e-04
464           	9.600790e-04	6.141580e-04	1.355050e-04	6.006280e-04
465           	9.452220e-04	6.065510e-04	1.334890e-04	5.920310e-04
466           	9.299470e-04	5.986870e-04	1.314640e-04	5.835760e-04
467           	9.146470e-04	5.902300e-04	1.293970e-04	5.749000e-04
468           	9.011480e-04	5.812420e-04	1.272460e-04	5.659520e-04
469           	8.852700e-04	5.767220e-04	1.252770e-04	5.600400e-04
470           	8.694930e-04	5.658560e-04	1.230080e-04	5.500900e-04
471           	8.551510e-04	5.551400e-04	1.206830e-04	5.399810e-04
472           	8.402140e-04	5.492400e-04	1.185680e-04	5.329170e-04
473           	8.239250e-04	5.424290e-04	1.164280e-04	5.255210e-04
474           	8.094160e-04	5.306070e-04	1.140550e-04	5.144120e-04
475           	7.950440e-04	5.236860e-04	1.118580e-04	5.059260e-04
476           	7.812400e-04	5.162960e-04	1.096720e-04	4.975820e-04
477           	7.673610e-04	5.079270e-04	1.074500e-04	4.889320e-04
478           	7.535450e-04	4.991780e-04	1.051570e-04	4.796700e-04
479           	7.396750e-04	4.898250e-04	1.027900e-04	4.698380e-04
480           	7.257940e-04	4.804330e-04	1.003990e-04	4.599000e-04
481           	7.119200e-04	4.707560e-04	9.797700e-05	4.500110e-04
482           	6.983170e-04	4.610590e-04	9.552400e-05	4.400230e-04
483           	6.848610e-04	4.511720e-04	9.309060e-05	4.298840e-04
484           	6.714900e-04	4.412930e-04	9.066150e-05	4.200530e-04
485           	6.583050e-04	4.316620e-04	8.827360e-05	4.102200e-04
486           	6.456110e-04	4.221300e-04	8.596950e-05	4.011120e-04
487           	6.330040e-04	4.126570e-04	8.365580e-05	3.917970e-04
488           	6.223160e-04	4.032800e-04	8.141160e-05	3.825090e-04
489           	6.091740e-04	3.944650e-04	7.940760e-05	3.725110e-04
490           	5.969050e-04	3.858440e-04	7.729170e-05	3.641020e-04
491           	5.864600e-04	3.768910e-04	7.521910e-05	3.558840e-04
492           	5.739740e-04	3.683480e-04	7.332260e-05	3.466060e-04
493           	5.639310e-04	3.600230e-04	7.134080e-05	3.387850e-04
494           	5.535490e-04	3.519830e-04	6.956440e-05	3.301990e-04
495           	5.420050e-04	3.443910e-04	6.785010e-05	3.223090e-04
496           	5.327300e-04	3.367530e-04	6.604270e-05	3.156900e-04
497           	5.230480e-04	3.292640e-04	6.440560e-05	3.083460e-04
498           	5.133790e-04	3.221760e-04	6.280670e-05	3.013460e-04
499           	5.039400e-04	3.153600e-04	6.126740e-05	2.948050e-04
500           	4.948550e-04	3.088190e-04	5.975930e-05	2.885470e-04
501           	4.859840e-04	3.024430e-04	5.830660e-05	2.823520e-04
502           	4.770640e-04	2.962190e-04	5.689040e-05	2.760910e-04
503           	4.682030e-04	2.899410e-04	5.553390e-05	2.700600e-04
504           	4.594190e-04	2.837220e-04	5.420760e-05	2.644260e-04
505           	4.506620e-04	2.777120e-04	5.294120e-05	2.589720e-04
506           	4.419960e-04	2.717010e-04	5.172950e-05	2.536740e-04
507           	4.335110e-04	2.659810e-04	5.056820e-05	2.487470e-04
508           	4.253100e-04	2.604660e-04	4.944570e-05	2.439410e-04
509           	4.173780e-04	2.551010e-04	4.836340e-05	2.392130e-04
510           	4.096750e-04	2.499560e-04	4.732360e-05	2.346410e-04
511           	4.021740e-04	2.450190e-04	4.629090e-05	2.303330e-04
512           	3.949780e-04	2.401990e-04	4.528580e-05	2.260770e-04
513           	3.882410e-04	2.356070e-04	4.434390e-05	2.221940e-04
514           	3.815840e-04	2.309780e-04	4.339850e-05	2.181540e-04
515           	3.751310e-04	2.263690e-04	4.246490e-05	2.141880e-04
516           	3.688210e-04	2.219700e-04	4.157950e-05	2.105360e-04
517           	3.627410e-04	2.178370e-04	4.072580e-05	2.069450e-04
518           	3.568750e-04	2.138610e-04	3.991390e-05	2.034080e-04
519           	3.511340e-04	2.100490e-04	3.913430e-05	2.000160e-04
520           	3.454930e-04	2.063690e-04	3.837910e-05	1.968940e-04
521           	3.400150e-04	2.028970e-04	3.766450e-05	1.940630e-04
522           	3.346580e-04	1.993620e-04	3.697870e-05	1.913430e-04
523           	3.294930e-04	1.960600e-04	3.632550e-05	1.888720e-04
524           	3.245390e-04	1.929980e-04	3.571080e-05	1.863340e-04
525           	3.197560e-04	1.901580e-04	3.514290e-05	1.839030e-04
526           	3.151930e-04	1.873840e-04	3.461320e-05	1.815500e-04
527           	3.109030e-04	1.848320e-04	3.410850e-05	1.794290e-04
528           	3.068080e-04	1.823560e-04	3.363970e-05	1.775330e-04
529           	3.028590e-04	1.799210e-04	3.319380e-05	1.755940e-04
530           	2.991040e-04	1.775800e-04	3.278360e-05	1.737090e-04
531           	2.955170e-04	1.753910e-04	3.238820e-05	1.719010e-04
532           	2.920970e-04	1.733180e-04	3.198680e-05	1.701220e-04
533           	2.889070e-04	1.713840e-04	3.159660e-05	1.683450e-04
534           	2.859820e-04	1.695460e-04	3.122140e-05	1.666490e-04
535           	2.831070e-04	1.679090e-04	3.086400e-05	1.650140e-04
536           	2.803050e-04	1.662190e-04	3.050660e-05	1.634950e-04
537           	2.775890e-04	1.645880e-04	3.016280e-05	1.620930e-04
538           	2.749860e-04	1.631280e-04	2.984150e-05	1.605590e-04
539           	2.724180e-04	1.617350e-04	2.954290e-05	1.590440e-04
540           	2.698610e-04	1.604080e-04	2.926290e-05	1.575420e-04
541           	2.674090e-04	1.591690e-04	2.899600e-05	1.562790e-04
542           	2.650760e-04	1.579730e-04	2.875220e-05	1.551970e-04
543           	2.628880e-04	1.568990e-04	2.852850e-05	1.541110e-04
544           	2.607490e-04	1.558320e-04	2.831750e-05	1.530550e-04
545           	2.586700e-04	1.548810e-04	2.812950e-05	1.520650e-04
546           	2.566360e-04	1.539430e-04	2.795060e-05	1.511050e-04
547           	2.546200e-04	1.530340e-04	2.777950e-05	1.502830e-04
548           	2.526820e-04	1.521390e-04	2.762410e-05	1.495260e-04
549           	2.513270e-04	1.513220e-04	2.748340e-05	1.488870e-04
550           	2.492730e-04	1.502790e-04	2.739040e-05	1.484820e-04
551           	2.480400e-04	1.496720e-04	2.725500e-05	1.477490e-04
552           	2.460960e-04	1.488950e-04	2.717870e-05	1.472640e-04
553           	2.449600e-04	1.485310e-04	2.703570e-05	1.466230e-04
554           	2.432380e-04	1.479170e-04	2.696330e-05	1.462800e-04
555           	2.424240e-04	1.476710e-04	2.685000e-05	1.455860e-04
556           	2.409270e-04	1.471210e-04	2.679030e-05	1.454960e-04
557           	2.403300e-04	1.469120e-04	2.668020e-05	1.449330e-04
558           	2.395120e-04	1.464270e-04	2.661930e-05	1.447340e-04
559           	2.387770e-04	1.460750e-04	2.656250e-05	1.444610e-04
560           	2.376540e-04	1.457820e-04	2.649800e-05	1.441620e-04
561           	2.373170e-04	1.458740e-04	2.640710e-05	1.439010e-04
562           	2.366590e-04	1.456780e-04	2.637690e-05	1.438990e-04
563           	2.359970e-04	1.454480e-04	2.633640e-05	1.437730e-04
564           	2.354590e-04	1.452230e-04	2.632140e-05	1.436760e-04
565           	2.350130e-04	1.450490e-04	2.631220e-05	1.436310e-04
566           	2.347090e-04	1.449840e-04	2.631550e-05	1.436610e-04
567           	2.344460e-04	1.449060e-04	2.634370e-05	1.438300e-04
568           	2.342910e-04	1.449570e-04	2.638440e-05	1.441460e-04
569           	2.343150e-04	1.451400e-04	2.644880e-05	1.443320e-04
570           	2.345050e-04	1.454190e-04	2.654100e-05	1.446090e-04
571           	2.346450e-04	1.457470e-04	2.666190e-05	1.449860e-04
572           	2.348640e-04	1.461820e-04	2.679440e-05	1.454520e-04
573           	2.353020e-04	1.467260e-04	2.692930e-05	1.460340e-04
574           	2.359280e-04	1.473440e-04	2.708560e-05	1.470130e-04
575           	2.367430e-04	1.480450e-04	2.725720e-05	1.478330e-04
576           	2.376930e-04	1.488160e-04	2.744630e-05	1.487500e-04
577           	2.387470e-04	1.495800e-04	2.764820e-05	1.495940e-04
578           	2.398350e-04	1.503560e-04	2.785020e-05	1.506260e-04
579           	2.410190e-04	1.510950e-04	2.805700e-05	1.516750e-04
580           	2.423710e-04	1.519230e-04	2.826850e-05	1.527190e-04
581           	2.439140e-04	1.528070e-04	2.848940e-05	1.536930e-04
582           	2.451700e-04	1.537430e-04	2.871380e-05	1.547400e-04
583           	2.471310e-04	1.551420e-04	2.890370e-05	1.556140e-04
584           	2.487740e-04	1.558920e-04	2.914710e-05	1.567760e-04
585           	2.500330e-04	1.567350e-04	2.937330e-05	1.580720e-04
586           	2.521550e-04	1.580120e-04	2.956680e-05	1.589510e-04
587           	2.535150e-04	1.588010e-04	2.981130e-05	1.601000e-04
588           	2.556490e-04	1.600570e-04	3.001060e-05	1.609920e-04
589           	2.570320e-04	1.607420e-04	3.025420e-05	1.621780e-04
590           	2.587720e-04	1.620420e-04	3.045550e-05	1.630260e-04
591           	2.609620e-04	1.632820e-04	3.067020e-05	1.640220e-04
592           	2.623120e-04	1.640270e-04	3.093190e-05	1.653860e-04
593           	2.640350e-04	1.652920e-04	3.115820e-05	1.663690e-04
594           	2.658050e-04	1.666430e-04	3.140480e-05	1.674490e-04
595           	2.675440e-04	1.678770e-04	3.166340e-05	1.685470e-04
596           	2.692350e-04	1.690990e-04	3.193880e-05	1.695760e-04
597           	2.708320e-04	1.703190e-04	3.220790e-05	1.706070e-04
598           	2.723950e-04	1.715040e-04	3.248640e-05	1.716730e-04
599           	2.739120e-04	1.727430e-04	3.276950e-05	1.727700e-04
600           	2.754560e-04	1.740280e-04	3.304180e-05	1.738620e-04
601           	2.769820e-04	1.751790e-04	3.328870e-05	1.748390e-04
602           	2.785140e-04	1.761990e-04	3.353250e-05	1.757470e-04
603           	2.800570e-04	1.772750e-04	3.377260e-05	1.766090e-04
604           	2.816620e-04	1.783660e-04	3.400850e-05	1.774740e-04
605           	2.833640e-04	1.793960e-04	3.423960e-05	1.783580e-04
606           	2.851300e-04	1.804020e-04	3.447340e-05	1.792130e-04
607           	2.868150e-04	1.813770e-04	3.469470e-05	1.800710e-04
608           	2.884310e-04	1.823370e-04	3.491920e-05	1.809530e-04
609           	2.900610e-04	1.833720e-04	3.514470e-05	1.818210e-04
610           	2.916570e-04	1.845170e-04	3.536820e-05	1.826700e-04
611           	2.932980e-04	1.855860e-04	3.560040e-05	1.835740e-04
612           	2.948200e-04	1.863410e-04	3.582260e-05	1.843470e-04
613           	2.963190e-04	1.872680e-04	3.603220e-05	1.850080e-04
614           	2.977880e-04	1.882450e-04	3.623760e-05	1.856150e-04
615           	2.992570e-04	1.892510e-04	3.643790e-05	1.862580e-04
616           	3.007430e-04	1.902140e-04	3.662510e-05	1.867830e-04
617           	3.021190e-04	1.911470e-04	3.680850e-05	1.872380e-04
618           	3.034400e-04	1.921150e-04	3.698720e-05	1.878280e-04
619           	3.046190e-04	1.929960e-04	3.716360e-05	1.883360e-04
620           	3.057500e-04	1.938130e-04	3.734390e-05	1.887870e-04
621           	3.068660e-04	1.946880e-04	3.750890e-05	1.892030e-04
622           	3.079180e-04	1.955990e-04	3.769160e-05	1.896230e-04
623           	3.089500e-04	1.965220e-04	3.788280e-05	1.900180e-04
624           	3.099460e-04	1.974360e-04	3.808050e-05	1.905250e-04
625           	3.109480e-04	1.983710e-04	3.828660e-05	1.911240e-04
626           	3.120180e-04	1.993080e-04	3.850310e-05	1.915750e-04
627           	3.130970e-04	2.003060e-04	3.872020e-05	1.920430e-04
628           	3.141870e-04	2.012680e-04	3.893470e-05	1.925930e-04
629           	3.152930e-04	2.022190e-04	3.913230e-05	1.930620e-04
630           	3.164770e-04	2.031910e-04	3.931430e-05	1.935610e-04
631           	3.177430e-04	2.041460e-04	3.948450e-05	1.940570e-04
632           	3.189920e-04	2.050580e-04	3.964230e-05	1.945680e-04
633           	3.203090e-04	2.059210e-04	3.978820e-05	1.949090e-04
634           	3.215720e-04	2.068650e-04	3.991980e-05	1.951730e-04
635           	3.227960e-04	2.077100e-04	4.001500e-05	1.953840e-04
636           	3.240190e-04	2.085190e-04	4.009830e-05	1.955510e-04
637           	3.252350e-04	2.092550e-04	4.017300e-05	1.956220e-04
638           	3.264230e-04	2.100000e-04	4.024760e-05	1.956880e-04
639           	3.275880e-04	2.107140e-04	4.031960e-05	1.957520e-04
640           	3.286800e-04	2.113630e-04	4.038100e-05	1.957410e-04
641           	3.296790e-04	2.120180e-04	4.043910e-05	1.957410e-04
642           	3.307300e-04	2.126500e-04	4.049480e-05	1.957690e-04
643           	3.317620e-04	2.132640e-04	4.055010e-05	1.958000e-04
644           	3.328140e-04	2.139450e-04	4.060940e-05	1.958470e-04
645           	3.338800e-04	2.146000e-04	4.066520e-05	1.959660e-04
646           	3.349570e-04	2.152310e-04	4.071510e-05	1.960640e-04
647           	3.360380e-04	2.158520e-04	4.076820e-05	1.961780e-04
648           	3.371800e-04	2.165350e-04	4.082890e-05	1.963280e-04
649           	3.384030e-04	2.172580e-04	4.088980e-05	1.965320e-04
650           	3.396480e-04	2.180170e-04	4.095710e-05	1.966590e-04
651           	3.409970e-04	2.187390e-04	4.102210e-05	1.967980e-04
652           	3.424580e-04	2.194430e-04	4.108600e-05	1.969300e-04
653           	3.438830e-04	2.201810e-04	4.114970e-05	1.970890e-04
654           	3.453650e-04	2.210400e-04	4.121670e-05	1.972150e-04
655           	3.468750e-04	2.218970e-04	4.126500e-05	1.973070e-04
656           	3.483980e-04	2.226700e-04	4.130920e-05	1.973630e-04
657           	3.499300e-04	2.234600e-04	4.134290e-05	1.974410e-04
658           	3.514530e-04	2.242690e-04	4.137990e-05	1.974950e-04
659           	3.529610e-04	2.251160e-04	4.141420e-05	1.975250e-04
660           	3.545110e-04	2.259100e-04	4.144100e-05	1.975230e-04
661           	3.560760e-04	2.266850e-04	4.146130e-05	1.975430e-04
662           	3.576560e-04	2.275120e-04	4.147700e-05	1.975390e-04
663           	3.591070e-04	2.281830e-04	4.148580e-05	1.974970e-04
664           	3.604750e-04	2.288650e-04	4.149710e-05	1.974480e-04
665           	3.618170e-04	2.295060e-04	4.151330e-05	1.974120e-04
666           	3.631920e-04	2.301250e-04	4.152310e-05	1.973670e-04
667           	3.645600e-04	2.307100e-04	4.153110e-05	1.973590e-04
668           	3.658790e-04	2.312860e-04	4.153280e-05	1.973310e-04
669           	3.671880e-04	2.317880e-04	4.152930e-05	1.972950e-04
670           	3.685160e-04	2.323100e-04	4.151850e-05	1.972960e-04
671           	3.698650e-04	2.328310e-04	4.150880e-05	1.972860e-04
672           	3.712070e-04	2.332960e-04	4.149150e-05	1.971990e-04
673           	3.724180e-04	2.336500e-04	4.146280e-05	1.970460e-04
674           	3.734440e-04	2.339770e-04	4.141590e-05	1.967780e-04
675           	3.743430e-04	2.342210e-04	4.135890e-05	1.964340e-04
676           	3.751630e-04	2.343700e-04	4.128050e-05	1.961250e-04
677           	3.770790e-04	2.345030e-04	4.120030e-05	1.958700e-04
678           	3.767610e-04	2.338110e-04	4.116940e-05	1.959290e-04
679           	3.764030e-04	2.341090e-04	4.106950e-05	1.955110e-04
680           	3.789510e-04	2.341860e-04	4.085810e-05	1.956420e-04
681           	3.776480e-04	2.333330e-04	4.082170e-05	1.951490e-04
682           	3.798190e-04	2.334180e-04	4.060040e-05	1.949650e-04
683           	3.783780e-04	2.326230e-04	4.057130e-05	1.943120e-04
684           	3.796040e-04	2.327220e-04	4.036010e-05	1.941870e-04
685           	3.800230e-04	2.316740e-04	4.019600e-05	1.941220e-04
686           	3.801960e-04	2.309170e-04	4.004610e-05	1.938600e-04
687           	3.792140e-04	2.302950e-04	3.991690e-05	1.934630e-04
688           	3.804940e-04	2.304590e-04	3.975220e-05	1.925820e-04
689           	3.809120e-04	2.298170e-04	3.966060e-05	1.920810e-04
690           	3.810460e-04	2.293590e-04	3.955610e-05	1.916640e-04
691           	3.811140e-04	2.288890e-04	3.944890e-05	1.912230e-04
692           	3.811790e-04	2.284800e-04	3.935060e-05	1.907510e-04
693           	3.812350e-04	2.281270e-04	3.925920e-05	1.902520e-04
694           	3.812550e-04	2.278110e-04	3.917560e-05	1.897280e-04
695           	3.812240e-04	2.274670e-04	3.909690e-05	1.891550e-04
696           	3.811060e-04	2.271170e-04	3.900840e-05	1.885450e-04
697           	3.808740e-04	2.267550e-04	3.892800e-05	1.879470e-04
698           	3.806200e-04	2.264270e-04	3.885020e-05	1.874270e-04
699           	3.803050e-04	2.260530e-04	3.877850e-05	1.868060e-04
700           	3.799110e-04	2.256820e-04	3.870770e-05	1.861410e-04
701           	3.794220e-04	2.252790e-04	3.863320e-05	1.855740e-04
702           	3.788600e-04	2.248270e-04	3.854800e-05	1.849750e-04
703           	3.782680e-04	2.242860e-04	3.845970e-05	1.842930e-04
704           	3.776660e-04	2.237430e-04	3.836850e-05	1.836140e-04
705           	3.770820e-04	2.231110e-04	3.827090e-05	1.829740e-04
706           	3.764260e-04	2.223390e-04	3.815860e-05	1.822380e-04
707           	3.756450e-04	2.214940e-04	3.805090e-05	1.814460e-04
708           	3.747120e-04	2.205520e-04	3.793880e-05	1.806910e-04
709           	3.736440e-04	2.196060e-04	3.782290e-05	1.799590e-04
710           	3.723570e-04	2.186810e-04	3.771280e-05	1.790720e-04
711           	3.709700e-04	2.176990e-04	3.759580e-05	1.782890e-04
712           	3.695490e-04	2.167020e-04	3.747670e-05	1.774950e-04
713           	3.679550e-04	2.156730e-04	3.735750e-05	1.766050e-04
714           	3.661610e-04	2.146080e-04	3.723860e-05	1.757100e-04
715           	3.640520e-04	2.133300e-04	3.711450e-05	1.747520e-04
716           	3.617560e-04	2.119770e-04	3.698220e-05	1.737490e-04
717           	3.593420e-04	2.105580e-04	3.683870e-05	1.727740e-04
718           	3.568090e-04	2.091060e-04	3.668310e-05	1.717040e-04
719           	3.541510e-04	2.074990e-04	3.651480e-05	1.705870e-04
720           	3.513390e-04	2.057850e-04	3.632980e-05	1.694100e-04
721           	3.482850e-04	2.039260e-04	3.612260e-05	1.680640e-04
722           	3.450120e-04	2.019800e-04	3.589410e-05	1.666620e-04
723           	3.415470e-04	1.999360e-04	3.563770e-05	1.651260e-04
724           	3.378480e-04	1.977110e-04	3.535070e-05	1.634990e-04
725           	3.339300e-04	1.953400e-04	3.503920e-05	1.616950e-04
726           	3.298610e-04	1.929220e-04	3.470730e-05	1.598800e-04
727           	3.256870e-04	1.904100e-04	3.435620e-05	1.580530e-04
728           	3.214620e-04	1.878500e-04	3.399060e-05	1.562260e-04
729           	3.171050e-04	1.851260e-04	3.360950e-05	1.543260e-04
730           	3.125870e-04	1.824030e-04	3.321020e-05	1.522830e-04
731           	3.079050e-04	1.795400e-04	3.279420e-05	1.502000e-04
732           	3.030290e-04	1.765210e-04	3.235670e-05	1.479850e-04
733           	2.979890e-04	1.734630e-04	3.189840e-05	1.457650e-04
734           	2.928520e-04	1.703460e-04	3.142190e-05	1.434670e-04
735           	2.876430e-04	1.671150e-04	3.092610e-05	1.410900e-04
736           	2.823840e-04	1.638440e-04	3.041810e-05	1.387620e-04
737           	2.770370e-04	1.605210e-04	2.990190e-05	1.363170e-04
738           	2.716890e-04	1.571800e-04	2.937020e-05	1.337880e-04
739           	2.663460e-04	1.537870e-04	2.882820e-05	1.312790e-04
740           	2.610430e-04	1.503490e-04	2.827540e-05	1.287670e-04
741           	2.557860e-04	1.468550e-04	2.770690e-05	1.262050e-04
742           	2.505540e-04	1.433070e-04	2.711290e-05	1.236100e-04
743           	2.453620e-04	1.396940e-04	2.649640e-05	1.209660e-04
744           	2.401420e-04	1.360250e-04	2.586320e-05	1.182690e-04
745           	2.344590e-04	1.323300e-04	2.520750e-05	1.155520e-04
746           	2.296410e-04	1.291200e-04	2.452300e-05	1.127030e-04
747           	2.240180e-04	1.253480e-04	2.382830e-05	1.098720e-04
748           	2.187110e-04	1.219850e-04	2.310810e-05	1.069950e-04
749           	2.134500e-04	1.185340e-04	2.238080e-05	1.041820e-04
750           	2.081340e-04	1.149720e-04	2.164320e-05	1.014520e-04
751           	2.027970e-04	1.113760e-04	2.091510e-05	9.879160e-05
752           	1.975250e-04	1.077830e-04	2.019780e-05	9.618000e-05
753           	1.924020e-04	1.042780e-04	1.949800e-05	9.363200e-05
754           	1.873930e-04	1.008590e-04	1.881830e-05	9.113450e-05
755           	1.825380e-04	9.759610e-05	1.816890e-05	8.878240e-05
756           	1.781880e-04	9.448150e-05	1.755510e-05	8.652290e-05
757           	1.740060e-04	9.166820e-05	1.700880e-05	8.420690e-05
758           	1.699560e-04	8.907770e-05	1.649690e-05	8.214900e-05
759           	1.660520e-04	8.667260e-05	1.600990e-05	8.031950e-05
760           	1.622800e-04	8.447200e-05	1.555120e-05	7.867190e-05
761           	1.587210e-04	8.243870e-05	1.513330e-05	7.722260e-05
762           	1.554110e-04	8.063740e-05	1.475760e-05	7.598110e-05
763           	1.523330e-04	7.917500e-05	1.442580e-05	7.500130e-05
764           	1.495070e-04	7.812860e-05	1.413910e-05	7.418990e-05
765           	1.469850e-04	7.748650e-05	1.390870e-05	7.360460e-05
766           	1.448740e-04	7.724590e-05	1.373350e-05	7.326490e-05
767           	1.432820e-04	7.739560e-05	1.361330e-05	7.314090e-05
768           	1.421250e-04	7.790170e-05	1.355880e-05	7.321400e-05
769           	1.414200e-04	7.872600e-05	1.356740e-05	7.348670e-05
770           	1.411340e-04	7.990130e-05	1.364620e-05	7.391210e-05
771           	1.414860e-04	8.138330e-05	1.379390e-05	7.458200e-05
772           	1.424270e-04	8.311770e-05	1.400540e-05	7.543100e-05
773           	1.441630e-04	8.509860e-05	1.427320e-05	7.650110e-05
774           	1.461670e-04	8.708650e-05	1.462560e-05	7.791040e-05
775           	1.485910e-04	8.933810e-05	1.501150e-05	7.951400e-05
776           	1.513410e-04	9.178810e-05	1.543170e-05	8.121260e-05
777           	1.544540e-04	9.446230e-05	1.587560e-05	8.303940e-05
778           	1.578490e-04	9.725160e-05	1.634070e-05	8.490940e-05
779           	1.614740e-04	1.001840e-04	1.682970e-05	8.691090e-05
780           	1.654190e-04	1.032380e-04	1.733640e-05	8.900920e-05
781           	1.696230e-04	1.063260e-04	1.785660e-05	9.116930e-05
782           	1.740490e-04	1.093960e-04	1.837980e-05	9.338590e-05
783           	1.786430e-04	1.124750e-04	1.890540e-05	9.563690e-05
784           	1.833880e-04	1.155320e-04	1.942980e-05	9.792340e-05
785           	1.882080e-04	1.185930e-04	1.995080e-05	1.002070e-04
786           	1.930380e-04	1.216480e-04	2.046560e-05	1.024550e-04
787           	1.979020e-04	1.246660e-04	2.097890e-05	1.046760e-04
788           	2.028720e-04	1.277180e-04	2.148940e-05	1.068970e-04
789           	2.079050e-04	1.307870e-04	2.199420e-05	1.091220e-04
790           	2.129920e-04	1.338500e-04	2.249260e-05	1.113560e-04
791           	2.180850e-04	1.369170e-04	2.298410e-05	1.135330e-04
792           	2.231940e-04	1.399650e-04	2.347010e-05	1.156500e-04
793           	2.283140e-04	1.430050e-04	2.395290e-05	1.176900e-04
794           	2.327390e-04	1.459780e-04	2.442300e-05	1.197510e-04
795           	2.382710e-04	1.492850e-04	2.486590e-05	1.215060e-04
796           	2.425080e-04	1.519680e-04	2.529400e-05	1.234930e-04
797           	2.479310e-04	1.549960e-04	2.569870e-05	1.252640e-04
798           	2.520050e-04	1.574330e-04	2.610750e-05	1.272930e-04
799           	2.567350e-04	1.602560e-04	2.649840e-05	1.290020e-04
800           	2.609930e-04	1.622650e-04	2.680400e-05	1.314340e-04
801           	2.648540e-04	1.649490e-04	2.723370e-05	1.329110e-04
802           	2.689740e-04	1.674060e-04	2.754300e-05	1.347220e-04
803           	2.739560e-04	1.696580e-04	2.786040e-05	1.365090e-04
804           	2.771580e-04	1.715020e-04	2.820130e-05	1.384510e-04
805           	2.809690e-04	1.738190e-04	2.853600e-05	1.400190e-04
806           	2.847720e-04	1.761620e-04	2.887720e-05	1.414050e-04
807           	2.884830e-04	1.783870e-04	2.919830e-05	1.427940e-04
808           	2.920780e-04	1.804990e-04	2.951170e-05	1.442140e-04
809           	2.955150e-04	1.825130e-04	2.982510e-05	1.456680e-04
810           	2.988440e-04	1.845080e-04	3.014240e-05	1.471140e-04
811           	3.019950e-04	1.864070e-04	3.046810e-05	1.484650e-04
812           	3.050480e-04	1.883260e-04	3.079280e-05	1.499460e-04
813           	3.080210e-04	1.902330e-04	3.112010e-05	1.514420e-04
814           	3.108890e-04	1.920830e-04	3.145640e-05	1.528870e-04
815           	3.136210e-04	1.938180e-04	3.179950e-05	1.543220e-04
816           	3.161640e-04	1.955170e-04	3.214730e-05	1.557310e-04
817           	3.185430e-04	1.971470e-04	3.249520e-05	1.571060e-04
818           	3.207970e-04	1.986790e-04	3.284270e-05	1.584720e-04
819           	3.230810e-04	2.002460e-04	3.318290e-05	1.598210e-04
820           	3.253190e-04	2.016270e-04	3.351770e-05	1.612290e-04
821           	3.273950e-04	2.028510e-04	3.384300e-05	1.624970e-04
822           	3.292650e-04	2.039630e-04	3.415420e-05	1.637320e-04
823           	3.309950e-04	2.050460e-04	3.445250e-05	1.648690e-04
824           	3.326380e-04	2.059750e-04	3.473470e-05	1.658790e-04
825           	3.341160e-04	2.067770e-04	3.499680e-05	1.668660e-04
826           	3.353730e-04	2.074840e-04	3.523240e-05	1.677210e-04
827           	3.364130e-04	2.080650e-04	3.544890e-05	1.685250e-04
828           	3.372420e-04	2.085070e-04	3.563740e-05	1.692560e-04
829           	3.378630e-04	2.088530e-04	3.581210e-05	1.698250e-04
830           	3.382890e-04	2.090660e-04	3.596760e-05	1.703970e-04
831           	3.384860e-04	2.091020e-04	3.610530e-05	1.709770e-04
832           	3.384880e-04	2.090260e-04	3.622600e-05	1.713410e-04
833           	3.382620e-04	2.088350e-04	3.632520e-05	1.716080e-04
834           	3.378030e-04	2.085470e-04	3.640080e-05	1.717530e-04
835           	3.370970e-04	2.081690e-04	3.644940e-05	1.718070e-04
836           	3.361260e-04	2.076170e-04	3.648000e-05	1.718010e-04
837           	3.349450e-04	2.069660e-04	3.649590e-05	1.715630e-04
838           	3.336060e-04	2.062160e-04	3.648910e-05	1.713020e-04
839           	3.320590e-04	2.053030e-04	3.646140e-05	1.708560e-04
840           	3.303210e-04	2.042500e-04	3.641140e-05	1.704900e-04
841           	3.283900e-04	2.031160e-04	3.633510e-05	1.698730e-04
842           	3.263210e-04	2.018160e-04	3.622890e-05	1.691100e-04
843           	3.240700e-04	2.003570e-04	3.608650e-05	1.682200e-04
844           	3.216030e-04	1.986500e-04	3.590940e-05	1.671750e-04
845           	3.188460e-04	1.967970e-04	3.569640e-05	1.659600e-04
846           	3.158350e-04	1.947820e-04	3.545230e-05	1.644970e-04
847           	3.126150e-04	1.926530e-04	3.516720e-05	1.628950e-04
848           	3.091660e-04	1.903220e-04	3.484610e-05	1.611680e-04
849           	3.055170e-04	1.876880e-04	3.450550e-05	1.593550e-04
850           	3.016290e-04	1.850230e-04	3.412220e-05	1.573530e-04
851           	2.975180e-04	1.823170e-04	3.370170e-05	1.552290e-04
852           	2.932490e-04	1.794150e-04	3.324700e-05	1.529740e-04
853           	2.887990e-04	1.764030e-04	3.275810e-05	1.506020e-04
854           	2.841950e-04	1.732840e-04	3.223710e-05	1.481020e-04
855           	2.793670e-04	1.699680e-04	3.167920e-05	1.455190e-04
856           	2.743300e-04	1.665130e-04	3.107750e-05	1.426820e-04
857           	2.691100e-04	1.629400e-04	3.044600e-05	1.397690e-04
858           	2.637260e-04	1.593000e-04	2.977580e-05	1.367000e-04
859           	2.581820e-04	1.555820e-04	2.908420e-05	1.335500e-04
860           	2.525020e-04	1.517380e-04	2.836570e-05	1.302970e-04
861           	2.466820e-04	1.477750e-04	2.762300e-05	1.269450e-04
862           	2.407580e-04	1.437590e-04	2.686120e-05	1.235930e-04
863           	2.348020e-04	1.396900e-04	2.608710e-05	1.202330e-04
864           	2.288450e-04	1.355870e-04	2.530500e-05	1.168330e-04
865           	2.228960e-04	1.315200e-04	2.452070e-05	1.133950e-04
866           	2.169790e-04	1.274830e-04	2.372780e-05	1.098960e-04
867           	2.111040e-04	1.232930e-04	2.293760e-05	1.065070e-04
868           	2.051970e-04	1.191420e-04	2.213750e-05	1.031110e-04
869           	1.993080e-04	1.150280e-04	2.133030e-05	9.970270e-05
870           	1.934600e-04	1.109470e-04	2.052050e-05	9.631070e-05
871           	1.876860e-04	1.068840e-04	1.971400e-05	9.294530e-05
872           	1.819900e-04	1.028770e-04	1.891480e-05	8.964910e-05
873           	1.763410e-04	9.893430e-05	1.812720e-05	8.640520e-05
874           	1.707790e-04	9.504400e-05	1.735680e-05	8.323860e-05
875           	1.653180e-04	9.128520e-05	1.661010e-05	8.019250e-05
876           	1.599980e-04	8.763550e-05	1.587920e-05	7.722200e-05
877           	1.548000e-04	8.410590e-05	1.517200e-05	7.434970e-05
878           	1.496920e-04	8.067050e-05	1.449400e-05	7.161910e-05
879           	1.446840e-04	7.738420e-05	1.384500e-05	6.899660e-05
880           	1.398330e-04	7.426110e-05	1.322880e-05	6.654850e-05
881           	1.351120e-04	7.129730e-05	1.264210e-05	6.425580e-05
882           	1.305680e-04	6.847870e-05	1.209230e-05	6.209630e-05
883           	1.262460e-04	6.584780e-05	1.158760e-05	6.009120e-05
884           	1.220840e-04	6.339590e-05	1.113090e-05	5.828030e-05
885           	1.181180e-04	6.116790e-05	1.073480e-05	5.662940e-05
886           	1.143470e-04	5.917600e-05	1.040540e-05	5.518060e-05
887           	1.107700e-04	5.738750e-05	1.013230e-05	5.393010e-05
888           	1.074040e-04	5.582870e-05	9.916160e-06	5.286200e-05
889           	1.042670e-04	5.450160e-05	9.761460e-06	5.194020e-05
890           	1.015500e-04	5.343170e-05	9.668020e-06	5.121990e-05
891           	9.893660e-05	5.275750e-05	9.648470e-06	5.063210e-05
892           	9.652630e-05	5.237960e-05	9.675480e-06	5.024990e-05
893           	9.445490e-05	5.225060e-05	9.747380e-06	5.004620e-05
894           	9.274280e-05	5.236980e-05	9.853940e-06	5.003390e-05
895           	9.136310e-05	5.270190e-05	9.991460e-06	5.017350e-05
896           	9.040610e-05	5.320720e-05	1.015970e-05	5.043420e-05
897           	8.988850e-05	5.390000e-05	1.035110e-05	5.081180e-05
898           	8.967720e-05	5.473860e-05	1.056490e-05	5.132360e-05
899           	8.973190e-05	5.570030e-05	1.079230e-05	5.192260e-05
900           	9.006990e-05	5.676180e-05	1.103430e-05	5.260500e-05
901           	9.066920e-05	5.793180e-05	1.128120e-05	5.336480e-05
902           	9.153950e-05	5.914890e-05	1.152970e-05	5.418270e-05
903           	9.262320e-05	6.042810e-05	1.177650e-05	5.508110e-05
904           	9.387110e-05	6.173490e-05	1.202470e-05	5.600970e-05
905           	9.525880e-05	6.304050e-05	1.227080e-05	5.695160e-05
906           	9.675700e-05	6.435970e-05	1.251370e-05	5.786660e-05
907           	9.829920e-05	6.568760e-05	1.275190e-05	5.877550e-05
908           	9.989880e-05	6.698700e-05	1.298370e-05	5.969540e-05
909           	1.015350e-04	6.825650e-05	1.321040e-05	6.060630e-05
910           	1.032220e-04	6.951350e-05	1.343200e-05	6.149050e-05
911           	1.049530e-04	7.074470e-05	1.364740e-05	6.234940e-05
912           	1.066850e-04	7.197370e-05	1.385790e-05	6.319490e-05
913           	1.084490e-04	7.319780e-05	1.406120e-05	6.402350e-05
914           	1.102110e-04	7.437880e-05	1.425590e-05	6.483390e-05
915           	1.119470e-04	7.550570e-05	1.444630e-05	6.562090e-05
916           	1.136760e-04	7.660330e-05	1.463140e-05	6.637510e-05
917           	1.153820e-04	7.767550e-05	1.481060e-05	6.711550e-05
918           	1.170530e-04	7.871740e-05	1.498270e-05	6.783130e-05
919           	1.186960e-04	7.971270e-05	1.514710e-05	6.854520e-05
920           	1.203060e-04	8.067010e-05	1.530220e-05	6.923640e-05
921           	1.218600e-04	8.157660e-05	1.544860e-05	6.987910e-05
922           	1.233540e-04	8.245670e-05	1.558620e-05	7.047190e-05
923           	1.247890e-04	8.328910e-05	1.571430e-05	7.103920e-05
924           	1.261660e-04	8.408590e-05	1.583440e-05	7.156700e-05
925           	1.275090e-04	8.482950e-05	1.594510e-05	7.206960e-05
926           	1.288040e-04	8.551530e-05	1.604690e-05	7.253430e-05
927           	1.300290e-04	8.614860e-05	1.613720e-05	7.295230e-05
928           	1.308870e-04	8.673100e-05	1.621680e-05	7.333540e-05
929           	1.321880e-04	8.717800e-05	1.624630e-05	7.389960e-05
930           	1.328890e-04	8.753450e-05	1.630750e-05	7.404960e-05
931           	1.339910e-04	8.784900e-05	1.631680e-05	7.440760e-05
932           	1.344730e-04	8.810300e-05	1.636330e-05	7.440790e-05
933           	1.350740e-04	8.833810e-05	1.635970e-05	7.464850e-05
934           	1.356320e-04	8.843680e-05	1.634440e-05	7.481090e-05
935           	1.360870e-04	8.847630e-05	1.632400e-05	7.484620e-05
936           	1.364560e-04	8.848360e-05	1.630150e-05	7.482360e-05
937           	1.367440e-04	8.845610e-05	1.627480e-05	7.474650e-05
938           	1.369570e-04	8.839300e-05	1.624110e-05	7.463420e-05
939           	1.371210e-04	8.821550e-05	1.619260e-05	7.449040e-05
940           	1.372150e-04	8.807780e-05	1.614550e-05	7.430940e-05
941           	1.372440e-04	8.791030e-05	1.609140e-05	7.411430e-05
942           	1.372040e-04	8.769970e-05	1.603430e-05	7.388950e-05
943           	1.370880e-04	8.744150e-05	1.596860e-05	7.362610e-05
944           	1.369360e-04	8.710070e-05	1.589470e-05	7.337660e-05
945           	1.367310e-04	8.683560e-05	1.581780e-05	7.306730e-05
946           	1.364740e-04	8.648020e-05	1.573210e-05	7.271690e-05
947           	1.361750e-04	8.608610e-05	1.564210e-05	7.234940e-05
948           	1.358240e-04	8.565570e-05	1.554880e-05	7.195050e-05
949           	1.354280e-04	8.518750e-05	1.545020e-05	7.152190e-05
950           	1.349840e-04	8.470080e-05	1.534480e-05	7.107780e-05
951           	1.344720e-04	8.417330e-05	1.523280e-05	7.059820e-05
952           	1.338860e-04	8.361850e-05	1.511530e-05	7.007960e-05
953           	1.332170e-04	8.301100e-05	1.499100e-05	6.952490e-05
954           	1.324650e-04	8.235210e-05	1.486090e-05	6.893790e-05
955           	1.316450e-04	8.165580e-05	1.472470e-05	6.832660e-05
956           	1.307540e-04	8.094110e-05	1.458270e-05	6.769230e-05
957           	1.297960e-04	8.017840e-05	1.443550e-05	6.703330e-05
958           	1.287830e-04	7.938870e-05	1.428490e-05	6.635390e-05
959           	1.277010e-04	7.855920e-05	1.412890e-05	6.565090e-05
960           	1.265530e-04	7.770010e-05	1.396860e-05	6.492880e-05
961           	1.253520e-04	7.679620e-05	1.380490e-05	6.419130e-05
962           	1.240970e-04	7.588460e-05	1.363710e-05	6.343420e-05
963           	1.227950e-04	7.493420e-05	1.346360e-05	6.265330e-05
964           	1.214500e-04	7.394760e-05	1.328880e-05	6.184690e-05
965           	1.200530e-04	7.292390e-05	1.310890e-05	6.102020e-05
966           	1.186100e-04	7.186600e-05	1.292480e-05	6.018560e-05
967           	1.171240e-04	7.079980e-05	1.273690e-05	5.932210e-05
968           	1.156000e-04	6.971120e-05	1.254570e-05	5.845260e-05
969           	1.140380e-04	6.858710e-05	1.235010e-05	5.755490e-05
970           	1.124250e-04	6.744580e-05	1.215030e-05	5.664290e-05
971           	1.107710e-04	6.628540e-05	1.194620e-05	5.571460e-05
972           	1.090860e-04	6.509400e-05	1.173730e-05	5.476510e-05
973           	1.073690e-04	6.387980e-05	1.152390e-05	5.379450e-05
974           	1.055930e-04	6.263860e-05	1.130670e-05	5.280000e-05
975           	1.037850e-04	6.138310e-05	1.108550e-05	5.180260e-05
976           	1.019540e-04	6.011150e-05	1.086220e-05	5.079850e-05
977           	1.001080e-04	5.883230e-05	1.063730e-05	4.978110e-05
978           	9.825340e-05	5.752910e-05	1.041090e-05	4.874940e-05
979           	9.640090e-05	5.622390e-05	1.018280e-05	4.771680e-05
980           	9.455730e-05	5.493030e-05	9.955740e-06	4.666780e-05
981           	9.272940e-05	5.362310e-05	9.727290e-06	4.562690e-05
982           	9.089390e-05	5.233080e-05	9.498190e-06	4.460730e-05
983           	8.906020e-05	5.105280e-05	9.267250e-06	4.358570e-05
984           	8.724540e-05	4.975920e-05	9.037250e-06	4.256730e-05
985           	8.545910e-05	4.846710e-05	8.806540e-06	4.158510e-05
986           	8.370550e-05	4.719210e-05	8.576220e-06	4.060430e-05
987           	8.196860e-05	4.592140e-05	8.343080e-06	3.962270e-05
988           	8.024000e-05	4.466760e-05	8.109000e-06	3.867530e-05
989           	7.852840e-05	4.342160e-05	7.875090e-06	3.774510e-05
990           	7.682620e-05	4.217310e-05	7.641200e-06	3.682260e-05
991           	7.515020e-05	4.094980e-05	7.408320e-06	3.591800e-05
992           	7.350000e-05	3.976460e-05	7.178910e-06	3.503580e-05
993           	7.188960e-05	3.859570e-05	6.950690e-06	3.418260e-05
994           	7.033290e-05	3.744660e-05	6.726420e-06	3.334840e-05
995           	6.883080e-05	3.634330e-05	6.507270e-06	3.254640e-05
996           	6.737260e-05	3.527740e-05	6.293260e-06	3.177510e-05
997           	6.594350e-05	3.425490e-05	6.083790e-06	3.102970e-05
998           	6.457070e-05	3.328610e-05	5.884010e-06	3.032020e-05
999           	6.337340e-05	3.234940e-05	5.694220e-06	2.966110e-05
1000          	6.218150e-05	3.151970e-05	5.528730e-06	2.898130e-05
