# Residuals   
# Time        	p             	Ux            	Uy            	Uz            
1             	1.000000e+00	2.961590e-01	1.000000e+00	2.282680e-01
2             	1.385510e-01	5.797090e-01	2.981350e-01	6.056850e-01
3             	3.607240e-02	4.452280e-01	1.491500e-01	4.654400e-01
4             	5.096480e-02	3.083190e-01	9.507010e-02	3.083190e-01
5             	1.255230e-01	2.621110e-01	7.277150e-02	2.508780e-01
6             	1.621060e-01	2.241980e-01	5.791940e-02	2.012640e-01
7             	1.251250e-01	1.826140e-01	4.875220e-02	1.616270e-01
8             	1.098160e-01	1.434000e-01	4.169750e-02	1.371590e-01
9             	6.591470e-02	1.142630e-01	3.375110e-02	1.119450e-01
10            	5.188940e-02	1.003200e-01	2.717640e-02	9.196310e-02
11            	4.356230e-02	8.851070e-02	2.276400e-02	7.930890e-02
12            	4.008470e-02	7.775470e-02	1.960980e-02	6.903590e-02
13            	3.842780e-02	6.737130e-02	1.739700e-02	5.918440e-02
14            	3.805090e-02	5.950330e-02	1.584920e-02	5.223150e-02
15            	3.892920e-02	5.272660e-02	1.455790e-02	4.739110e-02
16            	4.043750e-02	4.708490e-02	1.322920e-02	4.296720e-02
17            	4.230190e-02	4.232290e-02	1.197040e-02	3.917490e-02
18            	4.401200e-02	3.811610e-02	1.086600e-02	3.603080e-02
19            	4.666430e-02	3.479930e-02	9.844560e-03	3.352810e-02
20            	4.820020e-02	3.215180e-02	8.911700e-03	3.146810e-02
21            	4.993280e-02	2.979950e-02	8.099830e-03	2.954530e-02
22            	5.254830e-02	2.787490e-02	7.407120e-03	2.789920e-02
23            	5.569560e-02	2.616810e-02	6.881290e-03	2.633050e-02
24            	5.387130e-02	2.472420e-02	6.557330e-03	2.499680e-02
25            	4.798940e-02	2.323520e-02	6.336610e-03	2.377590e-02
26            	4.436370e-02	2.194960e-02	6.103760e-03	2.275140e-02
27            	4.167760e-02	2.073930e-02	5.938080e-03	2.194430e-02
28            	3.972070e-02	1.965190e-02	5.722240e-03	2.129010e-02
29            	3.769800e-02	1.881620e-02	5.629240e-03	2.069510e-02
30            	3.602080e-02	1.822120e-02	5.579480e-03	2.019830e-02
31            	3.513500e-02	1.791880e-02	5.574360e-03	2.002600e-02
32            	3.447180e-02	1.787620e-02	5.533070e-03	1.996970e-02
33            	3.345160e-02	1.781800e-02	5.393010e-03	1.971050e-02
34            	3.214410e-02	1.763380e-02	5.212020e-03	1.906360e-02
35            	3.094610e-02	1.746340e-02	5.067760e-03	1.828360e-02
36            	3.006160e-02	1.732450e-02	4.967810e-03	1.763870e-02
37            	2.980940e-02	1.740080e-02	4.912770e-03	1.730690e-02
38            	2.993950e-02	1.745220e-02	4.905220e-03	1.712240e-02
39            	3.033280e-02	1.751670e-02	4.931160e-03	1.712860e-02
40            	3.103810e-02	1.753660e-02	4.930410e-03	1.729950e-02
41            	3.176490e-02	1.738780e-02	4.905240e-03	1.740840e-02
42            	3.137100e-02	1.715770e-02	4.782950e-03	1.730900e-02
43            	3.030230e-02	1.680610e-02	4.620960e-03	1.712850e-02
44            	2.911720e-02	1.652450e-02	4.443000e-03	1.689990e-02
45            	2.777800e-02	1.643270e-02	4.336690e-03	1.666430e-02
46            	2.626050e-02	1.636720e-02	4.288850e-03	1.644750e-02
47            	2.505470e-02	1.633850e-02	4.292370e-03	1.623480e-02
48            	2.455840e-02	1.645710e-02	4.291900e-03	1.603190e-02
49            	2.452190e-02	1.648820e-02	4.306410e-03	1.588210e-02
50            	2.467340e-02	1.658420e-02	4.377200e-03	1.597540e-02
51            	2.503880e-02	1.682570e-02	4.498600e-03	1.629340e-02
52            	2.572830e-02	1.720820e-02	4.630360e-03	1.680640e-02
53            	2.629840e-02	1.793740e-02	4.742480e-03	1.704160e-02
54            	2.646950e-02	1.897350e-02	4.877600e-03	1.723910e-02
55            	2.599730e-02	2.007740e-02	5.030930e-03	1.725080e-02
56            	2.532820e-02	2.058330e-02	5.030270e-03	1.695500e-02
57            	2.502040e-02	2.094760e-02	5.071610e-03	1.693250e-02
58            	2.550340e-02	2.108360e-02	5.018210e-03	1.707600e-02
59            	2.594730e-02	2.113900e-02	5.072450e-03	1.711200e-02
60            	2.698380e-02	2.152800e-02	5.096620e-03	1.772060e-02
61            	2.819350e-02	2.242750e-02	5.199500e-03	1.902370e-02
62            	2.888290e-02	2.353870e-02	5.355050e-03	2.033420e-02
63            	2.936910e-02	2.488570e-02	5.615480e-03	2.128110e-02
64            	3.005000e-02	2.647070e-02	5.931880e-03	2.214450e-02
65            	3.057390e-02	2.816180e-02	6.271210e-03	2.278810e-02
66            	3.114590e-02	2.996820e-02	6.639070e-03	2.373620e-02
67            	3.237190e-02	3.162500e-02	7.033730e-03	2.482120e-02
68            	3.359030e-02	3.268140e-02	7.255200e-03	2.602930e-02
69            	3.480200e-02	3.325320e-02	7.458620e-03	2.701880e-02
70            	3.648670e-02	3.380750e-02	7.610160e-03	2.823410e-02
71            	3.721040e-02	3.357980e-02	7.864240e-03	2.954590e-02
72            	3.753360e-02	3.332420e-02	7.965280e-03	3.056010e-02
73            	3.858740e-02	3.273990e-02	8.020440e-03	3.106070e-02
74            	3.874390e-02	3.245300e-02	8.079920e-03	3.109200e-02
75            	3.740000e-02	3.149240e-02	7.899820e-03	3.030070e-02
76            	3.554500e-02	3.015410e-02	7.559980e-03	2.810290e-02
77            	3.430150e-02	2.866810e-02	7.165470e-03	2.603260e-02
78            	3.400030e-02	2.702350e-02	6.648260e-03	2.426990e-02
79            	3.426830e-02	2.541170e-02	6.139040e-03	2.260820e-02
80            	3.434440e-02	2.396110e-02	5.643080e-03	2.114310e-02
81            	3.397030e-02	2.281010e-02	5.379460e-03	2.019120e-02
82            	3.268520e-02	2.198500e-02	5.165320e-03	1.955990e-02
83            	3.072590e-02	2.132950e-02	4.904350e-03	1.898970e-02
84            	2.877460e-02	2.103620e-02	4.659470e-03	1.840120e-02
85            	2.701720e-02	2.088850e-02	4.493400e-03	1.789580e-02
86            	2.581220e-02	2.053350e-02	4.377380e-03	1.745230e-02
87            	2.510010e-02	2.044700e-02	4.407060e-03	1.723380e-02
88            	2.494820e-02	2.074840e-02	4.508090e-03	1.734170e-02
89            	2.567700e-02	2.153860e-02	4.644880e-03	1.793970e-02
90            	2.750680e-02	2.261910e-02	4.797060e-03	1.880070e-02
91            	2.969750e-02	2.345080e-02	5.052830e-03	1.998320e-02
92            	3.170820e-02	2.379330e-02	5.256230e-03	2.100080e-02
93            	3.303270e-02	2.365260e-02	5.281540e-03	2.140930e-02
94            	3.287980e-02	2.394370e-02	5.292360e-03	2.153280e-02
95            	3.210140e-02	2.444740e-02	5.325190e-03	2.098800e-02
96            	3.019970e-02	2.505940e-02	5.443290e-03	2.013310e-02
97            	2.902910e-02	2.561350e-02	5.571640e-03	1.964350e-02
98            	2.889380e-02	2.585050e-02	5.735500e-03	1.958820e-02
99            	3.011480e-02	2.535580e-02	5.659520e-03	1.953550e-02
100           	3.079060e-02	2.450760e-02	5.614580e-03	1.923360e-02
101           	3.171850e-02	2.386470e-02	5.482250e-03	1.939560e-02
102           	3.247270e-02	2.363680e-02	5.389460e-03	1.992670e-02
103           	3.240610e-02	2.396860e-02	5.411070e-03	2.055850e-02
104           	3.173190e-02	2.475060e-02	5.576820e-03	2.084540e-02
105           	3.117050e-02	2.596840e-02	5.907220e-03	2.123290e-02
106           	3.145470e-02	2.818480e-02	6.333260e-03	2.237050e-02
107           	3.265250e-02	3.067340e-02	6.909060e-03	2.383790e-02
108           	3.537940e-02	3.298140e-02	7.562340e-03	2.556460e-02
109           	3.732420e-02	3.500640e-02	8.178280e-03	2.730880e-02
110           	3.900300e-02	3.634270e-02	8.592540e-03	2.876380e-02
111           	4.048080e-02	3.727450e-02	8.744390e-03	3.041390e-02
112           	4.183360e-02	3.766690e-02	8.707390e-03	3.196530e-02
113           	4.258800e-02	3.670950e-02	8.615960e-03	3.271100e-02
114           	4.258370e-02	3.608730e-02	8.651570e-03	3.283530e-02
115           	4.205030e-02	3.630650e-02	8.746790e-03	3.275790e-02
116           	4.135960e-02	3.739000e-02	8.856210e-03	3.299530e-02
117           	4.038180e-02	3.815690e-02	8.855050e-03	3.291330e-02
118           	3.935040e-02	3.805360e-02	8.761100e-03	3.178590e-02
119           	3.854790e-02	3.750360e-02	8.711490e-03	3.054700e-02
120           	3.870200e-02	3.604720e-02	8.493990e-03	2.933480e-02
121           	4.012050e-02	3.501140e-02	8.250610e-03	2.857150e-02
122           	4.286300e-02	3.489470e-02	8.273750e-03	2.865040e-02
123           	4.449980e-02	3.473390e-02	8.372810e-03	2.927430e-02
124           	4.532480e-02	3.420780e-02	8.197260e-03	2.870790e-02
125           	4.376300e-02	3.328260e-02	7.835300e-03	2.724020e-02
126           	4.107950e-02	3.269370e-02	7.490580e-03	2.577820e-02
127           	3.899180e-02	3.188130e-02	7.259600e-03	2.488120e-02
128           	3.821460e-02	3.180490e-02	7.287810e-03	2.493120e-02
129           	3.969710e-02	3.166930e-02	7.394150e-03	2.521240e-02
130           	4.136870e-02	3.136940e-02	7.395960e-03	2.513570e-02
131           	4.272320e-02	3.153780e-02	7.382190e-03	2.537390e-02
132           	4.230190e-02	3.112360e-02	7.187750e-03	2.565890e-02
133           	4.083090e-02	3.044240e-02	7.016770e-03	2.566440e-02
134           	3.936110e-02	3.037300e-02	7.002400e-03	2.579860e-02
135           	3.806290e-02	3.132320e-02	7.124160e-03	2.667710e-02
136           	3.801160e-02	3.301570e-02	7.415560e-03	2.782140e-02
137           	3.840470e-02	3.465410e-02	7.739100e-03	2.826410e-02
138           	3.885060e-02	3.577670e-02	8.025310e-03	2.867370e-02
139           	4.003970e-02	3.581930e-02	8.222080e-03	2.852330e-02
140           	4.051870e-02	3.605890e-02	8.244180e-03	2.947610e-02
141           	4.073120e-02	3.564870e-02	8.096830e-03	3.018630e-02
142           	4.125960e-02	3.503580e-02	8.081420e-03	3.078800e-02
143           	4.145150e-02	3.507450e-02	8.226720e-03	3.183130e-02
144           	4.111340e-02	3.450860e-02	8.334200e-03	3.145580e-02
145           	4.070570e-02	3.509780e-02	8.418750e-03	3.137270e-02
146           	4.178490e-02	3.670670e-02	8.650190e-03	3.205860e-02
147           	4.293390e-02	3.806070e-02	8.853590e-03	3.266400e-02
148           	4.236310e-02	3.899950e-02	8.915830e-03	3.243650e-02
149           	4.130300e-02	3.902360e-02	8.877760e-03	3.146700e-02
150           	4.155700e-02	3.880640e-02	8.852390e-03	3.140580e-02
151           	4.383480e-02	3.817830e-02	8.762610e-03	3.161760e-02
152           	4.512150e-02	3.688070e-02	8.570700e-03	3.048530e-02
153           	4.489280e-02	3.542630e-02	8.292560e-03	2.889300e-02
154           	4.369070e-02	3.394620e-02	7.844280e-03	2.719530e-02
155           	4.232380e-02	3.260370e-02	7.422230e-03	2.569720e-02
156           	4.131240e-02	3.167360e-02	7.089110e-03	2.452580e-02
157           	4.060180e-02	3.069940e-02	6.853100e-03	2.391320e-02
158           	4.028860e-02	2.983630e-02	6.701210e-03	2.371000e-02
159           	4.078080e-02	2.912150e-02	6.655890e-03	2.372410e-02
160           	4.166000e-02	2.880710e-02	6.627310e-03	2.409040e-02
161           	4.120390e-02	2.862000e-02	6.500200e-03	2.482570e-02
162           	4.015450e-02	2.890020e-02	6.509390e-03	2.522230e-02
163           	3.946410e-02	2.961880e-02	6.716140e-03	2.595840e-02
164           	3.913780e-02	3.052830e-02	7.055030e-03	2.669080e-02
165           	3.921910e-02	3.188720e-02	7.469970e-03	2.785890e-02
166           	3.896080e-02	3.367190e-02	7.927050e-03	2.891330e-02
167           	3.882760e-02	3.517140e-02	8.237470e-03	2.933460e-02
168           	3.874430e-02	3.571560e-02	8.372910e-03	2.921990e-02
169           	3.879730e-02	3.549430e-02	8.299510e-03	2.937240e-02
170           	3.885420e-02	3.472840e-02	8.105050e-03	2.941760e-02
171           	3.851970e-02	3.425050e-02	8.024760e-03	2.953330e-02
172           	3.948040e-02	3.392110e-02	8.200680e-03	3.037990e-02
173           	3.944620e-02	3.364760e-02	8.281110e-03	3.141630e-02
174           	3.965050e-02	3.340340e-02	8.337340e-03	3.138370e-02
175           	4.006320e-02	3.344050e-02	8.498810e-03	3.110670e-02
176           	3.992160e-02	3.378370e-02	8.541560e-03	3.066470e-02
177           	3.951730e-02	3.390590e-02	8.423570e-03	2.963460e-02
178           	3.898220e-02	3.350790e-02	8.306970e-03	2.845130e-02
179           	3.813090e-02	3.305990e-02	8.075460e-03	2.747320e-02
180           	3.772090e-02	3.153710e-02	7.721530e-03	2.593930e-02
181           	3.801760e-02	2.974710e-02	7.245030e-03	2.465190e-02
182           	3.815300e-02	2.806880e-02	6.744640e-03	2.346760e-02
183           	3.727630e-02	2.628240e-02	6.244410e-03	2.175510e-02
184           	3.584920e-02	2.502130e-02	5.877050e-03	2.028370e-02
185           	3.500010e-02	2.451980e-02	5.643900e-03	1.956620e-02
186           	3.507970e-02	2.479680e-02	5.538750e-03	1.965360e-02
187           	3.471940e-02	2.515270e-02	5.572590e-03	2.013440e-02
188           	3.387790e-02	2.508320e-02	5.599900e-03	2.056340e-02
189           	3.364360e-02	2.529330e-02	5.712800e-03	2.124840e-02
190           	3.353250e-02	2.622590e-02	5.951120e-03	2.221530e-02
191           	3.377590e-02	2.752580e-02	6.279940e-03	2.317180e-02
192           	3.424720e-02	2.916850e-02	6.719480e-03	2.455890e-02
193           	3.462990e-02	3.109310e-02	7.307580e-03	2.593470e-02
194           	3.486020e-02	3.270870e-02	7.692510e-03	2.709930e-02
195           	3.557290e-02	3.383190e-02	7.890910e-03	2.824570e-02
196           	3.665730e-02	3.399520e-02	7.852180e-03	2.907380e-02
197           	3.794210e-02	3.366990e-02	7.841880e-03	2.953960e-02
198           	3.880540e-02	3.375830e-02	8.007560e-03	3.038520e-02
199           	3.866980e-02	3.368930e-02	8.302780e-03	3.159710e-02
200           	3.891430e-02	3.392310e-02	8.517720e-03	3.160390e-02
201           	3.961860e-02	3.458670e-02	8.751390e-03	3.188260e-02
202           	3.962060e-02	3.538930e-02	8.883600e-03	3.217730e-02
203           	3.827390e-02	3.553140e-02	8.716770e-03	3.079760e-02
204           	3.758900e-02	3.509130e-02	8.498880e-03	2.918530e-02
205           	3.700500e-02	3.419700e-02	8.236310e-03	2.813440e-02
206           	3.696990e-02	3.299860e-02	7.791090e-03	2.718120e-02
207           	3.830320e-02	3.138560e-02	7.331610e-03	2.611490e-02
208           	3.884190e-02	2.968690e-02	6.864430e-03	2.461600e-02
209           	3.825990e-02	2.794220e-02	6.283380e-03	2.259550e-02
210           	3.661400e-02	2.672100e-02	5.875600e-03	2.073560e-02
211           	3.451980e-02	2.580950e-02	5.683510e-03	1.964400e-02
212           	3.284850e-02	2.517570e-02	5.616770e-03	1.888240e-02
213           	3.185820e-02	2.479580e-02	5.631090e-03	1.879890e-02
214           	3.264190e-02	2.451750e-02	5.627180e-03	1.939520e-02
215           	3.379250e-02	2.420540e-02	5.536790e-03	2.015430e-02
216           	3.361800e-02	2.397990e-02	5.460920e-03	2.060300e-02
217           	3.277400e-02	2.428210e-02	5.511340e-03	2.097380e-02
218           	3.155640e-02	2.485440e-02	5.709940e-03	2.128790e-02
219           	3.085750e-02	2.596130e-02	6.059810e-03	2.191690e-02
220           	3.074830e-02	2.807700e-02	6.552160e-03	2.306220e-02
221           	3.132170e-02	3.016900e-02	7.029260e-03	2.409880e-02
222           	3.228130e-02	3.120830e-02	7.336460e-03	2.478810e-02
223           	3.350710e-02	3.215640e-02	7.544020e-03	2.589240e-02
224           	3.458400e-02	3.229700e-02	7.617070e-03	2.684820e-02
225           	3.613260e-02	3.224950e-02	7.678310e-03	2.766730e-02
226           	3.683900e-02	3.177530e-02	7.701980e-03	2.816380e-02
227           	3.620340e-02	3.120190e-02	7.658100e-03	2.786810e-02
228           	3.569760e-02	3.122610e-02	7.727790e-03	2.746220e-02
229           	3.515670e-02	3.178900e-02	7.783280e-03	2.711660e-02
230           	3.457630e-02	3.277480e-02	7.829130e-03	2.661700e-02
231           	3.347430e-02	3.402800e-02	7.826500e-03	2.593590e-02
232           	3.293150e-02	3.480070e-02	7.893710e-03	2.580460e-02
233           	3.417040e-02	3.429400e-02	7.904340e-03	2.557860e-02
234           	3.628270e-02	3.330490e-02	7.676120e-03	2.545330e-02
235           	3.658810e-02	3.153080e-02	7.240290e-03	2.467810e-02
236           	3.605230e-02	2.964320e-02	6.741910e-03	2.352490e-02
237           	3.480130e-02	2.801300e-02	6.233960e-03	2.169160e-02
238           	3.334950e-02	2.727840e-02	5.884420e-03	2.057220e-02
239           	3.167810e-02	2.679390e-02	5.739120e-03	1.984220e-02
240           	3.035310e-02	2.651330e-02	5.691230e-03	1.947700e-02
241           	2.963070e-02	2.591430e-02	5.730620e-03	1.919410e-02
242           	2.946260e-02	2.525040e-02	5.806480e-03	1.903550e-02
243           	3.063970e-02	2.514000e-02	5.802810e-03	1.939670e-02
244           	3.168590e-02	2.519060e-02	5.717210e-03	2.010720e-02
245           	3.146610e-02	2.481050e-02	5.597790e-03	2.034100e-02
246           	3.050190e-02	2.410980e-02	5.486330e-03	2.048320e-02
247           	2.931530e-02	2.353570e-02	5.398080e-03	2.029180e-02
248           	2.826440e-02	2.333420e-02	5.341810e-03	2.022650e-02
249           	2.746760e-02	2.410280e-02	5.392670e-03	2.053960e-02
250           	2.662480e-02	2.497510e-02	5.580400e-03	2.066950e-02
251           	2.598450e-02	2.602560e-02	5.790460e-03	2.103450e-02
252           	2.613660e-02	2.698910e-02	5.937930e-03	2.122680e-02
253           	2.736670e-02	2.770450e-02	6.081840e-03	2.149980e-02
254           	2.897760e-02	2.836380e-02	6.287420e-03	2.223930e-02
255           	2.996280e-02	2.808710e-02	6.424070e-03	2.248070e-02
256           	3.003420e-02	2.702940e-02	6.292360e-03	2.239740e-02
257           	2.957800e-02	2.544620e-02	6.019630e-03	2.202210e-02
258           	2.859890e-02	2.423140e-02	5.695880e-03	2.122100e-02
259           	2.717730e-02	2.349960e-02	5.424900e-03	1.996930e-02
260           	2.522690e-02	2.277460e-02	5.135710e-03	1.837200e-02
261           	2.340890e-02	2.240360e-02	4.944120e-03	1.708920e-02
262           	2.297990e-02	2.217930e-02	4.835980e-03	1.620180e-02
263           	2.325850e-02	2.168560e-02	4.724740e-03	1.568610e-02
264           	2.417200e-02	2.099780e-02	4.601210e-03	1.520150e-02
265           	2.440250e-02	2.012170e-02	4.481690e-03	1.467660e-02
266           	2.407160e-02	1.949930e-02	4.273120e-03	1.432640e-02
267           	2.355720e-02	1.858000e-02	3.953220e-03	1.408660e-02
268           	2.267900e-02	1.753790e-02	3.622230e-03	1.387890e-02
269           	2.115760e-02	1.627240e-02	3.258380e-03	1.311060e-02
270           	1.935920e-02	1.505270e-02	2.953900e-03	1.222730e-02
271           	1.758890e-02	1.404430e-02	2.771480e-03	1.138070e-02
272           	1.612230e-02	1.353320e-02	2.721270e-03	1.083350e-02
273           	1.495480e-02	1.324050e-02	2.752150e-03	1.052990e-02
274           	1.417490e-02	1.315500e-02	2.820950e-03	1.030250e-02
275           	1.388320e-02	1.309570e-02	2.877960e-03	1.015850e-02
276           	1.409810e-02	1.316560e-02	2.881540e-03	1.008020e-02
277           	1.449630e-02	1.302800e-02	2.817290e-03	9.834490e-03
278           	1.472540e-02	1.280930e-02	2.668510e-03	9.617770e-03
279           	1.475020e-02	1.237970e-02	2.479600e-03	9.410650e-03
280           	1.453040e-02	1.171090e-02	2.283620e-03	9.105270e-03
281           	1.392960e-02	1.089790e-02	2.110760e-03	8.690050e-03
282           	1.328300e-02	1.023260e-02	1.980620e-03	8.404950e-03
283           	1.250040e-02	9.800040e-03	1.916570e-03	8.156720e-03
284           	1.170310e-02	9.622810e-03	1.905690e-03	7.946530e-03
285           	1.091530e-02	9.532300e-03	1.931820e-03	7.746900e-03
286           	1.017440e-02	9.410240e-03	1.987140e-03	7.545620e-03
287           	9.814600e-03	9.260650e-03	2.015170e-03	7.352000e-03
288           	9.970700e-03	9.068060e-03	1.982680e-03	7.119250e-03
289           	1.011840e-02	8.780650e-03	1.901860e-03	6.899570e-03
290           	1.015870e-02	8.316830e-03	1.782840e-03	6.599100e-03
291           	1.000060e-02	7.862450e-03	1.640380e-03	6.305800e-03
292           	9.710350e-03	7.387800e-03	1.489480e-03	6.103100e-03
293           	9.214550e-03	6.872020e-03	1.357290e-03	5.802210e-03
294           	8.628100e-03	6.391610e-03	1.266410e-03	5.485720e-03
295           	8.068960e-03	6.037530e-03	1.214110e-03	5.161870e-03
296           	7.501010e-03	5.896060e-03	1.203710e-03	4.899550e-03
297           	7.017940e-03	5.841000e-03	1.240070e-03	4.733560e-03
298           	6.689050e-03	5.857610e-03	1.291680e-03	4.693350e-03
299           	6.507950e-03	5.926300e-03	1.329690e-03	4.703370e-03
300           	6.617530e-03	6.000120e-03	1.346050e-03	4.720550e-03
301           	6.874920e-03	6.021570e-03	1.334780e-03	4.726680e-03
302           	7.037980e-03	5.967680e-03	1.294530e-03	4.685190e-03
303           	7.085630e-03	5.740440e-03	1.217170e-03	4.514790e-03
304           	6.978300e-03	5.430500e-03	1.114560e-03	4.283160e-03
305           	6.711700e-03	5.003430e-03	9.975780e-04	4.017050e-03
306           	6.340050e-03	4.523580e-03	8.841200e-04	3.725170e-03
307           	5.894360e-03	4.100760e-03	7.961690e-04	3.435150e-03
308           	5.448870e-03	3.795920e-03	7.307200e-04	3.156830e-03
309           	4.996260e-03	3.600600e-03	6.869800e-04	2.938660e-03
310           	4.585250e-03	3.466230e-03	6.770040e-04	2.798330e-03
311           	4.265350e-03	3.385300e-03	6.876300e-04	2.733220e-03
312           	4.077810e-03	3.342520e-03	6.947840e-04	2.681620e-03
313           	3.984550e-03	3.294750e-03	6.925770e-04	2.638560e-03
314           	3.966050e-03	3.239820e-03	6.788010e-04	2.594440e-03
315           	3.961630e-03	3.162130e-03	6.514880e-04	2.532660e-03
316           	3.919850e-03	3.034330e-03	6.141000e-04	2.450620e-03
317           	3.837170e-03	2.870050e-03	5.739940e-04	2.362680e-03
318           	3.715830e-03	2.677470e-03	5.373920e-04	2.260310e-03
319           	3.570120e-03	2.487510e-03	5.081590e-04	2.156060e-03
320           	3.423300e-03	2.344850e-03	4.886050e-04	2.051000e-03
321           	3.288250e-03	2.243970e-03	4.813050e-04	1.953700e-03
322           	3.174560e-03	2.173370e-03	4.849870e-04	1.883020e-03
323           	3.064060e-03	2.128200e-03	4.901410e-04	1.847850e-03
324           	2.971580e-03	2.107800e-03	4.929360e-04	1.836230e-03
325           	2.908200e-03	2.091000e-03	4.916740e-04	1.832620e-03
326           	2.895270e-03	2.076430e-03	4.843040e-04	1.819150e-03
327           	2.894610e-03	2.053860e-03	4.715800e-04	1.798250e-03
328           	2.881060e-03	2.012370e-03	4.547690e-04	1.765790e-03
329           	2.848390e-03	1.951820e-03	4.351920e-04	1.723610e-03
330           	2.796880e-03	1.874160e-03	4.143610e-04	1.668260e-03
331           	2.727750e-03	1.789770e-03	3.937800e-04	1.606720e-03
332           	2.648210e-03	1.700790e-03	3.754550e-04	1.548070e-03
333           	2.560880e-03	1.620200e-03	3.608670e-04	1.493300e-03
334           	2.468090e-03	1.558960e-03	3.501350e-04	1.445990e-03
335           	2.374510e-03	1.514560e-03	3.419540e-04	1.407740e-03
336           	2.286760e-03	1.482990e-03	3.356820e-04	1.381170e-03
337           	2.209070e-03	1.462120e-03	3.305810e-04	1.358250e-03
338           	2.149190e-03	1.446940e-03	3.259350e-04	1.337570e-03
339           	2.115500e-03	1.432910e-03	3.214680e-04	1.317940e-03
340           	2.102440e-03	1.417920e-03	3.164230e-04	1.297340e-03
341           	2.094290e-03	1.397400e-03	3.102030e-04	1.274120e-03
342           	2.087870e-03	1.378390e-03	3.033760e-04	1.251310e-03
343           	2.078680e-03	1.356280e-03	2.961940e-04	1.227060e-03
344           	2.069730e-03	1.332390e-03	2.887840e-04	1.200970e-03
345           	2.054720e-03	1.318560e-03	2.817100e-04	1.181040e-03
346           	2.032820e-03	1.294130e-03	2.743110e-04	1.157260e-03
347           	2.007350e-03	1.263310e-03	2.669400e-04	1.129630e-03
348           	1.977940e-03	1.228680e-03	2.595860e-04	1.101700e-03
349           	1.943860e-03	1.192500e-03	2.521940e-04	1.073760e-03
350           	1.905950e-03	1.156720e-03	2.447000e-04	1.045870e-03
351           	1.865360e-03	1.121250e-03	2.376460e-04	1.018880e-03
352           	1.821610e-03	1.086490e-03	2.310330e-04	9.922130e-04
353           	1.774710e-03	1.052990e-03	2.242210e-04	9.665880e-04
354           	1.726370e-03	1.021130e-03	2.176790e-04	9.418270e-04
355           	1.676820e-03	9.903150e-04	2.113770e-04	9.179150e-04
356           	1.629770e-03	9.599720e-04	2.054380e-04	8.943560e-04
357           	1.581760e-03	9.313540e-04	2.004830e-04	8.674640e-04
358           	1.534310e-03	9.047870e-04	1.954240e-04	8.437310e-04
359           	1.488370e-03	8.794380e-04	1.906310e-04	8.218780e-04
360           	1.443220e-03	8.546640e-04	1.862240e-04	8.015810e-04
361           	1.396890e-03	8.302240e-04	1.822150e-04	7.826230e-04
362           	1.352750e-03	8.019890e-04	1.785840e-04	7.599310e-04
363           	1.310630e-03	7.777820e-04	1.755170e-04	7.403030e-04
364           	1.270510e-03	7.563380e-04	1.727430e-04	7.231080e-04
365           	1.233320e-03	7.360350e-04	1.702520e-04	7.083880e-04
366           	1.198450e-03	7.173440e-04	1.679860e-04	6.958690e-04
367           	1.166460e-03	6.996390e-04	1.659060e-04	6.843410e-04
368           	1.137450e-03	6.834400e-04	1.639520e-04	6.738370e-04
369           	1.110800e-03	6.680240e-04	1.620720e-04	6.643920e-04
370           	1.086090e-03	6.544760e-04	1.602930e-04	6.558390e-04
371           	1.064260e-03	6.429870e-04	1.585450e-04	6.478930e-04
372           	1.044000e-03	6.338690e-04	1.567930e-04	6.407150e-04
373           	1.025260e-03	6.272130e-04	1.550600e-04	6.342420e-04
374           	1.008650e-03	6.226050e-04	1.534020e-04	6.279720e-04
375           	9.934810e-04	6.201430e-04	1.518180e-04	6.223810e-04
376           	9.805910e-04	6.195640e-04	1.503260e-04	6.174000e-04
377           	9.697980e-04	6.205100e-04	1.489960e-04	6.135130e-04
378           	9.614100e-04	6.233090e-04	1.478850e-04	6.106430e-04
379           	9.558670e-04	6.277770e-04	1.469290e-04	6.086660e-04
380           	9.539400e-04	6.332770e-04	1.462050e-04	6.080550e-04
381           	9.546680e-04	6.397960e-04	1.457450e-04	6.086920e-04
382           	9.571160e-04	6.468640e-04	1.455100e-04	6.105340e-04
383           	9.605540e-04	6.541910e-04	1.454690e-04	6.134180e-04
384           	9.654170e-04	6.611780e-04	1.454590e-04	6.168080e-04
385           	9.718020e-04	6.676460e-04	1.455360e-04	6.201960e-04
386           	9.807700e-04	6.738230e-04	1.457210e-04	6.233480e-04
387           	9.896510e-04	6.859140e-04	1.463870e-04	6.318040e-04
388           	9.983590e-04	6.943290e-04	1.469140e-04	6.384340e-04
389           	1.006860e-03	6.995680e-04	1.473780e-04	6.429710e-04
390           	1.014570e-03	7.025040e-04	1.477650e-04	6.455100e-04
391           	1.021870e-03	7.044700e-04	1.481040e-04	6.477260e-04
392           	1.028550e-03	7.051150e-04	1.483500e-04	6.497670e-04
393           	1.034530e-03	7.050630e-04	1.485120e-04	6.508030e-04
394           	1.039810e-03	7.049040e-04	1.485620e-04	6.515880e-04
395           	1.044760e-03	7.041090e-04	1.485100e-04	6.522730e-04
396           	1.048570e-03	7.022990e-04	1.483270e-04	6.524250e-04
397           	1.051450e-03	6.998990e-04	1.480090e-04	6.522100e-04
398           	1.053170e-03	6.970100e-04	1.476500e-04	6.513260e-04
399           	1.054000e-03	6.937480e-04	1.472860e-04	6.505120e-04
400           	1.054170e-03	6.900240e-04	1.468470e-04	6.491950e-04
401           	1.053330e-03	6.857200e-04	1.464550e-04	6.482300e-04
402           	1.051560e-03	6.817410e-04	1.460660e-04	6.477590e-04
403           	1.046410e-03	6.777040e-04	1.457410e-04	6.469280e-04
404           	1.042360e-03	6.674830e-04	1.451190e-04	6.414760e-04
405           	1.037060e-03	6.656820e-04	1.451100e-04	6.417070e-04
406           	1.031010e-03	6.640160e-04	1.451360e-04	6.420590e-04
407           	1.022410e-03	6.614910e-04	1.451240e-04	6.419630e-04
408           	1.015830e-03	6.530360e-04	1.446770e-04	6.366080e-04
409           	1.008800e-03	6.524260e-04	1.446600e-04	6.363210e-04
410           	1.001920e-03	6.519850e-04	1.446370e-04	6.361790e-04
411           	9.952790e-04	6.506160e-04	1.445840e-04	6.358050e-04
412           	9.885220e-04	6.487270e-04	1.444900e-04	6.348970e-04
413           	9.820010e-04	6.463870e-04	1.443300e-04	6.336450e-04
414           	9.757720e-04	6.436290e-04	1.440800e-04	6.316390e-04
415           	9.700410e-04	6.414110e-04	1.439520e-04	6.304550e-04
416           	9.784350e-04	6.492930e-04	1.492710e-04	6.572550e-04
417           	9.704970e-04	6.625320e-04	1.490780e-04	6.968350e-04
418           	9.603000e-04	6.458630e-04	1.461020e-04	6.388410e-04
419           	9.634930e-04	6.443000e-04	1.467290e-04	6.470690e-04
420           	9.863370e-04	6.584530e-04	1.513180e-04	6.790000e-04
421           	1.021110e-03	6.880780e-04	1.610620e-04	7.225900e-04
422           	1.112400e-03	7.414020e-04	1.842370e-04	7.834900e-04
423           	1.183150e-03	8.052240e-04	2.057280e-04	8.670470e-04
424           	1.240790e-03	8.852210e-04	2.261060e-04	9.414460e-04
425           	1.313950e-03	9.644880e-04	2.538400e-04	1.009400e-03
426           	1.391330e-03	1.049130e-03	2.774340e-04	1.077940e-03
427           	1.471430e-03	1.131960e-03	3.027620e-04	1.154890e-03
428           	1.547330e-03	1.217000e-03	3.296840e-04	1.248470e-03
429           	1.621240e-03	1.292390e-03	3.559070e-04	1.341350e-03
430           	1.691630e-03	1.370910e-03	3.817300e-04	1.438840e-03
431           	1.761370e-03	1.442960e-03	4.056300e-04	1.539160e-03
432           	1.840890e-03	1.508720e-03	4.267320e-04	1.636030e-03
433           	1.923600e-03	1.565750e-03	4.416160e-04	1.715060e-03
434           	2.003400e-03	1.608420e-03	4.502850e-04	1.768170e-03
435           	2.079210e-03	1.637510e-03	4.523210e-04	1.792040e-03
436           	2.146010e-03	1.656920e-03	4.504360e-04	1.791930e-03
437           	2.197660e-03	1.665610e-03	4.469840e-04	1.773120e-03
438           	2.232080e-03	1.660010e-03	4.385900e-04	1.739370e-03
439           	2.244300e-03	1.637920e-03	4.252990e-04	1.695700e-03
440           	2.236860e-03	1.605340e-03	4.091570e-04	1.648740e-03
441           	2.209560e-03	1.562110e-03	3.914240e-04	1.598360e-03
442           	2.164290e-03	1.506830e-03	3.721250e-04	1.540370e-03
443           	2.106760e-03	1.444600e-03	3.529170e-04	1.474720e-03
444           	2.046260e-03	1.377750e-03	3.333510e-04	1.405550e-03
445           	1.983910e-03	1.306720e-03	3.144220e-04	1.332700e-03
446           	1.922780e-03	1.235100e-03	2.959490e-04	1.259750e-03
447           	1.858870e-03	1.167300e-03	2.784410e-04	1.192240e-03
448           	1.793970e-03	1.105300e-03	2.629090e-04	1.132310e-03
449           	1.728000e-03	1.060410e-03	2.504660e-04	1.092610e-03
450           	1.667180e-03	1.031410e-03	2.430000e-04	1.073930e-03
451           	1.609430e-03	1.025650e-03	2.434280e-04	1.074480e-03
452           	1.562350e-03	1.042730e-03	2.508950e-04	1.099390e-03
453           	1.525470e-03	1.076430e-03	2.624980e-04	1.144600e-03
454           	1.502990e-03	1.107890e-03	2.752440e-04	1.183740e-03
455           	1.505710e-03	1.141360e-03	2.856220e-04	1.223430e-03
456           	1.535260e-03	1.172330e-03	2.933490e-04	1.252030e-03
457           	1.578030e-03	1.197260e-03	2.983080e-04	1.268750e-03
458           	1.621130e-03	1.213780e-03	3.001470e-04	1.273880e-03
459           	1.660010e-03	1.220640e-03	2.984880e-04	1.265900e-03
460           	1.688810e-03	1.218100e-03	2.932970e-04	1.247990e-03
461           	1.698460e-03	1.206740e-03	2.852310e-04	1.223810e-03
462           	1.694990e-03	1.184780e-03	2.740830e-04	1.194100e-03
463           	1.679600e-03	1.153890e-03	2.615790e-04	1.160000e-03
464           	1.650360e-03	1.115040e-03	2.480920e-04	1.121500e-03
465           	1.618940e-03	1.079830e-03	2.347650e-04	1.079160e-03
466           	1.576950e-03	1.030900e-03	2.209180e-04	1.032850e-03
467           	1.537280e-03	9.878570e-04	2.070820e-04	9.836640e-04
468           	1.490590e-03	9.419400e-04	1.945830e-04	9.354390e-04
469           	1.446050e-03	9.038810e-04	1.835010e-04	8.899810e-04
470           	1.396650e-03	8.636620e-04	1.738020e-04	8.511200e-04
471           	1.352370e-03	8.329770e-04	1.656510e-04	8.182230e-04
472           	1.307800e-03	8.015180e-04	1.588450e-04	7.919950e-04
473           	1.268650e-03	7.747740e-04	1.532610e-04	7.713200e-04
474           	1.230110e-03	7.511700e-04	1.490760e-04	7.525260e-04
475           	1.193980e-03	7.301340e-04	1.455530e-04	7.373160e-04
476           	1.161240e-03	7.101360e-04	1.423990e-04	7.240130e-04
477           	1.130470e-03	6.911100e-04	1.393820e-04	7.107330e-04
478           	1.101390e-03	6.719120e-04	1.364680e-04	6.971720e-04
479           	1.073170e-03	6.527440e-04	1.334880e-04	6.821260e-04
480           	1.045810e-03	6.336950e-04	1.304180e-04	6.658760e-04
481           	1.019560e-03	6.150480e-04	1.272740e-04	6.481690e-04
482           	9.942820e-04	5.967400e-04	1.239730e-04	6.291260e-04
483           	9.697600e-04	5.795090e-04	1.206550e-04	6.095700e-04
484           	9.453850e-04	5.632620e-04	1.173880e-04	5.904960e-04
485           	9.217690e-04	5.478630e-04	1.142960e-04	5.716460e-04
486           	8.985900e-04	5.332590e-04	1.113920e-04	5.532300e-04
487           	8.758730e-04	5.195170e-04	1.086950e-04	5.354480e-04
488           	8.541970e-04	5.062240e-04	1.062340e-04	5.183140e-04
489           	8.326360e-04	4.932750e-04	1.039660e-04	5.022120e-04
490           	8.113630e-04	4.808770e-04	1.018270e-04	4.874910e-04
491           	7.909820e-04	4.692970e-04	9.986830e-05	4.748190e-04
492           	7.712530e-04	4.583640e-04	9.792020e-05	4.635370e-04
493           	7.511430e-04	4.475700e-04	9.582730e-05	4.523440e-04
494           	7.307430e-04	4.368600e-04	9.388410e-05	4.419280e-04
495           	7.105020e-04	4.263200e-04	9.192950e-05	4.314670e-04
496           	6.903120e-04	4.158190e-04	8.985260e-05	4.205750e-04
497           	6.712640e-04	4.062280e-04	8.777240e-05	4.102070e-04
498           	6.525840e-04	3.996750e-04	8.580590e-05	4.020800e-04
499           	6.340710e-04	3.929490e-04	8.384250e-05	3.938700e-04
500           	6.162900e-04	3.862090e-04	8.197010e-05	3.855150e-04
501           	5.989990e-04	3.798660e-04	8.024680e-05	3.773280e-04
502           	5.830390e-04	3.747640e-04	7.883670e-05	3.696140e-04
503           	5.677170e-04	3.692700e-04	7.753880e-05	3.621200e-04
504           	5.538460e-04	3.630930e-04	7.644410e-05	3.547790e-04
505           	5.409960e-04	3.570180e-04	7.553960e-05	3.475790e-04
506           	5.291160e-04	3.511610e-04	7.471290e-05	3.405860e-04
507           	5.178930e-04	3.452150e-04	7.385770e-05	3.338720e-04
508           	5.066550e-04	3.393030e-04	7.293550e-05	3.277790e-04
509           	4.960440e-04	3.313960e-04	7.185440e-05	3.203430e-04
510           	4.858730e-04	3.241180e-04	7.075830e-05	3.138700e-04
511           	4.761620e-04	3.173390e-04	6.959600e-05	3.082200e-04
512           	4.667470e-04	3.109160e-04	6.836010e-05	3.033440e-04
513           	4.576570e-04	3.050550e-04	6.707070e-05	2.989650e-04
514           	4.489670e-04	2.994680e-04	6.576280e-05	2.949780e-04
515           	4.413380e-04	2.940730e-04	6.446620e-05	2.911930e-04
516           	4.332270e-04	2.907580e-04	6.324790e-05	2.891170e-04
517           	4.264330e-04	2.853710e-04	6.213560e-05	2.850230e-04
518           	4.194690e-04	2.818130e-04	6.109700e-05	2.822770e-04
519           	4.129240e-04	2.780400e-04	6.017090e-05	2.791160e-04
520           	4.067740e-04	2.741040e-04	5.929800e-05	2.755130e-04
521           	4.009210e-04	2.701840e-04	5.846880e-05	2.715800e-04
522           	3.953160e-04	2.663200e-04	5.766400e-05	2.673970e-04
523           	3.900110e-04	2.625380e-04	5.682990e-05	2.631250e-04
524           	3.849270e-04	2.587960e-04	5.598770e-05	2.587910e-04
525           	3.800990e-04	2.550200e-04	5.512400e-05	2.544840e-04
526           	3.754840e-04	2.513580e-04	5.427780e-05	2.503080e-04
527           	3.710180e-04	2.477040e-04	5.344960e-05	2.462180e-04
528           	3.666300e-04	2.442270e-04	5.264120e-05	2.423400e-04
529           	3.622430e-04	2.409720e-04	5.187030e-05	2.384970e-04
530           	3.571120e-04	2.377680e-04	5.114390e-05	2.349170e-04
531           	3.527610e-04	2.330060e-04	5.041110e-05	2.303340e-04
532           	3.475900e-04	2.304040e-04	4.975950e-05	2.275000e-04
533           	3.426670e-04	2.262590e-04	4.909820e-05	2.235030e-04
534           	3.377620e-04	2.225740e-04	4.849590e-05	2.198020e-04
535           	3.328560e-04	2.192450e-04	4.792760e-05	2.164860e-04
536           	3.280650e-04	2.161150e-04	4.738940e-05	2.134040e-04
537           	3.233670e-04	2.130640e-04	4.688110e-05	2.105340e-04
538           	3.187540e-04	2.101250e-04	4.640250e-05	2.078800e-04
539           	3.142990e-04	2.072240e-04	4.594720e-05	2.053500e-04
540           	3.100860e-04	2.043480e-04	4.551750e-05	2.029350e-04
541           	3.059980e-04	2.015090e-04	4.508440e-05	2.005540e-04
542           	3.019720e-04	1.986650e-04	4.465510e-05	1.981350e-04
543           	2.979750e-04	1.958250e-04	4.420330e-05	1.955870e-04
544           	2.939900e-04	1.929710e-04	4.371710e-05	1.930560e-04
545           	2.899380e-04	1.900460e-04	4.318820e-05	1.905010e-04
546           	2.858280e-04	1.870900e-04	4.261630e-05	1.878330e-04
547           	2.816610e-04	1.841960e-04	4.199370e-05	1.850730e-04
548           	2.773520e-04	1.812530e-04	4.133200e-05	1.823040e-04
549           	2.729550e-04	1.783530e-04	4.064140e-05	1.795950e-04
550           	2.685030e-04	1.755130e-04	3.992870e-05	1.767830e-04
551           	2.640700e-04	1.727480e-04	3.919870e-05	1.740930e-04
552           	2.597650e-04	1.699530e-04	3.844320e-05	1.714370e-04
553           	2.554940e-04	1.671890e-04	3.767380e-05	1.688170e-04
554           	2.513500e-04	1.645330e-04	3.689560e-05	1.662470e-04
555           	2.472560e-04	1.620330e-04	3.611750e-05	1.637070e-04
556           	2.433090e-04	1.595710e-04	3.533670e-05	1.611980e-04
557           	2.395550e-04	1.571490e-04	3.456080e-05	1.587470e-04
558           	2.359660e-04	1.547360e-04	3.379200e-05	1.561930e-04
559           	2.324600e-04	1.523630e-04	3.302770e-05	1.535630e-04
560           	2.291800e-04	1.500690e-04	3.227010e-05	1.510830e-04
561           	2.261150e-04	1.478230e-04	3.151600e-05	1.486600e-04
562           	2.232280e-04	1.457350e-04	3.078260e-05	1.462840e-04
563           	2.205900e-04	1.437450e-04	3.007440e-05	1.439640e-04
564           	2.180990e-04	1.418780e-04	2.940560e-05	1.418530e-04
565           	2.158120e-04	1.401530e-04	2.877500e-05	1.398950e-04
566           	2.136770e-04	1.385810e-04	2.819170e-05	1.380740e-04
567           	2.116080e-04	1.371040e-04	2.765670e-05	1.364710e-04
568           	2.096670e-04	1.357690e-04	2.716870e-05	1.350340e-04
569           	2.078360e-04	1.345380e-04	2.672610e-05	1.337920e-04
570           	2.060870e-04	1.334950e-04	2.634650e-05	1.326880e-04
571           	2.044070e-04	1.326250e-04	2.603990e-05	1.317130e-04
572           	2.031220e-04	1.319640e-04	2.581200e-05	1.310030e-04
573           	2.019580e-04	1.322670e-04	2.567810e-05	1.311540e-04
574           	2.009620e-04	1.325560e-04	2.560150e-05	1.315000e-04
575           	2.001130e-04	1.328920e-04	2.558000e-05	1.319570e-04
576           	1.995040e-04	1.331830e-04	2.560970e-05	1.324090e-04
577           	1.991570e-04	1.336150e-04	2.568760e-05	1.329420e-04
578           	1.990860e-04	1.341780e-04	2.580800e-05	1.336160e-04
579           	1.991900e-04	1.348180e-04	2.596400e-05	1.344400e-04
580           	1.999470e-04	1.356360e-04	2.616180e-05	1.353770e-04
581           	2.007770e-04	1.367070e-04	2.645730e-05	1.361100e-04
582           	2.018380e-04	1.379530e-04	2.679450e-05	1.369810e-04
583           	2.031260e-04	1.393720e-04	2.715380e-05	1.380610e-04
584           	2.048090e-04	1.408680e-04	2.753170e-05	1.393330e-04
585           	2.067260e-04	1.425140e-04	2.792510e-05	1.408030e-04
586           	2.087940e-04	1.442390e-04	2.832760e-05	1.423510e-04
587           	2.110240e-04	1.460200e-04	2.874230e-05	1.439370e-04
588           	2.133840e-04	1.478120e-04	2.916750e-05	1.455030e-04
589           	2.158060e-04	1.495420e-04	2.960090e-05	1.471410e-04
590           	2.182920e-04	1.512960e-04	3.005940e-05	1.488210e-04
591           	2.209520e-04	1.531420e-04	3.052220e-05	1.506580e-04
592           	2.237080e-04	1.549630e-04	3.098100e-05	1.524660e-04
593           	2.264920e-04	1.568610e-04	3.144190e-05	1.542880e-04
594           	2.293440e-04	1.586900e-04	3.189330e-05	1.559720e-04
595           	2.322100e-04	1.605310e-04	3.233140e-05	1.577580e-04
596           	2.350380e-04	1.623150e-04	3.275020e-05	1.594670e-04
597           	2.378380e-04	1.640800e-04	3.315620e-05	1.611500e-04
598           	2.405790e-04	1.657610e-04	3.354000e-05	1.627500e-04
599           	2.431780e-04	1.673440e-04	3.389800e-05	1.641590e-04
600           	2.456250e-04	1.688980e-04	3.423030e-05	1.655070e-04
601           	2.480250e-04	1.704320e-04	3.454500e-05	1.668000e-04
602           	2.503360e-04	1.718910e-04	3.484430e-05	1.678460e-04
603           	2.525330e-04	1.732310e-04	3.513240e-05	1.690330e-04
604           	2.545770e-04	1.744160e-04	3.539620e-05	1.699920e-04
605           	2.564600e-04	1.755020e-04	3.564200e-05	1.708120e-04
606           	2.581820e-04	1.764840e-04	3.586850e-05	1.715880e-04
607           	2.597460e-04	1.774230e-04	3.607870e-05	1.723350e-04
608           	2.611880e-04	1.782040e-04	3.627160e-05	1.729210e-04
609           	2.625420e-04	1.789620e-04	3.645250e-05	1.734650e-04
610           	2.637470e-04	1.795660e-04	3.661070e-05	1.742030e-04
611           	2.648700e-04	1.802130e-04	3.675460e-05	1.748230e-04
612           	2.658920e-04	1.807470e-04	3.687190e-05	1.752900e-04
613           	2.668550e-04	1.812040e-04	3.698180e-05	1.757280e-04
614           	2.677160e-04	1.815550e-04	3.708460e-05	1.760260e-04
615           	2.684710e-04	1.818830e-04	3.717120e-05	1.760930e-04
616           	2.690850e-04	1.821170e-04	3.723400e-05	1.760990e-04
617           	2.695530e-04	1.822320e-04	3.727060e-05	1.760770e-04
618           	2.698400e-04	1.822110e-04	3.728270e-05	1.760510e-04
619           	2.700040e-04	1.821420e-04	3.728230e-05	1.758450e-04
620           	2.700290e-04	1.819740e-04	3.726000e-05	1.754630e-04
621           	2.699150e-04	1.817360e-04	3.722010e-05	1.750510e-04
622           	2.696640e-04	1.813970e-04	3.715700e-05	1.745520e-04
623           	2.693370e-04	1.810740e-04	3.706860e-05	1.740240e-04
624           	2.689350e-04	1.806280e-04	3.695140e-05	1.733640e-04
625           	2.684350e-04	1.800780e-04	3.680190e-05	1.726110e-04
626           	2.677870e-04	1.793970e-04	3.661850e-05	1.717150e-04
627           	2.669940e-04	1.786260e-04	3.641320e-05	1.707060e-04
628           	2.660580e-04	1.777730e-04	3.617680e-05	1.695570e-04
629           	2.649290e-04	1.767990e-04	3.591640e-05	1.683670e-04
630           	2.636400e-04	1.757010e-04	3.564050e-05	1.669640e-04
631           	2.622300e-04	1.745370e-04	3.535060e-05	1.656150e-04
632           	2.606360e-04	1.732800e-04	3.504250e-05	1.640850e-04
633           	2.589040e-04	1.719500e-04	3.472400e-05	1.625820e-04
634           	2.571120e-04	1.705400e-04	3.439230e-05	1.609840e-04
635           	2.552980e-04	1.690820e-04	3.405760e-05	1.593850e-04
636           	2.534400e-04	1.675850e-04	3.371450e-05	1.577890e-04
637           	2.515230e-04	1.660480e-04	3.336570e-05	1.561470e-04
638           	2.495670e-04	1.645030e-04	3.301030e-05	1.544940e-04
639           	2.475660e-04	1.629600e-04	3.265260e-05	1.527930e-04
640           	2.455020e-04	1.612760e-04	3.228320e-05	1.510590e-04
641           	2.433720e-04	1.594930e-04	3.190210e-05	1.492640e-04
642           	2.411480e-04	1.576920e-04	3.150730e-05	1.474600e-04
643           	2.388740e-04	1.559060e-04	3.110390e-05	1.456030e-04
644           	2.365400e-04	1.540350e-04	3.069130e-05	1.436840e-04
645           	2.341240e-04	1.521160e-04	3.027490e-05	1.417530e-04
646           	2.316220e-04	1.501840e-04	2.984950e-05	1.397750e-04
647           	2.290500e-04	1.482270e-04	2.942760e-05	1.378060e-04
648           	2.264200e-04	1.462300e-04	2.900650e-05	1.358090e-04
649           	2.237080e-04	1.442130e-04	2.857850e-05	1.338510e-04
650           	2.209160e-04	1.421800e-04	2.815970e-05	1.318540e-04
651           	2.180630e-04	1.401720e-04	2.774600e-05	1.298710e-04
652           	2.145490e-04	1.381340e-04	2.733300e-05	1.278600e-04
653           	2.120590e-04	1.359530e-04	2.688010e-05	1.263890e-04
654           	2.085160e-04	1.337360e-04	2.644950e-05	1.242230e-04
655           	2.053050e-04	1.315610e-04	2.600020e-05	1.225390e-04
656           	2.027550e-04	1.293030e-04	2.555010e-05	1.208080e-04
657           	1.991070e-04	1.272040e-04	2.515090e-05	1.185590e-04
658           	1.958720e-04	1.251810e-04	2.473880e-05	1.168580e-04
659           	1.928260e-04	1.231370e-04	2.433050e-05	1.152350e-04
660           	1.898340e-04	1.211000e-04	2.393110e-05	1.135620e-04
661           	1.868250e-04	1.191170e-04	2.354570e-05	1.118570e-04
662           	1.838520e-04	1.171970e-04	2.317240e-05	1.101520e-04
663           	1.809420e-04	1.153580e-04	2.281280e-05	1.085000e-04
664           	1.780600e-04	1.135470e-04	2.246070e-05	1.068850e-04
665           	1.752280e-04	1.117730e-04	2.211570e-05	1.053380e-04
666           	1.725010e-04	1.100780e-04	2.178240e-05	1.038220e-04
667           	1.698480e-04	1.084350e-04	2.145660e-05	1.023640e-04
668           	1.672710e-04	1.068130e-04	2.113670e-05	1.009470e-04
669           	1.647720e-04	1.052460e-04	2.082190e-05	9.958930e-05
670           	1.623690e-04	1.037360e-04	2.051230e-05	9.827290e-05
671           	1.600210e-04	1.022620e-04	2.021000e-05	9.699440e-05
672           	1.577420e-04	1.008460e-04	1.991500e-05	9.574580e-05
673           	1.555400e-04	9.948250e-05	1.962360e-05	9.454390e-05
674           	1.534260e-04	9.815940e-05	1.933510e-05	9.340530e-05
675           	1.513740e-04	9.691330e-05	1.905440e-05	9.232990e-05
676           	1.494270e-04	9.569110e-05	1.878280e-05	9.133620e-05
677           	1.475500e-04	9.453110e-05	1.852050e-05	9.042180e-05
678           	1.457720e-04	9.346670e-05	1.826950e-05	8.958550e-05
679           	1.440860e-04	9.248770e-05	1.802880e-05	8.881570e-05
680           	1.424920e-04	9.154340e-05	1.779690e-05	8.810830e-05
681           	1.409760e-04	9.068520e-05	1.757570e-05	8.743250e-05
682           	1.395390e-04	8.988780e-05	1.736420e-05	8.684150e-05
683           	1.382650e-04	8.916980e-05	1.716520e-05	8.636320e-05
684           	1.371650e-04	8.851150e-05	1.697550e-05	8.592630e-05
685           	1.361680e-04	8.791720e-05	1.679770e-05	8.555860e-05
686           	1.352750e-04	8.737830e-05	1.663760e-05	8.525480e-05
687           	1.345210e-04	8.692120e-05	1.648840e-05	8.502690e-05
688           	1.338620e-04	8.651290e-05	1.635250e-05	8.486550e-05
689           	1.333240e-04	8.621240e-05	1.622650e-05	8.479410e-05
690           	1.328860e-04	8.597670e-05	1.611730e-05	8.478210e-05
691           	1.325390e-04	8.581290e-05	1.602780e-05	8.485090e-05
692           	1.326020e-04	8.572300e-05	1.595570e-05	8.499200e-05
693           	1.322260e-04	8.585620e-05	1.593370e-05	8.499850e-05
694           	1.323740e-04	8.588020e-05	1.588930e-05	8.534350e-05
695           	1.324810e-04	8.616690e-05	1.590470e-05	8.558820e-05
696           	1.326480e-04	8.651150e-05	1.592810e-05	8.594610e-05
697           	1.329210e-04	8.691670e-05	1.596970e-05	8.641000e-05
698           	1.333480e-04	8.737260e-05	1.602430e-05	8.697530e-05
699           	1.338960e-04	8.791110e-05	1.609780e-05	8.758700e-05
700           	1.345000e-04	8.851160e-05	1.618550e-05	8.826530e-05
701           	1.351880e-04	8.920780e-05	1.628780e-05	8.902850e-05
702           	1.359510e-04	8.997690e-05	1.640150e-05	8.984890e-05
703           	1.368010e-04	9.084320e-05	1.652900e-05	9.072050e-05
704           	1.377020e-04	9.175000e-05	1.666530e-05	9.159540e-05
705           	1.386580e-04	9.272900e-05	1.681450e-05	9.251480e-05
706           	1.396830e-04	9.376700e-05	1.697210e-05	9.343840e-05
707           	1.407880e-04	9.487410e-05	1.714450e-05	9.441680e-05
708           	1.419560e-04	9.602470e-05	1.732510e-05	9.544770e-05
709           	1.432140e-04	9.722120e-05	1.751740e-05	9.650310e-05
710           	1.445620e-04	9.846340e-05	1.771920e-05	9.762000e-05
711           	1.459880e-04	9.975730e-05	1.793390e-05	9.875740e-05
712           	1.474770e-04	1.010950e-04	1.814970e-05	9.989470e-05
713           	1.490610e-04	1.024750e-04	1.837650e-05	1.010560e-04
714           	1.507120e-04	1.038840e-04	1.861510e-05	1.022350e-04
715           	1.523890e-04	1.053240e-04	1.886620e-05	1.034110e-04
716           	1.541100e-04	1.067650e-04	1.912320e-05	1.047000e-04
717           	1.559020e-04	1.082450e-04	1.939140e-05	1.059460e-04
718           	1.577450e-04	1.097650e-04	1.966580e-05	1.071210e-04
719           	1.596710e-04	1.112780e-04	1.994920e-05	1.084860e-04
720           	1.616780e-04	1.127870e-04	2.023330e-05	1.098310e-04
721           	1.637340e-04	1.143150e-04	2.052510e-05	1.112470e-04
722           	1.658690e-04	1.158810e-04	2.082120e-05	1.126760e-04
723           	1.680240e-04	1.174610e-04	2.112610e-05	1.140600e-04
724           	1.702370e-04	1.190530e-04	2.143260e-05	1.153940e-04
725           	1.725010e-04	1.206710e-04	2.174160e-05	1.167330e-04
726           	1.747480e-04	1.222860e-04	2.205210e-05	1.180090e-04
727           	1.770330e-04	1.239130e-04	2.237640e-05	1.195290e-04
728           	1.793670e-04	1.255120e-04	2.270700e-05	1.209680e-04
729           	1.816800e-04	1.271190e-04	2.304940e-05	1.224560e-04
730           	1.839940e-04	1.287140e-04	2.339480e-05	1.238860e-04
731           	1.863340e-04	1.303490e-04	2.374330e-05	1.253860e-04
732           	1.886530e-04	1.320410e-04	2.409130e-05	1.267920e-04
733           	1.909410e-04	1.336660e-04	2.444150e-05	1.282800e-04
734           	1.932660e-04	1.352890e-04	2.479390e-05	1.297890e-04
735           	1.956340e-04	1.369220e-04	2.515180e-05	1.313080e-04
736           	1.980410e-04	1.385780e-04	2.550560e-05	1.328310e-04
737           	2.004660e-04	1.402300e-04	2.586250e-05	1.343510e-04
738           	2.028710e-04	1.418730e-04	2.622280e-05	1.357350e-04
739           	2.052250e-04	1.435020e-04	2.658570e-05	1.371060e-04
740           	2.075480e-04	1.451140e-04	2.693990e-05	1.384760e-04
741           	2.098360e-04	1.466950e-04	2.728570e-05	1.397910e-04
742           	2.121890e-04	1.482360e-04	2.764020e-05	1.412540e-04
743           	2.145420e-04	1.497630e-04	2.800620e-05	1.426510e-04
744           	2.169050e-04	1.513380e-04	2.837250e-05	1.440510e-04
745           	2.192960e-04	1.528790e-04	2.873940e-05	1.454500e-04
746           	2.216270e-04	1.544170e-04	2.911240e-05	1.467530e-04
747           	2.239440e-04	1.559310e-04	2.948460e-05	1.479810e-04
748           	2.262780e-04	1.574640e-04	2.985190e-05	1.492850e-04
749           	2.286010e-04	1.589800e-04	3.021410e-05	1.506950e-04
750           	2.308420e-04	1.605050e-04	3.058020e-05	1.520290e-04
751           	2.330640e-04	1.619520e-04	3.094830e-05	1.533610e-04
752           	2.352360e-04	1.633830e-04	3.131690e-05	1.547100e-04
753           	2.373850e-04	1.648460e-04	3.169140e-05	1.560580e-04
754           	2.395240e-04	1.662160e-04	3.206880e-05	1.573550e-04
755           	2.416300e-04	1.675850e-04	3.243640e-05	1.586230e-04
756           	2.436300e-04	1.688190e-04	3.278190e-05	1.596720e-04
757           	2.455060e-04	1.699920e-04	3.310740e-05	1.606560e-04
758           	2.472820e-04	1.711090e-04	3.340610e-05	1.616200e-04
759           	2.489920e-04	1.721030e-04	3.367460e-05	1.624230e-04
760           	2.506310e-04	1.730080e-04	3.391190e-05	1.631610e-04
761           	2.515460e-04	1.737780e-04	3.411470e-05	1.637960e-04
762           	2.526620e-04	1.741950e-04	3.420110e-05	1.647490e-04
763           	2.542370e-04	1.743960e-04	3.423340e-05	1.653290e-04
764           	2.544880e-04	1.746400e-04	3.431360e-05	1.650670e-04
765           	2.549400e-04	1.747290e-04	3.431680e-05	1.652550e-04
766           	2.552520e-04	1.746370e-04	3.430310e-05	1.654110e-04
767           	2.553290e-04	1.744710e-04	3.427230e-05	1.653440e-04
768           	2.552560e-04	1.742410e-04	3.425170e-05	1.651160e-04
769           	2.550760e-04	1.740040e-04	3.422300e-05	1.648270e-04
770           	2.548240e-04	1.737330e-04	3.419930e-05	1.644740e-04
771           	2.544560e-04	1.734340e-04	3.417170e-05	1.640560e-04
772           	2.540330e-04	1.730230e-04	3.414080e-05	1.635850e-04
773           	2.535070e-04	1.725530e-04	3.409770e-05	1.630820e-04
774           	2.528920e-04	1.720870e-04	3.404720e-05	1.624850e-04
775           	2.521830e-04	1.715310e-04	3.398160e-05	1.617450e-04
776           	2.513660e-04	1.708890e-04	3.390110e-05	1.610460e-04
777           	2.503930e-04	1.701510e-04	3.380000e-05	1.602640e-04
778           	2.492650e-04	1.693480e-04	3.368300e-05	1.593620e-04
779           	2.479900e-04	1.683750e-04	3.354380e-05	1.584180e-04
780           	2.465870e-04	1.673250e-04	3.339190e-05	1.573270e-04
781           	2.450690e-04	1.662250e-04	3.321310e-05	1.561370e-04
782           	2.434210e-04	1.650460e-04	3.301940e-05	1.548740e-04
783           	2.416760e-04	1.637530e-04	3.280470e-05	1.535000e-04
784           	2.397880e-04	1.623250e-04	3.257060e-05	1.520130e-04
785           	2.377540e-04	1.607440e-04	3.231330e-05	1.504380e-04
786           	2.355710e-04	1.591020e-04	3.203790e-05	1.487260e-04
787           	2.332220e-04	1.574100e-04	3.173820e-05	1.469220e-04
788           	2.307220e-04	1.555730e-04	3.141640e-05	1.450230e-04
789           	2.280940e-04	1.536450e-04	3.106990e-05	1.430200e-04
790           	2.253190e-04	1.516450e-04	3.069460e-05	1.409570e-04
791           	2.224080e-04	1.495190e-04	3.030270e-05	1.387740e-04
792           	2.193460e-04	1.472930e-04	2.989230e-05	1.364970e-04
793           	2.161230e-04	1.450170e-04	2.946490e-05	1.341700e-04
794           	2.127720e-04	1.426530e-04	2.902670e-05	1.318150e-04
795           	2.092640e-04	1.402450e-04	2.857380e-05	1.294250e-04
796           	2.056350e-04	1.378220e-04	2.810840e-05	1.270360e-04
797           	2.019640e-04	1.353640e-04	2.763050e-05	1.247150e-04
798           	1.982760e-04	1.328960e-04	2.714440e-05	1.223860e-04
799           	1.945850e-04	1.304340e-04	2.665810e-05	1.200630e-04
800           	1.908880e-04	1.279600e-04	2.616440e-05	1.177820e-04
801           	1.871700e-04	1.254640e-04	2.566510e-05	1.155770e-04
802           	1.834570e-04	1.230180e-04	2.516520e-05	1.134280e-04
803           	1.798260e-04	1.206800e-04	2.466310e-05	1.114170e-04
804           	1.763010e-04	1.183840e-04	2.416270e-05	1.095040e-04
805           	1.728940e-04	1.161750e-04	2.366860e-05	1.077110e-04
806           	1.696250e-04	1.140690e-04	2.318550e-05	1.060990e-04
807           	1.664830e-04	1.120680e-04	2.272730e-05	1.046340e-04
808           	1.634730e-04	1.102430e-04	2.229230e-05	1.033030e-04
809           	1.605980e-04	1.085580e-04	2.188990e-05	1.021480e-04
810           	1.578370e-04	1.070790e-04	2.152160e-05	1.011560e-04
811           	1.552620e-04	1.058130e-04	2.119570e-05	1.003750e-04
812           	1.528840e-04	1.047520e-04	2.091160e-05	9.977060e-05
813           	1.507960e-04	1.039420e-04	2.067740e-05	9.934520e-05
814           	1.488990e-04	1.034040e-04	2.050730e-05	9.912370e-05
815           	1.472650e-04	1.031730e-04	2.040460e-05	9.912340e-05
816           	1.459160e-04	1.031710e-04	2.036380e-05	9.937160e-05
817           	1.450970e-04	1.034330e-04	2.039510e-05	9.984070e-05
818           	1.445900e-04	1.040070e-04	2.054580e-05	1.002780e-04
819           	1.445000e-04	1.049070e-04	2.079260e-05	1.010260e-04
820           	1.448350e-04	1.060170e-04	2.112270e-05	1.021230e-04
821           	1.456010e-04	1.073470e-04	2.151000e-05	1.035640e-04
822           	1.467110e-04	1.088410e-04	2.195180e-05	1.052010e-04
823           	1.481450e-04	1.105220e-04	2.244910e-05	1.070110e-04
824           	1.499130e-04	1.123270e-04	2.298550e-05	1.090010e-04
825           	1.519160e-04	1.142820e-04	2.355900e-05	1.111650e-04
826           	1.542810e-04	1.164100e-04	2.415980e-05	1.134010e-04
827           	1.569010e-04	1.186540e-04	2.477800e-05	1.157780e-04
828           	1.597700e-04	1.210170e-04	2.541000e-05	1.182600e-04
829           	1.628920e-04	1.234660e-04	2.605580e-05	1.207650e-04
830           	1.662670e-04	1.259980e-04	2.671120e-05	1.233560e-04
831           	1.698150e-04	1.286250e-04	2.737510e-05	1.259590e-04
832           	1.735190e-04	1.313060e-04	2.805060e-05	1.286270e-04
833           	1.772850e-04	1.340240e-04	2.873120e-05	1.314120e-04
834           	1.811300e-04	1.367440e-04	2.941020e-05	1.342100e-04
835           	1.850410e-04	1.394970e-04	3.009020e-05	1.369310e-04
836           	1.889900e-04	1.422730e-04	3.076490e-05	1.396940e-04
837           	1.929470e-04	1.450140e-04	3.143140e-05	1.424800e-04
838           	1.968690e-04	1.477440e-04	3.208200e-05	1.451430e-04
839           	2.007600e-04	1.504800e-04	3.272280e-05	1.478740e-04
840           	2.046310e-04	1.531160e-04	3.335440e-05	1.505600e-04
841           	2.084880e-04	1.557120e-04	3.395810e-05	1.531310e-04
842           	2.122940e-04	1.583410e-04	3.455940e-05	1.556870e-04
843           	2.160880e-04	1.609100e-04	3.515300e-05	1.581970e-04
844           	2.198970e-04	1.633520e-04	3.572340e-05	1.605960e-04
845           	2.237400e-04	1.657990e-04	3.627730e-05	1.629630e-04
846           	2.275060e-04	1.682050e-04	3.682130e-05	1.652730e-04
847           	2.312090e-04	1.705010e-04	3.735100e-05	1.674800e-04
848           	2.348300e-04	1.727640e-04	3.785190e-05	1.695010e-04
849           	2.383690e-04	1.750620e-04	3.834990e-05	1.715660e-04
850           	2.417940e-04	1.772210e-04	3.881340e-05	1.735560e-04
851           	2.451290e-04	1.793230e-04	3.925330e-05	1.754250e-04
852           	2.483300e-04	1.813120e-04	3.968450e-05	1.773030e-04
853           	2.514400e-04	1.831840e-04	4.009280e-05	1.790700e-04
854           	2.544670e-04	1.850470e-04	4.048260e-05	1.807910e-04
855           	2.573750e-04	1.869380e-04	4.086480e-05	1.824450e-04
856           	2.601430e-04	1.886840e-04	4.121600e-05	1.839850e-04
857           	2.628270e-04	1.903620e-04	4.155570e-05	1.855190e-04
858           	2.654100e-04	1.919780e-04	4.188230e-05	1.869380e-04
859           	2.678570e-04	1.935160e-04	4.218550e-05	1.882520e-04
860           	2.701670e-04	1.949150e-04	4.245420e-05	1.894470e-04
861           	2.723390e-04	1.961900e-04	4.270270e-05	1.904920e-04
862           	2.743710e-04	1.973870e-04	4.291300e-05	1.915150e-04
863           	2.762430e-04	1.984750e-04	4.310510e-05	1.923390e-04
864           	2.779020e-04	1.995110e-04	4.327020e-05	1.929330e-04
865           	2.794120e-04	2.003780e-04	4.341440e-05	1.935300e-04
866           	2.807890e-04	2.011920e-04	4.352990e-05	1.940510e-04
867           	2.820120e-04	2.019010e-04	4.361880e-05	1.944880e-04
868           	2.830470e-04	2.024860e-04	4.369360e-05	1.947990e-04
869           	2.839370e-04	2.029810e-04	4.374950e-05	1.950320e-04
870           	2.846870e-04	2.033880e-04	4.378170e-05	1.951890e-04
871           	2.852890e-04	2.036960e-04	4.379730e-05	1.950940e-04
872           	2.857330e-04	2.039140e-04	4.379420e-05	1.950670e-04
873           	2.860800e-04	2.040170e-04	4.376410e-05	1.949320e-04
874           	2.863460e-04	2.039960e-04	4.371980e-05	1.946810e-04
875           	2.865530e-04	2.039230e-04	4.366310e-05	1.943940e-04
876           	2.867050e-04	2.037860e-04	4.358550e-05	1.940340e-04
877           	2.867870e-04	2.035930e-04	4.349570e-05	1.936440e-04
878           	2.868010e-04	2.033300e-04	4.340090e-05	1.933070e-04
879           	2.867740e-04	2.030620e-04	4.331040e-05	1.929100e-04
880           	2.867290e-04	2.028110e-04	4.321640e-05	1.925310e-04
881           	2.866680e-04	2.025380e-04	4.311310e-05	1.921360e-04
882           	2.865730e-04	2.022280e-04	4.299480e-05	1.916990e-04
883           	2.864150e-04	2.019000e-04	4.286100e-05	1.911880e-04
884           	2.861690e-04	2.014570e-04	4.270470e-05	1.905720e-04
885           	2.858240e-04	2.008860e-04	4.253420e-05	1.898600e-04
886           	2.853670e-04	2.002390e-04	4.234410e-05	1.891550e-04
887           	2.847780e-04	1.995660e-04	4.214070e-05	1.883320e-04
888           	2.840560e-04	1.988500e-04	4.193170e-05	1.875020e-04
889           	2.832420e-04	1.980800e-04	4.172060e-05	1.865840e-04
890           	2.823010e-04	1.972350e-04	4.150080e-05	1.855770e-04
891           	2.812800e-04	1.963870e-04	4.128150e-05	1.846320e-04
892           	2.801710e-04	1.955030e-04	4.107200e-05	1.836840e-04
893           	2.790010e-04	1.945830e-04	4.087020e-05	1.827470e-04
894           	2.777880e-04	1.936570e-04	4.066740e-05	1.818470e-04
895           	2.765430e-04	1.927210e-04	4.046680e-05	1.809910e-04
896           	2.752930e-04	1.917740e-04	4.026780e-05	1.801530e-04
897           	2.740360e-04	1.908400e-04	4.007570e-05	1.792560e-04
898           	2.727380e-04	1.899160e-04	3.988440e-05	1.783460e-04
899           	2.714620e-04	1.889760e-04	3.968890e-05	1.775240e-04
900           	2.703030e-04	1.880150e-04	3.948640e-05	1.766390e-04
901           	2.691630e-04	1.870670e-04	3.927620e-05	1.756890e-04
902           	2.680130e-04	1.860110e-04	3.905290e-05	1.746680e-04
903           	2.668350e-04	1.848960e-04	3.881460e-05	1.735870e-04
904           	2.656020e-04	1.837640e-04	3.855380e-05	1.724480e-04
905           	2.642880e-04	1.826210e-04	3.827510e-05	1.712180e-04
906           	2.628930e-04	1.813780e-04	3.797310e-05	1.699350e-04
907           	2.613970e-04	1.800590e-04	3.765850e-05	1.684960e-04
908           	2.597810e-04	1.787160e-04	3.733500e-05	1.670370e-04
909           	2.580440e-04	1.773760e-04	3.701430e-05	1.656300e-04
910           	2.562420e-04	1.760950e-04	3.671090e-05	1.642320e-04
911           	2.544010e-04	1.748460e-04	3.640120e-05	1.628860e-04
912           	2.525500e-04	1.735340e-04	3.609400e-05	1.615680e-04
913           	2.506770e-04	1.722480e-04	3.580240e-05	1.603120e-04
914           	2.488110e-04	1.709560e-04	3.552450e-05	1.591040e-04
915           	2.469560e-04	1.696410e-04	3.524910e-05	1.579480e-04
916           	2.451440e-04	1.683670e-04	3.498300e-05	1.567270e-04
917           	2.433710e-04	1.670880e-04	3.471900e-05	1.556000e-04
918           	2.416320e-04	1.657970e-04	3.445340e-05	1.544830e-04
919           	2.399220e-04	1.645200e-04	3.418210e-05	1.533380e-04
920           	2.382360e-04	1.632360e-04	3.390510e-05	1.521870e-04
921           	2.365510e-04	1.619570e-04	3.362770e-05	1.510110e-04
922           	2.348690e-04	1.606330e-04	3.334600e-05	1.497960e-04
923           	2.331830e-04	1.593150e-04	3.306740e-05	1.485750e-04
924           	2.314860e-04	1.579480e-04	3.278640e-05	1.473490e-04
925           	2.297740e-04	1.565850e-04	3.250810e-05	1.461000e-04
926           	2.280110e-04	1.552080e-04	3.222300e-05	1.448350e-04
927           	2.262260e-04	1.538410e-04	3.193910e-05	1.436050e-04
928           	2.244200e-04	1.524780e-04	3.166130e-05	1.423770e-04
929           	2.225750e-04	1.511470e-04	3.138620e-05	1.411250e-04
930           	2.207050e-04	1.498450e-04	3.111010e-05	1.399180e-04
931           	2.188250e-04	1.485830e-04	3.085140e-05	1.386940e-04
932           	2.169450e-04	1.473130e-04	3.059740e-05	1.375190e-04
933           	2.150820e-04	1.460500e-04	3.035720e-05	1.363960e-04
934           	2.132690e-04	1.448140e-04	3.012110e-05	1.353190e-04
935           	2.114900e-04	1.436050e-04	2.989050e-05	1.342820e-04
936           	2.097650e-04	1.424760e-04	2.966750e-05	1.332780e-04
937           	2.080900e-04	1.413510e-04	2.945170e-05	1.323110e-04
938           	2.064530e-04	1.402340e-04	2.923990e-05	1.313660e-04
939           	2.048440e-04	1.391350e-04	2.903560e-05	1.304340e-04
940           	2.032830e-04	1.380380e-04	2.883240e-05	1.295330e-04
941           	2.017390e-04	1.369320e-04	2.863250e-05	1.285460e-04
942           	2.001890e-04	1.357750e-04	2.843220e-05	1.276390e-04
943           	1.986550e-04	1.346810e-04	2.822720e-05	1.267660e-04
944           	1.971460e-04	1.335700e-04	2.801810e-05	1.258690e-04
945           	1.956420e-04	1.324530e-04	2.780750e-05	1.249470e-04
946           	1.941430e-04	1.313620e-04	2.759070e-05	1.239760e-04
947           	1.926310e-04	1.302820e-04	2.737250e-05	1.229680e-04
948           	1.911140e-04	1.291920e-04	2.715000e-05	1.219510e-04
949           	1.895880e-04	1.281090e-04	2.692550e-05	1.209230e-04
950           	1.880590e-04	1.270400e-04	2.670420e-05	1.199040e-04
951           	1.865250e-04	1.259720e-04	2.648540e-05	1.188730e-04
952           	1.849890e-04	1.249120e-04	2.627000e-05	1.178510e-04
953           	1.834380e-04	1.238690e-04	2.605300e-05	1.168580e-04
954           	1.818720e-04	1.228530e-04	2.584050e-05	1.158680e-04
955           	1.803300e-04	1.218630e-04	2.563670e-05	1.149100e-04
956           	1.788250e-04	1.208740e-04	2.543890e-05	1.139810e-04
957           	1.773440e-04	1.198920e-04	2.524290e-05	1.130860e-04
958           	1.758620e-04	1.189400e-04	2.505200e-05	1.121180e-04
959           	1.743940e-04	1.180010e-04	2.486610e-05	1.111900e-04
960           	1.729810e-04	1.170630e-04	2.468230e-05	1.103470e-04
961           	1.716030e-04	1.161690e-04	2.449930e-05	1.095240e-04
962           	1.702700e-04	1.152970e-04	2.431630e-05	1.086950e-04
963           	1.685730e-04	1.144390e-04	2.413440e-05	1.078800e-04
964           	1.676330e-04	1.134780e-04	2.391050e-05	1.074730e-04
965           	1.663860e-04	1.125450e-04	2.371680e-05	1.064970e-04
966           	1.646590e-04	1.117220e-04	2.353900e-05	1.056100e-04
967           	1.636930e-04	1.108290e-04	2.333290e-05	1.051230e-04
968           	1.624510e-04	1.099610e-04	2.315840e-05	1.041750e-04
969           	1.607760e-04	1.092140e-04	2.299460e-05	1.033220e-04
970           	1.598960e-04	1.084140e-04	2.279970e-05	1.029040e-04
971           	1.583670e-04	1.076610e-04	2.263640e-05	1.020260e-04
972           	1.575370e-04	1.069030e-04	2.244900e-05	1.015900e-04
973           	1.560540e-04	1.062180e-04	2.229740e-05	1.007690e-04
974           	1.549160e-04	1.055370e-04	2.211920e-05	1.003700e-04
975           	1.542380e-04	1.048440e-04	2.194380e-05	9.997070e-05
976           	1.528720e-04	1.042620e-04	2.181070e-05	9.908540e-05
977           	1.518430e-04	1.037020e-04	2.165490e-05	9.869160e-05
978           	1.509290e-04	1.030810e-04	2.150170e-05	9.837140e-05
979           	1.500450e-04	1.025160e-04	2.135500e-05	9.798440e-05
980           	1.495690e-04	1.019970e-04	2.121930e-05	9.755220e-05
981           	1.484420e-04	1.016250e-04	2.112730e-05	9.682410e-05
982           	1.476530e-04	1.012490e-04	2.100800e-05	9.657270e-05
983           	1.469700e-04	1.008410e-04	2.088810e-05	9.640980e-05
984           	1.463250e-04	1.004690e-04	2.077350e-05	9.618940e-05
985           	1.457190e-04	1.001330e-04	2.066550e-05	9.593680e-05
986           	1.451510e-04	9.982770e-05	2.056480e-05	9.570120e-05
987           	1.446360e-04	9.956390e-05	2.046960e-05	9.548430e-05
988           	1.441610e-04	9.931520e-05	2.037750e-05	9.523690e-05
989           	1.437170e-04	9.907600e-05	2.028770e-05	9.503110e-05
990           	1.433190e-04	9.886760e-05	2.020020e-05	9.485780e-05
991           	1.429640e-04	9.868410e-05	2.011630e-05	9.471930e-05
992           	1.426480e-04	9.851580e-05	2.003010e-05	9.459460e-05
993           	1.423650e-04	9.838070e-05	1.994550e-05	9.448960e-05
994           	1.421160e-04	9.825910e-05	1.986300e-05	9.440680e-05
995           	1.419080e-04	9.816750e-05	1.978680e-05	9.434930e-05
996           	1.417490e-04	9.809530e-05	1.971230e-05	9.430880e-05
997           	1.416360e-04	9.803830e-05	1.964160e-05	9.427990e-05
998           	1.415630e-04	9.801560e-05	1.957160e-05	9.428940e-05
999           	1.415270e-04	9.802840e-05	1.950900e-05	9.432540e-05
1000          	1.415350e-04	9.805480e-05	1.944790e-05	9.438030e-05
