# Force coefficients
# liftDir     : (0.000000e+00 0.000000e+00 1.000000e+00)
# dragDir     : (0.000000e+00 1.000000e+00 0.000000e+00)
# pitchAxis   : (1.000000e+00 0.000000e+00 0.000000e+00)
# magUInf     : 7.847395e-02
# lRef        : 4.000000e+00
# Aref        : 2.562000e-02
# CofR        : (0.000000e+00 0.000000e+00 0.000000e+00)
# Time        	Cm            	Cd            	Cl            	Cl(f)         	Cl(r)         
1             	-1.103337e-03	2.532767e-01	-2.756934e-02	-1.488801e-02	-1.268133e-02
2             	-3.819486e-03	9.854760e-01	-1.178891e-01	-6.276404e-02	-5.512507e-02
3             	-4.013043e-03	1.190456e+00	-8.415232e-02	-4.608920e-02	-3.806312e-02
4             	-2.913078e-03	1.072414e+00	-1.253735e-02	-9.181753e-03	-3.355597e-03
5             	-1.958983e-03	9.215420e-01	3.975923e-02	1.792063e-02	2.183860e-02
6             	-1.570749e-03	8.391601e-01	5.401382e-02	2.543616e-02	2.857766e-02
7             	-1.356835e-03	7.727652e-01	5.597264e-02	2.662949e-02	2.934316e-02
8             	-1.547254e-03	7.789590e-01	3.795036e-02	1.742793e-02	2.052243e-02
9             	-1.860248e-03	8.177382e-01	1.647727e-02	6.378388e-03	1.009888e-02
10            	-2.094126e-03	8.519418e-01	2.381257e-03	-9.034977e-04	3.284755e-03
11            	-2.268426e-03	8.802706e-01	-6.364987e-03	-5.450920e-03	-9.140679e-04
12            	-2.383210e-03	9.026094e-01	-1.275863e-02	-8.762524e-03	-3.996104e-03
13            	-2.455275e-03	9.166868e-01	-1.743592e-02	-1.117323e-02	-6.262683e-03
14            	-2.474201e-03	9.212789e-01	-2.030076e-02	-1.262458e-02	-7.676177e-03
15            	-2.445083e-03	9.145870e-01	-2.206175e-02	-1.347596e-02	-8.585793e-03
16            	-2.435211e-03	9.085425e-01	-2.133468e-02	-1.310255e-02	-8.232130e-03
17            	-2.464764e-03	9.051019e-01	-1.850690e-02	-1.171821e-02	-6.788686e-03
18            	-2.516570e-03	9.056665e-01	-1.481088e-02	-9.922011e-03	-4.888870e-03
19            	-2.583460e-03	9.088834e-01	-1.053876e-02	-7.852841e-03	-2.685920e-03
20            	-2.655098e-03	9.134779e-01	-6.097228e-03	-5.703712e-03	-3.935160e-04
21            	-2.718899e-03	9.178866e-01	-1.581542e-03	-3.509670e-03	1.928128e-03
22            	-2.767720e-03	9.209844e-01	2.676374e-03	-1.429533e-03	4.105906e-03
23            	-2.802757e-03	9.231277e-01	6.646402e-03	5.204441e-04	6.125958e-03
24            	-2.826750e-03	9.247438e-01	1.053454e-02	2.440521e-03	8.094020e-03
25            	-2.844721e-03	9.263767e-01	1.467780e-02	4.494177e-03	1.018362e-02
26            	-2.858359e-03	9.281731e-01	1.894087e-02	6.612074e-03	1.232879e-02
27            	-2.867091e-03	9.299752e-01	2.268339e-02	8.474603e-03	1.420878e-02
28            	-2.870747e-03	9.316426e-01	2.531828e-02	9.788392e-03	1.552989e-02
29            	-2.870319e-03	9.331446e-01	2.647314e-02	1.036625e-02	1.610689e-02
30            	-2.867435e-03	9.344691e-01	2.607592e-02	1.017053e-02	1.590540e-02
31            	-2.862932e-03	9.355416e-01	2.451270e-02	9.393420e-03	1.511928e-02
32            	-2.857914e-03	9.364033e-01	2.210726e-02	8.195716e-03	1.391154e-02
33            	-2.853219e-03	9.369282e-01	1.928319e-02	6.788374e-03	1.249481e-02
34            	-2.850757e-03	9.371651e-01	1.674282e-02	5.520653e-03	1.122217e-02
35            	-2.852030e-03	9.371911e-01	1.502874e-02	4.662338e-03	1.036640e-02
36            	-2.856541e-03	9.371077e-01	1.417134e-02	4.229127e-03	9.942209e-03
37            	-2.864257e-03	9.369208e-01	1.420798e-02	4.239733e-03	9.968247e-03
38            	-2.874635e-03	9.366278e-01	1.498053e-02	4.615631e-03	1.036490e-02
39            	-2.886515e-03	9.361914e-01	1.626263e-02	5.244803e-03	1.101783e-02
40            	-2.900118e-03	9.357691e-01	1.773670e-02	5.968233e-03	1.176847e-02
41            	-2.918162e-03	9.359176e-01	1.900307e-02	6.583371e-03	1.241969e-02
42            	-2.942326e-03	9.370803e-01	1.976030e-02	6.937824e-03	1.282248e-02
43            	-2.972521e-03	9.395914e-01	1.964477e-02	6.849864e-03	1.279491e-02
44            	-3.004191e-03	9.430625e-01	1.867718e-02	6.334399e-03	1.234278e-02
45            	-3.033809e-03	9.472618e-01	1.684842e-02	5.390399e-03	1.145802e-02
46            	-3.056743e-03	9.508494e-01	1.472656e-02	4.306538e-03	1.042002e-02
47            	-3.072020e-03	9.534857e-01	1.306581e-02	3.460883e-03	9.604923e-03
48            	-3.081848e-03	9.551910e-01	1.219271e-02	3.014508e-03	9.178205e-03
49            	-3.085285e-03	9.555647e-01	1.240143e-02	3.115428e-03	9.285999e-03
50            	-3.086627e-03	9.549420e-01	1.297292e-02	3.399832e-03	9.573087e-03
51            	-3.086453e-03	9.530800e-01	1.404447e-02	3.935780e-03	1.010869e-02
52            	-3.086098e-03	9.501158e-01	1.543273e-02	4.630269e-03	1.080247e-02
53            	-3.086425e-03	9.462749e-01	1.702772e-02	5.427434e-03	1.160028e-02
54            	-3.087478e-03	9.422164e-01	1.846127e-02	6.143155e-03	1.231811e-02
55            	-3.089759e-03	9.382767e-01	1.979003e-02	6.805257e-03	1.298477e-02
56            	-3.094268e-03	9.348031e-01	2.113713e-02	7.474295e-03	1.366283e-02
57            	-3.106562e-03	9.326555e-01	2.261177e-02	8.199322e-03	1.441245e-02
58            	-3.125394e-03	9.317830e-01	2.432148e-02	9.035348e-03	1.528614e-02
59            	-3.150147e-03	9.322129e-01	2.621465e-02	9.957179e-03	1.625747e-02
60            	-3.179398e-03	9.343111e-01	2.823967e-02	1.094044e-02	1.729923e-02
61            	-3.214425e-03	9.390383e-01	3.034742e-02	1.195929e-02	1.838814e-02
62            	-3.258719e-03	9.470543e-01	3.307423e-02	1.327840e-02	1.979583e-02
63            	-3.308818e-03	9.576530e-01	3.724244e-02	1.531240e-02	2.193004e-02
64            	-3.355118e-03	9.689711e-01	4.312037e-02	1.820507e-02	2.491530e-02
65            	-3.385670e-03	9.784915e-01	5.001107e-02	2.161986e-02	2.839120e-02
66            	-3.395987e-03	9.844277e-01	5.630612e-02	2.475707e-02	3.154905e-02
67            	-3.396212e-03	9.881025e-01	6.127993e-02	2.724375e-02	3.403618e-02
68            	-3.391136e-03	9.901317e-01	6.411942e-02	2.866858e-02	3.545085e-02
69            	-3.387829e-03	9.915861e-01	6.339591e-02	2.831012e-02	3.508578e-02
70            	-3.377007e-03	9.909439e-01	5.828251e-02	2.576425e-02	3.251826e-02
71            	-3.352278e-03	9.873379e-01	4.993900e-02	2.161722e-02	2.832178e-02
72            	-3.316868e-03	9.814614e-01	3.994355e-02	1.665490e-02	2.328864e-02
73            	-3.284850e-03	9.752567e-01	2.986466e-02	1.164748e-02	1.821718e-02
74            	-3.270959e-03	9.709195e-01	2.142164e-02	7.439860e-03	1.398178e-02
75            	-3.288930e-03	9.707271e-01	1.629360e-02	4.857871e-03	1.143573e-02
76            	-3.316968e-03	9.724040e-01	1.624568e-02	4.805871e-03	1.143981e-02
77            	-3.326143e-03	9.729769e-01	2.149696e-02	7.422335e-03	1.407462e-02
78            	-3.305654e-03	9.710748e-01	3.052950e-02	1.195910e-02	1.857040e-02
79            	-3.251190e-03	9.656102e-01	4.045263e-02	1.697512e-02	2.347750e-02
80            	-3.179169e-03	9.581773e-01	4.870223e-02	2.117195e-02	2.753028e-02
81            	-3.110519e-03	9.509711e-01	5.395885e-02	2.386891e-02	3.008994e-02
82            	-3.053172e-03	9.443492e-01	5.544105e-02	2.466735e-02	3.077370e-02
83            	-2.996145e-03	9.362235e-01	5.286441e-02	2.343606e-02	2.942835e-02
84            	-2.958140e-03	9.285696e-01	4.535708e-02	1.972040e-02	2.563668e-02
85            	-2.958525e-03	9.247700e-01	3.408117e-02	1.408206e-02	1.999911e-02
86            	-2.982990e-03	9.241740e-01	2.163255e-02	7.833284e-03	1.379926e-02
87            	-3.012460e-03	9.247312e-01	1.106446e-02	2.519770e-03	8.544689e-03
88            	-3.036334e-03	9.253711e-01	4.277724e-03	-8.974716e-04	5.175196e-03
89            	-3.054428e-03	9.259364e-01	1.884084e-03	-2.112386e-03	3.996470e-03
90            	-3.074882e-03	9.271388e-01	3.268057e-03	-1.440854e-03	4.708911e-03
91            	-3.094831e-03	9.284705e-01	6.829812e-03	3.200748e-04	6.509737e-03
92            	-3.110025e-03	9.292232e-01	1.066776e-02	2.223857e-03	8.443907e-03
93            	-3.116814e-03	9.291329e-01	1.337950e-02	3.572936e-03	9.806564e-03
94            	-3.114732e-03	9.283081e-01	1.447778e-02	4.124159e-03	1.035362e-02
95            	-3.109538e-03	9.277991e-01	1.472442e-02	4.252672e-03	1.047175e-02
96            	-3.108254e-03	9.284346e-01	1.505584e-02	4.419666e-03	1.063617e-02
97            	-3.113183e-03	9.303058e-01	1.607653e-02	4.925082e-03	1.115145e-02
98            	-3.128979e-03	9.337530e-01	1.815436e-02	5.948199e-03	1.220616e-02
99            	-3.154815e-03	9.378532e-01	2.054412e-02	7.117246e-03	1.342688e-02
100           	-3.184065e-03	9.416433e-01	2.342080e-02	8.526334e-03	1.489446e-02
101           	-3.209691e-03	9.442052e-01	2.654880e-02	1.006471e-02	1.648409e-02
102           	-3.225158e-03	9.451364e-01	2.944690e-02	1.149829e-02	1.794861e-02
103           	-3.232326e-03	9.450683e-01	3.251942e-02	1.302738e-02	1.949204e-02
104           	-3.237517e-03	9.448874e-01	3.604937e-02	1.478717e-02	2.126220e-02
105           	-3.253805e-03	9.457924e-01	3.929307e-02	1.639273e-02	2.290034e-02
106           	-3.283463e-03	9.481186e-01	4.100562e-02	1.721935e-02	2.378627e-02
107           	-3.316636e-03	9.504041e-01	3.947489e-02	1.642081e-02	2.305408e-02
108           	-3.341340e-03	9.512905e-01	3.378693e-02	1.355213e-02	2.023481e-02
109           	-3.349449e-03	9.508054e-01	2.319542e-02	8.248263e-03	1.494716e-02
110           	-3.333244e-03	9.492361e-01	7.648777e-03	4.911444e-04	7.157633e-03
111           	-3.297978e-03	9.471359e-01	-9.698713e-03	-8.147334e-03	-1.551379e-03
112           	-3.264131e-03	9.458758e-01	-2.652576e-02	-1.652701e-02	-9.998749e-03
113           	-3.246963e-03	9.460008e-01	-4.219267e-02	-2.434330e-02	-1.784937e-02
114           	-3.244596e-03	9.467258e-01	-5.552413e-02	-3.100666e-02	-2.451747e-02
115           	-3.251830e-03	9.478417e-01	-6.479208e-02	-3.564787e-02	-2.914421e-02
116           	-3.266849e-03	9.498087e-01	-6.913783e-02	-3.783576e-02	-3.130206e-02
117           	-3.285414e-03	9.525503e-01	-6.824490e-02	-3.740787e-02	-3.083704e-02
118           	-3.298819e-03	9.551241e-01	-6.305713e-02	-3.482738e-02	-2.822975e-02
119           	-3.302843e-03	9.571661e-01	-5.512590e-02	-3.086580e-02	-2.426011e-02
120           	-3.298367e-03	9.588537e-01	-4.583290e-02	-2.621481e-02	-1.961808e-02
121           	-3.288419e-03	9.606755e-01	-3.500880e-02	-2.079282e-02	-1.421598e-02
122           	-3.274232e-03	9.629692e-01	-2.182513e-02	-1.418680e-02	-7.638332e-03
123           	-3.250666e-03	9.649295e-01	-5.594316e-03	-6.047824e-03	4.535078e-04
124           	-3.226624e-03	9.670602e-01	1.388756e-02	3.717154e-03	1.017040e-02
125           	-3.212562e-03	9.698602e-01	3.693389e-02	1.525438e-02	2.167951e-02
126           	-3.230630e-03	9.762782e-01	6.651181e-02	3.002527e-02	3.648653e-02
127           	-3.242408e-03	9.796200e-01	9.352121e-02	4.351820e-02	5.000301e-02
128           	-3.260593e-03	9.818246e-01	1.157610e-01	5.461990e-02	6.114108e-02
129           	-3.277802e-03	9.824203e-01	1.298666e-01	6.165548e-02	6.821108e-02
130           	-3.287268e-03	9.809887e-01	1.338118e-01	6.361865e-02	7.019318e-02
131           	-3.280417e-03	9.765769e-01	1.248072e-01	5.912317e-02	6.568401e-02
132           	-3.254090e-03	9.705917e-01	1.038845e-01	4.868816e-02	5.519634e-02
133           	-3.217533e-03	9.650002e-01	7.782577e-02	3.569535e-02	4.213042e-02
134           	-3.185969e-03	9.630095e-01	5.389640e-02	2.376223e-02	3.013417e-02
135           	-3.152548e-03	9.607558e-01	3.949289e-02	1.659390e-02	2.289899e-02
136           	-3.092758e-03	9.547411e-01	3.408843e-02	1.395146e-02	2.013697e-02
137           	-3.003823e-03	9.440790e-01	3.616041e-02	1.507638e-02	2.108403e-02
138           	-2.932447e-03	9.324698e-01	4.410151e-02	1.911831e-02	2.498320e-02
139           	-2.909032e-03	9.244471e-01	5.309022e-02	2.363608e-02	2.945414e-02
140           	-2.932663e-03	9.215031e-01	5.884590e-02	2.649029e-02	3.235561e-02
141           	-2.980593e-03	9.217955e-01	6.002726e-02	2.703304e-02	3.299422e-02
142           	-3.031724e-03	9.243195e-01	5.759853e-02	2.576754e-02	3.183099e-02
143           	-3.076607e-03	9.276703e-01	5.306565e-02	2.345622e-02	2.960943e-02
144           	-3.109832e-03	9.308566e-01	4.857094e-02	2.117564e-02	2.739530e-02
145           	-3.132387e-03	9.335551e-01	4.668437e-02	2.020980e-02	2.647457e-02
146           	-3.146608e-03	9.356625e-01	4.809392e-02	2.090035e-02	2.719357e-02
147           	-3.155130e-03	9.372053e-01	5.353838e-02	2.361406e-02	2.992432e-02
148           	-3.161788e-03	9.387911e-01	6.356189e-02	2.861916e-02	3.494273e-02
149           	-3.170519e-03	9.408180e-01	7.722730e-02	3.544313e-02	4.178417e-02
150           	-3.182956e-03	9.433783e-01	9.175772e-02	4.269590e-02	4.906182e-02
151           	-3.197005e-03	9.459769e-01	1.049579e-01	4.928194e-02	5.567595e-02
152           	-3.214125e-03	9.484242e-01	1.142591e-01	5.391545e-02	6.034370e-02
153           	-3.230813e-03	9.505782e-01	1.190219e-01	5.628012e-02	6.274175e-02
154           	-3.244629e-03	9.525780e-01	1.190768e-01	5.629375e-02	6.278301e-02
155           	-3.256992e-03	9.550671e-01	1.136321e-01	5.355906e-02	6.007304e-02
156           	-3.268315e-03	9.581605e-01	1.028909e-01	4.817713e-02	5.471376e-02
157           	-3.276628e-03	9.614222e-01	8.888197e-02	4.116436e-02	4.771761e-02
158           	-3.281346e-03	9.644082e-01	7.403976e-02	3.373853e-02	4.030123e-02
159           	-3.290009e-03	9.682817e-01	5.850028e-02	2.596013e-02	3.254015e-02
160           	-3.296881e-03	9.722848e-01	4.405508e-02	1.873066e-02	2.532442e-02
161           	-3.300223e-03	9.756586e-01	3.249660e-02	1.294808e-02	1.954852e-02
162           	-3.289366e-03	9.765698e-01	2.513162e-02	9.276442e-03	1.585517e-02
163           	-3.256909e-03	9.734125e-01	2.254253e-02	8.014355e-03	1.452817e-02
164           	-3.214596e-03	9.667476e-01	2.433022e-02	8.950514e-03	1.537971e-02
165           	-3.172845e-03	9.577450e-01	2.902688e-02	1.134060e-02	1.768629e-02
166           	-3.141611e-03	9.483066e-01	3.364141e-02	1.367909e-02	1.996232e-02
167           	-3.128768e-03	9.407456e-01	3.613737e-02	1.493991e-02	2.119745e-02
168           	-3.142786e-03	9.372182e-01	3.528673e-02	1.450058e-02	2.078615e-02
169           	-3.182869e-03	9.385813e-01	3.132740e-02	1.248083e-02	1.884657e-02
170           	-3.229526e-03	9.429936e-01	2.510416e-02	9.322555e-03	1.578161e-02
171           	-3.273096e-03	9.498113e-01	1.738316e-02	5.418483e-03	1.196467e-02
172           	-3.303956e-03	9.580646e-01	9.439436e-03	1.415762e-03	8.023674e-03
173           	-3.314304e-03	9.651713e-01	3.560511e-03	-1.534048e-03	5.094559e-03
174           	-3.304052e-03	9.701540e-01	1.093022e-03	-2.757540e-03	3.850563e-03
175           	-3.270852e-03	9.714089e-01	2.447601e-03	-2.047051e-03	4.494652e-03
176           	-3.221114e-03	9.686982e-01	7.694453e-03	6.261124e-04	7.068341e-03
177           	-3.163693e-03	9.624871e-01	1.732098e-02	5.496796e-03	1.182418e-02
178           	-3.116139e-03	9.547473e-01	3.060875e-02	1.218824e-02	1.842052e-02
179           	-3.091797e-03	9.477964e-01	4.573576e-02	1.977608e-02	2.595968e-02
180           	-3.089205e-03	9.435541e-01	5.919867e-02	2.651013e-02	3.268854e-02
181           	-3.101713e-03	9.413939e-01	7.020926e-02	3.200292e-02	3.820634e-02
182           	-3.118457e-03	9.407786e-01	7.736260e-02	3.556285e-02	4.179976e-02
183           	-3.134730e-03	9.410777e-01	8.004188e-02	3.688621e-02	4.315567e-02
184           	-3.160459e-03	9.430392e-01	7.833519e-02	3.600714e-02	4.232805e-02
185           	-3.193547e-03	9.467999e-01	7.218036e-02	3.289663e-02	3.928373e-02
186           	-3.224609e-03	9.511343e-01	6.234298e-02	2.794688e-02	3.439610e-02
187           	-3.244159e-03	9.546699e-01	5.048335e-02	2.199752e-02	2.848584e-02
188           	-3.258912e-03	9.590562e-01	3.655103e-02	1.501660e-02	2.153443e-02
189           	-3.265492e-03	9.621023e-01	2.442092e-02	8.944969e-03	1.547595e-02
190           	-3.267111e-03	9.649144e-01	1.511331e-02	4.289546e-03	1.082377e-02
191           	-3.265433e-03	9.676161e-01	9.469407e-03	1.469270e-03	8.000137e-03
192           	-3.263324e-03	9.707286e-01	7.127624e-03	3.004882e-04	6.827136e-03
193           	-3.254613e-03	9.730786e-01	8.496737e-03	9.937560e-04	7.502982e-03
194           	-3.239723e-03	9.743505e-01	1.350727e-02	3.513912e-03	9.993358e-03
195           	-3.223376e-03	9.746696e-01	2.159371e-02	7.573479e-03	1.402023e-02
196           	-3.210771e-03	9.742764e-01	3.196624e-02	1.277235e-02	1.919389e-02
197           	-3.217755e-03	9.745967e-01	4.412904e-02	1.884676e-02	2.528227e-02
198           	-3.233902e-03	9.737350e-01	5.545543e-02	2.449381e-02	3.096162e-02
199           	-3.242317e-03	9.693974e-01	6.371762e-02	2.861650e-02	3.510113e-02
200           	-3.243272e-03	9.628102e-01	6.734826e-02	3.043086e-02	3.691740e-02
201           	-3.231663e-03	9.549911e-01	6.618208e-02	2.985938e-02	3.632270e-02
202           	-3.219142e-03	9.483151e-01	6.051143e-02	2.703657e-02	3.347486e-02
203           	-3.204959e-03	9.441826e-01	5.193739e-02	2.276373e-02	2.917365e-02
204           	-3.185814e-03	9.428005e-01	4.184231e-02	1.773534e-02	2.410697e-02
205           	-3.151766e-03	9.422594e-01	3.118105e-02	1.243876e-02	1.874229e-02
206           	-3.103449e-03	9.412474e-01	2.076182e-02	7.277463e-03	1.348436e-02
207           	-3.050354e-03	9.394880e-01	1.140772e-02	2.653507e-03	8.754216e-03
208           	-2.991550e-03	9.353434e-01	4.670143e-03	-6.564784e-04	5.326622e-03
209           	-2.944967e-03	9.302521e-01	1.235352e-03	-2.327291e-03	3.562643e-03
210           	-2.912242e-03	9.243170e-01	2.091736e-03	-1.866374e-03	3.958110e-03
211           	-2.910068e-03	9.197361e-01	7.342503e-03	7.611839e-04	6.581320e-03
212           	-2.943034e-03	9.179568e-01	1.616245e-02	5.138189e-03	1.102426e-02
213           	-3.003657e-03	9.193151e-01	2.706269e-02	1.052769e-02	1.653500e-02
214           	-3.078998e-03	9.228467e-01	3.932782e-02	1.658491e-02	2.274291e-02
215           	-3.144037e-03	9.273872e-01	5.153495e-02	2.262344e-02	2.891151e-02
216           	-3.198566e-03	9.323528e-01	6.328066e-02	2.844176e-02	3.483890e-02
217           	-3.241334e-03	9.371620e-01	7.424181e-02	3.387957e-02	4.036224e-02
218           	-3.273365e-03	9.414324e-01	8.403167e-02	3.874247e-02	4.528920e-02
219           	-3.293364e-03	9.448734e-01	9.204137e-02	4.272732e-02	4.931405e-02
220           	-3.303502e-03	9.474794e-01	9.740890e-02	4.540095e-02	5.200795e-02
221           	-3.308162e-03	9.497340e-01	9.908196e-02	4.623282e-02	5.284914e-02
222           	-3.313404e-03	9.524780e-01	9.639242e-02	4.488280e-02	5.150961e-02
223           	-3.322487e-03	9.563002e-01	8.912334e-02	4.123918e-02	4.788416e-02
224           	-3.328068e-03	9.603729e-01	7.839559e-02	3.586973e-02	4.252586e-02
225           	-3.336113e-03	9.657658e-01	6.555968e-02	2.944373e-02	3.611595e-02
226           	-3.339083e-03	9.711546e-01	5.328875e-02	2.330529e-02	2.998346e-02
227           	-3.337205e-03	9.762930e-01	4.342359e-02	1.837459e-02	2.504900e-02
228           	-3.323661e-03	9.800670e-01	3.742271e-02	1.538769e-02	2.203501e-02
229           	-3.307783e-03	9.825775e-01	3.625393e-02	1.481918e-02	2.143475e-02
230           	-3.300157e-03	9.837722e-01	4.058617e-02	1.699293e-02	2.359324e-02
231           	-3.300765e-03	9.827593e-01	4.943289e-02	2.141568e-02	2.801721e-02
232           	-3.315701e-03	9.808194e-01	5.981641e-02	2.659250e-02	3.322391e-02
233           	-3.341863e-03	9.787689e-01	6.798111e-02	3.064869e-02	3.733242e-02
234           	-3.371580e-03	9.775804e-01	7.107720e-02	3.216702e-02	3.891018e-02
235           	-3.396319e-03	9.770302e-01	6.934585e-02	3.127661e-02	3.806924e-02
236           	-3.404263e-03	9.765282e-01	6.308914e-02	2.814031e-02	3.494883e-02
237           	-3.375820e-03	9.740644e-01	5.462251e-02	2.393544e-02	3.068708e-02
238           	-3.321248e-03	9.692251e-01	4.758147e-02	2.046949e-02	2.711198e-02
239           	-3.243450e-03	9.622591e-01	4.368805e-02	1.860058e-02	2.508747e-02
240           	-3.184607e-03	9.560878e-01	4.321353e-02	1.842216e-02	2.479137e-02
241           	-3.147308e-03	9.514064e-01	4.474691e-02	1.922615e-02	2.552076e-02
242           	-3.125601e-03	9.485592e-01	4.596710e-02	1.985795e-02	2.610915e-02
243           	-3.116051e-03	9.482280e-01	4.481035e-02	1.928913e-02	2.552123e-02
244           	-3.111300e-03	9.499822e-01	3.975679e-02	1.676709e-02	2.298969e-02
245           	-3.110760e-03	9.535795e-01	3.057190e-02	1.217519e-02	1.839671e-02
246           	-3.114072e-03	9.573329e-01	1.914430e-02	6.458076e-03	1.268622e-02
247           	-3.115525e-03	9.587442e-01	9.162463e-03	1.465706e-03	7.696757e-03
248           	-3.122829e-03	9.583481e-01	2.551226e-03	-1.847216e-03	4.398442e-03
249           	-3.132123e-03	9.563644e-01	4.790635e-04	-2.892591e-03	3.371655e-03
250           	-3.148750e-03	9.542386e-01	2.396340e-03	-1.950580e-03	4.346920e-03
251           	-3.171245e-03	9.528813e-01	7.058622e-03	3.580658e-04	6.700556e-03
252           	-3.199364e-03	9.525817e-01	1.295221e-02	3.276739e-03	9.675467e-03
253           	-3.230193e-03	9.531295e-01	1.892374e-02	6.231678e-03	1.269206e-02
254           	-3.262308e-03	9.542862e-01	2.414666e-02	8.811021e-03	1.533564e-02
255           	-3.293545e-03	9.559545e-01	2.825448e-02	1.083370e-02	1.742079e-02
256           	-3.323755e-03	9.579874e-01	3.114112e-02	1.224681e-02	1.889432e-02
257           	-3.353813e-03	9.604096e-01	3.273587e-02	1.301412e-02	1.972175e-02
258           	-3.385259e-03	9.633390e-01	3.287422e-02	1.305185e-02	1.982237e-02
259           	-3.419971e-03	9.670078e-01	3.127326e-02	1.221666e-02	1.905660e-02
260           	-3.454281e-03	9.710266e-01	2.826501e-02	1.067822e-02	1.758678e-02
261           	-3.480113e-03	9.745791e-01	2.534170e-02	9.190738e-03	1.615096e-02
262           	-3.490526e-03	9.771736e-01	2.469232e-02	8.855636e-03	1.583669e-02
263           	-3.491857e-03	9.796830e-01	2.857347e-02	1.079488e-02	1.777859e-02
264           	-3.500732e-03	9.841961e-01	3.775754e-02	1.537804e-02	2.237950e-02
265           	-3.525344e-03	9.915682e-01	5.159995e-02	2.227463e-02	2.932532e-02
266           	-3.538297e-03	9.975247e-01	6.793944e-02	3.043142e-02	3.750801e-02
267           	-3.517219e-03	9.987344e-01	8.451020e-02	3.873788e-02	4.577232e-02
268           	-3.456678e-03	9.937464e-01	9.878109e-02	4.593387e-02	5.284723e-02
269           	-3.363081e-03	9.827026e-01	1.083326e-01	5.080320e-02	5.752937e-02
270           	-3.256762e-03	9.676586e-01	1.111888e-01	5.233766e-02	5.885119e-02
271           	-3.162001e-03	9.519151e-01	1.059147e-01	4.979535e-02	5.611935e-02
272           	-3.084860e-03	9.381002e-01	9.405690e-02	4.394359e-02	5.011331e-02
273           	-3.039969e-03	9.291117e-01	7.911812e-02	3.651909e-02	4.259903e-02
274           	-3.017980e-03	9.241882e-01	6.395901e-02	2.896153e-02	3.499749e-02
275           	-3.005235e-03	9.214627e-01	5.047588e-02	2.223270e-02	2.824317e-02
276           	-3.000051e-03	9.202741e-01	3.960531e-02	1.680261e-02	2.280271e-02
277           	-3.001627e-03	9.201781e-01	3.264259e-02	1.331967e-02	1.932292e-02
278           	-3.009564e-03	9.206696e-01	3.072829e-02	1.235458e-02	1.837371e-02
279           	-3.024774e-03	9.211440e-01	3.275114e-02	1.335079e-02	1.940034e-02
280           	-3.047851e-03	9.212600e-01	3.622161e-02	1.506296e-02	2.115866e-02
281           	-3.075802e-03	9.210350e-01	3.917681e-02	1.651260e-02	2.266421e-02
282           	-3.100979e-03	9.206205e-01	4.114925e-02	1.747365e-02	2.367560e-02
283           	-3.121287e-03	9.198943e-01	4.192003e-02	1.783873e-02	2.408130e-02
284           	-3.139447e-03	9.193235e-01	4.161683e-02	1.766897e-02	2.394786e-02
285           	-3.159468e-03	9.194666e-01	4.035165e-02	1.701636e-02	2.333529e-02
286           	-3.178415e-03	9.200814e-01	3.861523e-02	1.612920e-02	2.248603e-02
287           	-3.190777e-03	9.207082e-01	3.682899e-02	1.522372e-02	2.160527e-02
288           	-3.194455e-03	9.213268e-01	3.495796e-02	1.428453e-02	2.067343e-02
289           	-3.191294e-03	9.223474e-01	3.276263e-02	1.319002e-02	1.957261e-02
290           	-3.184463e-03	9.243045e-01	2.990137e-02	1.176622e-02	1.813515e-02
291           	-3.175072e-03	9.270993e-01	2.669917e-02	1.017451e-02	1.652466e-02
292           	-3.169636e-03	9.314408e-01	2.483519e-02	9.247959e-03	1.558723e-02
293           	-3.174164e-03	9.381236e-01	2.683162e-02	1.024165e-02	1.658997e-02
294           	-3.193851e-03	9.469658e-01	3.472503e-02	1.416867e-02	2.055637e-02
295           	-3.233851e-03	9.572490e-01	4.893970e-02	2.123600e-02	2.770370e-02
296           	-3.292717e-03	9.680375e-01	6.760337e-02	3.050897e-02	3.709440e-02
297           	-3.375107e-03	9.796494e-01	8.842110e-02	4.083545e-02	4.758566e-02
298           	-3.459543e-03	9.892606e-01	1.072417e-01	5.016129e-02	5.708038e-02
299           	-3.530144e-03	9.957465e-01	1.214719e-01	5.720580e-02	6.426609e-02
300           	-3.584241e-03	9.985263e-01	1.282278e-01	6.052967e-02	6.769815e-02
301           	-3.604545e-03	9.958995e-01	1.258877e-01	5.933929e-02	6.654838e-02
302           	-3.592137e-03	9.892171e-01	1.127312e-01	5.277348e-02	5.995775e-02
303           	-3.553209e-03	9.810612e-01	9.132340e-02	4.210849e-02	4.921491e-02
304           	-3.496993e-03	9.737518e-01	6.758941e-02	3.029771e-02	3.729170e-02
305           	-3.421575e-03	9.670099e-01	4.803504e-02	2.059595e-02	2.743910e-02
306           	-3.342028e-03	9.613296e-01	3.796717e-02	1.564156e-02	2.232561e-02
307           	-3.262778e-03	9.579634e-01	3.694580e-02	1.521012e-02	2.173568e-02
308           	-3.194277e-03	9.566115e-01	4.178217e-02	1.769681e-02	2.408536e-02
309           	-3.124778e-03	9.549029e-01	5.108631e-02	2.241838e-02	2.866793e-02
310           	-3.069057e-03	9.525379e-01	6.343498e-02	2.864843e-02	3.478655e-02
311           	-3.042215e-03	9.500515e-01	7.361047e-02	3.376302e-02	3.984745e-02
312           	-3.035879e-03	9.462275e-01	8.007617e-02	3.700221e-02	4.307397e-02
313           	-3.049894e-03	9.419006e-01	8.201704e-02	3.795863e-02	4.405841e-02
314           	-3.090546e-03	9.381948e-01	7.902739e-02	3.642315e-02	4.260424e-02
315           	-3.144383e-03	9.365838e-01	7.275666e-02	3.323395e-02	3.952271e-02
316           	-3.195488e-03	9.378577e-01	6.659791e-02	3.010346e-02	3.649444e-02
317           	-3.246679e-03	9.425183e-01	6.210224e-02	2.780444e-02	3.429780e-02
318           	-3.289265e-03	9.492573e-01	6.082313e-02	2.712230e-02	3.370083e-02
319           	-3.313548e-03	9.557536e-01	6.354730e-02	2.846010e-02	3.508720e-02
320           	-3.320397e-03	9.604267e-01	6.938680e-02	3.137300e-02	3.801380e-02
321           	-3.318350e-03	9.632779e-01	7.659902e-02	3.498116e-02	4.161786e-02
322           	-3.313521e-03	9.645995e-01	8.366040e-02	3.851668e-02	4.514372e-02
323           	-3.308436e-03	9.642179e-01	8.931826e-02	4.135069e-02	4.796756e-02
324           	-3.302006e-03	9.625007e-01	9.296784e-02	4.318191e-02	4.978592e-02
325           	-3.296324e-03	9.602729e-01	9.415794e-02	4.378264e-02	5.037529e-02
326           	-3.290463e-03	9.582278e-01	9.303478e-02	4.322693e-02	4.980785e-02
327           	-3.283719e-03	9.565157e-01	8.949907e-02	4.146581e-02	4.803325e-02
328           	-3.270406e-03	9.548598e-01	8.420503e-02	3.883211e-02	4.537292e-02
329           	-3.247236e-03	9.529872e-01	7.757716e-02	3.554134e-02	4.203581e-02
330           	-3.216221e-03	9.512080e-01	6.995760e-02	3.176258e-02	3.819502e-02
331           	-3.183063e-03	9.497813e-01	6.199036e-02	2.781212e-02	3.417824e-02
332           	-3.153150e-03	9.487829e-01	5.435810e-02	2.402590e-02	3.033220e-02
333           	-3.131604e-03	9.482797e-01	4.788319e-02	2.080999e-02	2.707320e-02
334           	-3.118761e-03	9.482464e-01	4.318338e-02	1.847293e-02	2.471045e-02
335           	-3.115675e-03	9.487497e-01	4.062255e-02	1.719560e-02	2.342695e-02
336           	-3.122598e-03	9.497160e-01	4.046492e-02	1.710986e-02	2.335506e-02
337           	-3.140395e-03	9.509235e-01	4.277522e-02	1.824721e-02	2.452800e-02
338           	-3.166844e-03	9.518107e-01	4.680577e-02	2.023604e-02	2.656973e-02
339           	-3.199912e-03	9.523302e-01	5.157698e-02	2.258858e-02	2.898840e-02
340           	-3.234772e-03	9.525271e-01	5.650357e-02	2.501701e-02	3.148656e-02
341           	-3.263983e-03	9.527265e-01	6.123137e-02	2.735170e-02	3.387967e-02
342           	-3.281984e-03	9.530923e-01	6.539801e-02	2.941702e-02	3.598099e-02
343           	-3.288267e-03	9.535488e-01	6.889826e-02	3.116087e-02	3.773740e-02
344           	-3.278789e-03	9.533194e-01	7.198092e-02	3.271167e-02	3.926925e-02
345           	-3.250893e-03	9.518703e-01	7.490890e-02	3.420356e-02	4.070534e-02
346           	-3.213047e-03	9.495249e-01	7.806677e-02	3.582034e-02	4.224643e-02
347           	-3.181590e-03	9.473002e-01	8.131414e-02	3.747548e-02	4.383866e-02
348           	-3.165396e-03	9.457031e-01	8.370607e-02	3.868764e-02	4.501843e-02
349           	-3.161676e-03	9.443597e-01	8.464704e-02	3.916184e-02	4.548520e-02
350           	-3.165494e-03	9.429348e-01	8.417814e-02	3.892358e-02	4.525456e-02
351           	-3.171587e-03	9.413546e-01	8.281189e-02	3.823436e-02	4.457753e-02
352           	-3.178528e-03	9.399583e-01	8.119980e-02	3.742137e-02	4.377843e-02
353           	-3.187541e-03	9.390995e-01	7.996906e-02	3.679699e-02	4.317207e-02
354           	-3.199646e-03	9.392064e-01	7.944873e-02	3.652472e-02	4.292401e-02
355           	-3.213772e-03	9.401910e-01	7.968820e-02	3.663033e-02	4.305787e-02
356           	-3.228449e-03	9.418519e-01	8.043044e-02	3.698677e-02	4.344367e-02
357           	-3.243532e-03	9.440847e-01	8.139469e-02	3.745381e-02	4.394088e-02
358           	-3.259710e-03	9.469161e-01	8.208729e-02	3.778393e-02	4.430335e-02
359           	-3.275127e-03	9.500368e-01	8.227585e-02	3.786280e-02	4.441305e-02
360           	-3.287818e-03	9.530920e-01	8.194561e-02	3.768499e-02	4.426062e-02
361           	-3.299536e-03	9.562606e-01	8.107950e-02	3.724021e-02	4.383929e-02
362           	-3.313622e-03	9.601033e-01	7.948353e-02	3.642814e-02	4.305539e-02
363           	-3.326275e-03	9.639597e-01	7.735751e-02	3.535248e-02	4.200503e-02
364           	-3.336483e-03	9.675482e-01	7.458365e-02	3.395534e-02	4.062831e-02
365           	-3.339493e-03	9.698260e-01	7.126297e-02	3.229199e-02	3.897098e-02
366           	-3.332887e-03	9.700311e-01	6.763003e-02	3.048213e-02	3.714790e-02
367           	-3.318492e-03	9.681618e-01	6.405639e-02	2.870970e-02	3.534669e-02
368           	-3.304399e-03	9.654164e-01	6.063304e-02	2.701212e-02	3.362092e-02
369           	-3.302452e-03	9.635446e-01	5.716386e-02	2.527948e-02	3.188438e-02
370           	-3.323978e-03	9.645481e-01	5.341488e-02	2.338346e-02	3.003142e-02
371           	-3.368711e-03	9.690868e-01	4.847923e-02	2.087091e-02	2.760833e-02
372           	-3.401575e-03	9.736323e-01	4.319038e-02	1.819362e-02	2.499677e-02
373           	-3.397514e-03	9.757683e-01	3.779046e-02	1.549772e-02	2.229274e-02
374           	-3.352145e-03	9.742872e-01	3.350328e-02	1.339950e-02	2.010379e-02
375           	-3.276513e-03	9.695441e-01	3.167026e-02	1.255862e-02	1.911164e-02
376           	-3.188846e-03	9.617601e-01	3.304908e-02	1.333570e-02	1.971339e-02
377           	-3.112869e-03	9.525374e-01	3.749434e-02	1.563430e-02	2.186004e-02
378           	-3.073354e-03	9.450763e-01	4.330663e-02	1.857996e-02	2.472667e-02
379           	-3.060959e-03	9.393190e-01	4.850209e-02	2.119008e-02	2.731200e-02
380           	-3.063345e-03	9.345615e-01	5.217657e-02	2.302494e-02	2.915163e-02
381           	-3.078200e-03	9.313710e-01	5.420373e-02	2.402367e-02	3.018007e-02
382           	-3.105556e-03	9.308614e-01	5.402105e-02	2.390497e-02	3.011608e-02
383           	-3.130581e-03	9.321105e-01	5.128659e-02	2.251272e-02	2.877388e-02
384           	-3.141955e-03	9.334909e-01	4.634327e-02	2.002968e-02	2.631359e-02
385           	-3.136566e-03	9.339649e-01	3.998528e-02	1.685607e-02	2.312921e-02
386           	-3.116149e-03	9.328358e-01	3.384882e-02	1.380826e-02	2.004056e-02
387           	-3.089524e-03	9.304584e-01	2.887912e-02	1.135004e-02	1.752909e-02
388           	-3.067589e-03	9.280100e-01	2.508196e-02	9.473391e-03	1.560857e-02
389           	-3.055912e-03	9.263681e-01	2.250087e-02	8.194522e-03	1.430635e-02
390           	-3.054831e-03	9.256366e-01	2.131658e-02	7.603462e-03	1.371312e-02
391           	-3.058942e-03	9.250673e-01	2.150721e-02	7.694664e-03	1.381255e-02
392           	-3.065106e-03	9.242227e-01	2.273423e-02	8.302010e-03	1.443222e-02
393           	-3.074189e-03	9.232903e-01	2.442261e-02	9.137117e-03	1.528550e-02
394           	-3.088950e-03	9.228381e-01	2.583418e-02	9.828141e-03	1.600604e-02
395           	-3.111429e-03	9.234026e-01	2.623120e-02	1.000417e-02	1.622703e-02
396           	-3.139843e-03	9.249408e-01	2.551540e-02	9.617858e-03	1.589754e-02
397           	-3.171935e-03	9.273387e-01	2.391720e-02	8.786667e-03	1.513054e-02
398           	-3.202832e-03	9.302303e-01	2.224402e-02	7.919176e-03	1.432484e-02
399           	-3.230978e-03	9.334478e-01	2.118683e-02	7.362438e-03	1.382439e-02
400           	-3.259217e-03	9.374227e-01	2.129604e-02	7.388800e-03	1.390724e-02
401           	-3.287507e-03	9.421429e-01	2.297532e-02	8.200155e-03	1.477517e-02
402           	-3.318001e-03	9.478933e-01	2.664222e-02	1.000311e-02	1.663911e-02
403           	-3.350551e-03	9.544392e-01	3.240787e-02	1.285338e-02	1.955448e-02
404           	-3.397097e-03	9.635563e-01	4.098848e-02	1.709714e-02	2.389134e-02
405           	-3.444198e-03	9.729236e-01	5.128014e-02	2.219587e-02	2.908427e-02
406           	-3.483887e-03	9.811885e-01	6.239973e-02	2.771598e-02	3.468375e-02
407           	-3.519544e-03	9.886345e-01	7.344379e-02	3.320235e-02	4.024144e-02
408           	-3.551752e-03	9.950891e-01	8.329088e-02	3.809369e-02	4.519719e-02
409           	-3.579756e-03	1.000320e+00	9.053854e-02	4.168951e-02	4.884903e-02
410           	-3.606455e-03	1.004716e+00	9.371617e-02	4.325163e-02	5.046454e-02
411           	-3.622516e-03	1.006754e+00	9.180707e-02	4.228102e-02	4.952605e-02
412           	-3.633306e-03	1.007211e+00	8.452294e-02	3.862817e-02	4.589478e-02
413           	-3.626511e-03	1.004375e+00	7.167267e-02	3.220982e-02	3.946285e-02
414           	-3.582916e-03	9.970310e-01	5.594070e-02	2.438744e-02	3.155327e-02
415           	-3.500622e-03	9.864052e-01	4.258324e-02	1.779100e-02	2.479224e-02
416           	-3.401179e-03	9.756874e-01	3.366608e-02	1.343186e-02	2.023422e-02
417           	-3.302547e-03	9.665340e-01	2.917905e-02	1.128698e-02	1.789207e-02
418           	-3.226196e-03	9.607680e-01	2.889009e-02	1.121885e-02	1.767124e-02
419           	-3.156785e-03	9.553689e-01	3.273919e-02	1.321281e-02	1.952638e-02
420           	-3.112493e-03	9.512423e-01	3.975135e-02	1.676318e-02	2.298817e-02
421           	-3.090998e-03	9.473523e-01	4.750317e-02	2.066059e-02	2.684258e-02
422           	-3.083026e-03	9.427789e-01	5.411870e-02	2.397632e-02	3.014237e-02
423           	-3.085566e-03	9.382025e-01	5.844214e-02	2.613551e-02	3.230664e-02
424           	-3.096329e-03	9.339567e-01	6.148216e-02	2.764475e-02	3.383741e-02
425           	-3.118541e-03	9.324051e-01	6.328438e-02	2.852365e-02	3.476073e-02
426           	-3.154809e-03	9.339317e-01	6.399406e-02	2.884222e-02	3.515184e-02
427           	-3.195456e-03	9.374146e-01	6.366489e-02	2.863699e-02	3.502790e-02
428           	-3.228219e-03	9.411389e-01	6.257641e-02	2.805999e-02	3.451642e-02
429           	-3.247396e-03	9.440917e-01	6.091472e-02	2.720996e-02	3.370476e-02
430           	-3.260097e-03	9.469938e-01	5.853757e-02	2.600869e-02	3.252888e-02
431           	-3.270883e-03	9.502784e-01	5.599745e-02	2.472784e-02	3.126961e-02
432           	-3.278803e-03	9.538091e-01	5.398199e-02	2.371219e-02	3.026980e-02
433           	-3.284473e-03	9.574053e-01	5.290522e-02	2.316814e-02	2.973709e-02
434           	-3.289362e-03	9.612867e-01	5.249454e-02	2.295791e-02	2.953663e-02
435           	-3.296035e-03	9.659266e-01	5.247855e-02	2.294324e-02	2.953531e-02
436           	-3.309169e-03	9.718209e-01	5.264195e-02	2.301181e-02	2.963014e-02
437           	-3.330770e-03	9.785749e-01	5.282096e-02	2.307971e-02	2.974125e-02
438           	-3.361598e-03	9.856932e-01	5.290865e-02	2.309273e-02	2.981592e-02
439           	-3.401916e-03	9.928460e-01	5.242725e-02	2.281171e-02	2.961554e-02
440           	-3.458009e-03	1.000713e+00	5.058369e-02	2.183384e-02	2.874985e-02
441           	-3.511972e-03	1.006948e+00	4.731459e-02	2.014532e-02	2.716927e-02
442           	-3.556458e-03	1.011092e+00	4.352956e-02	1.820832e-02	2.532124e-02
443           	-3.572843e-03	1.011608e+00	4.192527e-02	1.738979e-02	2.453548e-02
444           	-3.560667e-03	1.009396e+00	4.573661e-02	1.930764e-02	2.642897e-02
445           	-3.552138e-03	1.008876e+00	5.588660e-02	2.439116e-02	3.149544e-02
446           	-3.556950e-03	1.010865e+00	6.960212e-02	3.124411e-02	3.835801e-02
447           	-3.544683e-03	1.010936e+00	8.312663e-02	3.801863e-02	4.510800e-02
448           	-3.486170e-03	1.004548e+00	9.390218e-02	4.346492e-02	5.043726e-02
449           	-3.389277e-03	9.921751e-01	1.001088e-01	4.666513e-02	5.344369e-02
450           	-3.277580e-03	9.766680e-01	1.004101e-01	4.692746e-02	5.348262e-02
451           	-3.180058e-03	9.619099e-01	9.410345e-02	4.387167e-02	5.023179e-02
452           	-3.095029e-03	9.478780e-01	8.100126e-02	3.740560e-02	4.359566e-02
453           	-3.047223e-03	9.389786e-01	6.326695e-02	2.858625e-02	3.468070e-02
454           	-3.028589e-03	9.347124e-01	4.509533e-02	1.951907e-02	2.557625e-02
455           	-3.032034e-03	9.337792e-01	2.930760e-02	1.162176e-02	1.768583e-02
456           	-3.046858e-03	9.348840e-01	1.841129e-02	6.158785e-03	1.225250e-02
457           	-3.065302e-03	9.365291e-01	1.339914e-02	3.634266e-03	9.764869e-03
458           	-3.089101e-03	9.381183e-01	1.371766e-02	3.769727e-03	9.947929e-03
459           	-3.117304e-03	9.394673e-01	1.874343e-02	6.254411e-03	1.248902e-02
460           	-3.147049e-03	9.403362e-01	2.748529e-02	1.059560e-02	1.688969e-02
461           	-3.172438e-03	9.403990e-01	3.841376e-02	1.603444e-02	2.237932e-02
462           	-3.190778e-03	9.399571e-01	4.961338e-02	2.161591e-02	2.799747e-02
463           	-3.204081e-03	9.392739e-01	5.981337e-02	2.670261e-02	3.311077e-02
464           	-3.214383e-03	9.386035e-01	6.846938e-02	3.102031e-02	3.744907e-02
465           	-3.221964e-03	9.381616e-01	7.515356e-02	3.435482e-02	4.079874e-02
466           	-3.228383e-03	9.379452e-01	7.966191e-02	3.660257e-02	4.305934e-02
467           	-3.234962e-03	9.378636e-01	8.200310e-02	3.776659e-02	4.423651e-02
468           	-3.239422e-03	9.377597e-01	8.193307e-02	3.772711e-02	4.420596e-02
469           	-3.241541e-03	9.379305e-01	7.909169e-02	3.630430e-02	4.278738e-02
470           	-3.239375e-03	9.385750e-01	7.362235e-02	3.357180e-02	4.005055e-02
471           	-3.233041e-03	9.399672e-01	6.687803e-02	3.020597e-02	3.667205e-02
472           	-3.226496e-03	9.426468e-01	5.930983e-02	2.642842e-02	3.288141e-02
473           	-3.222028e-03	9.464519e-01	5.177097e-02	2.266346e-02	2.910751e-02
474           	-3.216594e-03	9.502424e-01	4.563193e-02	1.959937e-02	2.603256e-02
475           	-3.216077e-03	9.538148e-01	4.128024e-02	1.742404e-02	2.385619e-02
476           	-3.218595e-03	9.568438e-01	3.871714e-02	1.613998e-02	2.257717e-02
477           	-3.221521e-03	9.587408e-01	3.813221e-02	1.584458e-02	2.228762e-02
478           	-3.226420e-03	9.599724e-01	3.966205e-02	1.660460e-02	2.305745e-02
479           	-3.231442e-03	9.606273e-01	4.284935e-02	1.819324e-02	2.465612e-02
480           	-3.241301e-03	9.616923e-01	4.761049e-02	2.056394e-02	2.704654e-02
481           	-3.261587e-03	9.640373e-01	5.409140e-02	2.378411e-02	3.030729e-02
482           	-3.310597e-03	9.703146e-01	6.235562e-02	2.786721e-02	3.448841e-02
483           	-3.375299e-03	9.781670e-01	6.999382e-02	3.162161e-02	3.837221e-02
484           	-3.431901e-03	9.832611e-01	7.545967e-02	3.429793e-02	4.116174e-02
485           	-3.466656e-03	9.838923e-01	7.746376e-02	3.526523e-02	4.219854e-02
486           	-3.485300e-03	9.812263e-01	7.444576e-02	3.373758e-02	4.070818e-02
487           	-3.505519e-03	9.789219e-01	6.506531e-02	2.902713e-02	3.603817e-02
488           	-3.532307e-03	9.798946e-01	4.909725e-02	2.101632e-02	2.808093e-02
489           	-3.520386e-03	9.810226e-01	3.021021e-02	1.158472e-02	1.862549e-02
490           	-3.425917e-03	9.773883e-01	1.324792e-02	3.198043e-03	1.004988e-02
491           	-3.285668e-03	9.714447e-01	1.420915e-03	-2.575210e-03	3.996125e-03
492           	-3.135417e-03	9.636928e-01	-3.393994e-03	-4.832415e-03	1.438420e-03
493           	-3.010308e-03	9.546570e-01	-3.232836e-04	-3.171949e-03	2.848666e-03
494           	-2.919906e-03	9.444331e-01	9.916134e-03	2.038161e-03	7.877973e-03
495           	-2.897670e-03	9.362402e-01	2.616904e-02	1.018685e-02	1.598219e-02
496           	-2.944555e-03	9.313332e-01	4.239217e-02	1.825153e-02	2.414064e-02
497           	-3.019064e-03	9.281965e-01	5.281709e-02	2.338948e-02	2.942761e-02
498           	-3.088770e-03	9.268157e-01	5.582600e-02	2.482423e-02	3.100177e-02
499           	-3.154489e-03	9.274226e-01	5.349038e-02	2.359070e-02	2.989968e-02
500           	-3.222767e-03	9.317047e-01	4.679839e-02	2.017643e-02	2.662196e-02
501           	-3.269359e-03	9.378150e-01	3.782854e-02	1.564491e-02	2.218363e-02
502           	-3.286775e-03	9.436944e-01	2.908943e-02	1.125794e-02	1.783149e-02
503           	-3.291288e-03	9.492136e-01	2.225398e-02	7.835704e-03	1.441828e-02
504           	-3.293511e-03	9.538308e-01	1.861673e-02	6.014855e-03	1.260188e-02
505           	-3.293567e-03	9.569930e-01	1.802694e-02	5.719902e-03	1.230704e-02
506           	-3.284607e-03	9.577245e-01	2.013700e-02	6.783893e-03	1.335311e-02
507           	-3.270222e-03	9.564525e-01	2.436215e-02	8.910854e-03	1.545130e-02
508           	-3.255318e-03	9.539731e-01	3.025922e-02	1.187429e-02	1.838493e-02
509           	-3.244551e-03	9.511838e-01	3.710159e-02	1.530624e-02	2.179535e-02
510           	-3.245210e-03	9.495772e-01	4.456972e-02	1.903965e-02	2.553007e-02
511           	-3.252548e-03	9.493050e-01	5.231415e-02	2.290453e-02	2.940963e-02
512           	-3.260903e-03	9.499450e-01	5.949574e-02	2.648697e-02	3.300877e-02
513           	-3.264277e-03	9.506153e-01	6.547513e-02	2.947329e-02	3.600184e-02
514           	-3.259121e-03	9.505693e-01	7.021119e-02	3.184647e-02	3.836472e-02
515           	-3.245818e-03	9.495657e-01	7.390607e-02	3.370722e-02	4.019885e-02
516           	-3.229811e-03	9.481113e-01	7.638471e-02	3.496254e-02	4.142216e-02
517           	-3.212288e-03	9.464078e-01	7.813720e-02	3.585631e-02	4.228089e-02
518           	-3.198048e-03	9.452785e-01	7.969866e-02	3.665128e-02	4.304738e-02
519           	-3.192431e-03	9.452551e-01	8.069891e-02	3.715702e-02	4.354188e-02
520           	-3.197311e-03	9.466458e-01	8.037930e-02	3.699234e-02	4.338696e-02
521           	-3.217617e-03	9.506881e-01	7.796609e-02	3.576543e-02	4.220066e-02
522           	-3.245201e-03	9.557576e-01	7.335367e-02	3.343163e-02	3.992203e-02
523           	-3.283719e-03	9.630952e-01	6.558905e-02	2.951081e-02	3.607824e-02
524           	-3.321608e-03	9.707239e-01	5.587447e-02	2.461563e-02	3.125884e-02
525           	-3.349621e-03	9.771724e-01	4.617979e-02	1.974027e-02	2.643952e-02
526           	-3.372399e-03	9.833534e-01	3.691300e-02	1.508410e-02	2.182890e-02
527           	-3.382679e-03	9.876463e-01	3.024616e-02	1.174040e-02	1.850576e-02
528           	-3.380593e-03	9.891276e-01	2.834025e-02	1.078953e-02	1.755072e-02
529           	-3.385072e-03	9.894086e-01	3.223570e-02	1.273278e-02	1.950292e-02
530           	-3.423768e-03	9.921474e-01	4.019481e-02	1.667364e-02	2.352117e-02
531           	-3.476136e-03	9.953450e-01	4.833108e-02	2.068940e-02	2.764168e-02
532           	-3.506528e-03	9.962615e-01	5.358302e-02	2.328498e-02	3.029804e-02
533           	-3.487159e-03	9.944560e-01	5.501666e-02	2.402117e-02	3.099549e-02
534           	-3.421316e-03	9.904610e-01	5.196053e-02	2.255895e-02	2.940158e-02
535           	-3.329896e-03	9.842474e-01	4.599193e-02	1.966607e-02	2.632586e-02
536           	-3.225169e-03	9.754123e-01	3.900021e-02	1.627494e-02	2.272528e-02
537           	-3.113239e-03	9.627684e-01	3.277241e-02	1.327296e-02	1.949944e-02
538           	-3.022352e-03	9.487615e-01	2.900269e-02	1.147899e-02	1.752370e-02
539           	-2.966254e-03	9.361084e-01	2.855219e-02	1.130984e-02	1.724235e-02
540           	-2.955065e-03	9.279492e-01	3.007370e-02	1.208178e-02	1.799191e-02
541           	-2.974503e-03	9.235867e-01	3.305225e-02	1.355162e-02	1.950063e-02
542           	-3.010679e-03	9.220676e-01	3.760152e-02	1.579008e-02	2.181144e-02
543           	-3.054593e-03	9.228187e-01	4.325880e-02	1.857480e-02	2.468399e-02
544           	-3.096706e-03	9.256788e-01	4.967119e-02	2.173889e-02	2.793230e-02
545           	-3.128361e-03	9.291734e-01	5.646316e-02	2.510322e-02	3.135994e-02
546           	-3.149937e-03	9.324682e-01	6.348011e-02	2.859012e-02	3.488999e-02
547           	-3.164108e-03	9.353603e-01	7.020777e-02	3.193978e-02	3.826799e-02
548           	-3.175728e-03	9.381798e-01	7.620361e-02	3.492608e-02	4.127753e-02
549           	-3.183470e-03	9.405686e-01	8.081202e-02	3.722254e-02	4.358948e-02
550           	-3.188609e-03	9.424074e-01	8.397844e-02	3.880061e-02	4.517783e-02
551           	-3.188628e-03	9.433273e-01	8.595698e-02	3.978986e-02	4.616712e-02
552           	-3.186205e-03	9.435500e-01	8.700602e-02	4.031681e-02	4.668922e-02
553           	-3.186895e-03	9.438245e-01	8.707520e-02	4.035070e-02	4.672449e-02
554           	-3.196652e-03	9.451255e-01	8.625926e-02	3.993298e-02	4.632628e-02
555           	-3.217854e-03	9.480507e-01	8.487361e-02	3.921895e-02	4.565466e-02
556           	-3.245452e-03	9.520958e-01	8.328703e-02	3.839806e-02	4.488897e-02
557           	-3.278679e-03	9.573032e-01	8.185357e-02	3.764811e-02	4.420547e-02
558           	-3.315682e-03	9.634878e-01	8.074298e-02	3.705581e-02	4.368717e-02
559           	-3.359238e-03	9.711074e-01	7.956431e-02	3.642292e-02	4.314139e-02
560           	-3.384886e-03	9.768191e-01	7.907767e-02	3.615395e-02	4.292372e-02
561           	-3.395704e-03	9.808638e-01	7.889139e-02	3.604999e-02	4.284140e-02
562           	-3.399152e-03	9.839519e-01	7.809509e-02	3.564839e-02	4.244670e-02
563           	-3.402191e-03	9.866743e-01	7.596318e-02	3.457940e-02	4.138378e-02
564           	-3.431259e-03	9.929787e-01	7.154772e-02	3.234260e-02	3.920512e-02
565           	-3.466813e-03	9.996717e-01	6.585899e-02	2.946268e-02	3.639631e-02
566           	-3.475342e-03	1.001434e+00	6.063507e-02	2.684219e-02	3.379288e-02
567           	-3.453474e-03	9.972506e-01	5.578600e-02	2.443952e-02	3.134647e-02
568           	-3.420849e-03	9.897125e-01	4.959541e-02	2.137685e-02	2.821855e-02
569           	-3.405803e-03	9.839458e-01	3.989474e-02	1.654157e-02	2.335317e-02
570           	-3.407300e-03	9.820314e-01	2.772498e-02	1.045519e-02	1.726979e-02
571           	-3.374159e-03	9.784823e-01	1.520706e-02	4.229373e-03	1.097769e-02
572           	-3.290321e-03	9.709180e-01	5.921732e-03	-3.294549e-04	6.251187e-03
573           	-3.183585e-03	9.609805e-01	4.061253e-03	-1.152958e-03	5.214211e-03
574           	-3.088189e-03	9.512034e-01	1.070201e-02	2.262817e-03	8.439194e-03
575           	-3.025668e-03	9.427744e-01	2.435870e-02	9.153683e-03	1.520502e-02
576           	-3.014096e-03	9.373967e-01	4.113512e-02	1.755346e-02	2.358165e-02
577           	-3.049241e-03	9.351550e-01	5.649468e-02	2.519810e-02	3.129658e-02
578           	-3.105167e-03	9.350495e-01	6.637902e-02	3.008434e-02	3.629468e-02
579           	-3.160920e-03	9.356170e-01	7.120064e-02	3.243940e-02	3.876124e-02
580           	-3.206585e-03	9.354534e-01	7.337104e-02	3.347893e-02	3.989210e-02
581           	-3.229985e-03	9.351663e-01	7.250649e-02	3.302326e-02	3.948323e-02
582           	-3.222174e-03	9.344541e-01	6.966093e-02	3.160829e-02	3.805264e-02
583           	-3.190930e-03	9.331647e-01	6.615639e-02	2.988727e-02	3.626913e-02
584           	-3.150877e-03	9.314849e-01	6.316849e-02	2.843337e-02	3.473512e-02
585           	-3.113572e-03	9.294356e-01	6.151234e-02	2.764260e-02	3.386974e-02
586           	-3.085771e-03	9.273752e-01	6.100698e-02	2.741772e-02	3.358926e-02
587           	-3.069711e-03	9.258777e-01	6.133792e-02	2.759925e-02	3.373867e-02
588           	-3.068823e-03	9.257288e-01	6.205358e-02	2.795797e-02	3.409561e-02
589           	-3.084277e-03	9.275732e-01	6.283274e-02	2.833209e-02	3.450065e-02
590           	-3.113452e-03	9.315177e-01	6.353864e-02	2.865587e-02	3.488277e-02
591           	-3.150521e-03	9.370456e-01	6.383518e-02	2.876707e-02	3.506811e-02
592           	-3.190431e-03	9.435959e-01	6.324662e-02	2.843288e-02	3.481374e-02
593           	-3.232627e-03	9.510870e-01	6.135590e-02	2.744532e-02	3.391057e-02
594           	-3.271983e-03	9.588317e-01	5.822316e-02	2.583959e-02	3.238356e-02
595           	-3.305773e-03	9.663406e-01	5.434948e-02	2.386897e-02	3.048051e-02
596           	-3.332847e-03	9.733337e-01	5.018419e-02	2.175925e-02	2.842494e-02
597           	-3.356113e-03	9.805573e-01	4.591281e-02	1.960029e-02	2.631252e-02
598           	-3.379217e-03	9.883092e-01	4.203521e-02	1.763839e-02	2.439682e-02
599           	-3.398542e-03	9.952533e-01	3.968384e-02	1.644338e-02	2.324046e-02
600           	-3.430246e-03	1.002775e+00	3.920747e-02	1.617349e-02	2.303398e-02
601           	-3.468304e-03	1.008927e+00	4.017042e-02	1.661691e-02	2.355352e-02
602           	-3.516826e-03	1.014283e+00	4.073637e-02	1.685136e-02	2.388501e-02
603           	-3.558939e-03	1.016948e+00	3.862623e-02	1.575417e-02	2.287205e-02
604           	-3.596670e-03	1.018170e+00	3.216539e-02	1.248602e-02	1.967936e-02
605           	-3.600215e-03	1.016234e+00	2.365828e-02	8.228923e-03	1.542935e-02
606           	-3.548247e-03	1.011062e+00	1.651027e-02	4.706887e-03	1.180338e-02
607           	-3.444408e-03	1.003067e+00	9.491344e-03	1.301265e-03	8.190080e-03
608           	-3.312619e-03	9.928986e-01	4.072218e-03	-1.276510e-03	5.348728e-03
609           	-3.152434e-03	9.785139e-01	1.846601e-03	-2.229134e-03	4.075734e-03
610           	-2.998870e-03	9.606190e-01	4.848436e-03	-5.746523e-04	5.423089e-03
611           	-2.912409e-03	9.459751e-01	1.166689e-02	2.921037e-03	8.745855e-03
612           	-2.902116e-03	9.372655e-01	1.938288e-02	6.789326e-03	1.259356e-02
613           	-2.950868e-03	9.348610e-01	2.630043e-02	1.019935e-02	1.610108e-02
614           	-3.023795e-03	9.354087e-01	3.286144e-02	1.340692e-02	1.945451e-02
615           	-3.098473e-03	9.374794e-01	3.882124e-02	1.631215e-02	2.250910e-02
616           	-3.166923e-03	9.401376e-01	4.421138e-02	1.893877e-02	2.527261e-02
617           	-3.224217e-03	9.431656e-01	4.916343e-02	2.135750e-02	2.780593e-02
618           	-3.269430e-03	9.463057e-01	5.386316e-02	2.366215e-02	3.020101e-02
619           	-3.301350e-03	9.494222e-01	5.847279e-02	2.593504e-02	3.253774e-02
620           	-3.321463e-03	9.523889e-01	6.337733e-02	2.836720e-02	3.501013e-02
621           	-3.328829e-03	9.547702e-01	6.832803e-02	3.083519e-02	3.749284e-02
622           	-3.321295e-03	9.558726e-01	7.243206e-02	3.289474e-02	3.953733e-02
623           	-3.300714e-03	9.554826e-01	7.502005e-02	3.420931e-02	4.081074e-02
624           	-3.270571e-03	9.536951e-01	7.604101e-02	3.474993e-02	4.129107e-02
625           	-3.235884e-03	9.510043e-01	7.576099e-02	3.464461e-02	4.111638e-02
626           	-3.203566e-03	9.481481e-01	7.451143e-02	3.405215e-02	4.045928e-02
627           	-3.176639e-03	9.457409e-01	7.245292e-02	3.304982e-02	3.940310e-02
628           	-3.157636e-03	9.439105e-01	6.980754e-02	3.174613e-02	3.806140e-02
629           	-3.144328e-03	9.424850e-01	6.673998e-02	3.022566e-02	3.651432e-02
630           	-3.132782e-03	9.411115e-01	6.370094e-02	2.871769e-02	3.498325e-02
631           	-3.122855e-03	9.403752e-01	6.098510e-02	2.736969e-02	3.361540e-02
632           	-3.114832e-03	9.405984e-01	5.863998e-02	2.620516e-02	3.243482e-02
633           	-3.111803e-03	9.423888e-01	5.675546e-02	2.526593e-02	3.148953e-02
634           	-3.107083e-03	9.440987e-01	5.533966e-02	2.456275e-02	3.077691e-02
635           	-3.107057e-03	9.463442e-01	5.410853e-02	2.394721e-02	3.016132e-02
636           	-3.118382e-03	9.497161e-01	5.258594e-02	2.317459e-02	2.941135e-02
637           	-3.138510e-03	9.535550e-01	5.069814e-02	2.221056e-02	2.848758e-02
638           	-3.158521e-03	9.567274e-01	4.898789e-02	2.133543e-02	2.765247e-02
639           	-3.176797e-03	9.592333e-01	4.749844e-02	2.057243e-02	2.692602e-02
640           	-3.198717e-03	9.621268e-01	4.585280e-02	1.972768e-02	2.612512e-02
641           	-3.222345e-03	9.650158e-01	4.363158e-02	1.859344e-02	2.503813e-02
642           	-3.243290e-03	9.672851e-01	4.088384e-02	1.719863e-02	2.368521e-02
643           	-3.259625e-03	9.686374e-01	3.775253e-02	1.561664e-02	2.213589e-02
644           	-3.269735e-03	9.688217e-01	3.464840e-02	1.405446e-02	2.059393e-02
645           	-3.272247e-03	9.677313e-01	3.207529e-02	1.276540e-02	1.930989e-02
646           	-3.267059e-03	9.654006e-01	3.056144e-02	1.201366e-02	1.854778e-02
647           	-3.253384e-03	9.618860e-01	3.038256e-02	1.193789e-02	1.844466e-02
648           	-3.233482e-03	9.576694e-01	3.150496e-02	1.251900e-02	1.898596e-02
649           	-3.214232e-03	9.537525e-01	3.343889e-02	1.350521e-02	1.993368e-02
650           	-3.206738e-03	9.517587e-01	3.554871e-02	1.456762e-02	2.098109e-02
651           	-3.216565e-03	9.524473e-01	3.696224e-02	1.526455e-02	2.169768e-02
652           	-3.230442e-03	9.540855e-01	3.801409e-02	1.577660e-02	2.223749e-02
653           	-3.246866e-03	9.563601e-01	3.844587e-02	1.597607e-02	2.246980e-02
654           	-3.261285e-03	9.587488e-01	3.818158e-02	1.582951e-02	2.235207e-02
655           	-3.268995e-03	9.609792e-01	3.740987e-02	1.543594e-02	2.197393e-02
656           	-3.268161e-03	9.628233e-01	3.670472e-02	1.508420e-02	2.162052e-02
657           	-3.259115e-03	9.636296e-01	3.675028e-02	1.511603e-02	2.163426e-02
658           	-3.245762e-03	9.635276e-01	3.827481e-02	1.589164e-02	2.238317e-02
659           	-3.235359e-03	9.631090e-01	4.124772e-02	1.738850e-02	2.385922e-02
660           	-3.234716e-03	9.632009e-01	4.549147e-02	1.951102e-02	2.598045e-02
661           	-3.244157e-03	9.639134e-01	5.056452e-02	2.203811e-02	2.852642e-02
662           	-3.263291e-03	9.653409e-01	5.518875e-02	2.433108e-02	3.085767e-02
663           	-3.289581e-03	9.674109e-01	5.851656e-02	2.596870e-02	3.254786e-02
664           	-3.315625e-03	9.694545e-01	6.020205e-02	2.678540e-02	3.341665e-02
665           	-3.335381e-03	9.710679e-01	6.019434e-02	2.676179e-02	3.343255e-02
666           	-3.347554e-03	9.721524e-01	5.851229e-02	2.590859e-02	3.260370e-02
667           	-3.351132e-03	9.728168e-01	5.522282e-02	2.426028e-02	3.096254e-02
668           	-3.346127e-03	9.730619e-01	5.089056e-02	2.209915e-02	2.879141e-02
669           	-3.331549e-03	9.725350e-01	4.633591e-02	1.983641e-02	2.649950e-02
670           	-3.308671e-03	9.707353e-01	4.272865e-02	1.805565e-02	2.467300e-02
671           	-3.284435e-03	9.679334e-01	4.089327e-02	1.716220e-02	2.373107e-02
672           	-3.269344e-03	9.654870e-01	4.086262e-02	1.716197e-02	2.370066e-02
673           	-3.268801e-03	9.643154e-01	4.226193e-02	1.786216e-02	2.439976e-02
674           	-3.289378e-03	9.659890e-01	4.503206e-02	1.922665e-02	2.580541e-02
675           	-3.328650e-03	9.705299e-01	4.907317e-02	2.120793e-02	2.786523e-02
676           	-3.368294e-03	9.759732e-01	5.406280e-02	2.366311e-02	3.039969e-02
677           	-3.394212e-03	9.806884e-01	5.908428e-02	2.614793e-02	3.293635e-02
678           	-3.392663e-03	9.831513e-01	6.133137e-02	2.727302e-02	3.405835e-02
679           	-3.355891e-03	9.817203e-01	5.897317e-02	2.613069e-02	3.284248e-02
680           	-3.284956e-03	9.757863e-01	5.192661e-02	2.267835e-02	2.924826e-02
681           	-3.201665e-03	9.669991e-01	4.223549e-02	1.791608e-02	2.431941e-02
682           	-3.142164e-03	9.586898e-01	3.273228e-02	1.322398e-02	1.950830e-02
683           	-3.110288e-03	9.519776e-01	2.460190e-02	9.190660e-03	1.541124e-02
684           	-3.097049e-03	9.469709e-01	1.786759e-02	5.836746e-03	1.203085e-02
685           	-3.091856e-03	9.430783e-01	1.214726e-02	2.981774e-03	9.165487e-03
686           	-3.087999e-03	9.398234e-01	7.643046e-03	7.335238e-04	6.909522e-03
687           	-3.092413e-03	9.392737e-01	5.279472e-03	-4.526769e-04	5.732149e-03
688           	-3.101705e-03	9.407037e-01	4.843107e-03	-6.801516e-04	5.523258e-03
689           	-3.107482e-03	9.421550e-01	6.207151e-03	-3.906562e-06	6.211058e-03
690           	-3.107654e-03	9.424555e-01	8.649813e-03	1.217252e-03	7.432561e-03
691           	-3.104142e-03	9.415384e-01	1.210069e-02	2.946201e-03	9.154486e-03
692           	-3.093321e-03	9.387252e-01	1.694851e-02	5.380935e-03	1.156758e-02
693           	-3.075912e-03	9.336574e-01	2.309327e-02	8.470722e-03	1.462255e-02
694           	-3.059488e-03	9.274994e-01	2.993415e-02	1.190759e-02	1.802656e-02
695           	-3.049121e-03	9.217198e-01	3.671105e-02	1.530641e-02	2.140465e-02
696           	-3.046410e-03	9.168167e-01	4.332818e-02	1.861768e-02	2.471050e-02
697           	-3.056002e-03	9.137999e-01	4.957476e-02	2.173138e-02	2.784338e-02
698           	-3.080215e-03	9.133140e-01	5.463835e-02	2.423896e-02	3.039939e-02
699           	-3.116447e-03	9.152610e-01	5.785079e-02	2.580895e-02	3.204184e-02
700           	-3.159328e-03	9.190338e-01	5.900190e-02	2.634162e-02	3.266028e-02
701           	-3.200908e-03	9.236597e-01	5.824272e-02	2.592045e-02	3.232227e-02
702           	-3.239603e-03	9.285401e-01	5.576215e-02	2.464147e-02	3.112068e-02
703           	-3.274286e-03	9.331915e-01	5.189565e-02	2.267354e-02	2.922211e-02
704           	-3.311114e-03	9.381073e-01	4.625975e-02	1.981876e-02	2.644099e-02
705           	-3.343559e-03	9.421298e-01	4.057729e-02	1.694508e-02	2.363220e-02
706           	-3.371624e-03	9.453382e-01	3.606908e-02	1.466291e-02	2.140616e-02
707           	-3.398193e-03	9.484258e-01	3.354379e-02	1.337370e-02	2.017009e-02
708           	-3.425034e-03	9.522263e-01	3.423155e-02	1.369074e-02	2.054081e-02
709           	-3.449711e-03	9.569070e-01	3.944464e-02	1.627261e-02	2.317203e-02
710           	-3.467642e-03	9.623661e-01	4.950453e-02	2.128462e-02	2.821991e-02
711           	-3.467879e-03	9.664090e-01	6.236790e-02	2.771607e-02	3.465183e-02
712           	-3.447474e-03	9.678230e-01	7.486700e-02	3.398603e-02	4.088097e-02
713           	-3.423241e-03	9.684389e-01	8.546984e-02	3.931168e-02	4.615816e-02
714           	-3.402396e-03	9.689288e-01	9.229036e-02	4.274278e-02	4.954757e-02
715           	-3.394192e-03	9.706630e-01	9.467210e-02	4.394186e-02	5.073024e-02
716           	-3.403460e-03	9.744796e-01	9.263112e-02	4.291210e-02	4.971902e-02
717           	-3.430815e-03	9.811645e-01	8.617907e-02	3.965872e-02	4.652035e-02
718           	-3.465348e-03	9.890208e-01	7.602338e-02	3.454634e-02	4.147704e-02
719           	-3.486154e-03	9.943873e-01	6.502743e-02	2.902756e-02	3.599987e-02
720           	-3.494060e-03	9.971898e-01	5.508455e-02	2.404821e-02	3.103633e-02
721           	-3.490054e-03	9.966674e-01	4.843701e-02	2.072845e-02	2.770856e-02
722           	-3.485173e-03	9.941131e-01	4.570684e-02	1.936825e-02	2.633859e-02
723           	-3.481663e-03	9.907686e-01	4.617233e-02	1.960450e-02	2.656783e-02
724           	-3.469049e-03	9.876515e-01	4.787722e-02	2.046956e-02	2.740766e-02
725           	-3.435701e-03	9.848125e-01	4.838879e-02	2.075869e-02	2.763009e-02
726           	-3.378386e-03	9.822282e-01	4.682023e-02	2.003173e-02	2.678850e-02
727           	-3.307508e-03	9.792695e-01	4.410139e-02	1.874319e-02	2.535820e-02
728           	-3.214130e-03	9.736284e-01	4.124608e-02	1.740891e-02	2.383717e-02
729           	-3.113804e-03	9.636839e-01	4.038355e-02	1.707797e-02	2.330558e-02
730           	-3.026570e-03	9.514461e-01	4.256638e-02	1.825662e-02	2.430976e-02
731           	-2.978220e-03	9.413161e-01	4.650956e-02	2.027656e-02	2.623300e-02
732           	-2.972552e-03	9.356443e-01	5.068198e-02	2.236844e-02	2.831354e-02
733           	-2.994779e-03	9.335608e-01	5.499286e-02	2.450165e-02	3.049121e-02
734           	-3.036109e-03	9.350895e-01	5.929456e-02	2.661117e-02	3.268339e-02
735           	-3.091400e-03	9.395775e-01	6.395331e-02	2.888526e-02	3.506806e-02
736           	-3.147669e-03	9.456672e-01	6.880619e-02	3.125542e-02	3.755076e-02
737           	-3.193604e-03	9.514632e-01	7.356261e-02	3.358770e-02	3.997491e-02
738           	-3.229315e-03	9.562942e-01	7.814414e-02	3.584276e-02	4.230139e-02
739           	-3.258619e-03	9.601737e-01	8.230504e-02	3.789390e-02	4.441114e-02
740           	-3.284274e-03	9.632103e-01	8.553539e-02	3.948342e-02	4.605197e-02
741           	-3.307709e-03	9.656428e-01	8.718506e-02	4.028482e-02	4.690024e-02
742           	-3.328553e-03	9.676867e-01	8.675977e-02	4.005133e-02	4.670844e-02
743           	-3.347272e-03	9.697348e-01	8.421928e-02	3.876237e-02	4.545691e-02
744           	-3.367599e-03	9.725756e-01	7.941202e-02	3.633841e-02	4.307361e-02
745           	-3.380892e-03	9.750986e-01	7.315178e-02	3.319500e-02	3.995678e-02
746           	-3.381515e-03	9.765110e-01	6.653143e-02	2.988420e-02	3.664723e-02
747           	-3.369110e-03	9.766903e-01	6.003248e-02	2.664713e-02	3.338535e-02
748           	-3.348168e-03	9.758970e-01	5.392361e-02	2.361364e-02	3.030997e-02
749           	-3.324128e-03	9.745797e-01	4.875184e-02	2.105179e-02	2.770005e-02
750           	-3.300048e-03	9.729874e-01	4.527230e-02	1.933610e-02	2.593620e-02
751           	-3.282539e-03	9.713472e-01	4.433198e-02	1.888345e-02	2.544853e-02
752           	-3.271806e-03	9.699077e-01	4.633311e-02	1.989475e-02	2.643836e-02
753           	-3.271374e-03	9.695432e-01	5.008520e-02	2.177123e-02	2.831397e-02
754           	-3.269841e-03	9.687888e-01	5.349818e-02	2.347925e-02	3.001893e-02
755           	-3.254420e-03	9.669628e-01	5.457465e-02	2.403290e-02	3.054175e-02
756           	-3.221811e-03	9.635763e-01	5.271248e-02	2.313443e-02	2.957805e-02
757           	-3.168144e-03	9.573563e-01	4.743484e-02	2.054927e-02	2.688556e-02
758           	-3.111098e-03	9.497507e-01	3.875224e-02	1.626502e-02	2.248722e-02
759           	-3.075172e-03	9.432509e-01	2.882980e-02	1.133973e-02	1.749007e-02
760           	-3.075531e-03	9.403334e-01	2.067068e-02	7.259809e-03	1.341087e-02
761           	-3.098987e-03	9.401375e-01	1.610541e-02	4.953719e-03	1.115169e-02
762           	-3.127598e-03	9.409091e-01	1.564915e-02	4.696977e-03	1.095217e-02
763           	-3.153921e-03	9.418911e-01	1.999535e-02	6.843753e-03	1.315159e-02
764           	-3.178146e-03	9.435225e-01	2.875488e-02	1.119929e-02	1.755559e-02
765           	-3.200518e-03	9.460095e-01	4.017804e-02	1.688850e-02	2.328954e-02
766           	-3.215584e-03	9.484043e-01	5.172778e-02	2.264831e-02	2.907947e-02
767           	-3.219784e-03	9.496808e-01	6.158479e-02	2.757261e-02	3.401218e-02
768           	-3.215191e-03	9.496671e-01	6.860566e-02	3.108764e-02	3.751802e-02
769           	-3.207601e-03	9.487731e-01	7.293151e-02	3.325815e-02	3.967336e-02
770           	-3.200633e-03	9.476130e-01	7.528248e-02	3.444061e-02	4.084187e-02
771           	-3.196661e-03	9.465763e-01	7.629021e-02	3.494845e-02	4.134177e-02
772           	-3.197090e-03	9.459455e-01	7.631297e-02	3.495939e-02	4.135357e-02
773           	-3.201475e-03	9.458858e-01	7.566153e-02	3.462929e-02	4.103224e-02
774           	-3.207707e-03	9.462395e-01	7.451707e-02	3.405083e-02	4.046624e-02
775           	-3.213073e-03	9.469281e-01	7.325806e-02	3.341596e-02	3.984210e-02
776           	-3.214708e-03	9.476065e-01	7.201792e-02	3.279425e-02	3.922367e-02
777           	-3.214448e-03	9.488442e-01	7.099732e-02	3.228421e-02	3.871311e-02
778           	-3.213990e-03	9.504371e-01	7.021757e-02	3.189479e-02	3.832277e-02
779           	-3.213778e-03	9.520551e-01	6.976933e-02	3.167088e-02	3.809844e-02
780           	-3.218899e-03	9.542264e-01	6.932022e-02	3.144121e-02	3.787901e-02
781           	-3.230644e-03	9.571703e-01	6.844153e-02	3.099012e-02	3.745141e-02
782           	-3.248888e-03	9.608459e-01	6.677496e-02	3.013859e-02	3.663637e-02
783           	-3.270870e-03	9.647942e-01	6.393105e-02	2.869466e-02	3.523640e-02
784           	-3.293176e-03	9.685789e-01	5.940571e-02	2.640968e-02	3.299603e-02
785           	-3.321912e-03	9.728657e-01	5.203067e-02	2.269342e-02	2.933725e-02
786           	-3.349528e-03	9.765818e-01	4.249048e-02	1.789571e-02	2.459477e-02
787           	-3.365601e-03	9.784730e-01	3.265952e-02	1.296416e-02	1.969536e-02
788           	-3.359968e-03	9.771714e-01	2.459781e-02	8.938935e-03	1.565887e-02
789           	-3.335884e-03	9.730101e-01	1.918565e-02	6.256941e-03	1.292871e-02
790           	-3.304502e-03	9.672744e-01	1.697378e-02	5.182386e-03	1.179139e-02
791           	-3.277862e-03	9.617404e-01	1.751340e-02	5.478838e-03	1.203456e-02
792           	-3.259883e-03	9.573109e-01	1.954267e-02	6.511454e-03	1.303122e-02
793           	-3.249501e-03	9.541169e-01	2.208011e-02	7.790556e-03	1.428956e-02
794           	-3.242421e-03	9.513569e-01	2.524992e-02	9.382539e-03	1.586738e-02
795           	-3.233871e-03	9.487259e-01	2.916012e-02	1.134619e-02	1.781393e-02
796           	-3.224148e-03	9.467799e-01	3.333212e-02	1.344191e-02	1.989021e-02
797           	-3.206874e-03	9.449216e-01	3.776173e-02	1.567399e-02	2.208774e-02
798           	-3.182458e-03	9.429077e-01	4.284302e-02	1.823905e-02	2.460397e-02
799           	-3.159923e-03	9.413243e-01	4.832340e-02	2.100178e-02	2.732163e-02
800           	-3.146473e-03	9.406550e-01	5.346986e-02	2.358846e-02	2.988140e-02
801           	-3.145550e-03	9.412049e-01	5.786437e-02	2.578664e-02	3.207774e-02
802           	-3.155473e-03	9.429973e-01	6.134412e-02	2.751659e-02	3.382753e-02
803           	-3.171116e-03	9.455415e-01	6.401632e-02	2.883704e-02	3.517927e-02
804           	-3.190248e-03	9.489568e-01	6.619319e-02	2.990635e-02	3.628684e-02
805           	-3.213647e-03	9.534441e-01	6.788053e-02	3.072662e-02	3.715391e-02
806           	-3.238847e-03	9.584756e-01	6.883166e-02	3.117698e-02	3.765468e-02
807           	-3.269001e-03	9.641561e-01	6.868745e-02	3.107473e-02	3.761273e-02
808           	-3.304522e-03	9.703802e-01	6.702343e-02	3.020719e-02	3.681624e-02
809           	-3.336598e-03	9.759125e-01	6.376142e-02	2.854411e-02	3.521731e-02
810           	-3.362739e-03	9.806640e-01	5.881324e-02	2.604388e-02	3.276936e-02
811           	-3.369754e-03	9.827752e-01	5.346501e-02	2.336275e-02	3.010226e-02
812           	-3.363096e-03	9.826023e-01	4.879921e-02	2.103651e-02	2.776270e-02
813           	-3.361267e-03	9.822970e-01	4.480752e-02	1.904249e-02	2.576503e-02
814           	-3.380233e-03	9.842519e-01	4.118571e-02	1.721262e-02	2.397309e-02
815           	-3.424310e-03	9.898858e-01	3.826910e-02	1.571024e-02	2.255886e-02
816           	-3.472192e-03	9.970824e-01	3.696024e-02	1.500793e-02	2.195231e-02
817           	-3.506625e-03	1.004111e+00	3.748652e-02	1.523664e-02	2.224989e-02
818           	-3.512848e-03	1.008607e+00	4.014330e-02	1.655880e-02	2.358450e-02
819           	-3.484344e-03	1.008620e+00	4.442734e-02	1.872932e-02	2.569801e-02
820           	-3.419876e-03	1.002313e+00	4.984547e-02	2.150286e-02	2.834261e-02
821           	-3.328825e-03	9.899483e-01	5.599903e-02	2.467069e-02	3.132834e-02
822           	-3.232118e-03	9.739213e-01	6.242855e-02	2.798216e-02	3.444639e-02
823           	-3.146424e-03	9.567302e-01	6.890317e-02	3.130516e-02	3.759801e-02
824           	-3.091199e-03	9.429223e-01	7.405071e-02	3.393416e-02	4.011655e-02
825           	-3.062308e-03	9.331365e-01	7.783715e-02	3.585627e-02	4.198088e-02
826           	-3.049008e-03	9.266902e-01	7.971127e-02	3.680662e-02	4.290464e-02
827           	-3.041952e-03	9.222102e-01	7.944850e-02	3.668230e-02	4.276620e-02
828           	-3.047648e-03	9.206510e-01	7.609260e-02	3.499865e-02	4.109395e-02
829           	-3.064368e-03	9.224296e-01	6.962957e-02	3.175042e-02	3.787915e-02
830           	-3.071250e-03	9.242054e-01	6.081907e-02	2.733829e-02	3.348079e-02
831           	-3.056045e-03	9.236558e-01	5.073523e-02	2.231157e-02	2.842366e-02
832           	-3.023564e-03	9.205826e-01	4.041994e-02	1.718641e-02	2.323353e-02
833           	-2.988243e-03	9.163847e-01	3.093404e-02	1.247878e-02	1.845526e-02
834           	-2.965282e-03	9.127392e-01	2.298315e-02	8.526292e-03	1.445686e-02
835           	-2.964972e-03	9.107760e-01	1.655732e-02	5.313686e-03	1.124363e-02
836           	-2.975543e-03	9.097390e-01	1.260028e-02	3.324598e-03	9.275683e-03
837           	-2.995735e-03	9.097288e-01	1.105656e-02	2.532547e-03	8.524017e-03
838           	-3.022753e-03	9.107326e-01	1.110552e-02	2.530007e-03	8.575513e-03
839           	-3.055987e-03	9.130471e-01	1.174685e-02	2.817437e-03	8.929410e-03
840           	-3.096984e-03	9.167699e-01	1.127526e-02	2.540645e-03	8.734614e-03
841           	-3.145888e-03	9.218917e-01	8.484787e-03	1.096505e-03	7.388281e-03
842           	-3.194275e-03	9.276059e-01	3.341242e-03	-1.523654e-03	4.864897e-03
843           	-3.241469e-03	9.342341e-01	-2.894600e-03	-4.688770e-03	1.794169e-03
844           	-3.303252e-03	9.444225e-01	-9.342221e-03	-7.974363e-03	-1.367859e-03
845           	-3.366011e-03	9.560519e-01	-1.280316e-02	-9.767590e-03	-3.035568e-03
846           	-3.439655e-03	9.700106e-01	-1.148285e-02	-9.181078e-03	-2.301768e-03
847           	-3.512024e-03	9.847159e-01	-2.909918e-03	-4.966983e-03	2.057065e-03
848           	-3.588285e-03	1.000286e+00	1.513179e-02	3.977608e-03	1.115418e-02
849           	-3.671721e-03	1.016220e+00	4.295106e-02	1.780381e-02	2.514725e-02
850           	-3.745991e-03	1.029653e+00	7.651095e-02	3.450948e-02	4.200147e-02
851           	-3.820866e-03	1.042013e+00	1.121586e-01	5.225842e-02	5.990015e-02
852           	-3.868952e-03	1.049771e+00	1.430632e-01	6.766265e-02	7.540056e-02
853           	-3.890979e-03	1.052025e+00	1.620958e-01	7.715694e-02	8.493890e-02
854           	-3.860648e-03	1.045976e+00	1.636040e-01	7.794135e-02	8.566264e-02
855           	-3.796444e-03	1.035728e+00	1.429618e-01	6.768448e-02	7.527737e-02
856           	-3.712264e-03	1.025956e+00	1.020621e-01	4.731877e-02	5.474330e-02
857           	-3.602612e-03	1.017522e+00	5.342734e-02	2.311106e-02	3.031628e-02
858           	-3.452151e-03	1.007465e+00	1.089730e-02	1.996500e-03	8.900802e-03
859           	-3.294604e-03	9.967814e-01	-1.817372e-02	-1.238146e-02	-5.792253e-03
860           	-3.170145e-03	9.889156e-01	-3.184760e-02	-1.909394e-02	-1.275365e-02
861           	-3.089932e-03	9.833048e-01	-2.796919e-02	-1.707453e-02	-1.089466e-02
862           	-3.099314e-03	9.810692e-01	-6.916988e-03	-6.557808e-03	-3.591801e-04
863           	-3.162757e-03	9.781324e-01	2.247253e-02	8.073507e-03	1.439902e-02
864           	-3.248786e-03	9.736555e-01	5.041819e-02	2.196031e-02	2.845788e-02
865           	-3.330466e-03	9.683736e-01	7.046381e-02	3.190144e-02	3.856237e-02
866           	-3.397453e-03	9.626651e-01	8.255784e-02	3.788147e-02	4.467637e-02
867           	-3.432295e-03	9.584931e-01	8.868443e-02	4.090992e-02	4.777451e-02
868           	-3.445313e-03	9.562876e-01	9.183716e-02	4.247327e-02	4.936389e-02
869           	-3.439227e-03	9.565859e-01	9.335212e-02	4.323683e-02	5.011529e-02
870           	-3.416302e-03	9.589989e-01	9.290033e-02	4.303386e-02	4.986647e-02
871           	-3.383337e-03	9.615462e-01	9.000930e-02	4.162131e-02	4.838799e-02
872           	-3.343766e-03	9.621483e-01	8.508582e-02	3.919914e-02	4.588668e-02
873           	-3.305377e-03	9.605320e-01	7.861742e-02	3.600333e-02	4.261408e-02
874           	-3.271325e-03	9.569244e-01	7.138498e-02	3.242117e-02	3.896382e-02
875           	-3.241498e-03	9.517716e-01	6.401618e-02	2.876659e-02	3.524959e-02
876           	-3.217938e-03	9.465840e-01	5.692197e-02	2.524305e-02	3.167892e-02
877           	-3.202690e-03	9.426130e-01	5.045026e-02	2.202244e-02	2.842782e-02
878           	-3.197514e-03	9.406394e-01	4.461726e-02	1.911112e-02	2.550614e-02
879           	-3.201886e-03	9.409043e-01	3.903980e-02	1.631802e-02	2.272179e-02
880           	-3.216636e-03	9.436135e-01	3.327394e-02	1.342034e-02	1.985361e-02
881           	-3.238388e-03	9.482884e-01	2.732464e-02	1.042393e-02	1.690071e-02
882           	-3.260922e-03	9.539345e-01	2.142002e-02	7.449087e-03	1.397093e-02
883           	-3.281083e-03	9.599593e-01	1.571545e-02	4.576640e-03	1.113881e-02
884           	-3.300242e-03	9.661657e-01	1.041066e-02	1.905087e-03	8.505572e-03
885           	-3.324876e-03	9.737106e-01	5.734273e-03	-4.577399e-04	6.192012e-03
886           	-3.355688e-03	9.820727e-01	2.113976e-03	-2.298701e-03	4.412676e-03
887           	-3.380495e-03	9.884039e-01	1.063988e-03	-2.848501e-03	3.912488e-03
888           	-3.403045e-03	9.926034e-01	3.643602e-03	-1.581244e-03	5.224846e-03
889           	-3.413161e-03	9.915241e-01	9.185796e-03	1.179737e-03	8.006059e-03
890           	-3.450395e-03	9.905357e-01	1.513673e-02	4.117972e-03	1.101876e-02
891           	-3.511989e-03	9.911014e-01	1.710928e-02	5.042649e-03	1.206663e-02
892           	-3.553524e-03	9.906918e-01	1.578821e-02	4.340580e-03	1.144763e-02
893           	-3.544400e-03	9.875060e-01	1.319803e-02	3.054615e-03	1.014341e-02
894           	-3.479976e-03	9.828409e-01	1.006145e-02	1.550748e-03	8.510699e-03
895           	-3.383769e-03	9.781364e-01	8.468944e-03	8.507028e-04	7.618241e-03
896           	-3.279199e-03	9.725153e-01	9.116558e-03	1.279080e-03	7.837478e-03
897           	-3.152400e-03	9.612717e-01	1.324900e-02	3.472100e-03	9.776899e-03
898           	-3.043862e-03	9.466760e-01	2.010397e-02	7.008122e-03	1.309585e-02
899           	-2.987437e-03	9.339052e-01	2.630289e-02	1.016401e-02	1.613888e-02
900           	-2.978309e-03	9.243057e-01	2.979459e-02	1.191899e-02	1.787560e-02
901           	-3.004555e-03	9.190674e-01	3.020368e-02	1.209729e-02	1.810640e-02
902           	-3.052616e-03	9.176087e-01	2.868541e-02	1.129009e-02	1.739532e-02
903           	-3.115147e-03	9.199846e-01	2.690713e-02	1.033842e-02	1.656871e-02
904           	-3.177789e-03	9.248886e-01	2.570320e-02	9.673810e-03	1.602939e-02
905           	-3.228234e-03	9.302775e-01	2.562504e-02	9.584285e-03	1.604075e-02
906           	-3.263230e-03	9.350769e-01	2.696572e-02	1.021963e-02	1.674609e-02
907           	-3.285647e-03	9.390951e-01	2.943005e-02	1.142938e-02	1.800067e-02
908           	-3.297038e-03	9.421993e-01	3.295644e-02	1.318118e-02	1.977526e-02
909           	-3.303922e-03	9.450544e-01	3.712453e-02	1.525834e-02	2.186619e-02
910           	-3.303061e-03	9.472219e-01	4.182238e-02	1.760813e-02	2.421425e-02
911           	-3.288515e-03	9.479081e-01	4.702731e-02	2.022514e-02	2.680217e-02
912           	-3.263496e-03	9.473026e-01	5.228218e-02	2.287759e-02	2.940459e-02
913           	-3.238428e-03	9.465225e-01	5.715111e-02	2.533713e-02	3.181398e-02
914           	-3.220931e-03	9.465242e-01	6.185943e-02	2.770878e-02	3.415064e-02
915           	-3.215244e-03	9.478479e-01	6.691565e-02	3.024258e-02	3.667307e-02
916           	-3.221842e-03	9.506443e-01	7.320984e-02	3.338308e-02	3.982676e-02
917           	-3.240718e-03	9.546870e-01	8.113077e-02	3.732467e-02	4.380611e-02
918           	-3.274110e-03	9.602764e-01	9.097137e-02	4.221158e-02	4.875979e-02
919           	-3.332622e-03	9.690754e-01	1.027380e-01	4.803640e-02	5.470164e-02
920           	-3.412449e-03	9.804910e-01	1.132353e-01	5.320518e-02	6.003008e-02
921           	-3.473815e-03	9.893566e-01	1.188271e-01	5.593971e-02	6.288734e-02
922           	-3.506819e-03	9.946084e-01	1.174864e-01	5.523640e-02	6.225004e-02
923           	-3.499215e-03	9.950061e-01	1.056826e-01	4.934207e-02	5.634050e-02
924           	-3.442367e-03	9.905619e-01	8.201243e-02	3.756385e-02	4.444858e-02
925           	-3.355433e-03	9.833730e-01	5.231402e-02	2.280158e-02	2.951244e-02
926           	-3.263228e-03	9.761448e-01	2.395066e-02	8.712103e-03	1.523856e-02
927           	-3.177306e-03	9.687189e-01	4.584500e-03	-8.850563e-04	5.469557e-03
928           	-3.121781e-03	9.635640e-01	-3.332966e-03	-4.788264e-03	1.455298e-03
929           	-3.119110e-03	9.631394e-01	-5.444483e-04	-3.391335e-03	2.846886e-03
930           	-3.140588e-03	9.639967e-01	9.652064e-03	1.685444e-03	7.966620e-03
931           	-3.158219e-03	9.633649e-01	2.302884e-02	8.356203e-03	1.467264e-02
932           	-3.166062e-03	9.606641e-01	3.554723e-02	1.460755e-02	2.093968e-02
933           	-3.168569e-03	9.570370e-01	4.580653e-02	1.973470e-02	2.607183e-02
934           	-3.173897e-03	9.541271e-01	5.280689e-02	2.322955e-02	2.957734e-02
935           	-3.180746e-03	9.517019e-01	5.659829e-02	2.511840e-02	3.147989e-02
936           	-3.181366e-03	9.488186e-01	5.687434e-02	2.525580e-02	3.161853e-02
937           	-3.169042e-03	9.449396e-01	5.398418e-02	2.382305e-02	3.016113e-02
938           	-3.150820e-03	9.411127e-01	4.992019e-02	2.180927e-02	2.811091e-02
939           	-3.141038e-03	9.388413e-01	4.738470e-02	2.055131e-02	2.683339e-02
940           	-3.147240e-03	9.386032e-01	4.783075e-02	2.076813e-02	2.706262e-02
941           	-3.166036e-03	9.396238e-01	5.108701e-02	2.237747e-02	2.870954e-02
942           	-3.194898e-03	9.417101e-01	5.662521e-02	2.511771e-02	3.150750e-02
943           	-3.230958e-03	9.449604e-01	6.373974e-02	2.863891e-02	3.510083e-02
944           	-3.260642e-03	9.480421e-01	7.114554e-02	3.231213e-02	3.883341e-02
945           	-3.278975e-03	9.501287e-01	7.742911e-02	3.543558e-02	4.199353e-02
946           	-3.282677e-03	9.505183e-01	8.184522e-02	3.763993e-02	4.420529e-02
947           	-3.274176e-03	9.495739e-01	8.376278e-02	3.860721e-02	4.515557e-02
948           	-3.262876e-03	9.485275e-01	8.293674e-02	3.820549e-02	4.473125e-02
949           	-3.255604e-03	9.484443e-01	8.002514e-02	3.675697e-02	4.326818e-02
950           	-3.256170e-03	9.496656e-01	7.618704e-02	3.483735e-02	4.134969e-02
951           	-3.266835e-03	9.524734e-01	7.225525e-02	3.286079e-02	3.939446e-02
952           	-3.288730e-03	9.570553e-01	6.861371e-02	3.101813e-02	3.759559e-02
953           	-3.317591e-03	9.625502e-01	6.592700e-02	2.964591e-02	3.628109e-02
954           	-3.342157e-03	9.672577e-01	6.482978e-02	2.907274e-02	3.575705e-02
955           	-3.354793e-03	9.699311e-01	6.526952e-02	2.927997e-02	3.598955e-02
956           	-3.354792e-03	9.703909e-01	6.639272e-02	2.984157e-02	3.655115e-02
957           	-3.341287e-03	9.685557e-01	6.755582e-02	3.043662e-02	3.711920e-02
958           	-3.318204e-03	9.652791e-01	6.816433e-02	3.076396e-02	3.740037e-02
959           	-3.288678e-03	9.613542e-01	6.842896e-02	3.092580e-02	3.750316e-02
960           	-3.260602e-03	9.578629e-01	6.856661e-02	3.102270e-02	3.754391e-02
961           	-3.233071e-03	9.547466e-01	6.895486e-02	3.124436e-02	3.771050e-02
962           	-3.206141e-03	9.518369e-01	6.933742e-02	3.146257e-02	3.787485e-02
963           	-3.180834e-03	9.491609e-01	6.882681e-02	3.123257e-02	3.759424e-02
964           	-3.160362e-03	9.477588e-01	6.615103e-02	2.991515e-02	3.623588e-02
965           	-3.143592e-03	9.481651e-01	6.017851e-02	2.694566e-02	3.323285e-02
966           	-3.127284e-03	9.498352e-01	5.164348e-02	2.269446e-02	2.894903e-02
967           	-3.106831e-03	9.512235e-01	4.286424e-02	1.832529e-02	2.453895e-02
968           	-3.087439e-03	9.515503e-01	3.605504e-02	1.494008e-02	2.111496e-02
969           	-3.070012e-03	9.504050e-01	3.220548e-02	1.303273e-02	1.917275e-02
970           	-3.054609e-03	9.478191e-01	3.177901e-02	1.283490e-02	1.894411e-02
971           	-3.048620e-03	9.450562e-01	3.514021e-02	1.452149e-02	2.061873e-02
972           	-3.062630e-03	9.440651e-01	4.135563e-02	1.761518e-02	2.374044e-02
973           	-3.095217e-03	9.454005e-01	4.825454e-02	2.103205e-02	2.722249e-02
974           	-3.137178e-03	9.482246e-01	5.454860e-02	2.413712e-02	3.041148e-02
975           	-3.173257e-03	9.516397e-01	5.907861e-02	2.636605e-02	3.271256e-02
976           	-3.201191e-03	9.549681e-01	6.217770e-02	2.788766e-02	3.429004e-02
977           	-3.224102e-03	9.585603e-01	6.410994e-02	2.883087e-02	3.527907e-02
978           	-3.238050e-03	9.615924e-01	6.465890e-02	2.909140e-02	3.556750e-02
979           	-3.248761e-03	9.643756e-01	6.420404e-02	2.885326e-02	3.535078e-02
980           	-3.261189e-03	9.673048e-01	6.292717e-02	2.820239e-02	3.472477e-02
981           	-3.282393e-03	9.712180e-01	6.066891e-02	2.705206e-02	3.361685e-02
982           	-3.308832e-03	9.755422e-01	5.744817e-02	2.541525e-02	3.203291e-02
983           	-3.331538e-03	9.790786e-01	5.346496e-02	2.340094e-02	3.006402e-02
984           	-3.347944e-03	9.813019e-01	4.888416e-02	2.109413e-02	2.779002e-02
985           	-3.356737e-03	9.817984e-01	4.361974e-02	1.845313e-02	2.516661e-02
986           	-3.355010e-03	9.802295e-01	3.799334e-02	1.564166e-02	2.235168e-02
987           	-3.341855e-03	9.765131e-01	3.233955e-02	1.282792e-02	1.951163e-02
988           	-3.316569e-03	9.706145e-01	2.752633e-02	1.044660e-02	1.707974e-02
989           	-3.284717e-03	9.635627e-01	2.424200e-02	8.836285e-03	1.540572e-02
990           	-3.264693e-03	9.583894e-01	2.298005e-02	8.225333e-03	1.475472e-02
991           	-3.270615e-03	9.575029e-01	2.472516e-02	9.091964e-03	1.563319e-02
992           	-3.294115e-03	9.599583e-01	3.081680e-02	1.211429e-02	1.870252e-02
993           	-3.320279e-03	9.632931e-01	4.089680e-02	1.712812e-02	2.376868e-02
994           	-3.332158e-03	9.648386e-01	5.320885e-02	2.327227e-02	2.993658e-02
995           	-3.324044e-03	9.639541e-01	6.628652e-02	2.981921e-02	3.646730e-02
996           	-3.304096e-03	9.621443e-01	7.795103e-02	3.567142e-02	4.227961e-02
997           	-3.283392e-03	9.607788e-01	8.567089e-02	3.955205e-02	4.611884e-02
998           	-3.260636e-03	9.593012e-01	8.710853e-02	4.029363e-02	4.681490e-02
999           	-3.231939e-03	9.570083e-01	8.152406e-02	3.753009e-02	4.399397e-02
1000          	-3.201650e-03	9.543505e-01	6.998932e-02	3.179301e-02	3.819631e-02
