# Force coefficients
# liftDir     : (0.000000e+00 0.000000e+00 1.000000e+00)
# dragDir     : (0.000000e+00 1.000000e+00 0.000000e+00)
# pitchAxis   : (1.000000e+00 0.000000e+00 0.000000e+00)
# magUInf     : 1.569479e-01
# lRef        : 4.000000e+00
# Aref        : 2.562000e-02
# CofR        : (0.000000e+00 0.000000e+00 0.000000e+00)
# Time        	Cm            	Cd            	Cl            	Cl(f)         	Cl(r)         
1             	-5.516754e-04	1.266411e-01	-1.378569e-02	-7.444523e-03	-6.341172e-03
2             	-3.131572e-03	8.005417e-01	-9.528300e-02	-5.077307e-02	-4.450993e-02
3             	-3.659178e-03	1.092543e+00	-7.442106e-02	-4.086971e-02	-3.355135e-02
4             	-2.858209e-03	1.058647e+00	-1.390577e-02	-9.811092e-03	-4.094674e-03
5             	-1.993133e-03	9.294771e-01	3.520092e-02	1.560733e-02	1.959359e-02
6             	-1.572464e-03	8.373927e-01	4.781947e-02	2.233727e-02	2.548220e-02
7             	-1.306960e-03	7.528398e-01	5.390730e-02	2.564669e-02	2.826061e-02
8             	-1.424464e-03	7.362441e-01	4.260291e-02	1.987699e-02	2.272592e-02
9             	-1.739934e-03	7.601726e-01	2.542331e-02	1.097172e-02	1.445159e-02
10            	-1.994969e-03	7.932610e-01	1.148497e-02	3.747518e-03	7.737455e-03
11            	-2.201906e-03	8.248123e-01	3.711289e-04	-2.016341e-03	2.387470e-03
12            	-2.357248e-03	8.527649e-01	-9.751492e-03	-7.232994e-03	-2.518498e-03
13            	-2.460522e-03	8.735045e-01	-1.862360e-02	-1.177232e-02	-6.851279e-03
14            	-2.502704e-03	8.868007e-01	-2.697708e-02	-1.599125e-02	-1.098584e-02
15            	-2.490430e-03	8.837138e-01	-2.979262e-02	-1.738674e-02	-1.240588e-02
16            	-2.520721e-03	8.775382e-01	-2.781017e-02	-1.642581e-02	-1.138437e-02
17            	-2.607878e-03	8.753090e-01	-2.244412e-02	-1.382994e-02	-8.614181e-03
18            	-2.715512e-03	8.775682e-01	-1.632287e-02	-1.087695e-02	-5.445922e-03
19            	-2.834923e-03	8.821529e-01	-9.509252e-03	-7.589549e-03	-1.919703e-03
20            	-2.954753e-03	8.878030e-01	-2.119958e-03	-4.014732e-03	1.894774e-03
21            	-3.056622e-03	8.934024e-01	5.025099e-03	-5.440723e-04	5.569172e-03
22            	-3.126995e-03	8.984436e-01	1.149056e-02	2.618284e-03	8.872274e-03
23            	-3.164590e-03	9.027457e-01	1.706759e-02	5.369206e-03	1.169839e-02
24            	-3.178018e-03	9.064611e-01	2.181319e-02	7.728579e-03	1.408461e-02
25            	-3.178683e-03	9.103003e-01	2.513085e-02	9.386742e-03	1.574411e-02
26            	-3.168337e-03	9.128357e-01	2.769557e-02	1.067945e-02	1.701612e-02
27            	-3.153533e-03	9.142387e-01	2.925515e-02	1.147404e-02	1.778111e-02
28            	-3.137336e-03	9.153116e-01	2.881370e-02	1.126952e-02	1.754419e-02
29            	-3.121291e-03	9.156199e-01	2.714283e-02	1.045012e-02	1.669271e-02
30            	-3.110064e-03	9.153510e-01	2.474019e-02	9.260030e-03	1.548016e-02
31            	-3.102497e-03	9.144214e-01	2.244313e-02	8.119066e-03	1.432406e-02
32            	-3.096369e-03	9.126288e-01	2.113766e-02	7.472461e-03	1.366520e-02
33            	-3.089329e-03	9.096908e-01	2.137623e-02	7.598786e-03	1.377745e-02
34            	-3.081837e-03	9.057615e-01	2.351074e-02	8.673531e-03	1.483720e-02
35            	-3.076583e-03	9.014294e-01	2.724338e-02	1.054511e-02	1.669828e-02
36            	-3.073565e-03	8.969767e-01	3.269699e-02	1.327493e-02	1.942206e-02
37            	-3.083529e-03	8.934989e-01	3.862634e-02	1.622964e-02	2.239670e-02
38            	-3.108086e-03	8.914049e-01	4.523747e-02	1.951065e-02	2.572682e-02
39            	-3.142145e-03	8.907465e-01	5.140876e-02	2.256224e-02	2.884653e-02
40            	-3.180352e-03	8.913211e-01	5.635780e-02	2.499855e-02	3.135925e-02
41            	-3.224243e-03	8.936027e-01	6.021108e-02	2.688129e-02	3.332978e-02
42            	-3.267638e-03	8.978271e-01	6.234951e-02	2.790712e-02	3.444239e-02
43            	-3.309786e-03	9.046234e-01	6.329387e-02	2.833715e-02	3.495672e-02
44            	-3.338747e-03	9.112034e-01	6.414986e-02	2.873618e-02	3.541368e-02
45            	-3.353260e-03	9.159766e-01	6.656674e-02	2.993011e-02	3.663663e-02
46            	-3.359701e-03	9.189821e-01	7.027823e-02	3.177941e-02	3.849882e-02
47            	-3.361952e-03	9.209340e-01	7.480359e-02	3.403984e-02	4.076375e-02
48            	-3.363125e-03	9.217037e-01	7.942813e-02	3.635094e-02	4.307719e-02
49            	-3.365682e-03	9.214735e-01	8.361474e-02	3.844169e-02	4.517305e-02
50            	-3.370922e-03	9.203159e-01	8.682517e-02	4.004166e-02	4.678351e-02
51            	-3.384664e-03	9.193413e-01	8.838114e-02	4.080591e-02	4.757524e-02
52            	-3.409015e-03	9.192827e-01	8.805028e-02	4.061612e-02	4.743415e-02
53            	-3.442131e-03	9.202743e-01	8.598193e-02	3.954884e-02	4.643310e-02
54            	-3.477488e-03	9.221186e-01	8.248721e-02	3.776612e-02	4.472109e-02
55            	-3.511656e-03	9.245333e-01	7.828593e-02	3.563131e-02	4.265462e-02
56            	-3.541435e-03	9.269733e-01	7.455953e-02	3.373833e-02	4.082120e-02
57            	-3.569399e-03	9.293304e-01	7.183844e-02	3.234982e-02	3.948862e-02
58            	-3.601739e-03	9.317988e-01	7.051691e-02	3.165671e-02	3.886019e-02
59            	-3.636603e-03	9.340242e-01	7.059634e-02	3.166157e-02	3.893477e-02
60            	-3.672091e-03	9.359337e-01	7.154497e-02	3.210040e-02	3.944458e-02
61            	-3.706940e-03	9.376920e-01	7.294625e-02	3.276619e-02	4.018006e-02
62            	-3.745810e-03	9.399247e-01	7.466370e-02	3.358604e-02	4.107766e-02
63            	-3.782533e-03	9.423593e-01	7.669240e-02	3.456367e-02	4.212874e-02
64            	-3.811474e-03	9.445697e-01	7.876852e-02	3.557279e-02	4.319573e-02
65            	-3.836086e-03	9.469471e-01	8.046608e-02	3.639696e-02	4.406913e-02
66            	-3.853797e-03	9.493765e-01	8.165519e-02	3.697380e-02	4.468139e-02
67            	-3.862911e-03	9.517469e-01	8.201593e-02	3.714505e-02	4.487087e-02
68            	-3.862420e-03	9.539245e-01	8.123521e-02	3.675518e-02	4.448002e-02
69            	-3.847850e-03	9.562409e-01	7.891493e-02	3.560962e-02	4.330532e-02
70            	-3.818917e-03	9.576263e-01	7.511487e-02	3.373852e-02	4.137635e-02
71            	-3.777088e-03	9.578925e-01	7.009251e-02	3.126917e-02	3.882334e-02
72            	-3.724737e-03	9.567573e-01	6.434750e-02	2.844901e-02	3.589849e-02
73            	-3.674094e-03	9.544011e-01	5.951816e-02	2.608498e-02	3.343317e-02
74            	-3.620062e-03	9.511457e-01	5.554686e-02	2.415337e-02	3.139349e-02
75            	-3.564047e-03	9.476271e-01	5.234169e-02	2.260680e-02	2.973489e-02
76            	-3.503291e-03	9.449551e-01	4.846007e-02	2.072675e-02	2.773333e-02
77            	-3.444116e-03	9.426702e-01	4.519153e-02	1.915165e-02	2.603988e-02
78            	-3.387698e-03	9.406441e-01	4.157199e-02	1.739830e-02	2.417369e-02
79            	-3.336485e-03	9.388811e-01	3.760685e-02	1.546694e-02	2.213991e-02
80            	-3.300113e-03	9.384448e-01	3.272049e-02	1.306013e-02	1.966036e-02
81            	-3.277105e-03	9.392189e-01	2.776394e-02	1.060487e-02	1.715908e-02
82            	-3.276434e-03	9.430511e-01	2.424170e-02	8.844416e-03	1.539728e-02
83            	-3.287009e-03	9.490195e-01	2.347050e-02	8.448240e-03	1.502226e-02
84            	-3.295040e-03	9.551235e-01	2.384866e-02	8.629289e-03	1.521937e-02
85            	-3.303861e-03	9.609762e-01	2.377680e-02	8.584537e-03	1.519226e-02
86            	-3.309750e-03	9.651814e-01	2.273851e-02	8.059504e-03	1.467900e-02
87            	-3.329739e-03	9.676872e-01	2.088752e-02	7.114022e-03	1.377350e-02
88            	-3.383221e-03	9.695060e-01	1.867275e-02	5.953155e-03	1.271960e-02
89            	-3.466489e-03	9.697358e-01	1.809883e-02	5.582926e-03	1.251591e-02
90            	-3.565287e-03	9.681703e-01	2.059935e-02	6.734387e-03	1.386496e-02
91            	-3.634027e-03	9.637239e-01	2.489026e-02	8.811103e-03	1.607916e-02
92            	-3.662064e-03	9.572278e-01	2.908288e-02	1.087938e-02	1.820351e-02
93            	-3.672164e-03	9.516192e-01	3.106160e-02	1.185864e-02	1.920297e-02
94            	-3.664467e-03	9.491751e-01	2.761802e-02	1.014454e-02	1.747348e-02
95            	-3.638906e-03	9.492006e-01	1.639619e-02	4.559189e-03	1.183700e-02
96            	-3.607864e-03	9.507021e-01	-4.648849e-04	-3.840307e-03	3.375422e-03
97            	-3.587374e-03	9.508792e-01	-1.724157e-02	-1.220816e-02	-5.033411e-03
98            	-3.591406e-03	9.502142e-01	-3.027122e-02	-1.872702e-02	-1.154420e-02
99            	-3.613061e-03	9.486840e-01	-3.694337e-02	-2.208475e-02	-1.485863e-02
100           	-3.652971e-03	9.473970e-01	-3.539306e-02	-2.134950e-02	-1.404356e-02
101           	-3.699136e-03	9.468330e-01	-2.600896e-02	-1.670361e-02	-9.305342e-03
102           	-3.735621e-03	9.468953e-01	-1.194318e-02	-9.707209e-03	-2.235968e-03
103           	-3.752430e-03	9.471673e-01	3.095218e-03	-2.204821e-03	5.300039e-03
104           	-3.739997e-03	9.461849e-01	1.414219e-02	3.331097e-03	1.081109e-02
105           	-3.706161e-03	9.435547e-01	1.871774e-02	5.652709e-03	1.306503e-02
106           	-3.655308e-03	9.390919e-01	1.741062e-02	5.050002e-03	1.236062e-02
107           	-3.595637e-03	9.342065e-01	1.085202e-02	1.830370e-03	9.021645e-03
108           	-3.538915e-03	9.306110e-01	1.389275e-05	-3.531968e-03	3.545861e-03
109           	-3.487694e-03	9.291829e-01	-1.483357e-02	-1.090448e-02	-3.929090e-03
110           	-3.444958e-03	9.286917e-01	-2.955002e-02	-1.821997e-02	-1.133005e-02
111           	-3.411387e-03	9.295415e-01	-4.304150e-02	-2.493214e-02	-1.810936e-02
112           	-3.380180e-03	9.307561e-01	-5.304751e-02	-2.990394e-02	-2.314358e-02
113           	-3.349281e-03	9.320787e-01	-5.867526e-02	-3.268691e-02	-2.598835e-02
114           	-3.322053e-03	9.339805e-01	-5.969640e-02	-3.317025e-02	-2.652615e-02
115           	-3.307420e-03	9.378828e-01	-5.487812e-02	-3.074648e-02	-2.413164e-02
116           	-3.300570e-03	9.428029e-01	-4.292244e-02	-2.476179e-02	-1.816065e-02
117           	-3.304990e-03	9.480594e-01	-2.371936e-02	-1.516467e-02	-8.554691e-03
118           	-3.326701e-03	9.533808e-01	1.273231e-03	-2.690085e-03	3.963316e-03
119           	-3.369872e-03	9.584931e-01	2.917618e-02	1.121822e-02	1.795796e-02
120           	-3.435551e-03	9.633959e-01	5.562231e-02	2.437560e-02	3.124671e-02
121           	-3.506062e-03	9.661991e-01	7.654611e-02	3.476699e-02	4.177912e-02
122           	-3.571035e-03	9.656563e-01	9.026993e-02	4.156393e-02	4.870600e-02
123           	-3.636717e-03	9.623614e-01	9.463370e-02	4.368013e-02	5.095356e-02
124           	-3.701549e-03	9.565808e-01	8.595152e-02	3.927421e-02	4.667731e-02
125           	-3.759924e-03	9.500308e-01	6.454617e-02	2.851316e-02	3.603301e-02
126           	-3.810292e-03	9.451582e-01	3.715024e-02	1.476483e-02	2.238541e-02
127           	-3.847558e-03	9.435619e-01	1.273129e-02	2.518085e-03	1.021320e-02
128           	-3.862093e-03	9.441038e-01	-2.115608e-03	-4.919897e-03	2.804289e-03
129           	-3.836035e-03	9.444882e-01	-5.970775e-03	-6.821422e-03	8.506471e-04
130           	-3.795209e-03	9.449484e-01	7.690297e-04	-3.410694e-03	4.179724e-03
131           	-3.766827e-03	9.467223e-01	1.566028e-02	4.063313e-03	1.159697e-02
132           	-3.755224e-03	9.491265e-01	3.375269e-02	1.312112e-02	2.063157e-02
133           	-3.753120e-03	9.517145e-01	5.060369e-02	2.154873e-02	2.905497e-02
134           	-3.751934e-03	9.540804e-01	6.303810e-02	2.776712e-02	3.527099e-02
135           	-3.746970e-03	9.562708e-01	7.033979e-02	3.142293e-02	3.891687e-02
136           	-3.732901e-03	9.587138e-01	7.257022e-02	3.255221e-02	4.001801e-02
137           	-3.698002e-03	9.604462e-01	7.048881e-02	3.154640e-02	3.894241e-02
138           	-3.636968e-03	9.606753e-01	6.477438e-02	2.875022e-02	3.602416e-02
139           	-3.552793e-03	9.595665e-01	5.610655e-02	2.450048e-02	3.160607e-02
140           	-3.469982e-03	9.582915e-01	4.734036e-02	2.020020e-02	2.714016e-02
141           	-3.401718e-03	9.575804e-01	3.986594e-02	1.653125e-02	2.333469e-02
142           	-3.349711e-03	9.571992e-01	3.361633e-02	1.345846e-02	2.015788e-02
143           	-3.308749e-03	9.563287e-01	2.928944e-02	1.133597e-02	1.795347e-02
144           	-3.280698e-03	9.541443e-01	2.633302e-02	9.885812e-03	1.644721e-02
145           	-3.279048e-03	9.510577e-01	2.640979e-02	9.925848e-03	1.648394e-02
146           	-3.300852e-03	9.480834e-01	2.846488e-02	1.093159e-02	1.753329e-02
147           	-3.348279e-03	9.479136e-01	3.093605e-02	1.211974e-02	1.881630e-02
148           	-3.408081e-03	9.507914e-01	3.362361e-02	1.340372e-02	2.021988e-02
149           	-3.467345e-03	9.554177e-01	3.587368e-02	1.446949e-02	2.140418e-02
150           	-3.514283e-03	9.587465e-01	3.580749e-02	1.438946e-02	2.141803e-02
151           	-3.544225e-03	9.595605e-01	3.198895e-02	1.245025e-02	1.953870e-02
152           	-3.551346e-03	9.563737e-01	2.348145e-02	8.189377e-03	1.529207e-02
153           	-3.544738e-03	9.501354e-01	1.046406e-02	1.687292e-03	8.776769e-03
154           	-3.549324e-03	9.434625e-01	-4.959901e-03	-6.029274e-03	1.069373e-03
155           	-3.572885e-03	9.387528e-01	-1.603212e-02	-1.158895e-02	-4.443176e-03
156           	-3.606973e-03	9.358375e-01	-1.961834e-02	-1.341614e-02	-6.202196e-03
157           	-3.647254e-03	9.344911e-01	-1.621874e-02	-1.175662e-02	-4.462115e-03
158           	-3.696289e-03	9.349378e-01	-6.001889e-03	-6.697233e-03	6.953446e-04
159           	-3.769392e-03	9.388980e-01	8.918790e-03	6.900031e-04	8.228787e-03
160           	-3.863140e-03	9.460466e-01	2.517071e-02	8.722215e-03	1.644850e-02
161           	-3.949600e-03	9.533502e-01	3.992784e-02	1.601432e-02	2.391352e-02
162           	-4.001744e-03	9.592751e-01	5.394057e-02	2.296854e-02	3.097203e-02
163           	-4.004590e-03	9.630644e-01	6.694693e-02	2.946887e-02	3.747805e-02
164           	-3.968728e-03	9.655138e-01	7.736388e-02	3.471321e-02	4.265067e-02
165           	-3.911481e-03	9.676226e-01	8.457342e-02	3.837523e-02	4.619819e-02
166           	-3.850015e-03	9.692754e-01	8.847831e-02	4.038914e-02	4.808917e-02
167           	-3.793242e-03	9.703064e-01	8.946782e-02	4.094067e-02	4.852715e-02
168           	-3.740523e-03	9.704991e-01	8.717140e-02	3.984518e-02	4.732622e-02
169           	-3.692641e-03	9.691623e-01	8.256347e-02	3.758909e-02	4.497438e-02
170           	-3.647402e-03	9.670733e-01	7.598850e-02	3.434685e-02	4.164165e-02
171           	-3.596597e-03	9.641827e-01	6.946899e-02	3.113790e-02	3.833109e-02
172           	-3.530836e-03	9.594251e-01	6.396232e-02	2.845032e-02	3.551199e-02
173           	-3.449566e-03	9.534398e-01	5.971018e-02	2.640553e-02	3.330466e-02
174           	-3.370915e-03	9.478564e-01	5.753427e-02	2.539622e-02	3.213805e-02
175           	-3.303852e-03	9.431439e-01	5.656228e-02	2.497729e-02	3.158499e-02
176           	-3.253536e-03	9.397298e-01	5.581517e-02	2.465405e-02	3.116112e-02
177           	-3.235558e-03	9.391692e-01	5.258708e-02	2.305798e-02	2.952910e-02
178           	-3.247829e-03	9.411068e-01	4.555720e-02	1.953077e-02	2.602643e-02
179           	-3.279345e-03	9.442780e-01	3.359757e-02	1.351944e-02	2.007813e-02
180           	-3.321351e-03	9.482792e-01	1.635806e-02	4.857678e-03	1.150038e-02
181           	-3.364760e-03	9.536674e-01	-4.348070e-03	-5.538795e-03	1.190725e-03
182           	-3.401027e-03	9.588929e-01	-2.303483e-02	-1.491844e-02	-8.116390e-03
183           	-3.434962e-03	9.634731e-01	-3.616777e-02	-2.151885e-02	-1.464892e-02
184           	-3.479648e-03	9.688160e-01	-3.945805e-02	-2.320867e-02	-1.624938e-02
185           	-3.558870e-03	9.781118e-01	-3.173229e-02	-1.942501e-02	-1.230727e-02
186           	-3.651029e-03	9.872524e-01	-1.624680e-02	-1.177443e-02	-4.472369e-03
187           	-3.709433e-03	9.883971e-01	3.488674e-03	-1.965096e-03	5.453770e-03
188           	-3.735531e-03	9.809216e-01	2.634751e-02	9.438226e-03	1.690929e-02
189           	-3.744839e-03	9.690194e-01	4.736673e-02	1.993853e-02	2.742820e-02
190           	-3.756138e-03	9.569654e-01	6.351017e-02	2.799894e-02	3.551122e-02
191           	-3.786102e-03	9.476460e-01	7.676066e-02	3.459423e-02	4.216643e-02
192           	-3.827811e-03	9.443066e-01	8.659677e-02	3.947058e-02	4.712620e-02
193           	-3.865037e-03	9.460021e-01	9.530660e-02	4.378827e-02	5.151834e-02
194           	-3.877787e-03	9.508044e-01	1.038711e-01	4.805777e-02	5.581335e-02
195           	-3.866932e-03	9.570324e-01	1.134633e-01	5.286471e-02	6.059857e-02
196           	-3.842149e-03	9.633196e-01	1.250766e-01	5.869614e-02	6.638044e-02
197           	-3.811070e-03	9.676725e-01	1.370269e-01	6.470238e-02	7.232452e-02
198           	-3.775914e-03	9.685242e-01	1.465085e-01	6.947834e-02	7.703017e-02
199           	-3.730357e-03	9.653724e-01	1.522690e-01	7.240415e-02	7.986486e-02
200           	-3.676085e-03	9.593852e-01	1.533898e-01	7.301883e-02	8.037100e-02
201           	-3.629195e-03	9.533225e-01	1.488434e-01	7.079251e-02	7.805090e-02
202           	-3.599936e-03	9.491987e-01	1.374733e-01	6.513674e-02	7.233661e-02
203           	-3.594120e-03	9.482659e-01	1.185893e-01	5.570054e-02	6.288878e-02
204           	-3.603989e-03	9.502972e-01	9.222673e-02	4.250938e-02	4.971735e-02
205           	-3.600478e-03	9.526674e-01	6.246846e-02	2.763375e-02	3.483471e-02
206           	-3.570935e-03	9.542429e-01	3.222810e-02	1.254311e-02	1.968498e-02
207           	-3.532367e-03	9.555735e-01	6.357308e-03	-3.537127e-04	6.711021e-03
208           	-3.505384e-03	9.582778e-01	-1.270616e-02	-9.858462e-03	-2.847695e-03
209           	-3.484185e-03	9.613045e-01	-2.362521e-02	-1.529679e-02	-8.328419e-03
210           	-3.458363e-03	9.636186e-01	-2.556367e-02	-1.624020e-02	-9.323471e-03
211           	-3.440170e-03	9.653382e-01	-1.664263e-02	-1.176149e-02	-4.881146e-03
212           	-3.437735e-03	9.652278e-01	-2.957442e-03	-4.916456e-03	1.959014e-03
213           	-3.454867e-03	9.618854e-01	1.041805e-02	1.754156e-03	8.663890e-03
214           	-3.492489e-03	9.553969e-01	1.854989e-02	5.782456e-03	1.276743e-02
215           	-3.533876e-03	9.483905e-01	1.573549e-02	4.333870e-03	1.140162e-02
216           	-3.587149e-03	9.451426e-01	-1.022143e-03	-4.098221e-03	3.076078e-03
217           	-3.634136e-03	9.443283e-01	-2.793642e-02	-1.760235e-02	-1.033407e-02
218           	-3.666349e-03	9.449962e-01	-5.592997e-02	-3.163133e-02	-2.429864e-02
219           	-3.685789e-03	9.466839e-01	-7.803439e-02	-4.270299e-02	-3.533141e-02
220           	-3.700096e-03	9.486755e-01	-8.904388e-02	-4.822203e-02	-4.082184e-02
221           	-3.716931e-03	9.509971e-01	-8.977492e-02	-4.860439e-02	-4.117053e-02
222           	-3.740428e-03	9.538046e-01	-8.141112e-02	-4.444599e-02	-3.696513e-02
223           	-3.779699e-03	9.579832e-01	-6.260603e-02	-3.508271e-02	-2.752332e-02
224           	-3.829924e-03	9.633464e-01	-3.360273e-02	-2.063129e-02	-1.297144e-02
225           	-3.872419e-03	9.677643e-01	8.026649e-04	-3.471087e-03	4.273751e-03
226           	-3.896698e-03	9.713978e-01	3.687498e-02	1.454079e-02	2.233419e-02
227           	-3.896797e-03	9.738572e-01	6.863703e-02	3.042172e-02	3.821531e-02
228           	-3.865446e-03	9.735628e-01	9.150952e-02	4.188932e-02	4.962021e-02
229           	-3.809105e-03	9.698220e-01	1.061947e-01	4.928822e-02	5.690643e-02
230           	-3.735040e-03	9.644298e-01	1.127958e-01	5.266285e-02	6.013293e-02
231           	-3.647187e-03	9.584296e-01	1.108669e-01	5.178624e-02	5.908062e-02
232           	-3.558727e-03	9.535534e-01	1.024678e-01	4.767517e-02	5.479262e-02
233           	-3.473517e-03	9.501650e-01	9.094415e-02	4.199856e-02	4.894559e-02
234           	-3.395925e-03	9.478909e-01	8.040579e-02	3.680697e-02	4.359882e-02
235           	-3.330154e-03	9.458323e-01	7.421590e-02	3.377780e-02	4.043810e-02
236           	-3.275189e-03	9.433052e-01	7.255163e-02	3.300063e-02	3.955101e-02
237           	-3.230676e-03	9.397007e-01	7.351658e-02	3.352761e-02	3.998897e-02
238           	-3.202515e-03	9.354748e-01	7.438734e-02	3.399116e-02	4.039619e-02
239           	-3.197011e-03	9.312244e-01	7.258431e-02	3.309515e-02	3.948917e-02
240           	-3.216029e-03	9.291255e-01	6.724973e-02	3.040884e-02	3.684089e-02
241           	-3.260562e-03	9.298535e-01	5.884007e-02	2.615947e-02	3.268060e-02
242           	-3.323487e-03	9.332083e-01	4.921217e-02	2.128260e-02	2.792957e-02
243           	-3.385174e-03	9.376536e-01	4.025244e-02	1.674105e-02	2.351140e-02
244           	-3.445912e-03	9.427252e-01	3.156621e-02	1.233720e-02	1.922902e-02
245           	-3.518638e-03	9.492088e-01	2.214660e-02	7.554662e-03	1.459194e-02
246           	-3.600031e-03	9.561749e-01	1.268667e-02	2.743304e-03	9.943367e-03
247           	-3.674431e-03	9.614658e-01	5.468376e-03	-9.402430e-04	6.408619e-03
248           	-3.732264e-03	9.633586e-01	3.058654e-03	-2.202937e-03	5.261590e-03
249           	-3.763151e-03	9.601496e-01	7.047863e-03	-2.392199e-04	7.287083e-03
250           	-3.775658e-03	9.535236e-01	1.720566e-02	4.827174e-03	1.237849e-02
251           	-3.791524e-03	9.481886e-01	3.056076e-02	1.148886e-02	1.907190e-02
252           	-3.826492e-03	9.472115e-01	4.673562e-02	1.954132e-02	2.719430e-02
253           	-3.851842e-03	9.479737e-01	6.209471e-02	2.719551e-02	3.489919e-02
254           	-3.857188e-03	9.494943e-01	7.511357e-02	3.369960e-02	4.141397e-02
255           	-3.858336e-03	9.531607e-01	8.371573e-02	3.799953e-02	4.571620e-02
256           	-3.858535e-03	9.587938e-01	8.724425e-02	3.976359e-02	4.748066e-02
257           	-3.854163e-03	9.661463e-01	8.432357e-02	3.830762e-02	4.601595e-02
258           	-3.821103e-03	9.708170e-01	7.528366e-02	3.382073e-02	4.146293e-02
259           	-3.745749e-03	9.698667e-01	6.289667e-02	2.770259e-02	3.519408e-02
260           	-3.653740e-03	9.641313e-01	5.236205e-02	2.252728e-02	2.983476e-02
261           	-3.556107e-03	9.559084e-01	4.484685e-02	1.886732e-02	2.597953e-02
262           	-3.462418e-03	9.471160e-01	4.124464e-02	1.715990e-02	2.408474e-02
263           	-3.381535e-03	9.395669e-01	4.117691e-02	1.720692e-02	2.396999e-02
264           	-3.313454e-03	9.342297e-01	4.392198e-02	1.864753e-02	2.527444e-02
265           	-3.271851e-03	9.322134e-01	4.840327e-02	2.092978e-02	2.747348e-02
266           	-3.257960e-03	9.340277e-01	5.276444e-02	2.312426e-02	2.964018e-02
267           	-3.267305e-03	9.380193e-01	5.535821e-02	2.441180e-02	3.094641e-02
268           	-3.286092e-03	9.419022e-01	5.459867e-02	2.401324e-02	3.058543e-02
269           	-3.306382e-03	9.449171e-01	4.934478e-02	2.136601e-02	2.797877e-02
270           	-3.330229e-03	9.482810e-01	3.936790e-02	1.635372e-02	2.301418e-02
271           	-3.359360e-03	9.529387e-01	2.609417e-02	9.687725e-03	1.640645e-02
272           	-3.383043e-03	9.576627e-01	1.310977e-02	3.171843e-03	9.937929e-03
273           	-3.393300e-03	9.609661e-01	2.561354e-03	-2.112623e-03	4.673977e-03
274           	-3.412088e-03	9.645354e-01	-6.290684e-03	-6.557430e-03	2.667456e-04
275           	-3.430305e-03	9.662173e-01	-1.107381e-02	-8.967210e-03	-2.106600e-03
276           	-3.430462e-03	9.631654e-01	-1.057534e-02	-8.718130e-03	-1.857206e-03
277           	-3.419265e-03	9.559633e-01	-4.101870e-03	-5.470200e-03	1.368330e-03
278           	-3.420681e-03	9.472663e-01	7.494925e-03	3.267819e-04	7.168143e-03
279           	-3.457651e-03	9.403395e-01	2.193236e-02	7.508529e-03	1.442383e-02
280           	-3.524696e-03	9.356806e-01	3.677433e-02	1.486247e-02	2.191186e-02
281           	-3.612508e-03	9.344607e-01	4.940642e-02	2.109070e-02	2.831572e-02
282           	-3.708750e-03	9.369866e-01	5.879677e-02	2.568964e-02	3.310714e-02
283           	-3.794717e-03	9.417662e-01	6.576040e-02	2.908548e-02	3.667492e-02
284           	-3.854694e-03	9.470121e-01	7.020280e-02	3.124671e-02	3.895610e-02
285           	-3.890777e-03	9.533864e-01	7.316840e-02	3.269343e-02	4.047498e-02
286           	-3.916589e-03	9.616113e-01	7.265860e-02	3.241271e-02	4.024589e-02
287           	-3.924698e-03	9.695837e-01	6.853638e-02	3.034349e-02	3.819289e-02
288           	-3.904743e-03	9.734269e-01	6.205264e-02	2.712158e-02	3.493106e-02
289           	-3.837396e-03	9.725832e-01	5.512806e-02	2.372664e-02	3.140143e-02
290           	-3.751887e-03	9.681480e-01	5.026591e-02	2.138107e-02	2.888484e-02
291           	-3.647795e-03	9.616203e-01	4.761977e-02	2.016209e-02	2.745768e-02
292           	-3.556074e-03	9.563417e-01	4.697624e-02	1.993205e-02	2.704419e-02
293           	-3.491657e-03	9.536550e-01	4.763818e-02	2.032743e-02	2.731075e-02
294           	-3.445267e-03	9.525638e-01	4.870199e-02	2.090573e-02	2.779626e-02
295           	-3.405240e-03	9.516566e-01	4.958084e-02	2.138518e-02	2.819566e-02
296           	-3.365975e-03	9.499387e-01	4.944445e-02	2.135625e-02	2.808820e-02
297           	-3.324982e-03	9.467825e-01	4.842925e-02	2.088965e-02	2.753961e-02
298           	-3.284721e-03	9.427435e-01	4.695419e-02	2.019237e-02	2.676182e-02
299           	-3.260569e-03	9.396009e-01	4.389068e-02	1.868477e-02	2.520591e-02
300           	-3.263174e-03	9.388260e-01	3.798195e-02	1.572780e-02	2.225415e-02
301           	-3.277195e-03	9.389798e-01	2.947907e-02	1.146234e-02	1.801673e-02
302           	-3.278962e-03	9.374416e-01	2.013090e-02	6.786487e-03	1.334441e-02
303           	-3.260410e-03	9.333410e-01	1.201607e-02	2.747627e-03	9.268447e-03
304           	-3.230763e-03	9.282124e-01	6.150123e-03	-1.557011e-04	6.305824e-03
305           	-3.208099e-03	9.236680e-01	2.481831e-03	-1.967183e-03	4.449014e-03
306           	-3.204654e-03	9.212328e-01	8.403423e-04	-2.784483e-03	3.624826e-03
307           	-3.219655e-03	9.203655e-01	1.040348e-03	-2.699481e-03	3.739830e-03
308           	-3.251317e-03	9.199312e-01	2.630306e-03	-1.936164e-03	4.566470e-03
309           	-3.302199e-03	9.197905e-01	5.441993e-03	-5.812026e-04	6.023196e-03
310           	-3.365400e-03	9.200254e-01	9.024802e-03	1.147001e-03	7.877801e-03
311           	-3.434441e-03	9.210998e-01	1.307974e-02	3.105428e-03	9.974310e-03
312           	-3.518334e-03	9.247119e-01	1.833130e-02	5.647316e-03	1.268398e-02
313           	-3.620767e-03	9.314918e-01	2.557028e-02	9.164375e-03	1.640591e-02
314           	-3.720101e-03	9.387686e-01	3.326043e-02	1.291011e-02	2.035031e-02
315           	-3.804236e-03	9.453282e-01	4.201541e-02	1.720347e-02	2.481194e-02
316           	-3.868261e-03	9.507998e-01	5.198123e-02	2.212235e-02	2.985887e-02
317           	-3.899119e-03	9.534210e-01	6.080264e-02	2.650220e-02	3.430044e-02
318           	-3.901551e-03	9.550377e-01	6.831839e-02	3.025764e-02	3.806075e-02
319           	-3.885631e-03	9.569713e-01	7.355263e-02	3.289069e-02	4.066195e-02
320           	-3.862062e-03	9.596685e-01	7.589670e-02	3.408629e-02	4.181041e-02
321           	-3.828215e-03	9.635202e-01	7.549367e-02	3.391862e-02	4.157505e-02
322           	-3.786816e-03	9.677257e-01	7.312103e-02	3.277370e-02	4.034733e-02
323           	-3.732481e-03	9.715886e-01	7.018414e-02	3.135959e-02	3.882455e-02
324           	-3.665409e-03	9.737710e-01	6.718025e-02	2.992472e-02	3.725553e-02
325           	-3.594459e-03	9.738844e-01	6.449017e-02	2.865063e-02	3.583955e-02
326           	-3.529475e-03	9.725577e-01	6.126602e-02	2.710353e-02	3.416248e-02
327           	-3.476158e-03	9.702607e-01	5.667069e-02	2.485919e-02	3.181150e-02
328           	-3.439869e-03	9.678030e-01	4.937006e-02	2.124516e-02	2.812490e-02
329           	-3.411587e-03	9.646330e-01	4.114254e-02	1.715968e-02	2.398286e-02
330           	-3.388350e-03	9.611938e-01	3.386494e-02	1.354412e-02	2.032082e-02
331           	-3.366656e-03	9.576922e-01	2.887796e-02	1.107233e-02	1.780564e-02
332           	-3.356287e-03	9.559145e-01	2.635879e-02	9.823108e-03	1.653568e-02
333           	-3.361045e-03	9.562543e-01	2.576314e-02	9.520527e-03	1.624262e-02
334           	-3.377417e-03	9.574556e-01	2.596414e-02	9.604654e-03	1.635949e-02
335           	-3.392574e-03	9.572538e-01	2.603605e-02	9.625453e-03	1.641060e-02
336           	-3.392161e-03	9.539643e-01	2.366183e-02	8.438753e-03	1.522308e-02
337           	-3.369739e-03	9.472520e-01	1.856186e-02	5.911189e-03	1.265067e-02
338           	-3.351296e-03	9.399531e-01	1.234299e-02	2.820197e-03	9.522790e-03
339           	-3.365214e-03	9.356298e-01	7.184506e-03	2.270383e-04	6.957467e-03
340           	-3.429110e-03	9.374479e-01	4.054591e-03	-1.401815e-03	5.456406e-03
341           	-3.536732e-03	9.457020e-01	2.529492e-03	-2.271986e-03	4.801477e-03
342           	-3.662658e-03	9.584174e-01	3.704001e-03	-1.810657e-03	5.514658e-03
343           	-3.751448e-03	9.694792e-01	6.770813e-03	-3.660410e-04	7.136854e-03
344           	-3.782311e-03	9.753953e-01	1.143250e-02	1.933938e-03	9.498561e-03
345           	-3.766932e-03	9.759022e-01	1.597468e-02	4.220405e-03	1.175427e-02
346           	-3.739840e-03	9.731312e-01	1.975179e-02	6.136056e-03	1.361574e-02
347           	-3.722292e-03	9.689904e-01	2.335051e-02	7.952965e-03	1.539755e-02
348           	-3.732906e-03	9.662850e-01	2.551735e-02	9.025771e-03	1.649158e-02
349           	-3.755947e-03	9.641789e-01	2.596156e-02	9.224832e-03	1.673673e-02
350           	-3.771971e-03	9.613924e-01	2.472558e-02	8.590818e-03	1.613476e-02
351           	-3.774953e-03	9.576557e-01	2.248144e-02	7.465767e-03	1.501567e-02
352           	-3.768790e-03	9.542344e-01	1.946585e-02	5.964134e-03	1.350171e-02
353           	-3.764182e-03	9.526757e-01	1.575748e-02	4.114558e-03	1.164292e-02
354           	-3.765991e-03	9.535880e-01	1.148614e-02	1.977078e-03	9.509060e-03
355           	-3.770345e-03	9.561908e-01	6.922989e-03	-3.088500e-04	7.231839e-03
356           	-3.765318e-03	9.586473e-01	2.765883e-03	-2.382377e-03	5.148260e-03
357           	-3.742423e-03	9.606531e-01	-6.834357e-04	-4.084140e-03	3.400705e-03
358           	-3.699520e-03	9.608753e-01	-1.645289e-03	-4.522164e-03	2.876875e-03
359           	-3.638776e-03	9.598251e-01	-9.067767e-04	-4.092164e-03	3.185387e-03
360           	-3.568258e-03	9.580348e-01	1.223800e-03	-2.956358e-03	4.180158e-03
361           	-3.497655e-03	9.565449e-01	3.863932e-03	-1.565689e-03	5.429621e-03
362           	-3.434356e-03	9.555354e-01	6.980067e-03	5.567781e-05	6.924389e-03
363           	-3.385595e-03	9.548460e-01	9.651753e-03	1.440281e-03	8.211471e-03
364           	-3.349902e-03	9.536815e-01	1.136452e-02	2.332357e-03	9.032160e-03
365           	-3.319941e-03	9.513956e-01	1.202507e-02	2.692596e-03	9.332478e-03
366           	-3.294425e-03	9.474849e-01	1.205405e-02	2.732601e-03	9.321452e-03
367           	-3.276701e-03	9.424111e-01	1.112204e-02	2.284321e-03	8.837722e-03
368           	-3.278920e-03	9.381632e-01	8.886640e-03	1.164400e-03	7.722240e-03
369           	-3.306594e-03	9.356444e-01	4.928507e-03	-8.423404e-04	5.770847e-03
370           	-3.355661e-03	9.348495e-01	-3.999027e-04	-3.555612e-03	3.155710e-03
371           	-3.408865e-03	9.350189e-01	-5.152244e-03	-5.984987e-03	8.327425e-04
372           	-3.463687e-03	9.365617e-01	-7.783469e-03	-7.355421e-03	-4.280476e-04
373           	-3.529538e-03	9.406173e-01	-7.130168e-03	-7.094622e-03	-3.554652e-05
374           	-3.596710e-03	9.465825e-01	-4.529680e-03	-5.861550e-03	1.331869e-03
375           	-3.651653e-03	9.524151e-01	-5.041935e-04	-3.903750e-03	3.399556e-03
376           	-3.683665e-03	9.560784e-01	5.024525e-03	-1.171402e-03	6.195927e-03
377           	-3.694491e-03	9.570562e-01	1.218597e-02	2.398494e-03	9.787476e-03
378           	-3.707767e-03	9.586177e-01	2.123239e-02	6.908429e-03	1.432396e-02
379           	-3.732599e-03	9.624379e-01	3.149025e-02	1.201253e-02	1.947772e-02
380           	-3.756429e-03	9.660486e-01	4.186675e-02	1.717695e-02	2.468980e-02
381           	-3.764147e-03	9.668011e-01	5.076834e-02	2.162002e-02	2.914832e-02
382           	-3.752592e-03	9.644051e-01	5.793490e-02	2.521486e-02	3.272004e-02
383           	-3.728451e-03	9.604846e-01	6.352499e-02	2.803405e-02	3.549095e-02
384           	-3.691961e-03	9.560824e-01	6.695270e-02	2.978439e-02	3.716831e-02
385           	-3.643748e-03	9.520032e-01	6.766663e-02	3.018957e-02	3.747706e-02
386           	-3.589336e-03	9.496787e-01	6.635923e-02	2.959028e-02	3.676895e-02
387           	-3.535744e-03	9.500851e-01	6.510567e-02	2.901709e-02	3.608858e-02
388           	-3.486503e-03	9.531294e-01	6.515348e-02	2.909024e-02	3.606324e-02
389           	-3.446582e-03	9.578775e-01	6.728330e-02	3.019507e-02	3.708823e-02
390           	-3.428298e-03	9.634530e-01	7.072450e-02	3.193395e-02	3.879055e-02
391           	-3.425578e-03	9.680120e-01	7.303025e-02	3.308954e-02	3.994070e-02
392           	-3.430929e-03	9.711117e-01	7.188408e-02	3.251111e-02	3.937297e-02
393           	-3.429045e-03	9.715822e-01	6.601922e-02	2.958056e-02	3.643865e-02
394           	-3.435155e-03	9.711690e-01	5.242908e-02	2.277939e-02	2.964970e-02
395           	-3.451937e-03	9.711085e-01	3.238504e-02	1.274058e-02	1.964446e-02
396           	-3.466180e-03	9.709512e-01	1.065973e-02	1.863686e-03	8.796045e-03
397           	-3.474184e-03	9.708337e-01	-8.223694e-03	-7.586031e-03	-6.376628e-04
398           	-3.477724e-03	9.713437e-01	-1.959358e-02	-1.327451e-02	-6.319066e-03
399           	-3.475151e-03	9.718867e-01	-2.055586e-02	-1.375308e-02	-6.802778e-03
400           	-3.464884e-03	9.706890e-01	-1.068785e-02	-8.808811e-03	-1.879042e-03
401           	-3.455257e-03	9.673096e-01	7.705095e-03	3.972909e-04	7.307804e-03
402           	-3.451968e-03	9.620409e-01	3.041445e-02	1.175526e-02	1.865919e-02
403           	-3.444772e-03	9.556594e-01	5.042682e-02	2.176864e-02	2.865818e-02
404           	-3.432006e-03	9.484491e-01	6.421381e-02	2.867490e-02	3.553891e-02
405           	-3.422752e-03	9.419769e-01	6.965997e-02	3.140723e-02	3.825274e-02
406           	-3.429589e-03	9.376139e-01	6.532391e-02	2.923236e-02	3.609154e-02
407           	-3.454221e-03	9.366336e-01	5.027574e-02	2.168365e-02	2.859209e-02
408           	-3.490679e-03	9.399275e-01	2.765793e-02	1.033828e-02	1.731964e-02
409           	-3.532494e-03	9.470959e-01	2.527702e-03	-2.268643e-03	4.796345e-03
410           	-3.568425e-03	9.543663e-01	-1.871122e-02	-1.292403e-02	-5.787183e-03
411           	-3.589567e-03	9.620372e-01	-3.342092e-02	-2.030003e-02	-1.312089e-02
412           	-3.598021e-03	9.692010e-01	-4.056723e-02	-2.388163e-02	-1.668559e-02
413           	-3.600144e-03	9.752254e-01	-3.935500e-02	-2.327764e-02	-1.607735e-02
414           	-3.611189e-03	9.797707e-01	-2.902430e-02	-1.812334e-02	-1.090096e-02
415           	-3.641401e-03	9.836297e-01	-1.173456e-02	-9.508682e-03	-2.225880e-03
416           	-3.686982e-03	9.875686e-01	7.604686e-03	1.153615e-04	7.489325e-03
417           	-3.734044e-03	9.917508e-01	2.509310e-02	8.812508e-03	1.628060e-02
418           	-3.765963e-03	9.957028e-01	3.902207e-02	1.574507e-02	2.327700e-02
419           	-3.759409e-03	9.975396e-01	4.928822e-02	2.088470e-02	2.840352e-02
420           	-3.709410e-03	9.953616e-01	5.521004e-02	2.389561e-02	3.131443e-02
421           	-3.623288e-03	9.888085e-01	5.615301e-02	2.445322e-02	3.169979e-02
422           	-3.522843e-03	9.795715e-01	5.138020e-02	2.216726e-02	2.921295e-02
423           	-3.441198e-03	9.714157e-01	4.071322e-02	1.691541e-02	2.379781e-02
424           	-3.401507e-03	9.673409e-01	2.525702e-02	9.227002e-03	1.603002e-02
425           	-3.406430e-03	9.680964e-01	7.788698e-03	4.879189e-04	7.300779e-03
426           	-3.433196e-03	9.716191e-01	-7.462219e-03	-7.164306e-03	-2.979133e-04
427           	-3.440793e-03	9.733323e-01	-1.731880e-02	-1.210019e-02	-5.218609e-03
428           	-3.408074e-03	9.701709e-01	-2.064596e-02	-1.373105e-02	-6.914904e-03
429           	-3.343848e-03	9.618566e-01	-1.772400e-02	-1.220585e-02	-5.518151e-03
430           	-3.275308e-03	9.499864e-01	-1.040957e-02	-8.480093e-03	-1.929477e-03
431           	-3.235676e-03	9.380943e-01	-1.319196e-03	-3.895274e-03	2.576078e-03
432           	-3.236866e-03	9.280626e-01	6.774186e-03	1.502271e-04	6.623959e-03
433           	-3.264611e-03	9.194875e-01	1.218025e-02	2.825516e-03	9.354737e-03
434           	-3.305771e-03	9.129249e-01	1.417458e-02	3.781522e-03	1.039306e-02
435           	-3.361025e-03	9.092990e-01	1.494027e-02	4.109109e-03	1.083116e-02
436           	-3.442547e-03	9.119173e-01	1.506392e-02	4.089413e-03	1.097451e-02
437           	-3.543391e-03	9.207239e-01	1.495225e-02	3.932735e-03	1.101952e-02
438           	-3.631511e-03	9.319147e-01	1.559988e-02	4.168430e-03	1.143145e-02
439           	-3.696089e-03	9.424358e-01	1.772704e-02	5.167432e-03	1.255961e-02
440           	-3.739902e-03	9.509063e-01	2.158223e-02	7.051215e-03	1.453102e-02
441           	-3.775207e-03	9.568668e-01	2.675992e-02	9.604751e-03	1.715516e-02
442           	-3.809642e-03	9.594486e-01	3.170158e-02	1.204115e-02	1.966043e-02
443           	-3.840877e-03	9.596649e-01	3.453096e-02	1.342460e-02	2.110636e-02
444           	-3.861243e-03	9.578474e-01	3.387469e-02	1.307610e-02	2.079859e-02
445           	-3.851954e-03	9.532550e-01	2.888199e-02	1.058904e-02	1.829295e-02
446           	-3.804351e-03	9.467412e-01	1.967037e-02	6.030834e-03	1.363954e-02
447           	-3.736212e-03	9.412418e-01	6.105287e-03	-6.835680e-04	6.788855e-03
448           	-3.668293e-03	9.383692e-01	-1.101563e-02	-9.176108e-03	-1.839523e-03
449           	-3.609809e-03	9.388903e-01	-2.983322e-02	-1.852642e-02	-1.130680e-02
450           	-3.560902e-03	9.420281e-01	-4.714500e-02	-2.713340e-02	-2.001160e-02
451           	-3.516568e-03	9.469977e-01	-6.070377e-02	-3.386845e-02	-2.683532e-02
452           	-3.472912e-03	9.513593e-01	-6.770678e-02	-3.732630e-02	-3.038048e-02
453           	-3.429027e-03	9.543030e-01	-6.643678e-02	-3.664742e-02	-2.978937e-02
454           	-3.384640e-03	9.558867e-01	-5.606015e-02	-3.141472e-02	-2.464544e-02
455           	-3.348448e-03	9.571633e-01	-3.577942e-02	-2.123816e-02	-1.454126e-02
456           	-3.311233e-03	9.567221e-01	-7.028943e-03	-6.825705e-03	-2.032383e-04
457           	-3.294346e-03	9.567742e-01	2.840939e-02	1.091035e-02	1.749904e-02
458           	-3.300656e-03	9.587296e-01	6.507337e-02	2.923603e-02	3.583734e-02
459           	-3.340959e-03	9.619972e-01	9.549423e-02	4.440615e-02	5.108807e-02
460           	-3.384603e-03	9.638856e-01	1.137797e-01	5.350524e-02	6.027445e-02
461           	-3.428268e-03	9.635273e-01	1.193533e-01	5.624839e-02	6.310493e-02
462           	-3.480991e-03	9.622453e-01	1.115947e-01	5.231636e-02	5.927834e-02
463           	-3.543321e-03	9.609642e-01	8.803309e-02	4.047322e-02	4.755986e-02
464           	-3.607128e-03	9.604667e-01	5.105717e-02	2.192146e-02	2.913571e-02
465           	-3.664157e-03	9.607283e-01	1.118198e-02	1.926831e-03	9.255146e-03
466           	-3.717258e-03	9.625922e-01	-2.168992e-02	-1.456222e-02	-7.127703e-03
467           	-3.772074e-03	9.660798e-01	-4.124526e-02	-2.439471e-02	-1.685056e-02
468           	-3.830986e-03	9.697218e-01	-4.375418e-02	-2.570808e-02	-1.804611e-02
469           	-3.889323e-03	9.725251e-01	-2.984978e-02	-1.881421e-02	-1.103557e-02
470           	-3.940356e-03	9.739632e-01	-4.985236e-03	-6.432974e-03	1.447738e-03
471           	-3.970392e-03	9.735396e-01	2.405125e-02	8.055232e-03	1.599602e-02
472           	-3.962560e-03	9.690634e-01	5.098410e-02	2.152949e-02	2.945461e-02
473           	-3.925515e-03	9.617684e-01	7.351134e-02	3.283016e-02	4.068119e-02
474           	-3.857712e-03	9.533922e-01	9.422317e-02	4.325387e-02	5.096930e-02
475           	-3.786131e-03	9.467752e-01	1.090461e-01	5.073693e-02	5.830920e-02
476           	-3.705550e-03	9.406325e-01	1.172507e-01	5.491978e-02	6.233088e-02
477           	-3.626505e-03	9.348776e-01	1.195269e-01	5.613696e-02	6.338997e-02
478           	-3.554198e-03	9.293129e-01	1.158868e-01	5.438918e-02	6.149757e-02
479           	-3.490052e-03	9.244457e-01	1.074838e-01	5.025183e-02	5.723194e-02
480           	-3.425600e-03	9.195736e-01	9.637251e-02	4.476065e-02	5.161185e-02
481           	-3.356927e-03	9.144947e-01	8.368326e-02	3.848470e-02	4.519856e-02
482           	-3.286671e-03	9.103408e-01	6.901890e-02	3.122278e-02	3.779612e-02
483           	-3.216875e-03	9.080721e-01	5.275901e-02	2.316263e-02	2.959638e-02
484           	-3.150121e-03	9.075543e-01	3.433723e-02	1.401849e-02	2.031873e-02
485           	-3.097289e-03	9.083022e-01	1.522554e-02	4.515480e-03	1.071006e-02
486           	-3.067848e-03	9.102444e-01	-2.523608e-03	-4.329651e-03	1.806044e-03
487           	-3.058862e-03	9.127796e-01	-1.834007e-02	-1.222890e-02	-6.111173e-03
488           	-3.060567e-03	9.145430e-01	-3.176799e-02	-1.894456e-02	-1.282343e-02
489           	-3.062965e-03	9.145881e-01	-4.193212e-02	-2.402903e-02	-1.790310e-02
490           	-3.064243e-03	9.133620e-01	-4.860200e-02	-2.736524e-02	-2.123676e-02
491           	-3.075959e-03	9.120115e-01	-5.170100e-02	-2.892646e-02	-2.277454e-02
492           	-3.093725e-03	9.111071e-01	-4.929474e-02	-2.774110e-02	-2.155365e-02
493           	-3.115887e-03	9.111646e-01	-4.194393e-02	-2.408785e-02	-1.785608e-02
494           	-3.159059e-03	9.127950e-01	-3.125383e-02	-1.878597e-02	-1.246785e-02
495           	-3.226839e-03	9.160270e-01	-1.909314e-02	-1.277341e-02	-6.319733e-03
496           	-3.316524e-03	9.207752e-01	-7.841336e-03	-7.237192e-03	-6.041440e-04
497           	-3.423144e-03	9.267050e-01	2.532951e-03	-2.156668e-03	4.689619e-03
498           	-3.531428e-03	9.333613e-01	1.186272e-02	2.399931e-03	9.462788e-03
499           	-3.635599e-03	9.406065e-01	2.029582e-02	6.512309e-03	1.378351e-02
500           	-3.748687e-03	9.499968e-01	2.924526e-02	1.087394e-02	1.837132e-02
501           	-3.846571e-03	9.586876e-01	3.750828e-02	1.490757e-02	2.260071e-02
502           	-3.925126e-03	9.662632e-01	4.532660e-02	1.873817e-02	2.658842e-02
503           	-3.973215e-03	9.705834e-01	5.140679e-02	2.173018e-02	2.967661e-02
504           	-3.986063e-03	9.711995e-01	5.586948e-02	2.394868e-02	3.192080e-02
505           	-3.963195e-03	9.694059e-01	5.937179e-02	2.572270e-02	3.364909e-02
506           	-3.916468e-03	9.659157e-01	6.298376e-02	2.757541e-02	3.540835e-02
507           	-3.851951e-03	9.615062e-01	6.790368e-02	3.009989e-02	3.780379e-02
508           	-3.772926e-03	9.569781e-01	7.451323e-02	3.348369e-02	4.102954e-02
509           	-3.694517e-03	9.538167e-01	8.184570e-02	3.722834e-02	4.461737e-02
510           	-3.627742e-03	9.521094e-01	8.805767e-02	4.040109e-02	4.765658e-02
511           	-3.575965e-03	9.511188e-01	9.136206e-02	4.210507e-02	4.925699e-02
512           	-3.532816e-03	9.496835e-01	9.073384e-02	4.183411e-02	4.889974e-02
513           	-3.487007e-03	9.468378e-01	8.588268e-02	3.945433e-02	4.642835e-02
514           	-3.430954e-03	9.423177e-01	7.805911e-02	3.559860e-02	4.246051e-02
515           	-3.365469e-03	9.368592e-01	6.978417e-02	3.152662e-02	3.825756e-02
516           	-3.300585e-03	9.319597e-01	6.286673e-02	2.813278e-02	3.473395e-02
517           	-3.251027e-03	9.292203e-01	5.785733e-02	2.567764e-02	3.217969e-02
518           	-3.220627e-03	9.289614e-01	5.397671e-02	2.376773e-02	3.020898e-02
519           	-3.211513e-03	9.305507e-01	5.036607e-02	2.197152e-02	2.839455e-02
520           	-3.214348e-03	9.319972e-01	4.663184e-02	2.010157e-02	2.653027e-02
521           	-3.215360e-03	9.314200e-01	4.244594e-02	1.800761e-02	2.443833e-02
522           	-3.218073e-03	9.289803e-01	3.743390e-02	1.549888e-02	2.193502e-02
523           	-3.230944e-03	9.261380e-01	3.152156e-02	1.252984e-02	1.899173e-02
524           	-3.256397e-03	9.239053e-01	2.552635e-02	9.506780e-03	1.601957e-02
525           	-3.291997e-03	9.227036e-01	2.070385e-02	7.059928e-03	1.364392e-02
526           	-3.335385e-03	9.226429e-01	1.833999e-02	5.834611e-03	1.250538e-02
527           	-3.389253e-03	9.236010e-01	1.909805e-02	6.159770e-03	1.293828e-02
528           	-3.448947e-03	9.263227e-01	2.290943e-02	8.005770e-03	1.490366e-02
529           	-3.505970e-03	9.303781e-01	2.798350e-02	1.048578e-02	1.749772e-02
530           	-3.565751e-03	9.362865e-01	3.398363e-02	1.342607e-02	2.055757e-02
531           	-3.630260e-03	9.440825e-01	4.013341e-02	1.643645e-02	2.369697e-02
532           	-3.694427e-03	9.525746e-01	4.596968e-02	1.929041e-02	2.667927e-02
533           	-3.747841e-03	9.595302e-01	4.999474e-02	2.124953e-02	2.874521e-02
534           	-3.786070e-03	9.638370e-01	5.135897e-02	2.189341e-02	2.946555e-02
535           	-3.803142e-03	9.650672e-01	5.170989e-02	2.205181e-02	2.965809e-02
536           	-3.798982e-03	9.634577e-01	5.229643e-02	2.234923e-02	2.994720e-02
537           	-3.783472e-03	9.606135e-01	5.298507e-02	2.270906e-02	3.027601e-02
538           	-3.763851e-03	9.595282e-01	5.286083e-02	2.266656e-02	3.019426e-02
539           	-3.731870e-03	9.600652e-01	5.223549e-02	2.238587e-02	2.984962e-02
540           	-3.686769e-03	9.594858e-01	5.284636e-02	2.273641e-02	3.010995e-02
541           	-3.624327e-03	9.564685e-01	5.503284e-02	2.389209e-02	3.114075e-02
542           	-3.540963e-03	9.503265e-01	5.779855e-02	2.535831e-02	3.244024e-02
543           	-3.449417e-03	9.419132e-01	6.031186e-02	2.670652e-02	3.360535e-02
544           	-3.368300e-03	9.335050e-01	6.112840e-02	2.719590e-02	3.393250e-02
545           	-3.314880e-03	9.273662e-01	5.955955e-02	2.646489e-02	3.309466e-02
546           	-3.293840e-03	9.248166e-01	5.506341e-02	2.423786e-02	3.082554e-02
547           	-3.307692e-03	9.269329e-01	4.819714e-02	2.079088e-02	2.740626e-02
548           	-3.338829e-03	9.327455e-01	4.057257e-02	1.694745e-02	2.362511e-02
549           	-3.368082e-03	9.398939e-01	3.370533e-02	1.348458e-02	2.022075e-02
550           	-3.387927e-03	9.466880e-01	2.846716e-02	1.084565e-02	1.762151e-02
551           	-3.401430e-03	9.525953e-01	2.437560e-02	8.786368e-03	1.558923e-02
552           	-3.408044e-03	9.566944e-01	2.118151e-02	7.182709e-03	1.399880e-02
553           	-3.408113e-03	9.584533e-01	1.864577e-02	5.914771e-03	1.273100e-02
554           	-3.401643e-03	9.579419e-01	1.662858e-02	4.912648e-03	1.171593e-02
555           	-3.390875e-03	9.559660e-01	1.504688e-02	4.132565e-03	1.091432e-02
556           	-3.391409e-03	9.545000e-01	1.334187e-02	3.279526e-03	1.006234e-02
557           	-3.403360e-03	9.541034e-01	1.238757e-02	2.790424e-03	9.597143e-03
558           	-3.424478e-03	9.546654e-01	1.300752e-02	3.079284e-03	9.928241e-03
559           	-3.437866e-03	9.544040e-01	1.624340e-02	4.683833e-03	1.155957e-02
560           	-3.443169e-03	9.529146e-01	2.257468e-02	7.844170e-03	1.473051e-02
561           	-3.454809e-03	9.510797e-01	3.143974e-02	1.226506e-02	1.917468e-02
562           	-3.490345e-03	9.506852e-01	4.138931e-02	1.720431e-02	2.418500e-02
563           	-3.554329e-03	9.521036e-01	4.996885e-02	2.143010e-02	2.853876e-02
564           	-3.632675e-03	9.543950e-01	5.453908e-02	2.363687e-02	3.090222e-02
565           	-3.708062e-03	9.569603e-01	5.235860e-02	2.247124e-02	2.988736e-02
566           	-3.749372e-03	9.580124e-01	4.364924e-02	1.807525e-02	2.557399e-02
567           	-3.735920e-03	9.554805e-01	2.925103e-02	1.088960e-02	1.836144e-02
568           	-3.670554e-03	9.496271e-01	9.312916e-03	9.859038e-04	8.327012e-03
569           	-3.577980e-03	9.418491e-01	-1.486862e-02	-1.101229e-02	-3.856332e-03
570           	-3.493969e-03	9.347731e-01	-4.032902e-02	-2.365848e-02	-1.667054e-02
571           	-3.440036e-03	9.303511e-01	-6.316766e-02	-3.502386e-02	-2.814379e-02
572           	-3.406705e-03	9.286432e-01	-8.027595e-02	-4.354468e-02	-3.673127e-02
573           	-3.385516e-03	9.295557e-01	-8.964474e-02	-4.820789e-02	-4.143685e-02
574           	-3.362831e-03	9.321552e-01	-8.955195e-02	-4.813881e-02	-4.141314e-02
575           	-3.343012e-03	9.358103e-01	-8.013018e-02	-4.340810e-02	-3.672208e-02
576           	-3.327842e-03	9.386500e-01	-6.511841e-02	-3.588705e-02	-2.923136e-02
577           	-3.314727e-03	9.397136e-01	-5.037770e-02	-2.850357e-02	-2.187412e-02
578           	-3.302806e-03	9.395911e-01	-3.884481e-02	-2.272521e-02	-1.611960e-02
579           	-3.299125e-03	9.395025e-01	-3.068038e-02	-1.863932e-02	-1.204107e-02
580           	-3.307172e-03	9.407135e-01	-2.544866e-02	-1.603150e-02	-9.417158e-03
581           	-3.326356e-03	9.436916e-01	-2.205944e-02	-1.435607e-02	-7.703362e-03
582           	-3.349773e-03	9.476560e-01	-2.000405e-02	-1.335180e-02	-6.652252e-03
583           	-3.360142e-03	9.497228e-01	-1.933995e-02	-1.303012e-02	-6.309832e-03
584           	-3.343967e-03	9.473306e-01	-1.955294e-02	-1.312043e-02	-6.432502e-03
585           	-3.308397e-03	9.406278e-01	-1.941097e-02	-1.301388e-02	-6.397088e-03
586           	-3.275635e-03	9.324616e-01	-1.879047e-02	-1.267087e-02	-6.119598e-03
587           	-3.264587e-03	9.254693e-01	-1.808309e-02	-1.230613e-02	-5.776956e-03
588           	-3.286917e-03	9.207349e-01	-1.742035e-02	-1.199709e-02	-5.423256e-03
589           	-3.331182e-03	9.186266e-01	-1.716057e-02	-1.191147e-02	-5.249105e-03
590           	-3.389842e-03	9.194166e-01	-1.858580e-02	-1.268274e-02	-5.903056e-03
591           	-3.458654e-03	9.230840e-01	-2.275857e-02	-1.483794e-02	-7.920634e-03
592           	-3.533038e-03	9.301535e-01	-2.987658e-02	-1.847133e-02	-1.140525e-02
593           	-3.598283e-03	9.399893e-01	-3.784122e-02	-2.251889e-02	-1.532233e-02
594           	-3.630191e-03	9.488696e-01	-4.527806e-02	-2.626922e-02	-1.900884e-02
595           	-3.633015e-03	9.559027e-01	-5.074280e-02	-2.900441e-02	-2.173838e-02
596           	-3.617747e-03	9.603617e-01	-5.384965e-02	-3.054257e-02	-2.330708e-02
597           	-3.602311e-03	9.628857e-01	-5.333405e-02	-3.026934e-02	-2.306471e-02
598           	-3.593357e-03	9.632449e-01	-4.730583e-02	-2.724627e-02	-2.005956e-02
599           	-3.592788e-03	9.613852e-01	-3.538774e-02	-2.128666e-02	-1.410108e-02
600           	-3.600904e-03	9.581391e-01	-1.784586e-02	-1.252383e-02	-5.322025e-03
601           	-3.613378e-03	9.561568e-01	3.055066e-03	-2.085845e-03	5.140911e-03
602           	-3.611714e-03	9.553018e-01	2.474988e-02	8.763227e-03	1.598666e-02
603           	-3.600301e-03	9.561664e-01	4.572411e-02	1.926175e-02	2.646235e-02
604           	-3.584919e-03	9.581320e-01	6.444933e-02	2.863975e-02	3.580958e-02
605           	-3.561068e-03	9.601512e-01	7.977521e-02	3.632654e-02	4.344867e-02
606           	-3.527123e-03	9.621541e-01	9.116470e-02	4.205522e-02	4.910947e-02
607           	-3.487093e-03	9.641590e-01	9.673615e-02	4.488098e-02	5.185517e-02
608           	-3.441197e-03	9.647900e-01	9.448080e-02	4.379920e-02	5.068160e-02
609           	-3.394244e-03	9.636061e-01	8.256611e-02	3.788881e-02	4.467730e-02
610           	-3.347896e-03	9.601457e-01	6.273704e-02	2.802063e-02	3.471642e-02
611           	-3.321743e-03	9.583195e-01	3.885063e-02	1.610357e-02	2.274706e-02
612           	-3.313977e-03	9.575988e-01	1.740598e-02	5.389013e-03	1.201697e-02
613           	-3.310159e-03	9.571989e-01	2.995458e-03	-1.812430e-03	4.807887e-03
614           	-3.294865e-03	9.560611e-01	-3.156120e-03	-4.872925e-03	1.716804e-03
615           	-3.258669e-03	9.520236e-01	-2.184467e-04	-3.367893e-03	3.149446e-03
616           	-3.223349e-03	9.454733e-01	9.805838e-03	1.679570e-03	8.126268e-03
617           	-3.207715e-03	9.384521e-01	2.191822e-02	7.751397e-03	1.416683e-02
618           	-3.214982e-03	9.324424e-01	3.225329e-02	1.291166e-02	1.934163e-02
619           	-3.254077e-03	9.278721e-01	3.907624e-02	1.628404e-02	2.279220e-02
620           	-3.313791e-03	9.252833e-01	4.071255e-02	1.704249e-02	2.367007e-02
621           	-3.368514e-03	9.244586e-01	3.804901e-02	1.565599e-02	2.239302e-02
622           	-3.403890e-03	9.257296e-01	3.431257e-02	1.375240e-02	2.056018e-02
623           	-3.416324e-03	9.292673e-01	3.123370e-02	1.220053e-02	1.903318e-02
624           	-3.412212e-03	9.346562e-01	3.106008e-02	1.211783e-02	1.894225e-02
625           	-3.418438e-03	9.416736e-01	3.370463e-02	1.343388e-02	2.027075e-02
626           	-3.444793e-03	9.483023e-01	3.891755e-02	1.601398e-02	2.290357e-02
627           	-3.484770e-03	9.524710e-01	4.641156e-02	1.972101e-02	2.669055e-02
628           	-3.529302e-03	9.535192e-01	5.328035e-02	2.311087e-02	3.016947e-02
629           	-3.568675e-03	9.529156e-01	5.707776e-02	2.497021e-02	3.210756e-02
630           	-3.599918e-03	9.523246e-01	5.738625e-02	2.509321e-02	3.229304e-02
631           	-3.619209e-03	9.518162e-01	5.493903e-02	2.385030e-02	3.108872e-02
632           	-3.627173e-03	9.518654e-01	5.031223e-02	2.152894e-02	2.878329e-02
633           	-3.627945e-03	9.527377e-01	4.409139e-02	1.841775e-02	2.567364e-02
634           	-3.626615e-03	9.544638e-01	3.719897e-02	1.497287e-02	2.222610e-02
635           	-3.624016e-03	9.571228e-01	3.058962e-02	1.167079e-02	1.891883e-02
636           	-3.616425e-03	9.602548e-01	2.488164e-02	8.824393e-03	1.605724e-02
637           	-3.602477e-03	9.629020e-01	2.044696e-02	6.621001e-03	1.382596e-02
638           	-3.582033e-03	9.641028e-01	1.738290e-02	5.109419e-03	1.227348e-02
639           	-3.553485e-03	9.632707e-01	1.571174e-02	4.302385e-03	1.140935e-02
640           	-3.516122e-03	9.610263e-01	1.505225e-02	4.010003e-03	1.104225e-02
641           	-3.475997e-03	9.585304e-01	1.487738e-02	3.962695e-03	1.091469e-02
642           	-3.436169e-03	9.554129e-01	1.538704e-02	4.257350e-03	1.112969e-02
643           	-3.385386e-03	9.501696e-01	1.729175e-02	5.260490e-03	1.203126e-02
644           	-3.331138e-03	9.431652e-01	2.084680e-02	7.092263e-03	1.375454e-02
645           	-3.291911e-03	9.370325e-01	2.529980e-02	9.357988e-03	1.594181e-02
646           	-3.282369e-03	9.333927e-01	2.871763e-02	1.107645e-02	1.764118e-02
647           	-3.302781e-03	9.318192e-01	2.989048e-02	1.164246e-02	1.824802e-02
648           	-3.343272e-03	9.325356e-01	2.890090e-02	1.110718e-02	1.779372e-02
649           	-3.391129e-03	9.341006e-01	2.624821e-02	9.732975e-03	1.651523e-02
650           	-3.434995e-03	9.362543e-01	2.272809e-02	7.929050e-03	1.479904e-02
651           	-3.474597e-03	9.394888e-01	1.867785e-02	5.864330e-03	1.281352e-02
652           	-3.517559e-03	9.444790e-01	1.435165e-02	3.658267e-03	1.069339e-02
653           	-3.559880e-03	9.513148e-01	9.143537e-03	1.011888e-03	8.131649e-03
654           	-3.584803e-03	9.591297e-01	2.615398e-03	-2.277104e-03	4.892502e-03
655           	-3.588609e-03	9.668070e-01	-4.231547e-03	-5.704383e-03	1.472835e-03
656           	-3.586659e-03	9.741878e-01	-9.551439e-03	-8.362378e-03	-1.189061e-03
657           	-3.573325e-03	9.790581e-01	-1.049322e-02	-8.819936e-03	-1.673286e-03
658           	-3.555312e-03	9.800794e-01	-6.461425e-03	-6.786024e-03	3.245996e-04
659           	-3.535385e-03	9.767721e-01	3.944468e-03	-1.563151e-03	5.507619e-03
660           	-3.531000e-03	9.699678e-01	1.851935e-02	5.728673e-03	1.279067e-02
661           	-3.545390e-03	9.621860e-01	3.348864e-02	1.319893e-02	2.028971e-02
662           	-3.577505e-03	9.568786e-01	4.475759e-02	1.880129e-02	2.595630e-02
663           	-3.620061e-03	9.552040e-01	5.047352e-02	2.161670e-02	2.885682e-02
664           	-3.656876e-03	9.552030e-01	5.126748e-02	2.197686e-02	2.929061e-02
665           	-3.678356e-03	9.554107e-01	4.886789e-02	2.075559e-02	2.811230e-02
666           	-3.687666e-03	9.556669e-01	4.572461e-02	1.917464e-02	2.654997e-02
667           	-3.685583e-03	9.559375e-01	4.353054e-02	1.807969e-02	2.545085e-02
668           	-3.667299e-03	9.562159e-01	4.325838e-02	1.796189e-02	2.529649e-02
669           	-3.627974e-03	9.571150e-01	4.506897e-02	1.890651e-02	2.616246e-02
670           	-3.563070e-03	9.589540e-01	5.018629e-02	2.153007e-02	2.865621e-02
671           	-3.476844e-03	9.604513e-01	5.717469e-02	2.511050e-02	3.206419e-02
672           	-3.381375e-03	9.600629e-01	6.417304e-02	2.870514e-02	3.546790e-02
673           	-3.285858e-03	9.562001e-01	7.045140e-02	3.193984e-02	3.851156e-02
674           	-3.209518e-03	9.495324e-01	7.539119e-02	3.448608e-02	4.090511e-02
675           	-3.173950e-03	9.420485e-01	7.768337e-02	3.566774e-02	4.201564e-02
676           	-3.182042e-03	9.353252e-01	7.608188e-02	3.485890e-02	4.122298e-02
677           	-3.215933e-03	9.294936e-01	7.030555e-02	3.193684e-02	3.836871e-02
678           	-3.281841e-03	9.246301e-01	5.912903e-02	2.628267e-02	3.284636e-02
679           	-3.342475e-03	9.209245e-01	4.562880e-02	1.947193e-02	2.615688e-02
680           	-3.396282e-03	9.183202e-01	3.032040e-02	1.176392e-02	1.855648e-02
681           	-3.435154e-03	9.170094e-01	1.536355e-02	4.246620e-03	1.111693e-02
682           	-3.455973e-03	9.172240e-01	3.262976e-03	-1.824485e-03	5.087461e-03
683           	-3.460573e-03	9.186282e-01	-4.413619e-03	-5.667382e-03	1.253764e-03
684           	-3.450013e-03	9.211205e-01	-6.775941e-03	-6.837983e-03	6.204177e-05
685           	-3.426482e-03	9.240140e-01	-3.077112e-03	-4.965038e-03	1.887926e-03
686           	-3.404119e-03	9.276756e-01	5.683336e-03	-5.624509e-04	6.245787e-03
687           	-3.401304e-03	9.324511e-01	1.747242e-02	5.334907e-03	1.213751e-02
688           	-3.427967e-03	9.382393e-01	3.058752e-02	1.186580e-02	1.872173e-02
689           	-3.468691e-03	9.419531e-01	4.322492e-02	1.814377e-02	2.508115e-02
690           	-3.520970e-03	9.447138e-01	5.382548e-02	2.339177e-02	3.043371e-02
691           	-3.587659e-03	9.490689e-01	6.106390e-02	2.694429e-02	3.411961e-02
692           	-3.642067e-03	9.519785e-01	6.394116e-02	2.832851e-02	3.561265e-02
693           	-3.683326e-03	9.539294e-01	6.233093e-02	2.748214e-02	3.484879e-02
694           	-3.700002e-03	9.543926e-01	5.756936e-02	2.508468e-02	3.248468e-02
695           	-3.682810e-03	9.525130e-01	5.109844e-02	2.186641e-02	2.923203e-02
696           	-3.641352e-03	9.487405e-01	4.503644e-02	1.887687e-02	2.615957e-02
697           	-3.594763e-03	9.450107e-01	4.001537e-02	1.641292e-02	2.360245e-02
698           	-3.555194e-03	9.426907e-01	3.638665e-02	1.463813e-02	2.174852e-02
699           	-3.527698e-03	9.423163e-01	3.405864e-02	1.350162e-02	2.055702e-02
700           	-3.512573e-03	9.439878e-01	3.337260e-02	1.317373e-02	2.019887e-02
701           	-3.503054e-03	9.464457e-01	3.437702e-02	1.368545e-02	2.069156e-02
702           	-3.485993e-03	9.484401e-01	3.611046e-02	1.456924e-02	2.154123e-02
703           	-3.463668e-03	9.508328e-01	3.729592e-02	1.518429e-02	2.211163e-02
704           	-3.447106e-03	9.540053e-01	3.682757e-02	1.496668e-02	2.186089e-02
705           	-3.435732e-03	9.570398e-01	3.440007e-02	1.376430e-02	2.063577e-02
706           	-3.415891e-03	9.572244e-01	3.036450e-02	1.176636e-02	1.859814e-02
707           	-3.389593e-03	9.545736e-01	2.525785e-02	9.239332e-03	1.601852e-02
708           	-3.362738e-03	9.509120e-01	1.983364e-02	6.554081e-03	1.327956e-02
709           	-3.341766e-03	9.480263e-01	1.530815e-02	4.312311e-03	1.099584e-02
710           	-3.328348e-03	9.467626e-01	1.271236e-02	3.027833e-03	9.684530e-03
711           	-3.316416e-03	9.461557e-01	1.251500e-02	2.941083e-03	9.573916e-03
712           	-3.304838e-03	9.452690e-01	1.475458e-02	4.072452e-03	1.068213e-02
713           	-3.294345e-03	9.431386e-01	1.945330e-02	6.432303e-03	1.302099e-02
714           	-3.295101e-03	9.404565e-01	2.566250e-02	9.536149e-03	1.612635e-02
715           	-3.311782e-03	9.386104e-01	3.175993e-02	1.256819e-02	1.919175e-02
716           	-3.341035e-03	9.383436e-01	3.622733e-02	1.477263e-02	2.145470e-02
717           	-3.372705e-03	9.392213e-01	3.871515e-02	1.598487e-02	2.273028e-02
718           	-3.400941e-03	9.410137e-01	3.901290e-02	1.610551e-02	2.290739e-02
719           	-3.422002e-03	9.425526e-01	3.648743e-02	1.482172e-02	2.166572e-02
720           	-3.442903e-03	9.438254e-01	3.203510e-02	1.257465e-02	1.946045e-02
721           	-3.473507e-03	9.458504e-01	2.692790e-02	9.990445e-03	1.693746e-02
722           	-3.506752e-03	9.476942e-01	2.276044e-02	7.873470e-03	1.488697e-02
723           	-3.533182e-03	9.487674e-01	2.113966e-02	7.036648e-03	1.410301e-02
724           	-3.551315e-03	9.492158e-01	2.361950e-02	8.258434e-03	1.536106e-02
725           	-3.559213e-03	9.489488e-01	3.022652e-02	1.155405e-02	1.867247e-02
726           	-3.557612e-03	9.476626e-01	3.916609e-02	1.602543e-02	2.314066e-02
727           	-3.547656e-03	9.459326e-01	4.896682e-02	2.093576e-02	2.803107e-02
728           	-3.529129e-03	9.441818e-01	5.837223e-02	2.565699e-02	3.271525e-02
729           	-3.506217e-03	9.431752e-01	6.593000e-02	2.945879e-02	3.647122e-02
730           	-3.480797e-03	9.434825e-01	7.005309e-02	3.154575e-02	3.850734e-02
731           	-3.460941e-03	9.451850e-01	7.016169e-02	3.161990e-02	3.854178e-02
732           	-3.450244e-03	9.480831e-01	6.746309e-02	3.028130e-02	3.718179e-02
733           	-3.438654e-03	9.507985e-01	6.356926e-02	2.834598e-02	3.522329e-02
734           	-3.421470e-03	9.519096e-01	5.914011e-02	2.614858e-02	3.299152e-02
735           	-3.406665e-03	9.518252e-01	5.385332e-02	2.351999e-02	3.033332e-02
736           	-3.394389e-03	9.508498e-01	4.657209e-02	1.989165e-02	2.668043e-02
737           	-3.383667e-03	9.494406e-01	3.694184e-02	1.508725e-02	2.185459e-02
738           	-3.377740e-03	9.487542e-01	2.417637e-02	8.710444e-03	1.546592e-02
739           	-3.389195e-03	9.502763e-01	9.788851e-03	1.505231e-03	8.283620e-03
740           	-3.412716e-03	9.535833e-01	-3.752161e-03	-5.288797e-03	1.536636e-03
741           	-3.421237e-03	9.556049e-01	-1.316928e-02	-1.000588e-02	-3.163405e-03
742           	-3.416734e-03	9.562673e-01	-2.011146e-02	-1.347246e-02	-6.638997e-03
743           	-3.404123e-03	9.559517e-01	-2.437673e-02	-1.559249e-02	-8.784240e-03
744           	-3.402274e-03	9.552939e-01	-2.639099e-02	-1.659777e-02	-9.793221e-03
745           	-3.413255e-03	9.550761e-01	-2.508868e-02	-1.595760e-02	-9.131085e-03
746           	-3.452612e-03	9.579601e-01	-1.983999e-02	-1.337260e-02	-6.467381e-03
747           	-3.516301e-03	9.644381e-01	-1.105009e-02	-9.041345e-03	-2.008743e-03
748           	-3.576491e-03	9.713779e-01	9.151858e-04	-3.118898e-03	4.034084e-03
749           	-3.610564e-03	9.749109e-01	1.541691e-02	4.097890e-03	1.131902e-02
750           	-3.614444e-03	9.733636e-01	3.297032e-02	1.287072e-02	2.009961e-02
751           	-3.607651e-03	9.685172e-01	5.154199e-02	2.216334e-02	2.937865e-02
752           	-3.613811e-03	9.637313e-01	6.802499e-02	3.039869e-02	3.762631e-02
753           	-3.632239e-03	9.596146e-01	8.168367e-02	3.720960e-02	4.447407e-02
754           	-3.658157e-03	9.571181e-01	9.236307e-02	4.252338e-02	4.983969e-02
755           	-3.695747e-03	9.578642e-01	1.004581e-01	4.653328e-02	5.392477e-02
756           	-3.746975e-03	9.621147e-01	1.052854e-01	4.889571e-02	5.638967e-02
757           	-3.802284e-03	9.686423e-01	1.058154e-01	4.910544e-02	5.671001e-02
758           	-3.833800e-03	9.743220e-01	1.022128e-01	4.727259e-02	5.494019e-02
759           	-3.830551e-03	9.776251e-01	9.509118e-02	4.371504e-02	5.137614e-02
760           	-3.790781e-03	9.777977e-01	8.582658e-02	3.912251e-02	4.670407e-02
761           	-3.722284e-03	9.754755e-01	7.451505e-02	3.353524e-02	4.097981e-02
762           	-3.637091e-03	9.719200e-01	6.141920e-02	2.707251e-02	3.434669e-02
763           	-3.545223e-03	9.682254e-01	4.657867e-02	1.974411e-02	2.683456e-02
764           	-3.450364e-03	9.644663e-01	2.986080e-02	1.148004e-02	1.838076e-02
765           	-3.372251e-03	9.597461e-01	1.488993e-02	4.072714e-03	1.081722e-02
766           	-3.316135e-03	9.548985e-01	3.993576e-03	-1.319347e-03	5.312922e-03
767           	-3.274997e-03	9.510983e-01	-2.449149e-03	-4.499572e-03	2.050422e-03
768           	-3.243867e-03	9.480444e-01	-4.398532e-03	-5.443133e-03	1.044600e-03
769           	-3.226092e-03	9.451456e-01	-3.097330e-03	-4.774757e-03	1.677427e-03
770           	-3.225454e-03	9.420910e-01	9.685026e-04	-2.741202e-03	3.709705e-03
771           	-3.242830e-03	9.392937e-01	7.417737e-03	4.660389e-04	6.951698e-03
772           	-3.273902e-03	9.376251e-01	1.582211e-02	4.637152e-03	1.118496e-02
773           	-3.307136e-03	9.370273e-01	2.393370e-02	8.659716e-03	1.527399e-02
774           	-3.339888e-03	9.374478e-01	3.032112e-02	1.182067e-02	1.850045e-02
775           	-3.369795e-03	9.387509e-01	3.475631e-02	1.400836e-02	2.074795e-02
776           	-3.401991e-03	9.408298e-01	3.714493e-02	1.517047e-02	2.197446e-02
777           	-3.440485e-03	9.440941e-01	3.713607e-02	1.512755e-02	2.200852e-02
778           	-3.482668e-03	9.482315e-01	3.458085e-02	1.380776e-02	2.077309e-02
779           	-3.524514e-03	9.531766e-01	2.976744e-02	1.135920e-02	1.840823e-02
780           	-3.544481e-03	9.554594e-01	2.457728e-02	8.744160e-03	1.583312e-02
781           	-3.543471e-03	9.550670e-01	1.996165e-02	6.437355e-03	1.352430e-02
782           	-3.542676e-03	9.551384e-01	1.636660e-02	4.640622e-03	1.172597e-02
783           	-3.540482e-03	9.542223e-01	1.639883e-02	4.658932e-03	1.173990e-02
784           	-3.537609e-03	9.537801e-01	2.144048e-02	7.182632e-03	1.425785e-02
785           	-3.548539e-03	9.559566e-01	3.056659e-02	1.173476e-02	1.883183e-02
786           	-3.569341e-03	9.595461e-01	4.191272e-02	1.738702e-02	2.452570e-02
787           	-3.597129e-03	9.629297e-01	5.430153e-02	2.355363e-02	3.074789e-02
788           	-3.614763e-03	9.628068e-01	6.620623e-02	2.948835e-02	3.671788e-02
789           	-3.604731e-03	9.576117e-01	7.718404e-02	3.498729e-02	4.219675e-02
790           	-3.562577e-03	9.481251e-01	8.690069e-02	3.988777e-02	4.701292e-02
791           	-3.504462e-03	9.379602e-01	9.431889e-02	4.365498e-02	5.066391e-02
792           	-3.449901e-03	9.300844e-01	9.874779e-02	4.592400e-02	5.282380e-02
793           	-3.393844e-03	9.251710e-01	9.908862e-02	4.615047e-02	5.293815e-02
794           	-3.333476e-03	9.235217e-01	9.563972e-02	4.448639e-02	5.115334e-02
795           	-3.284804e-03	9.252508e-01	9.038597e-02	4.190818e-02	4.847779e-02
796           	-3.266018e-03	9.293222e-01	8.537650e-02	3.942223e-02	4.595427e-02
797           	-3.274327e-03	9.349426e-01	8.063557e-02	3.704346e-02	4.359211e-02
798           	-3.305306e-03	9.412558e-01	7.539237e-02	3.439088e-02	4.100149e-02
799           	-3.340050e-03	9.460313e-01	6.866262e-02	3.099126e-02	3.767136e-02
800           	-3.368715e-03	9.482598e-01	5.887023e-02	2.606640e-02	3.280383e-02
801           	-3.394580e-03	9.490272e-01	4.437148e-02	1.879116e-02	2.558032e-02
802           	-3.421344e-03	9.498505e-01	2.659534e-02	9.876326e-03	1.671901e-02
803           	-3.450252e-03	9.521168e-01	9.686809e-03	1.393152e-03	8.293657e-03
804           	-3.479991e-03	9.567963e-01	-3.635056e-03	-5.297519e-03	1.662463e-03
805           	-3.500215e-03	9.618068e-01	-1.056606e-02	-8.783245e-03	-1.782815e-03
806           	-3.513536e-03	9.669654e-01	-1.073621e-02	-8.881639e-03	-1.854568e-03
807           	-3.513296e-03	9.699495e-01	-3.499354e-03	-5.262973e-03	1.763619e-03
808           	-3.508416e-03	9.703729e-01	9.950262e-03	1.466715e-03	8.483547e-03
809           	-3.489406e-03	9.664820e-01	2.699279e-02	1.000699e-02	1.698580e-02
810           	-3.470782e-03	9.603361e-01	4.513348e-02	1.909596e-02	2.603752e-02
811           	-3.474274e-03	9.571314e-01	6.139004e-02	2.722075e-02	3.416929e-02
812           	-3.495168e-03	9.590661e-01	7.137871e-02	3.219419e-02	3.918452e-02
813           	-3.511543e-03	9.614330e-01	7.272621e-02	3.285156e-02	3.987465e-02
814           	-3.502261e-03	9.596862e-01	6.397570e-02	2.848559e-02	3.549011e-02
815           	-3.466166e-03	9.538144e-01	4.538779e-02	1.922773e-02	2.616006e-02
816           	-3.420635e-03	9.480410e-01	1.977622e-02	6.467477e-03	1.330875e-02
817           	-3.387511e-03	9.436040e-01	-5.759867e-03	-6.267445e-03	5.075775e-04
818           	-3.356894e-03	9.398823e-01	-2.562433e-02	-1.616906e-02	-9.455272e-03
819           	-3.330138e-03	9.365206e-01	-3.793873e-02	-2.229950e-02	-1.563923e-02
820           	-3.298896e-03	9.321874e-01	-4.492903e-02	-2.576341e-02	-1.916562e-02
821           	-3.271203e-03	9.273368e-01	-4.815022e-02	-2.734631e-02	-2.080391e-02
822           	-3.259290e-03	9.236492e-01	-4.801286e-02	-2.726572e-02	-2.074714e-02
823           	-3.256498e-03	9.209334e-01	-4.525188e-02	-2.588244e-02	-1.936944e-02
824           	-3.254216e-03	9.188384e-01	-3.979374e-02	-2.315109e-02	-1.664266e-02
825           	-3.251560e-03	9.178741e-01	-3.212329e-02	-1.931321e-02	-1.281009e-02
826           	-3.243753e-03	9.176505e-01	-2.294668e-02	-1.471709e-02	-8.229586e-03
827           	-3.232277e-03	9.195756e-01	-1.409096e-02	-1.027776e-02	-3.813204e-03
828           	-3.234463e-03	9.239733e-01	-7.009755e-03	-6.739341e-03	-2.704149e-04
829           	-3.261563e-03	9.296515e-01	-2.761148e-03	-4.642137e-03	1.880989e-03
830           	-3.309371e-03	9.345151e-01	-2.065628e-03	-4.342185e-03	2.276557e-03
831           	-3.362165e-03	9.372173e-01	-5.133928e-03	-5.929129e-03	7.952006e-04
832           	-3.403767e-03	9.374135e-01	-1.150824e-02	-9.157886e-03	-2.350351e-03
833           	-3.424778e-03	9.350886e-01	-2.066205e-02	-1.375580e-02	-6.906245e-03
834           	-3.430173e-03	9.311148e-01	-3.194451e-02	-1.940243e-02	-1.254208e-02
835           	-3.435839e-03	9.271606e-01	-4.440165e-02	-2.563667e-02	-1.876499e-02
836           	-3.453309e-03	9.251795e-01	-5.594584e-02	-3.142623e-02	-2.451961e-02
837           	-3.476671e-03	9.254644e-01	-6.539320e-02	-3.617327e-02	-2.921993e-02
838           	-3.500932e-03	9.276585e-01	-7.300571e-02	-4.000379e-02	-3.300192e-02
839           	-3.516815e-03	9.312200e-01	-7.798417e-02	-4.250890e-02	-3.547527e-02
840           	-3.513927e-03	9.351799e-01	-7.868516e-02	-4.285651e-02	-3.582865e-02
841           	-3.488686e-03	9.392730e-01	-7.417225e-02	-4.057481e-02	-3.359744e-02
842           	-3.452206e-03	9.439007e-01	-6.351166e-02	-3.520804e-02	-2.830362e-02
843           	-3.419935e-03	9.489843e-01	-4.690816e-02	-2.687402e-02	-2.003415e-02
844           	-3.404145e-03	9.535145e-01	-2.477488e-02	-1.579159e-02	-8.983295e-03
845           	-3.413627e-03	9.565704e-01	-9.519166e-04	-3.889585e-03	2.937669e-03
846           	-3.439174e-03	9.578007e-01	2.079262e-02	6.957137e-03	1.383548e-02
847           	-3.473411e-03	9.580125e-01	4.074189e-02	1.689753e-02	2.384435e-02
848           	-3.514785e-03	9.579220e-01	5.934021e-02	2.615532e-02	3.318489e-02
849           	-3.560359e-03	9.575139e-01	7.583717e-02	3.435823e-02	4.147895e-02
850           	-3.609001e-03	9.572351e-01	8.811331e-02	4.044765e-02	4.766566e-02
851           	-3.662344e-03	9.574499e-01	9.421734e-02	4.344633e-02	5.077101e-02
852           	-3.727019e-03	9.590558e-01	9.163271e-02	4.208933e-02	4.954337e-02
853           	-3.780474e-03	9.616335e-01	7.799875e-02	3.521890e-02	4.277985e-02
854           	-3.792967e-03	9.638259e-01	5.546291e-02	2.393849e-02	3.152442e-02
855           	-3.743117e-03	9.629604e-01	3.307746e-02	1.279561e-02	2.028185e-02
856           	-3.646088e-03	9.605789e-01	1.533467e-02	4.021250e-03	1.131343e-02
857           	-3.529739e-03	9.588980e-01	4.030771e-03	-1.514354e-03	5.545125e-03
858           	-3.406566e-03	9.567202e-01	1.237175e-03	-2.787979e-03	4.025154e-03
859           	-3.310861e-03	9.548249e-01	5.887249e-03	-3.672371e-04	6.254486e-03
860           	-3.241405e-03	9.528293e-01	1.645801e-02	4.987601e-03	1.147041e-02
861           	-3.210470e-03	9.501258e-01	3.107742e-02	1.232824e-02	1.874918e-02
862           	-3.234870e-03	9.476621e-01	4.561148e-02	1.957087e-02	2.604061e-02
863           	-3.304984e-03	9.462802e-01	5.690316e-02	2.514660e-02	3.175656e-02
864           	-3.387868e-03	9.453268e-01	6.439683e-02	2.881055e-02	3.558628e-02
865           	-3.452830e-03	9.445457e-01	6.826368e-02	3.067901e-02	3.758467e-02
866           	-3.498795e-03	9.440005e-01	6.896738e-02	3.098489e-02	3.798248e-02
867           	-3.529632e-03	9.435987e-01	6.728679e-02	3.011376e-02	3.717303e-02
868           	-3.548520e-03	9.436883e-01	6.321541e-02	2.805919e-02	3.515623e-02
869           	-3.557248e-03	9.444123e-01	5.687975e-02	2.488263e-02	3.199712e-02
870           	-3.555870e-03	9.457463e-01	4.877513e-02	2.083169e-02	2.794343e-02
871           	-3.538641e-03	9.481195e-01	3.927891e-02	1.610081e-02	2.317810e-02
872           	-3.502125e-03	9.499386e-01	3.108258e-02	1.203917e-02	1.904342e-02
873           	-3.448634e-03	9.496350e-01	2.590029e-02	9.501509e-03	1.639878e-02
874           	-3.385104e-03	9.463669e-01	2.475545e-02	8.992620e-03	1.576283e-02
875           	-3.329624e-03	9.407792e-01	2.744485e-02	1.039280e-02	1.705205e-02
876           	-3.301021e-03	9.349358e-01	3.183224e-02	1.261510e-02	1.921714e-02
877           	-3.295669e-03	9.299840e-01	3.561747e-02	1.451306e-02	2.110440e-02
878           	-3.317849e-03	9.280314e-01	3.697214e-02	1.516822e-02	2.180392e-02
879           	-3.359064e-03	9.289872e-01	3.573238e-02	1.450712e-02	2.122525e-02
880           	-3.411162e-03	9.321359e-01	3.280741e-02	1.299254e-02	1.981487e-02
881           	-3.469125e-03	9.363031e-01	2.835271e-02	1.070723e-02	1.764548e-02
882           	-3.518270e-03	9.402137e-01	2.330695e-02	8.135206e-03	1.517175e-02
883           	-3.567580e-03	9.446787e-01	1.757833e-02	5.221585e-03	1.235674e-02
884           	-3.606055e-03	9.491767e-01	1.242985e-02	2.608869e-03	9.820979e-03
885           	-3.633238e-03	9.528872e-01	7.694138e-03	2.138311e-04	7.480307e-03
886           	-3.650534e-03	9.556099e-01	3.732276e-03	-1.784397e-03	5.516672e-03
887           	-3.657793e-03	9.568946e-01	1.802717e-03	-2.756435e-03	4.559152e-03
888           	-3.658194e-03	9.570787e-01	3.819697e-03	-1.748346e-03	5.568042e-03
889           	-3.652920e-03	9.560485e-01	1.069864e-02	1.696398e-03	9.002238e-03
890           	-3.648031e-03	9.548850e-01	2.235650e-02	7.530220e-03	1.482628e-02
891           	-3.637134e-03	9.528332e-01	3.548920e-02	1.410747e-02	2.138173e-02
892           	-3.624929e-03	9.506023e-01	4.909277e-02	2.092146e-02	2.817131e-02
893           	-3.624695e-03	9.494164e-01	6.325303e-02	2.800182e-02	3.525121e-02
894           	-3.625068e-03	9.475520e-01	7.491042e-02	3.383014e-02	4.108028e-02
895           	-3.607452e-03	9.428782e-01	8.050710e-02	3.664610e-02	4.386100e-02
896           	-3.575036e-03	9.362782e-01	7.746050e-02	3.515521e-02	4.230528e-02
897           	-3.542654e-03	9.305344e-01	6.433621e-02	2.862545e-02	3.571076e-02
898           	-3.518786e-03	9.276710e-01	4.341631e-02	1.818937e-02	2.522694e-02
899           	-3.495142e-03	9.265380e-01	2.307959e-02	8.044653e-03	1.503494e-02
900           	-3.470539e-03	9.261446e-01	7.352174e-03	2.055483e-04	7.146625e-03
901           	-3.445587e-03	9.265773e-01	-3.008108e-03	-4.949641e-03	1.941533e-03
902           	-3.415995e-03	9.276048e-01	-7.478426e-03	-7.155208e-03	-3.232183e-04
903           	-3.389904e-03	9.303742e-01	-6.047879e-03	-6.413844e-03	3.659643e-04
904           	-3.373422e-03	9.354211e-01	1.346656e-03	-2.700094e-03	4.046750e-03
905           	-3.366468e-03	9.412032e-01	1.403345e-02	3.650255e-03	1.038319e-02
906           	-3.360140e-03	9.457012e-01	2.881515e-02	1.104744e-02	1.776772e-02
907           	-3.348304e-03	9.477161e-01	4.267414e-02	1.798876e-02	2.468537e-02
908           	-3.338677e-03	9.476979e-01	5.341379e-02	2.336822e-02	3.004557e-02
909           	-3.337183e-03	9.466495e-01	6.012363e-02	2.672463e-02	3.339900e-02
910           	-3.353297e-03	9.459911e-01	6.257820e-02	2.793580e-02	3.464240e-02
911           	-3.390219e-03	9.467926e-01	6.068806e-02	2.695381e-02	3.373425e-02
912           	-3.443186e-03	9.492297e-01	5.433746e-02	2.372555e-02	3.061192e-02
913           	-3.489408e-03	9.515683e-01	4.462919e-02	1.882519e-02	2.580400e-02
914           	-3.525498e-03	9.537214e-01	3.235720e-02	1.265310e-02	1.970410e-02
915           	-3.542309e-03	9.546945e-01	2.110965e-02	7.012514e-03	1.409713e-02
916           	-3.564420e-03	9.567440e-01	1.058046e-02	1.725809e-03	8.854650e-03
917           	-3.582713e-03	9.581510e-01	3.151993e-03	-2.006717e-03	5.158710e-03
918           	-3.593257e-03	9.581222e-01	-6.155790e-05	-3.624036e-03	3.562478e-03
919           	-3.594200e-03	9.563654e-01	1.577540e-03	-2.805430e-03	4.382970e-03
920           	-3.582712e-03	9.530969e-01	6.967134e-03	-9.914501e-05	7.066279e-03
921           	-3.567287e-03	9.500444e-01	1.429285e-02	3.579140e-03	1.071371e-02
922           	-3.555734e-03	9.475738e-01	2.184051e-02	7.364523e-03	1.447599e-02
923           	-3.545635e-03	9.450335e-01	2.855314e-02	1.073094e-02	1.782221e-02
924           	-3.538568e-03	9.424764e-01	3.411611e-02	1.351948e-02	2.059662e-02
925           	-3.525926e-03	9.389723e-01	3.844859e-02	1.569837e-02	2.275022e-02
926           	-3.514136e-03	9.353230e-01	3.993049e-02	1.645111e-02	2.347938e-02
927           	-3.491176e-03	9.308635e-01	3.732099e-02	1.516932e-02	2.215167e-02
928           	-3.464667e-03	9.265823e-01	3.002988e-02	1.155028e-02	1.847961e-02
929           	-3.448333e-03	9.234015e-01	1.901207e-02	6.057703e-03	1.295437e-02
930           	-3.437743e-03	9.203524e-01	6.569617e-03	-1.529340e-04	6.722551e-03
931           	-3.427282e-03	9.175900e-01	-5.496807e-03	-6.175685e-03	6.788787e-04
932           	-3.407470e-03	9.157957e-01	-1.575012e-02	-1.128253e-02	-4.467591e-03
933           	-3.368273e-03	9.150086e-01	-2.224379e-02	-1.449017e-02	-7.753624e-03
934           	-3.310183e-03	9.151336e-01	-2.436101e-02	-1.549069e-02	-8.870319e-03
935           	-3.251331e-03	9.160877e-01	-2.287455e-02	-1.468860e-02	-8.185942e-03
936           	-3.191505e-03	9.173506e-01	-1.899013e-02	-1.268657e-02	-6.303561e-03
937           	-3.150957e-03	9.190792e-01	-1.348406e-02	-9.892986e-03	-3.591072e-03
938           	-3.145635e-03	9.220045e-01	-7.171725e-03	-6.731497e-03	-4.402280e-04
939           	-3.173361e-03	9.262118e-01	-2.486861e-04	-3.297704e-03	3.049018e-03
940           	-3.218825e-03	9.304348e-01	7.020645e-03	2.914971e-04	6.729148e-03
941           	-3.268547e-03	9.336795e-01	1.357940e-02	3.521155e-03	1.005825e-02
942           	-3.312704e-03	9.350579e-01	1.843355e-02	5.904071e-03	1.252948e-02
943           	-3.344780e-03	9.341309e-01	2.132425e-02	7.317344e-03	1.400690e-02
944           	-3.375586e-03	9.320045e-01	2.227701e-02	7.762921e-03	1.451409e-02
945           	-3.407703e-03	9.301743e-01	2.146655e-02	7.325570e-03	1.414098e-02
946           	-3.448664e-03	9.295794e-01	1.899348e-02	6.048077e-03	1.294540e-02
947           	-3.498827e-03	9.304820e-01	1.510884e-02	4.055593e-03	1.105325e-02
948           	-3.563197e-03	9.332201e-01	1.024349e-02	1.558549e-03	8.684943e-03
949           	-3.619943e-03	9.358326e-01	6.363403e-03	-4.382413e-04	6.801644e-03
950           	-3.660856e-03	9.377120e-01	4.335607e-03	-1.493052e-03	5.828659e-03
951           	-3.681169e-03	9.386281e-01	4.128378e-03	-1.616980e-03	5.745358e-03
952           	-3.675313e-03	9.382117e-01	6.852506e-03	-2.490606e-04	7.101566e-03
953           	-3.657784e-03	9.376534e-01	1.308115e-02	2.882789e-03	1.019836e-02
954           	-3.641497e-03	9.379637e-01	2.363261e-02	8.174809e-03	1.545780e-02
955           	-3.643524e-03	9.410688e-01	3.769539e-02	1.520417e-02	2.249122e-02
956           	-3.669080e-03	9.468069e-01	5.244616e-02	2.255400e-02	2.989216e-02
957           	-3.708261e-03	9.546506e-01	6.518806e-02	2.888577e-02	3.630229e-02
958           	-3.735146e-03	9.602983e-01	7.419145e-02	3.336058e-02	4.083087e-02
959           	-3.751241e-03	9.657494e-01	7.916974e-02	3.583363e-02	4.333611e-02
960           	-3.748318e-03	9.702912e-01	8.071466e-02	3.660901e-02	4.410565e-02
961           	-3.721819e-03	9.721895e-01	7.948864e-02	3.602250e-02	4.346614e-02
962           	-3.670278e-03	9.709794e-01	7.581142e-02	3.423543e-02	4.157599e-02
963           	-3.604975e-03	9.676651e-01	7.011989e-02	3.145497e-02	3.866492e-02
964           	-3.542506e-03	9.642518e-01	6.237143e-02	2.764321e-02	3.472822e-02
965           	-3.489811e-03	9.614838e-01	5.333292e-02	2.317665e-02	3.015627e-02
966           	-3.445828e-03	9.593263e-01	4.454198e-02	1.882516e-02	2.571682e-02
967           	-3.410412e-03	9.573256e-01	3.756680e-02	1.537299e-02	2.219381e-02
968           	-3.386527e-03	9.559479e-01	3.136413e-02	1.229554e-02	1.906859e-02
969           	-3.369622e-03	9.550848e-01	2.501576e-02	9.138257e-03	1.587750e-02
970           	-3.360200e-03	9.550096e-01	1.703593e-02	5.157764e-03	1.187816e-02
971           	-3.362590e-03	9.567719e-01	6.658542e-03	-3.331894e-05	6.691861e-03
972           	-3.374212e-03	9.601110e-01	-4.793174e-03	-5.770799e-03	9.776246e-04
973           	-3.380335e-03	9.637169e-01	-1.542634e-02	-1.109350e-02	-4.332833e-03
974           	-3.367282e-03	9.667295e-01	-2.038375e-02	-1.355916e-02	-6.824592e-03
975           	-3.358945e-03	9.707177e-01	-1.706751e-02	-1.189270e-02	-5.174812e-03
976           	-3.377305e-03	9.760326e-01	-6.548974e-03	-6.651792e-03	1.028176e-04
977           	-3.399579e-03	9.775468e-01	7.476872e-03	3.388565e-04	7.138015e-03
978           	-3.408721e-03	9.723622e-01	2.206455e-02	7.623555e-03	1.444100e-02
979           	-3.412719e-03	9.622075e-01	3.425933e-02	1.371695e-02	2.054239e-02
980           	-3.417959e-03	9.516993e-01	4.049420e-02	1.682914e-02	2.366506e-02
981           	-3.433882e-03	9.427201e-01	4.148693e-02	1.730958e-02	2.417735e-02
982           	-3.450869e-03	9.372173e-01	3.957160e-02	1.633493e-02	2.323667e-02
983           	-3.471706e-03	9.365927e-01	3.758254e-02	1.531956e-02	2.226297e-02
984           	-3.506205e-03	9.417115e-01	3.770799e-02	1.534779e-02	2.236020e-02
985           	-3.558176e-03	9.512080e-01	4.088929e-02	1.688647e-02	2.400282e-02
986           	-3.620768e-03	9.617912e-01	4.689723e-02	1.982785e-02	2.706939e-02
987           	-3.685546e-03	9.706492e-01	5.412455e-02	2.337673e-02	3.074782e-02
988           	-3.737783e-03	9.753649e-01	6.105706e-02	2.679075e-02	3.426632e-02
989           	-3.770076e-03	9.757455e-01	6.594602e-02	2.920293e-02	3.674308e-02
990           	-3.787099e-03	9.732987e-01	6.840046e-02	3.041313e-02	3.798733e-02
991           	-3.788917e-03	9.691327e-01	6.816117e-02	3.029167e-02	3.786950e-02
992           	-3.771053e-03	9.638678e-01	6.543089e-02	2.894439e-02	3.648650e-02
993           	-3.734636e-03	9.579565e-01	6.241698e-02	2.747385e-02	3.494313e-02
994           	-3.675532e-03	9.526816e-01	5.742398e-02	2.503646e-02	3.238752e-02
995           	-3.601648e-03	9.482369e-01	5.176238e-02	2.227954e-02	2.948284e-02
996           	-3.526131e-03	9.446939e-01	4.631269e-02	1.963022e-02	2.668248e-02
997           	-3.465549e-03	9.416828e-01	4.220802e-02	1.763846e-02	2.456956e-02
998           	-3.416592e-03	9.389078e-01	3.809674e-02	1.563178e-02	2.246496e-02
999           	-3.379863e-03	9.358867e-01	3.422228e-02	1.373127e-02	2.049100e-02
1000          	-3.354699e-03	9.336430e-01	3.037534e-02	1.183297e-02	1.854237e-02
