# Force coefficients
# liftDir     : (0.000000e+00 0.000000e+00 1.000000e+00)
# dragDir     : (0.000000e+00 1.000000e+00 0.000000e+00)
# pitchAxis   : (1.000000e+00 0.000000e+00 0.000000e+00)
# magUInf     : 2.354218e-01
# lRef        : 4.000000e+00
# Aref        : 2.562000e-02
# CofR        : (0.000000e+00 0.000000e+00 0.000000e+00)
# Time        	Cm            	Cd            	Cl            	Cl(f)         	Cl(r)         
1             	-3.676453e-04	8.442707e-02	-9.195545e-03	-4.965418e-03	-4.230127e-03
2             	-2.436995e-03	6.344705e-01	-7.802208e-02	-4.144804e-02	-3.657405e-02
3             	-3.246751e-03	9.771168e-01	-8.038474e-02	-4.343912e-02	-3.694562e-02
4             	-2.942595e-03	1.041661e+00	-4.681044e-02	-2.634781e-02	-2.046262e-02
5             	-2.350832e-03	9.819443e-01	-5.159748e-03	-4.930706e-03	-2.290418e-04
6             	-1.990406e-03	9.117420e-01	1.552422e-02	5.771703e-03	9.752514e-03
7             	-1.692200e-03	8.338415e-01	3.726629e-02	1.694094e-02	2.032534e-02
8             	-1.638273e-03	7.878195e-01	4.158576e-02	1.915461e-02	2.243115e-02
9             	-1.742885e-03	7.758127e-01	3.876484e-02	1.763953e-02	2.112530e-02
10            	-1.884568e-03	7.852321e-01	3.302872e-02	1.462979e-02	1.839893e-02
11            	-2.015403e-03	8.001047e-01	2.768407e-02	1.182663e-02	1.585744e-02
12            	-2.144958e-03	8.184019e-01	2.207274e-02	8.891412e-03	1.318133e-02
13            	-2.274828e-03	8.400772e-01	1.432575e-02	4.888045e-03	9.437701e-03
14            	-2.368227e-03	8.575741e-01	3.706243e-03	-5.151053e-04	4.221348e-03
15            	-2.402463e-03	8.642560e-01	-5.539427e-03	-5.172177e-03	-3.672506e-04
16            	-2.442750e-03	8.652998e-01	-1.352710e-02	-9.206299e-03	-4.320799e-03
17            	-2.510987e-03	8.664133e-01	-2.062540e-02	-1.282369e-02	-7.801715e-03
18            	-2.601408e-03	8.685037e-01	-2.635991e-02	-1.578136e-02	-1.057854e-02
19            	-2.699989e-03	8.710026e-01	-2.976361e-02	-1.758179e-02	-1.218181e-02
20            	-2.799737e-03	8.737162e-01	-3.008892e-02	-1.784420e-02	-1.224472e-02
21            	-2.901812e-03	8.770449e-01	-2.684161e-02	-1.632262e-02	-1.051899e-02
22            	-3.011485e-03	8.821792e-01	-1.963959e-02	-1.283128e-02	-6.808311e-03
23            	-3.106721e-03	8.883146e-01	-1.013656e-02	-8.175003e-03	-1.961560e-03
24            	-3.172483e-03	8.938849e-01	-3.910715e-04	-3.368019e-03	2.976947e-03
25            	-3.202820e-03	8.975159e-01	8.126923e-03	8.606411e-04	7.266282e-03
26            	-3.208079e-03	8.992520e-01	1.512707e-02	4.355454e-03	1.077161e-02
27            	-3.200125e-03	8.996319e-01	2.074891e-02	7.174330e-03	1.357458e-02
28            	-3.188445e-03	8.994659e-01	2.504129e-02	9.332200e-03	1.570909e-02
29            	-3.181996e-03	8.994376e-01	2.807044e-02	1.085322e-02	1.721721e-02
30            	-3.179562e-03	8.992743e-01	3.034286e-02	1.199187e-02	1.835099e-02
31            	-3.177321e-03	8.982847e-01	3.228781e-02	1.296658e-02	1.932122e-02
32            	-3.172969e-03	8.961239e-01	3.430587e-02	1.397997e-02	2.032591e-02
33            	-3.169638e-03	8.933810e-01	3.608917e-02	1.487495e-02	2.121422e-02
34            	-3.168818e-03	8.907175e-01	3.725897e-02	1.546067e-02	2.179830e-02
35            	-3.172758e-03	8.888687e-01	3.773650e-02	1.569549e-02	2.204101e-02
36            	-3.183853e-03	8.884549e-01	3.767598e-02	1.565414e-02	2.202184e-02
37            	-3.202573e-03	8.896711e-01	3.767889e-02	1.563687e-02	2.204202e-02
38            	-3.228809e-03	8.921991e-01	3.848967e-02	1.601603e-02	2.247364e-02
39            	-3.262398e-03	8.954888e-01	4.092176e-02	1.719848e-02	2.372328e-02
40            	-3.298570e-03	8.981274e-01	4.510104e-02	1.925195e-02	2.584909e-02
41            	-3.329665e-03	8.988520e-01	5.089029e-02	2.211548e-02	2.877481e-02
42            	-3.353095e-03	8.974481e-01	5.743213e-02	2.536297e-02	3.206916e-02
43            	-3.369681e-03	8.944469e-01	6.402385e-02	2.864224e-02	3.538161e-02
44            	-3.384122e-03	8.909622e-01	7.024760e-02	3.173968e-02	3.850792e-02
45            	-3.403352e-03	8.884663e-01	7.598399e-02	3.458864e-02	4.139535e-02
46            	-3.427030e-03	8.872965e-01	8.150287e-02	3.732441e-02	4.417847e-02
47            	-3.453110e-03	8.873960e-01	8.740722e-02	4.025050e-02	4.715672e-02
48            	-3.481269e-03	8.889966e-01	9.469662e-02	4.386704e-02	5.082958e-02
49            	-3.507187e-03	8.921271e-01	1.025238e-01	4.775473e-02	5.476910e-02
50            	-3.523144e-03	8.954640e-01	1.091110e-01	5.103234e-02	5.807863e-02
51            	-3.526073e-03	8.978594e-01	1.137207e-01	5.333430e-02	6.038644e-02
52            	-3.515200e-03	8.986321e-01	1.162019e-01	5.458573e-02	6.161613e-02
53            	-3.497174e-03	8.981371e-01	1.167802e-01	5.489294e-02	6.188729e-02
54            	-3.482477e-03	8.974182e-01	1.159411e-01	5.448806e-02	6.145301e-02
55            	-3.475297e-03	8.972074e-01	1.146834e-01	5.386640e-02	6.081699e-02
56            	-3.476082e-03	8.977678e-01	1.139630e-01	5.350540e-02	6.045756e-02
57            	-3.481884e-03	8.987375e-01	1.142823e-01	5.365928e-02	6.062305e-02
58            	-3.491221e-03	8.999509e-01	1.152087e-01	5.411314e-02	6.109559e-02
59            	-3.505431e-03	9.017411e-01	1.155060e-01	5.424755e-02	6.125841e-02
60            	-3.517197e-03	9.034448e-01	1.141277e-01	5.354666e-02	6.058106e-02
61            	-3.521519e-03	9.047271e-01	1.107663e-01	5.186164e-02	5.890468e-02
62            	-3.520147e-03	9.061475e-01	1.055185e-01	4.923909e-02	5.627938e-02
63            	-3.511979e-03	9.078558e-01	9.887954e-02	4.592779e-02	5.295175e-02
64            	-3.497871e-03	9.100738e-01	9.116946e-02	4.208686e-02	4.908260e-02
65            	-3.482284e-03	9.127782e-01	8.319856e-02	3.811700e-02	4.508157e-02
66            	-3.473684e-03	9.169767e-01	7.428002e-02	3.366632e-02	4.061369e-02
67            	-3.480125e-03	9.228874e-01	6.510568e-02	2.907271e-02	3.603297e-02
68            	-3.500116e-03	9.297356e-01	5.704719e-02	2.502348e-02	3.202371e-02
69            	-3.522129e-03	9.358406e-01	5.112190e-02	2.203882e-02	2.908308e-02
70            	-3.536437e-03	9.398936e-01	4.767045e-02	2.029879e-02	2.737166e-02
71            	-3.534628e-03	9.404372e-01	4.648703e-02	1.970889e-02	2.677814e-02
72            	-3.515896e-03	9.372780e-01	4.799084e-02	2.047952e-02	2.751131e-02
73            	-3.492782e-03	9.322987e-01	5.217102e-02	2.259273e-02	2.957829e-02
74            	-3.476674e-03	9.275327e-01	5.850814e-02	2.577739e-02	3.273074e-02
75            	-3.467932e-03	9.234349e-01	6.632286e-02	2.969350e-02	3.662936e-02
76            	-3.461686e-03	9.199524e-01	7.433254e-02	3.370458e-02	4.062796e-02
77            	-3.454329e-03	9.174480e-01	8.106973e-02	3.708054e-02	4.398919e-02
78            	-3.443144e-03	9.156729e-01	8.654574e-02	3.982972e-02	4.671601e-02
79            	-3.420092e-03	9.134045e-01	9.062218e-02	4.189100e-02	4.873118e-02
80            	-3.378523e-03	9.095861e-01	9.178197e-02	4.251246e-02	4.926951e-02
81            	-3.330212e-03	9.044100e-01	8.970689e-02	4.152323e-02	4.818366e-02
82            	-3.293936e-03	8.983152e-01	8.422334e-02	3.881774e-02	4.540561e-02
83            	-3.287449e-03	8.934858e-01	7.638783e-02	3.490646e-02	4.148136e-02
84            	-3.311704e-03	8.910069e-01	6.770670e-02	3.054165e-02	3.716505e-02
85            	-3.355849e-03	8.908932e-01	5.845860e-02	2.587345e-02	3.258515e-02
86            	-3.407415e-03	8.929190e-01	4.899178e-02	2.108848e-02	2.790331e-02
87            	-3.457625e-03	8.967230e-01	4.084747e-02	1.696611e-02	2.388136e-02
88            	-3.509634e-03	9.021134e-01	3.445896e-02	1.371985e-02	2.073912e-02
89            	-3.569029e-03	9.090662e-01	2.981872e-02	1.134033e-02	1.847839e-02
90            	-3.632087e-03	9.167834e-01	2.809166e-02	1.041374e-02	1.767791e-02
91            	-3.690977e-03	9.240901e-01	3.046235e-02	1.154020e-02	1.892215e-02
92            	-3.746051e-03	9.308266e-01	3.737235e-02	1.494012e-02	2.243223e-02
93            	-3.800668e-03	9.375114e-01	4.860335e-02	2.050101e-02	2.810234e-02
94            	-3.846699e-03	9.428155e-01	6.254271e-02	2.742466e-02	3.511805e-02
95            	-3.872519e-03	9.457846e-01	7.638975e-02	3.432236e-02	4.206739e-02
96            	-3.875678e-03	9.468381e-01	8.761456e-02	3.993160e-02	4.768296e-02
97            	-3.863257e-03	9.472028e-01	9.472864e-02	4.350106e-02	5.122758e-02
98            	-3.841712e-03	9.474080e-01	9.708825e-02	4.470241e-02	5.238584e-02
99            	-3.813957e-03	9.471369e-01	9.536189e-02	4.386699e-02	5.149490e-02
100           	-3.780288e-03	9.457912e-01	9.068837e-02	4.156390e-02	4.912447e-02
101           	-3.747893e-03	9.439744e-01	8.400609e-02	3.825515e-02	4.575094e-02
102           	-3.726120e-03	9.428042e-01	7.572963e-02	3.413869e-02	4.159093e-02
103           	-3.718580e-03	9.435456e-01	6.656205e-02	2.956244e-02	3.699960e-02
104           	-3.721421e-03	9.467282e-01	5.862957e-02	2.559337e-02	3.303621e-02
105           	-3.722222e-03	9.511646e-01	5.423121e-02	2.339338e-02	3.083783e-02
106           	-3.704415e-03	9.550270e-01	5.448453e-02	2.353785e-02	3.094668e-02
107           	-3.663700e-03	9.571933e-01	5.942134e-02	2.604697e-02	3.337437e-02
108           	-3.607457e-03	9.567893e-01	6.747859e-02	3.013184e-02	3.734675e-02
109           	-3.553481e-03	9.538912e-01	7.667181e-02	3.478242e-02	4.188939e-02
110           	-3.518315e-03	9.493069e-01	8.457849e-02	3.877093e-02	4.580756e-02
111           	-3.511203e-03	9.447290e-01	8.933119e-02	4.115439e-02	4.817680e-02
112           	-3.539161e-03	9.416341e-01	8.947760e-02	4.119964e-02	4.827796e-02
113           	-3.596052e-03	9.404281e-01	8.352775e-02	3.816782e-02	4.535993e-02
114           	-3.665266e-03	9.402228e-01	7.185976e-02	3.226461e-02	3.959515e-02
115           	-3.734148e-03	9.410321e-01	5.723898e-02	2.488534e-02	3.235364e-02
116           	-3.790494e-03	9.421422e-01	4.403443e-02	1.822672e-02	2.580771e-02
117           	-3.828370e-03	9.431344e-01	3.490052e-02	1.362189e-02	2.127863e-02
118           	-3.851154e-03	9.440631e-01	3.155920e-02	1.192844e-02	1.963075e-02
119           	-3.867160e-03	9.450073e-01	3.484858e-02	1.355713e-02	2.129145e-02
120           	-3.888272e-03	9.464469e-01	4.370977e-02	1.796661e-02	2.574316e-02
121           	-3.919583e-03	9.486877e-01	5.525350e-02	2.370717e-02	3.154633e-02
122           	-3.962539e-03	9.523772e-01	6.683231e-02	2.945362e-02	3.737869e-02
123           	-4.011273e-03	9.566788e-01	7.686675e-02	3.442210e-02	4.244465e-02
124           	-4.060721e-03	9.607305e-01	8.424422e-02	3.806139e-02	4.618283e-02
125           	-4.104950e-03	9.635028e-01	8.857226e-02	4.018118e-02	4.839108e-02
126           	-4.143403e-03	9.649429e-01	8.964608e-02	4.067964e-02	4.896644e-02
127           	-4.172884e-03	9.650825e-01	8.794674e-02	3.980048e-02	4.814625e-02
128           	-4.195323e-03	9.646797e-01	8.561247e-02	3.861091e-02	4.700156e-02
129           	-4.211084e-03	9.635193e-01	8.442779e-02	3.800281e-02	4.642498e-02
130           	-4.218500e-03	9.611131e-01	8.533223e-02	3.844762e-02	4.688462e-02
131           	-4.221594e-03	9.585454e-01	8.848658e-02	4.002170e-02	4.846489e-02
132           	-4.229836e-03	9.579378e-01	9.345436e-02	4.249735e-02	5.095702e-02
133           	-4.243107e-03	9.606495e-01	1.002760e-01	4.589489e-02	5.438110e-02
134           	-4.253433e-03	9.662130e-01	1.083276e-01	4.991039e-02	5.841725e-02
135           	-4.245629e-03	9.728693e-01	1.172466e-01	5.437769e-02	6.286895e-02
136           	-4.213347e-03	9.793115e-01	1.264691e-01	5.902119e-02	6.744788e-02
137           	-4.146466e-03	9.820325e-01	1.354255e-01	6.356629e-02	7.185922e-02
138           	-4.031886e-03	9.770494e-01	1.445870e-01	6.826160e-02	7.632538e-02
139           	-3.889838e-03	9.652047e-01	1.538291e-01	7.302469e-02	8.080437e-02
140           	-3.757773e-03	9.507927e-01	1.623258e-01	7.740512e-02	8.492067e-02
141           	-3.660720e-03	9.379124e-01	1.688925e-01	8.078551e-02	8.810695e-02
142           	-3.594558e-03	9.274781e-01	1.732910e-01	8.305093e-02	9.024005e-02
143           	-3.551993e-03	9.199781e-01	1.752133e-01	8.405467e-02	9.115866e-02
144           	-3.525916e-03	9.158433e-01	1.743383e-01	8.364324e-02	9.069507e-02
145           	-3.507193e-03	9.143040e-01	1.702907e-01	8.163816e-02	8.865254e-02
146           	-3.483393e-03	9.139575e-01	1.634788e-01	7.825601e-02	8.522280e-02
147           	-3.450048e-03	9.140569e-01	1.546507e-01	7.387529e-02	8.077538e-02
148           	-3.413845e-03	9.145289e-01	1.443763e-01	6.877433e-02	7.560202e-02
149           	-3.383540e-03	9.150975e-01	1.326621e-01	6.294749e-02	6.971457e-02
150           	-3.365190e-03	9.154375e-01	1.204836e-01	5.687662e-02	6.360700e-02
151           	-3.360460e-03	9.159015e-01	1.078745e-01	5.057678e-02	5.729770e-02
152           	-3.367820e-03	9.169165e-01	9.506525e-02	4.416481e-02	5.090045e-02
153           	-3.385349e-03	9.187535e-01	8.195667e-02	3.759299e-02	4.436369e-02
154           	-3.410297e-03	9.211498e-01	6.897185e-02	3.107563e-02	3.789622e-02
155           	-3.445156e-03	9.240652e-01	5.770945e-02	2.540957e-02	3.229988e-02
156           	-3.496442e-03	9.280761e-01	4.925355e-02	2.113033e-02	2.812322e-02
157           	-3.573444e-03	9.343419e-01	4.378226e-02	1.831769e-02	2.546457e-02
158           	-3.662166e-03	9.412735e-01	4.283784e-02	1.775676e-02	2.508109e-02
159           	-3.743818e-03	9.465481e-01	4.665946e-02	1.958591e-02	2.707355e-02
160           	-3.812430e-03	9.498135e-01	5.521675e-02	2.379595e-02	3.142081e-02
161           	-3.875420e-03	9.521313e-01	6.870274e-02	3.047595e-02	3.822679e-02
162           	-3.929859e-03	9.531292e-01	8.464870e-02	3.839449e-02	4.625421e-02
163           	-3.976364e-03	9.531046e-01	1.000246e-01	4.603592e-02	5.398865e-02
164           	-4.016597e-03	9.525184e-01	1.126054e-01	5.228610e-02	6.031930e-02
165           	-4.057881e-03	9.520058e-01	1.209422e-01	5.641320e-02	6.452896e-02
166           	-4.099784e-03	9.511469e-01	1.226592e-01	5.722979e-02	6.542936e-02
167           	-4.137474e-03	9.497330e-01	1.150089e-01	5.336695e-02	6.164190e-02
168           	-4.149853e-03	9.469626e-01	9.656480e-02	4.413254e-02	5.243225e-02
169           	-4.137557e-03	9.451675e-01	7.108371e-02	3.140430e-02	3.967941e-02
170           	-4.121871e-03	9.466458e-01	4.670814e-02	1.923220e-02	2.747594e-02
171           	-4.115978e-03	9.510348e-01	3.022967e-02	1.099886e-02	1.923081e-02
172           	-4.106489e-03	9.551827e-01	2.337273e-02	7.579875e-03	1.579285e-02
173           	-4.069597e-03	9.567603e-01	2.563866e-02	8.749736e-03	1.688893e-02
174           	-4.011719e-03	9.551835e-01	3.883141e-02	1.540399e-02	2.342742e-02
175           	-3.961518e-03	9.523196e-01	6.130422e-02	2.669059e-02	3.461363e-02
176           	-3.933054e-03	9.500122e-01	8.714353e-02	3.963871e-02	4.750482e-02
177           	-3.914468e-03	9.478735e-01	1.094077e-01	5.078939e-02	5.861833e-02
178           	-3.892231e-03	9.455462e-01	1.248877e-01	5.855160e-02	6.633606e-02
179           	-3.865269e-03	9.434440e-01	1.337482e-01	6.300883e-02	7.073937e-02
180           	-3.838005e-03	9.423008e-01	1.373084e-01	6.481619e-02	7.249220e-02
181           	-3.813748e-03	9.427302e-01	1.361380e-01	6.425524e-02	7.188273e-02
182           	-3.792286e-03	9.450185e-01	1.306468e-01	6.153110e-02	6.911568e-02
183           	-3.768292e-03	9.483158e-01	1.215390e-01	5.700120e-02	6.453779e-02
184           	-3.737027e-03	9.513484e-01	1.100343e-01	5.128010e-02	5.875416e-02
185           	-3.699421e-03	9.535056e-01	9.722067e-02	4.491092e-02	5.230976e-02
186           	-3.658944e-03	9.549928e-01	8.362172e-02	3.815192e-02	4.546981e-02
187           	-3.617159e-03	9.555988e-01	7.064349e-02	3.170458e-02	3.893890e-02
188           	-3.576619e-03	9.548449e-01	5.957826e-02	2.621251e-02	3.336575e-02
189           	-3.543482e-03	9.531177e-01	5.148029e-02	2.219666e-02	2.928363e-02
190           	-3.528167e-03	9.514019e-01	4.715697e-02	2.005032e-02	2.710665e-02
191           	-3.539392e-03	9.502786e-01	4.671993e-02	1.982057e-02	2.689935e-02
192           	-3.583917e-03	9.508951e-01	4.905115e-02	2.094166e-02	2.810949e-02
193           	-3.654760e-03	9.538212e-01	5.245653e-02	2.257350e-02	2.988302e-02
194           	-3.730568e-03	9.577928e-01	5.542520e-02	2.398203e-02	3.144317e-02
195           	-3.806703e-03	9.616992e-01	5.562672e-02	2.400666e-02	3.162006e-02
196           	-3.878329e-03	9.651155e-01	5.025568e-02	2.124951e-02	2.900617e-02
197           	-3.926187e-03	9.656034e-01	3.859850e-02	1.537306e-02	2.322544e-02
198           	-3.940071e-03	9.613307e-01	2.333187e-02	7.725866e-03	1.560601e-02
199           	-3.932745e-03	9.537280e-01	9.184417e-03	6.594634e-04	8.524954e-03
200           	-3.931328e-03	9.473301e-01	-2.233306e-04	-4.042993e-03	3.819663e-03
201           	-3.941215e-03	9.428525e-01	-4.550314e-03	-6.216372e-03	1.666058e-03
202           	-3.958845e-03	9.396073e-01	-4.140644e-03	-6.029167e-03	1.888524e-03
203           	-3.980926e-03	9.368941e-01	1.174040e-03	-3.393906e-03	4.567946e-03
204           	-4.014658e-03	9.356275e-01	1.183749e-02	1.904089e-03	9.933405e-03
205           	-4.066171e-03	9.371623e-01	2.640816e-02	9.137909e-03	1.727025e-02
206           	-4.124517e-03	9.405550e-01	4.230802e-02	1.702949e-02	2.527853e-02
207           	-4.170196e-03	9.437772e-01	5.628418e-02	2.397190e-02	3.231229e-02
208           	-4.194305e-03	9.459111e-01	6.791165e-02	2.976152e-02	3.815013e-02
209           	-4.196283e-03	9.467306e-01	7.671077e-02	3.415910e-02	4.255167e-02
210           	-4.187506e-03	9.475984e-01	8.338729e-02	3.750614e-02	4.588115e-02
211           	-4.173535e-03	9.490926e-01	8.829057e-02	3.997175e-02	4.831882e-02
212           	-4.149197e-03	9.500434e-01	9.111105e-02	4.140633e-02	4.970472e-02
213           	-4.110012e-03	9.494486e-01	9.125431e-02	4.151715e-02	4.973717e-02
214           	-4.060095e-03	9.473030e-01	8.847695e-02	4.017838e-02	4.829857e-02
215           	-4.000972e-03	9.438598e-01	8.285517e-02	3.742662e-02	4.542856e-02
216           	-3.935342e-03	9.395175e-01	7.527794e-02	3.370363e-02	4.157431e-02
217           	-3.860076e-03	9.340893e-01	6.653038e-02	2.940511e-02	3.712526e-02
218           	-3.783287e-03	9.283456e-01	5.845263e-02	2.544303e-02	3.300960e-02
219           	-3.709887e-03	9.227819e-01	5.180017e-02	2.219020e-02	2.960997e-02
220           	-3.642929e-03	9.178419e-01	4.675898e-02	1.973656e-02	2.702242e-02
221           	-3.585037e-03	9.139030e-01	4.336627e-02	1.809810e-02	2.526817e-02
222           	-3.537921e-03	9.111694e-01	4.160505e-02	1.726460e-02	2.434044e-02
223           	-3.505768e-03	9.098933e-01	4.132132e-02	1.715489e-02	2.416643e-02
224           	-3.490261e-03	9.099236e-01	4.225796e-02	1.763872e-02	2.461924e-02
225           	-3.492451e-03	9.109279e-01	4.448785e-02	1.875148e-02	2.573638e-02
226           	-3.512713e-03	9.130221e-01	4.798503e-02	2.047980e-02	2.750523e-02
227           	-3.553862e-03	9.163653e-01	5.275864e-02	2.282546e-02	2.993318e-02
228           	-3.611398e-03	9.207407e-01	5.866329e-02	2.572025e-02	3.294304e-02
229           	-3.677749e-03	9.253524e-01	6.518830e-02	2.891640e-02	3.627190e-02
230           	-3.743953e-03	9.290361e-01	7.154300e-02	3.202755e-02	3.951545e-02
231           	-3.810102e-03	9.316404e-01	7.728594e-02	3.483287e-02	4.245307e-02
232           	-3.880345e-03	9.338620e-01	8.184150e-02	3.704041e-02	4.480110e-02
233           	-3.957063e-03	9.365635e-01	8.484272e-02	3.846430e-02	4.637842e-02
234           	-4.027646e-03	9.393458e-01	8.588932e-02	3.891702e-02	4.697231e-02
235           	-4.091269e-03	9.423787e-01	8.546473e-02	3.864110e-02	4.682363e-02
236           	-4.150061e-03	9.462941e-01	8.471426e-02	3.820707e-02	4.650719e-02
237           	-4.200042e-03	9.511115e-01	8.476530e-02	3.818261e-02	4.658269e-02
238           	-4.245218e-03	9.573303e-01	8.583996e-02	3.867476e-02	4.716520e-02
239           	-4.282684e-03	9.645982e-01	8.825488e-02	3.984476e-02	4.841013e-02
240           	-4.304800e-03	9.706449e-01	9.239305e-02	4.189172e-02	5.050132e-02
241           	-4.315154e-03	9.738471e-01	9.778582e-02	4.457776e-02	5.320807e-02
242           	-4.316306e-03	9.738158e-01	1.032214e-01	4.729438e-02	5.592700e-02
243           	-4.304568e-03	9.709620e-01	1.073647e-01	4.937778e-02	5.798692e-02
244           	-4.272484e-03	9.655186e-01	1.094346e-01	5.044482e-02	5.898979e-02
245           	-4.224181e-03	9.585179e-01	1.087965e-01	5.017408e-02	5.862244e-02
246           	-4.179980e-03	9.531567e-01	1.046335e-01	4.813678e-02	5.649673e-02
247           	-4.146558e-03	9.508006e-01	9.688820e-02	4.429754e-02	5.259066e-02
248           	-4.109502e-03	9.498792e-01	8.702931e-02	3.940515e-02	4.762415e-02
249           	-4.050683e-03	9.486268e-01	7.573964e-02	3.381914e-02	4.192050e-02
250           	-3.970453e-03	9.468216e-01	6.489890e-02	2.847900e-02	3.641990e-02
251           	-3.880111e-03	9.442835e-01	5.752823e-02	2.488400e-02	3.264423e-02
252           	-3.797416e-03	9.406210e-01	5.612035e-02	2.426276e-02	3.185759e-02
253           	-3.729058e-03	9.355915e-01	5.941494e-02	2.597841e-02	3.343653e-02
254           	-3.666964e-03	9.285853e-01	6.587232e-02	2.926920e-02	3.660313e-02
255           	-3.614368e-03	9.204017e-01	7.419929e-02	3.348528e-02	4.071401e-02
256           	-3.581075e-03	9.134806e-01	8.358679e-02	3.821232e-02	4.537447e-02
257           	-3.569977e-03	9.094524e-01	9.375452e-02	4.330728e-02	5.044724e-02
258           	-3.580084e-03	9.093077e-01	1.038235e-01	4.833166e-02	5.549183e-02
259           	-3.608788e-03	9.126658e-01	1.132804e-01	5.303143e-02	6.024901e-02
260           	-3.646504e-03	9.180806e-01	1.214599e-01	5.708344e-02	6.437645e-02
261           	-3.682033e-03	9.239707e-01	1.280202e-01	6.032806e-02	6.769212e-02
262           	-3.707955e-03	9.287549e-01	1.331099e-01	6.284698e-02	7.026289e-02
263           	-3.724861e-03	9.318917e-01	1.370835e-01	6.481688e-02	7.226660e-02
264           	-3.743544e-03	9.336919e-01	1.396026e-01	6.605778e-02	7.354487e-02
265           	-3.777516e-03	9.352475e-01	1.406265e-01	6.653573e-02	7.409076e-02
266           	-3.835362e-03	9.375767e-01	1.406890e-01	6.650912e-02	7.417985e-02
267           	-3.919132e-03	9.412293e-01	1.406978e-01	6.642976e-02	7.426803e-02
268           	-4.025116e-03	9.464689e-01	1.413036e-01	6.662666e-02	7.467689e-02
269           	-4.140260e-03	9.526811e-01	1.426782e-01	6.719883e-02	7.547935e-02
270           	-4.245766e-03	9.586320e-01	1.450134e-01	6.826093e-02	7.675246e-02
271           	-4.330075e-03	9.632464e-01	1.487296e-01	7.003475e-02	7.869490e-02
272           	-4.383345e-03	9.655323e-01	1.534347e-01	7.233402e-02	8.110071e-02
273           	-4.401535e-03	9.651490e-01	1.584549e-01	7.482592e-02	8.362899e-02
274           	-4.388321e-03	9.622910e-01	1.627917e-01	7.700755e-02	8.578419e-02
275           	-4.353205e-03	9.580445e-01	1.652236e-01	7.825859e-02	8.696500e-02
276           	-4.308808e-03	9.538418e-01	1.643802e-01	7.788129e-02	8.649890e-02
277           	-4.267884e-03	9.503222e-01	1.599692e-01	7.571670e-02	8.425247e-02
278           	-4.237115e-03	9.481080e-01	1.523533e-01	7.193952e-02	8.041375e-02
279           	-4.213696e-03	9.472313e-01	1.423169e-01	6.694475e-02	7.537214e-02
280           	-4.187834e-03	9.472037e-01	1.312451e-01	6.143472e-02	6.981039e-02
281           	-4.155006e-03	9.474883e-01	1.200538e-01	5.587187e-02	6.418188e-02
282           	-4.112448e-03	9.472858e-01	1.097635e-01	5.076932e-02	5.899422e-02
283           	-4.063652e-03	9.465491e-01	1.007995e-01	4.633608e-02	5.446338e-02
284           	-4.013591e-03	9.457763e-01	9.375317e-02	4.286299e-02	5.089017e-02
285           	-3.962619e-03	9.446471e-01	8.893638e-02	4.050557e-02	4.843081e-02
286           	-3.917186e-03	9.433259e-01	8.716926e-02	3.966744e-02	4.750182e-02
287           	-3.874456e-03	9.416373e-01	8.789007e-02	4.007058e-02	4.781949e-02
288           	-3.828686e-03	9.394721e-01	8.974959e-02	4.104611e-02	4.870348e-02
289           	-3.778267e-03	9.371367e-01	9.179498e-02	4.211922e-02	4.967576e-02
290           	-3.727689e-03	9.349909e-01	9.330680e-02	4.292571e-02	5.038109e-02
291           	-3.682818e-03	9.337996e-01	9.378059e-02	4.320748e-02	5.057312e-02
292           	-3.645490e-03	9.337435e-01	9.278645e-02	4.274773e-02	5.003871e-02
293           	-3.607443e-03	9.337762e-01	8.958292e-02	4.118402e-02	4.839890e-02
294           	-3.568377e-03	9.335946e-01	8.307719e-02	3.797022e-02	4.510697e-02
295           	-3.531044e-03	9.334580e-01	7.178276e-02	3.236034e-02	3.942243e-02
296           	-3.502805e-03	9.346446e-01	5.487833e-02	2.393636e-02	3.094197e-02
297           	-3.471847e-03	9.356241e-01	3.618670e-02	1.462150e-02	2.156520e-02
298           	-3.418211e-03	9.324745e-01	2.223364e-02	7.698607e-03	1.453503e-02
299           	-3.351761e-03	9.263640e-01	1.519000e-02	4.243240e-03	1.094676e-02
300           	-3.281491e-03	9.186253e-01	1.349040e-02	3.463711e-03	1.002669e-02
301           	-3.229576e-03	9.111637e-01	1.622088e-02	4.880862e-03	1.134001e-02
302           	-3.219521e-03	9.057411e-01	2.125919e-02	7.410072e-03	1.384911e-02
303           	-3.252863e-03	9.028201e-01	2.675144e-02	1.012286e-02	1.662858e-02
304           	-3.331140e-03	9.032410e-01	3.132038e-02	1.232905e-02	1.899133e-02
305           	-3.454052e-03	9.080016e-01	3.370540e-02	1.339865e-02	2.030675e-02
306           	-3.605976e-03	9.170397e-01	3.215654e-02	1.247230e-02	1.968425e-02
307           	-3.763787e-03	9.290113e-01	2.619274e-02	9.332582e-03	1.686016e-02
308           	-3.901595e-03	9.418236e-01	1.821903e-02	5.207921e-03	1.301111e-02
309           	-4.008425e-03	9.540872e-01	1.140795e-02	1.695550e-03	9.712399e-03
310           	-4.088920e-03	9.652641e-01	8.152739e-03	-1.255092e-05	8.165290e-03
311           	-4.147016e-03	9.751904e-01	9.866998e-03	7.864832e-04	9.080515e-03
312           	-4.184438e-03	9.830058e-01	1.742269e-02	4.526906e-03	1.289578e-02
313           	-4.200614e-03	9.866902e-01	2.990411e-02	1.075144e-02	1.915267e-02
314           	-4.203768e-03	9.869744e-01	4.395409e-02	1.777327e-02	2.618081e-02
315           	-4.194615e-03	9.848654e-01	5.631938e-02	2.396508e-02	3.235430e-02
316           	-4.178816e-03	9.816705e-01	6.489176e-02	2.826706e-02	3.662470e-02
317           	-4.162909e-03	9.779656e-01	6.879879e-02	3.023648e-02	3.856230e-02
318           	-4.148122e-03	9.737198e-01	6.772339e-02	2.971357e-02	3.800982e-02
319           	-4.129565e-03	9.684930e-01	6.241869e-02	2.707978e-02	3.533891e-02
320           	-4.100442e-03	9.619218e-01	5.481008e-02	2.330460e-02	3.150548e-02
321           	-4.067232e-03	9.550470e-01	4.768097e-02	1.977325e-02	2.790771e-02
322           	-4.035194e-03	9.487719e-01	4.290575e-02	1.741768e-02	2.548807e-02
323           	-3.997127e-03	9.429561e-01	4.149673e-02	1.675124e-02	2.474549e-02
324           	-3.948395e-03	9.379855e-01	4.440231e-02	1.825276e-02	2.614955e-02
325           	-3.890882e-03	9.346776e-01	5.298691e-02	2.260257e-02	3.038434e-02
326           	-3.832690e-03	9.334342e-01	6.657222e-02	2.945342e-02	3.711880e-02
327           	-3.771243e-03	9.328910e-01	8.174044e-02	3.709898e-02	4.464146e-02
328           	-3.702102e-03	9.312310e-01	9.508041e-02	4.383810e-02	5.124231e-02
329           	-3.619241e-03	9.270093e-01	1.045488e-01	4.865518e-02	5.589366e-02
330           	-3.526295e-03	9.201524e-01	1.085998e-01	5.077362e-02	5.782621e-02
331           	-3.436318e-03	9.120513e-01	1.070096e-01	5.006847e-02	5.694111e-02
332           	-3.344945e-03	9.024328e-01	9.932896e-02	4.631954e-02	5.300943e-02
333           	-3.266316e-03	8.929954e-01	8.500808e-02	3.923772e-02	4.577036e-02
334           	-3.216472e-03	8.855352e-01	6.468314e-02	2.912510e-02	3.555804e-02
335           	-3.206427e-03	8.814196e-01	4.119402e-02	1.739058e-02	2.380344e-02
336           	-3.237668e-03	8.810429e-01	1.819363e-02	5.859147e-03	1.233448e-02
337           	-3.302198e-03	8.839203e-01	-1.577574e-03	-4.090985e-03	2.513411e-03
338           	-3.396009e-03	8.900807e-01	-1.656215e-02	-1.167708e-02	-4.885066e-03
339           	-3.516492e-03	8.995285e-01	-2.653232e-02	-1.678265e-02	-9.749670e-03
340           	-3.657662e-03	9.117796e-01	-3.047790e-02	-1.889661e-02	-1.158129e-02
341           	-3.811593e-03	9.257638e-01	-2.744494e-02	-1.753407e-02	-9.910878e-03
342           	-3.967327e-03	9.401225e-01	-1.742389e-02	-1.267927e-02	-4.744620e-03
343           	-4.111621e-03	9.538228e-01	-1.979915e-03	-5.101579e-03	3.121663e-03
344           	-4.239253e-03	9.668938e-01	1.630086e-02	3.911179e-03	1.238969e-02
345           	-4.350595e-03	9.793197e-01	3.455743e-02	1.292812e-02	2.162931e-02
346           	-4.438987e-03	9.902405e-01	5.032498e-02	2.072350e-02	2.960147e-02
347           	-4.497516e-03	9.988844e-01	6.211756e-02	2.656126e-02	3.555629e-02
348           	-4.519018e-03	1.004508e+00	6.925498e-02	3.010847e-02	3.914651e-02
349           	-4.503577e-03	1.006868e+00	7.151176e-02	3.125230e-02	4.025946e-02
350           	-4.453042e-03	1.005803e+00	6.931349e-02	3.020370e-02	3.910979e-02
351           	-4.375581e-03	1.001656e+00	6.462209e-02	2.793546e-02	3.668663e-02
352           	-4.279985e-03	9.945348e-01	6.028091e-02	2.586047e-02	3.442044e-02
353           	-4.176068e-03	9.849221e-01	5.909856e-02	2.537321e-02	3.372535e-02
354           	-4.078592e-03	9.745955e-01	6.238253e-02	2.711267e-02	3.526986e-02
355           	-4.004659e-03	9.658013e-01	6.862054e-02	3.030561e-02	3.831493e-02
356           	-3.964147e-03	9.603097e-01	7.473679e-02	3.340425e-02	4.133254e-02
357           	-3.946423e-03	9.576280e-01	7.813781e-02	3.512248e-02	4.301533e-02
358           	-3.934959e-03	9.568498e-01	7.793407e-02	3.503208e-02	4.290199e-02
359           	-3.918183e-03	9.562161e-01	7.478964e-02	3.347664e-02	4.131300e-02
360           	-3.878132e-03	9.542664e-01	6.808032e-02	3.016203e-02	3.791829e-02
361           	-3.827789e-03	9.535328e-01	5.716728e-02	2.475585e-02	3.241143e-02
362           	-3.769198e-03	9.534101e-01	4.037538e-02	1.641849e-02	2.395689e-02
363           	-3.709979e-03	9.536269e-01	1.985321e-02	6.216623e-03	1.363658e-02
364           	-3.644322e-03	9.519809e-01	-1.721879e-03	-4.505262e-03	2.783382e-03
365           	-3.572998e-03	9.480508e-01	-2.377653e-02	-1.546126e-02	-8.315268e-03
366           	-3.497781e-03	9.424509e-01	-4.455697e-02	-2.577627e-02	-1.878071e-02
367           	-3.421150e-03	9.364394e-01	-6.212309e-02	-3.448270e-02	-2.764040e-02
368           	-3.350151e-03	9.314979e-01	-7.468156e-02	-4.069093e-02	-3.399063e-02
369           	-3.297642e-03	9.297367e-01	-8.077791e-02	-4.368660e-02	-3.709132e-02
370           	-3.269907e-03	9.308637e-01	-7.844227e-02	-4.249104e-02	-3.595123e-02
371           	-3.280017e-03	9.336533e-01	-6.557574e-02	-3.606789e-02	-2.950785e-02
372           	-3.348149e-03	9.372672e-01	-4.419788e-02	-2.544709e-02	-1.875079e-02
373           	-3.472000e-03	9.409322e-01	-2.065142e-02	-1.379771e-02	-6.853712e-03
374           	-3.617448e-03	9.436912e-01	-4.020618e-04	-3.818479e-03	3.416417e-03
375           	-3.765973e-03	9.462168e-01	1.497952e-02	3.723785e-03	1.125573e-02
376           	-3.916856e-03	9.494468e-01	2.651860e-02	9.342443e-03	1.717615e-02
377           	-4.067065e-03	9.538878e-01	3.588957e-02	1.387772e-02	2.201185e-02
378           	-4.201073e-03	9.592425e-01	4.285836e-02	1.722810e-02	2.563025e-02
379           	-4.300804e-03	9.652533e-01	4.680804e-02	1.910322e-02	2.770483e-02
380           	-4.356714e-03	9.708840e-01	4.893774e-02	2.011216e-02	2.882558e-02
381           	-4.366699e-03	9.743307e-01	5.170357e-02	2.148509e-02	3.021848e-02
382           	-4.348671e-03	9.759394e-01	5.624962e-02	2.377614e-02	3.247348e-02
383           	-4.305416e-03	9.749898e-01	6.275701e-02	2.707309e-02	3.568392e-02
384           	-4.234277e-03	9.705801e-01	7.170080e-02	3.161612e-02	4.008468e-02
385           	-4.143773e-03	9.635270e-01	8.356576e-02	3.763911e-02	4.592665e-02
386           	-4.053348e-03	9.561563e-01	9.730826e-02	4.460078e-02	5.270748e-02
387           	-3.980685e-03	9.501806e-01	1.112106e-01	5.162464e-02	5.958601e-02
388           	-3.936765e-03	9.464065e-01	1.239451e-01	5.803578e-02	6.590931e-02
389           	-3.923755e-03	9.442986e-01	1.337883e-01	6.297038e-02	7.081789e-02
390           	-3.931350e-03	9.430234e-01	1.393225e-01	6.572991e-02	7.359261e-02
391           	-3.947214e-03	9.423579e-01	1.404038e-01	6.625470e-02	7.414913e-02
392           	-3.968491e-03	9.428943e-01	1.380226e-01	6.504283e-02	7.297982e-02
393           	-3.991173e-03	9.449839e-01	1.331907e-01	6.260418e-02	7.058652e-02
394           	-4.008991e-03	9.485267e-01	1.260957e-01	5.903885e-02	6.705683e-02
395           	-4.015942e-03	9.535393e-01	1.175233e-01	5.474572e-02	6.277760e-02
396           	-4.010525e-03	9.596577e-01	1.082909e-01	5.013493e-02	5.815598e-02
397           	-3.993821e-03	9.660529e-01	9.887491e-02	4.544363e-02	5.343128e-02
398           	-3.966362e-03	9.713689e-01	8.990396e-02	4.098562e-02	4.891834e-02
399           	-3.929196e-03	9.756633e-01	8.057502e-02	3.635831e-02	4.421671e-02
400           	-3.881963e-03	9.788938e-01	7.040354e-02	3.131981e-02	3.908373e-02
401           	-3.829657e-03	9.809625e-01	6.006627e-02	2.620348e-02	3.386279e-02
402           	-3.781665e-03	9.814254e-01	5.062496e-02	2.153082e-02	2.909415e-02
403           	-3.750812e-03	9.804522e-01	4.324266e-02	1.787052e-02	2.537214e-02
404           	-3.754655e-03	9.795462e-01	3.764471e-02	1.506770e-02	2.257701e-02
405           	-3.790667e-03	9.787475e-01	3.426255e-02	1.334061e-02	2.092194e-02
406           	-3.840721e-03	9.777124e-01	3.346629e-02	1.289242e-02	2.057387e-02
407           	-3.880279e-03	9.752647e-01	3.519327e-02	1.371636e-02	2.147691e-02
408           	-3.922043e-03	9.745321e-01	3.808775e-02	1.512183e-02	2.296592e-02
409           	-3.968597e-03	9.749633e-01	4.116136e-02	1.661208e-02	2.454927e-02
410           	-4.012144e-03	9.757462e-01	4.323589e-02	1.760580e-02	2.563009e-02
411           	-4.038341e-03	9.726450e-01	4.390696e-02	1.791514e-02	2.599182e-02
412           	-4.038886e-03	9.659352e-01	4.350190e-02	1.771207e-02	2.578984e-02
413           	-4.029296e-03	9.579928e-01	4.350465e-02	1.772303e-02	2.578162e-02
414           	-4.017884e-03	9.499733e-01	4.330159e-02	1.763291e-02	2.566868e-02
415           	-4.001188e-03	9.415097e-01	4.216335e-02	1.708048e-02	2.508286e-02
416           	-3.985078e-03	9.337826e-01	4.064914e-02	1.633949e-02	2.430965e-02
417           	-3.982031e-03	9.287221e-01	3.976398e-02	1.589996e-02	2.386402e-02
418           	-3.999358e-03	9.270896e-01	4.043588e-02	1.621858e-02	2.421730e-02
419           	-4.030434e-03	9.279792e-01	4.321497e-02	1.757705e-02	2.563792e-02
420           	-4.062795e-03	9.296472e-01	4.719742e-02	1.953592e-02	2.766151e-02
421           	-4.100846e-03	9.328033e-01	5.137375e-02	2.158603e-02	2.978772e-02
422           	-4.143065e-03	9.373291e-01	5.570360e-02	2.370873e-02	3.199486e-02
423           	-4.170878e-03	9.408512e-01	6.071070e-02	2.618447e-02	3.452623e-02
424           	-4.169188e-03	9.415175e-01	6.655596e-02	2.910879e-02	3.744717e-02
425           	-4.149287e-03	9.410601e-01	7.320661e-02	3.245402e-02	4.075259e-02
426           	-4.131954e-03	9.424436e-01	8.080110e-02	3.626860e-02	4.453251e-02
427           	-4.123009e-03	9.466684e-01	9.013885e-02	4.094641e-02	4.919243e-02
428           	-4.107865e-03	9.515898e-01	1.021222e-01	4.695321e-02	5.516894e-02
429           	-4.071055e-03	9.545355e-01	1.167771e-01	5.431752e-02	6.245963e-02
430           	-4.016049e-03	9.552381e-01	1.323395e-01	6.215368e-02	7.018578e-02
431           	-3.954556e-03	9.547451e-01	1.471900e-01	6.964043e-02	7.754954e-02
432           	-3.898103e-03	9.545507e-01	1.606789e-01	7.644134e-02	8.423755e-02
433           	-3.858014e-03	9.551771e-01	1.718419e-01	8.206296e-02	8.977899e-02
434           	-3.839419e-03	9.575049e-01	1.798642e-01	8.609270e-02	9.377154e-02
435           	-3.834949e-03	9.606989e-01	1.843567e-01	8.834338e-02	9.601328e-02
436           	-3.832867e-03	9.631781e-01	1.846652e-01	8.849972e-02	9.616545e-02
437           	-3.833471e-03	9.658645e-01	1.789625e-01	8.564778e-02	9.331473e-02
438           	-3.849135e-03	9.711629e-01	1.652902e-01	7.879599e-02	8.649426e-02
439           	-3.875072e-03	9.784424e-01	1.402646e-01	6.625723e-02	7.400738e-02
440           	-3.885216e-03	9.845044e-01	1.010633e-01	4.664642e-02	5.441685e-02
441           	-3.856248e-03	9.863030e-01	4.879465e-02	2.054108e-02	2.825357e-02
442           	-3.802062e-03	9.854183e-01	-6.878928e-03	-7.241526e-03	3.625981e-04
443           	-3.736941e-03	9.826547e-01	-5.257317e-02	-3.002353e-02	-2.254965e-02
444           	-3.663286e-03	9.760493e-01	-7.641255e-02	-4.186956e-02	-3.454299e-02
445           	-3.584449e-03	9.659825e-01	-8.171606e-02	-4.444248e-02	-3.727358e-02
446           	-3.497804e-03	9.526077e-01	-7.049472e-02	-3.874516e-02	-3.174955e-02
447           	-3.437911e-03	9.394953e-01	-4.317405e-02	-2.502493e-02	-1.814911e-02
448           	-3.431933e-03	9.294172e-01	-7.173450e-03	-7.018658e-03	-1.547922e-04
449           	-3.478985e-03	9.234757e-01	2.493365e-02	8.987839e-03	1.594581e-02
450           	-3.565183e-03	9.218160e-01	4.761342e-02	2.024153e-02	2.737189e-02
451           	-3.681064e-03	9.246369e-01	6.128682e-02	2.696235e-02	3.432448e-02
452           	-3.824002e-03	9.324495e-01	6.823647e-02	3.029423e-02	3.794224e-02
453           	-3.972890e-03	9.439581e-01	7.090492e-02	3.147957e-02	3.942535e-02
454           	-4.102150e-03	9.566554e-01	7.263139e-02	3.221354e-02	4.041784e-02
455           	-4.197679e-03	9.678963e-01	7.616286e-02	3.388375e-02	4.227911e-02
456           	-4.263431e-03	9.773888e-01	8.323092e-02	3.735203e-02	4.587889e-02
457           	-4.304058e-03	9.849728e-01	9.406843e-02	4.273016e-02	5.133827e-02
458           	-4.324803e-03	9.899560e-01	1.074559e-01	4.940316e-02	5.805276e-02
459           	-4.331896e-03	9.924428e-01	1.215475e-01	5.644185e-02	6.510564e-02
460           	-4.331603e-03	9.936675e-01	1.340174e-01	6.267707e-02	7.134028e-02
461           	-4.323898e-03	9.944188e-01	1.430072e-01	6.717970e-02	7.582750e-02
462           	-4.302886e-03	9.944254e-01	1.473039e-01	6.934904e-02	7.795482e-02
463           	-4.263410e-03	9.927397e-01	1.465666e-01	6.901989e-02	7.754671e-02
464           	-4.208636e-03	9.893499e-01	1.401080e-01	6.584537e-02	7.426265e-02
465           	-4.142931e-03	9.847706e-01	1.278094e-01	5.976176e-02	6.804763e-02
466           	-4.070193e-03	9.799367e-01	1.107740e-01	5.131679e-02	5.945718e-02
467           	-3.992789e-03	9.757662e-01	9.179601e-02	4.190522e-02	4.989079e-02
468           	-3.912391e-03	9.724009e-01	7.398783e-02	3.308153e-02	4.090631e-02
469           	-3.831264e-03	9.689101e-01	5.975040e-02	2.604394e-02	3.370646e-02
470           	-3.745652e-03	9.646353e-01	4.932325e-02	2.091597e-02	2.840728e-02
471           	-3.653138e-03	9.587867e-01	4.230603e-02	1.749988e-02	2.480615e-02
472           	-3.558968e-03	9.512776e-01	3.810196e-02	1.549201e-02	2.260995e-02
473           	-3.473689e-03	9.426625e-01	3.545652e-02	1.425457e-02	2.120195e-02
474           	-3.407813e-03	9.349367e-01	3.352378e-02	1.335408e-02	2.016970e-02
475           	-3.362595e-03	9.292288e-01	3.155189e-02	1.241335e-02	1.913854e-02
476           	-3.338582e-03	9.261293e-01	2.921701e-02	1.126992e-02	1.794709e-02
477           	-3.333608e-03	9.254136e-01	2.659335e-02	9.963068e-03	1.663028e-02
478           	-3.346616e-03	9.264273e-01	2.431553e-02	8.811148e-03	1.550438e-02
479           	-3.374688e-03	9.281742e-01	2.274178e-02	7.996202e-03	1.474558e-02
480           	-3.412294e-03	9.300897e-01	2.214471e-02	7.660060e-03	1.448465e-02
481           	-3.457555e-03	9.316349e-01	2.269510e-02	7.889995e-03	1.480510e-02
482           	-3.514941e-03	9.328007e-01	2.487217e-02	8.921142e-03	1.595103e-02
483           	-3.578845e-03	9.341670e-01	2.850979e-02	1.067605e-02	1.783374e-02
484           	-3.650254e-03	9.357910e-01	3.384415e-02	1.327182e-02	2.057233e-02
485           	-3.724165e-03	9.377195e-01	4.046225e-02	1.650696e-02	2.395529e-02
486           	-3.797316e-03	9.395733e-01	4.735674e-02	1.988106e-02	2.747569e-02
487           	-3.864084e-03	9.410187e-01	5.356428e-02	2.291806e-02	3.064622e-02
488           	-3.921514e-03	9.424339e-01	5.878352e-02	2.547025e-02	3.331327e-02
489           	-3.980924e-03	9.454257e-01	6.267990e-02	2.735903e-02	3.532088e-02
490           	-4.046443e-03	9.504794e-01	6.481551e-02	2.836131e-02	3.645420e-02
491           	-4.113266e-03	9.572116e-01	6.645028e-02	2.911187e-02	3.733841e-02
492           	-4.165409e-03	9.639098e-01	6.935845e-02	3.051382e-02	3.884464e-02
493           	-4.195568e-03	9.694432e-01	7.469993e-02	3.315440e-02	4.154553e-02
494           	-4.202728e-03	9.729845e-01	8.196358e-02	3.677906e-02	4.518452e-02
495           	-4.189800e-03	9.741352e-01	8.966343e-02	4.064192e-02	4.902152e-02
496           	-4.160940e-03	9.730334e-01	9.640754e-02	4.404283e-02	5.236471e-02
497           	-4.119719e-03	9.701874e-01	1.015501e-01	4.665533e-02	5.489476e-02
498           	-4.071816e-03	9.668136e-01	1.048101e-01	4.833323e-02	5.647686e-02
499           	-4.022890e-03	9.643197e-01	1.057689e-01	4.886158e-02	5.690736e-02
500           	-3.975600e-03	9.637976e-01	1.046820e-01	4.836542e-02	5.631662e-02
501           	-3.926388e-03	9.647147e-01	1.023511e-01	4.724918e-02	5.510196e-02
502           	-3.865397e-03	9.652645e-01	9.961638e-02	4.594279e-02	5.367359e-02
503           	-3.791417e-03	9.644621e-01	9.639151e-02	4.440434e-02	5.198717e-02
504           	-3.711281e-03	9.619502e-01	9.222080e-02	4.239912e-02	4.982168e-02
505           	-3.631382e-03	9.576116e-01	8.667933e-02	3.970828e-02	4.697104e-02
506           	-3.564491e-03	9.524798e-01	7.946287e-02	3.616695e-02	4.329593e-02
507           	-3.522317e-03	9.481523e-01	7.037391e-02	3.166464e-02	3.870927e-02
508           	-3.502348e-03	9.451330e-01	5.927344e-02	2.613437e-02	3.313907e-02
509           	-3.495543e-03	9.432632e-01	4.667124e-02	1.984007e-02	2.683116e-02
510           	-3.496304e-03	9.423894e-01	3.372373e-02	1.336556e-02	2.035817e-02
511           	-3.503244e-03	9.421574e-01	2.159577e-02	7.294642e-03	1.430113e-02
512           	-3.515665e-03	9.420884e-01	1.166657e-02	2.317620e-03	9.348950e-03
513           	-3.535130e-03	9.415411e-01	5.161879e-03	-9.541898e-04	6.116069e-03
514           	-3.571800e-03	9.404661e-01	2.861632e-03	-2.140984e-03	5.002616e-03
515           	-3.633300e-03	9.390598e-01	4.940429e-03	-1.163086e-03	6.103515e-03
516           	-3.717520e-03	9.383508e-01	1.016483e-02	1.364894e-03	8.799933e-03
517           	-3.811864e-03	9.378707e-01	1.671993e-02	4.548101e-03	1.217183e-02
518           	-3.904793e-03	9.369280e-01	2.349428e-02	7.842346e-03	1.565193e-02
519           	-3.988720e-03	9.362551e-01	2.896284e-02	1.049270e-02	1.847014e-02
520           	-4.052022e-03	9.365283e-01	3.138766e-02	1.164181e-02	1.974585e-02
521           	-4.086748e-03	9.376349e-01	3.046277e-02	1.114464e-02	1.931813e-02
522           	-4.091827e-03	9.386963e-01	2.797709e-02	9.896717e-03	1.808037e-02
523           	-4.078711e-03	9.397626e-01	2.607089e-02	8.956733e-03	1.711416e-02
524           	-4.056381e-03	9.404935e-01	2.621127e-02	9.049253e-03	1.716202e-02
525           	-4.027400e-03	9.410613e-01	2.964944e-02	1.079732e-02	1.885212e-02
526           	-3.995984e-03	9.413804e-01	3.729638e-02	1.465221e-02	2.264418e-02
527           	-3.969748e-03	9.413662e-01	4.773285e-02	1.989667e-02	2.783617e-02
528           	-3.948299e-03	9.408042e-01	5.847970e-02	2.529155e-02	3.318815e-02
529           	-3.929930e-03	9.400313e-01	6.831895e-02	3.022954e-02	3.808940e-02
530           	-3.912354e-03	9.392638e-01	7.688666e-02	3.453098e-02	4.235568e-02
531           	-3.891027e-03	9.382535e-01	8.420056e-02	3.820925e-02	4.599131e-02
532           	-3.866264e-03	9.374053e-01	9.051426e-02	4.139086e-02	4.912339e-02
533           	-3.841771e-03	9.374569e-01	9.584892e-02	4.408269e-02	5.176623e-02
534           	-3.821676e-03	9.389931e-01	1.000812e-01	4.621892e-02	5.386227e-02
535           	-3.806525e-03	9.423151e-01	1.031417e-01	4.776434e-02	5.537739e-02
536           	-3.790089e-03	9.465364e-01	1.053836e-01	4.890172e-02	5.648190e-02
537           	-3.764805e-03	9.502894e-01	1.068163e-01	4.964336e-02	5.717297e-02
538           	-3.728551e-03	9.526504e-01	1.073541e-01	4.994849e-02	5.740559e-02
539           	-3.686831e-03	9.535630e-01	1.066163e-01	4.962131e-02	5.699498e-02
540           	-3.645494e-03	9.531179e-01	1.041991e-01	4.845404e-02	5.574503e-02
541           	-3.609418e-03	9.515702e-01	9.984489e-02	4.631303e-02	5.353186e-02
542           	-3.578241e-03	9.490409e-01	9.370912e-02	4.327632e-02	5.043280e-02
543           	-3.557019e-03	9.462986e-01	8.568837e-02	3.928716e-02	4.640120e-02
544           	-3.552130e-03	9.441297e-01	7.627581e-02	3.458577e-02	4.169003e-02
545           	-3.565563e-03	9.428089e-01	6.604878e-02	2.945883e-02	3.658995e-02
546           	-3.600176e-03	9.429198e-01	5.570612e-02	2.425289e-02	3.145324e-02
547           	-3.658906e-03	9.450840e-01	4.610748e-02	1.939484e-02	2.671265e-02
548           	-3.723405e-03	9.478984e-01	3.955739e-02	1.605529e-02	2.350210e-02
549           	-3.790447e-03	9.504453e-01	3.744230e-02	1.493071e-02	2.251160e-02
550           	-3.855873e-03	9.519552e-01	4.025327e-02	1.627076e-02	2.398251e-02
551           	-3.920450e-03	9.519958e-01	4.621908e-02	1.918909e-02	2.702999e-02
552           	-3.990514e-03	9.511162e-01	5.281767e-02	2.241832e-02	3.039935e-02
553           	-4.061965e-03	9.498274e-01	5.722239e-02	2.454923e-02	3.267316e-02
554           	-4.141106e-03	9.504703e-01	5.922775e-02	2.547277e-02	3.375498e-02
555           	-4.203934e-03	9.526374e-01	6.052419e-02	2.605816e-02	3.446603e-02
556           	-4.233606e-03	9.546751e-01	6.235334e-02	2.694306e-02	3.541027e-02
557           	-4.228738e-03	9.558460e-01	6.575178e-02	2.864715e-02	3.710463e-02
558           	-4.199096e-03	9.569904e-01	7.215268e-02	3.187725e-02	4.027544e-02
559           	-4.161126e-03	9.584364e-01	8.190664e-02	3.679219e-02	4.511445e-02
560           	-4.127451e-03	9.602195e-01	9.544711e-02	4.359610e-02	5.185100e-02
561           	-4.096839e-03	9.614951e-01	1.118491e-01	5.182770e-02	6.002138e-02
562           	-4.068374e-03	9.623765e-01	1.288535e-01	6.035837e-02	6.849511e-02
563           	-4.037089e-03	9.627433e-01	1.442260e-01	6.807593e-02	7.615010e-02
564           	-3.997272e-03	9.618030e-01	1.555103e-01	7.375786e-02	8.175240e-02
565           	-3.949703e-03	9.592668e-01	1.619893e-01	7.704493e-02	8.494434e-02
566           	-3.903345e-03	9.561611e-01	1.631471e-01	7.767019e-02	8.547688e-02
567           	-3.861363e-03	9.535045e-01	1.597549e-01	7.601608e-02	8.373880e-02
568           	-3.824988e-03	9.523867e-01	1.533582e-01	7.285409e-02	8.050406e-02
569           	-3.792364e-03	9.528287e-01	1.450495e-01	6.873238e-02	7.631711e-02
570           	-3.761650e-03	9.544734e-01	1.354990e-01	6.398786e-02	7.151116e-02
571           	-3.729216e-03	9.565717e-01	1.251793e-01	5.886042e-02	6.631886e-02
572           	-3.690931e-03	9.579880e-01	1.147894e-01	5.370375e-02	6.108561e-02
573           	-3.646836e-03	9.583933e-01	1.041783e-01	4.844233e-02	5.573600e-02
574           	-3.605962e-03	9.584954e-01	9.266543e-02	4.272675e-02	4.993868e-02
575           	-3.568977e-03	9.583023e-01	8.042352e-02	3.664278e-02	4.378074e-02
576           	-3.533418e-03	9.572728e-01	6.815366e-02	3.054341e-02	3.761025e-02
577           	-3.505303e-03	9.556415e-01	5.697123e-02	2.498031e-02	3.199092e-02
578           	-3.497890e-03	9.549754e-01	4.817790e-02	2.059106e-02	2.758684e-02
579           	-3.518410e-03	9.564025e-01	4.285405e-02	1.790861e-02	2.494544e-02
580           	-3.550705e-03	9.587588e-01	4.120052e-02	1.704956e-02	2.415097e-02
581           	-3.588085e-03	9.613437e-01	4.193251e-02	1.737817e-02	2.455434e-02
582           	-3.625814e-03	9.627943e-01	4.337553e-02	1.806195e-02	2.531358e-02
583           	-3.650604e-03	9.605802e-01	4.441773e-02	1.855826e-02	2.585947e-02
584           	-3.655323e-03	9.532523e-01	4.431381e-02	1.850158e-02	2.581223e-02
585           	-3.651411e-03	9.435318e-01	4.225126e-02	1.747422e-02	2.477704e-02
586           	-3.655427e-03	9.345587e-01	3.819901e-02	1.544408e-02	2.275493e-02
587           	-3.680127e-03	9.290756e-01	3.300631e-02	1.282303e-02	2.018328e-02
588           	-3.726573e-03	9.281836e-01	2.816610e-02	1.035648e-02	1.780962e-02
589           	-3.787970e-03	9.306751e-01	2.471665e-02	8.570354e-03	1.614629e-02
590           	-3.855226e-03	9.348435e-01	2.339687e-02	7.843210e-03	1.555366e-02
591           	-3.922915e-03	9.396359e-01	2.478472e-02	8.469443e-03	1.631527e-02
592           	-3.983652e-03	9.449159e-01	2.986705e-02	1.094987e-02	1.891718e-02
593           	-4.046007e-03	9.521130e-01	3.848715e-02	1.519757e-02	2.328958e-02
594           	-4.115189e-03	9.615708e-01	5.017910e-02	2.097436e-02	2.920474e-02
595           	-4.180260e-03	9.714838e-01	6.531663e-02	2.847806e-02	3.683858e-02
596           	-4.222335e-03	9.790128e-01	8.317293e-02	3.736413e-02	4.580880e-02
597           	-4.235365e-03	9.835152e-01	1.027992e-01	4.716424e-02	5.563497e-02
598           	-4.218732e-03	9.847039e-01	1.227408e-01	5.715168e-02	6.558915e-02
599           	-4.175913e-03	9.821461e-01	1.403242e-01	6.598617e-02	7.433800e-02
600           	-4.120568e-03	9.771118e-01	1.532430e-01	7.250093e-02	8.074206e-02
601           	-4.066313e-03	9.715095e-01	1.598153e-01	7.584132e-02	8.397394e-02
602           	-4.017209e-03	9.661818e-01	1.600215e-01	7.599356e-02	8.402798e-02
603           	-3.975549e-03	9.616932e-01	1.541781e-01	7.311349e-02	8.106459e-02
604           	-3.943836e-03	9.588881e-01	1.431313e-01	6.762181e-02	7.550948e-02
605           	-3.915560e-03	9.577059e-01	1.286709e-01	6.041990e-02	6.825102e-02
606           	-3.881059e-03	9.576346e-01	1.128520e-01	5.254493e-02	6.030705e-02
607           	-3.831347e-03	9.577468e-01	9.702540e-02	4.468135e-02	5.234405e-02
608           	-3.766264e-03	9.574332e-01	8.167614e-02	3.707181e-02	4.460433e-02
609           	-3.693780e-03	9.567209e-01	6.748979e-02	3.005112e-02	3.743868e-02
610           	-3.626918e-03	9.560165e-01	5.652432e-02	2.463524e-02	3.188908e-02
611           	-3.572085e-03	9.559955e-01	4.880196e-02	2.082889e-02	2.797306e-02
612           	-3.535269e-03	9.570799e-01	4.530133e-02	1.911540e-02	2.618593e-02
613           	-3.522373e-03	9.592061e-01	4.585474e-02	1.940500e-02	2.644974e-02
614           	-3.536879e-03	9.616206e-01	4.990747e-02	2.141686e-02	2.849062e-02
615           	-3.583915e-03	9.643494e-01	5.629105e-02	2.456161e-02	3.172944e-02
616           	-3.657969e-03	9.670672e-01	6.247725e-02	2.758066e-02	3.489660e-02
617           	-3.757200e-03	9.709159e-01	6.408468e-02	2.828514e-02	3.579954e-02
618           	-3.856869e-03	9.755905e-01	5.975447e-02	2.602037e-02	3.373411e-02
619           	-3.935470e-03	9.793522e-01	5.121977e-02	2.167442e-02	2.954536e-02
620           	-3.971799e-03	9.805245e-01	3.925153e-02	1.565396e-02	2.359756e-02
621           	-3.943820e-03	9.756114e-01	2.770622e-02	9.909289e-03	1.779693e-02
622           	-3.891191e-03	9.676727e-01	2.181019e-02	7.013906e-03	1.479629e-02
623           	-3.854653e-03	9.605656e-01	2.204705e-02	7.168872e-03	1.487818e-02
624           	-3.842872e-03	9.548674e-01	2.669323e-02	9.503742e-03	1.718949e-02
625           	-3.863467e-03	9.514525e-01	3.392984e-02	1.310145e-02	2.082839e-02
626           	-3.917991e-03	9.506709e-01	4.163256e-02	1.689829e-02	2.473427e-02
627           	-3.997226e-03	9.527605e-01	4.860697e-02	2.030626e-02	2.830071e-02
628           	-4.093033e-03	9.578581e-01	5.431056e-02	2.306225e-02	3.124831e-02
629           	-4.192478e-03	9.649614e-01	5.833802e-02	2.497653e-02	3.336149e-02
630           	-4.279607e-03	9.728325e-01	6.120462e-02	2.632270e-02	3.488192e-02
631           	-4.341805e-03	9.801631e-01	6.411281e-02	2.771460e-02	3.639821e-02
632           	-4.375557e-03	9.865026e-01	6.770115e-02	2.947502e-02	3.822613e-02
633           	-4.381942e-03	9.914253e-01	7.220504e-02	3.172058e-02	4.048446e-02
634           	-4.360302e-03	9.940693e-01	7.747576e-02	3.437758e-02	4.309818e-02
635           	-4.316624e-03	9.941111e-01	8.311688e-02	3.724182e-02	4.587506e-02
636           	-4.257347e-03	9.919787e-01	8.868634e-02	4.008583e-02	4.860052e-02
637           	-4.188928e-03	9.883224e-01	9.347224e-02	4.254719e-02	5.092505e-02
638           	-4.113891e-03	9.832890e-01	9.671513e-02	4.424368e-02	5.247146e-02
639           	-4.034533e-03	9.770480e-01	9.779341e-02	4.486217e-02	5.293124e-02
640           	-3.954855e-03	9.701684e-01	9.637951e-02	4.423490e-02	5.214461e-02
641           	-3.879525e-03	9.636767e-01	9.256515e-02	4.240305e-02	5.016210e-02
642           	-3.810126e-03	9.576136e-01	8.724680e-02	3.981327e-02	4.743352e-02
643           	-3.738633e-03	9.512993e-01	8.115584e-02	3.683929e-02	4.431656e-02
644           	-3.668781e-03	9.448833e-01	7.590941e-02	3.428592e-02	4.162348e-02
645           	-3.613820e-03	9.398663e-01	7.226325e-02	3.251780e-02	3.974544e-02
646           	-3.587058e-03	9.376606e-01	6.978995e-02	3.130792e-02	3.848203e-02
647           	-3.592955e-03	9.381655e-01	6.823815e-02	3.052612e-02	3.771203e-02
648           	-3.616730e-03	9.397748e-01	6.770927e-02	3.023791e-02	3.747136e-02
649           	-3.650197e-03	9.430246e-01	6.841419e-02	3.055690e-02	3.785729e-02
650           	-3.693058e-03	9.495415e-01	6.976247e-02	3.118818e-02	3.857429e-02
651           	-3.734195e-03	9.582844e-01	7.024985e-02	3.139073e-02	3.885912e-02
652           	-3.754884e-03	9.655982e-01	6.967543e-02	3.108283e-02	3.859260e-02
653           	-3.747422e-03	9.681741e-01	6.741170e-02	2.995843e-02	3.745327e-02
654           	-3.716150e-03	9.644531e-01	6.367595e-02	2.812182e-02	3.555412e-02
655           	-3.687940e-03	9.575856e-01	5.962280e-02	2.612346e-02	3.349934e-02
656           	-3.685898e-03	9.509502e-01	5.593575e-02	2.428198e-02	3.165377e-02
657           	-3.719501e-03	9.468118e-01	5.259173e-02	2.257637e-02	3.001537e-02
658           	-3.784512e-03	9.453507e-01	5.009376e-02	2.126237e-02	2.883139e-02
659           	-3.875253e-03	9.468749e-01	4.875355e-02	2.050152e-02	2.825203e-02
660           	-3.982615e-03	9.514737e-01	4.854592e-02	2.029034e-02	2.825557e-02
661           	-4.094733e-03	9.586646e-01	4.888775e-02	2.034914e-02	2.853861e-02
662           	-4.193229e-03	9.662814e-01	4.904613e-02	2.032984e-02	2.871629e-02
663           	-4.275953e-03	9.734969e-01	4.875250e-02	2.010030e-02	2.865220e-02
664           	-4.341156e-03	9.798106e-01	4.818000e-02	1.974884e-02	2.843115e-02
665           	-4.386507e-03	9.849811e-01	4.779185e-02	1.950942e-02	2.828243e-02
666           	-4.409314e-03	9.886976e-01	4.787332e-02	1.952735e-02	2.834598e-02
667           	-4.404060e-03	9.903020e-01	4.901076e-02	2.010132e-02	2.890944e-02
668           	-4.366776e-03	9.895560e-01	5.189719e-02	2.158182e-02	3.031537e-02
669           	-4.303261e-03	9.871744e-01	5.669508e-02	2.404428e-02	3.265080e-02
670           	-4.226022e-03	9.843318e-01	6.275601e-02	2.715198e-02	3.560403e-02
671           	-4.141598e-03	9.813208e-01	6.903431e-02	3.037556e-02	3.865875e-02
672           	-4.054992e-03	9.779300e-01	7.429272e-02	3.309137e-02	4.120135e-02
673           	-3.970774e-03	9.741080e-01	7.776186e-02	3.491016e-02	4.285170e-02
674           	-3.897069e-03	9.705351e-01	7.908461e-02	3.564524e-02	4.343937e-02
675           	-3.835034e-03	9.675635e-01	7.828484e-02	3.530739e-02	4.297745e-02
676           	-3.779294e-03	9.644619e-01	7.542863e-02	3.393502e-02	4.149361e-02
677           	-3.729010e-03	9.608036e-01	7.076467e-02	3.165333e-02	3.911135e-02
678           	-3.682470e-03	9.565553e-01	6.450313e-02	2.856910e-02	3.593404e-02
679           	-3.640912e-03	9.523067e-01	5.739299e-02	2.505558e-02	3.233741e-02
680           	-3.612387e-03	9.494281e-01	5.036314e-02	2.156919e-02	2.879396e-02
681           	-3.603810e-03	9.488661e-01	4.388642e-02	1.833940e-02	2.554702e-02
682           	-3.618064e-03	9.514390e-01	3.823995e-02	1.550191e-02	2.273804e-02
683           	-3.646247e-03	9.564180e-01	3.341970e-02	1.306360e-02	2.035610e-02
684           	-3.663374e-03	9.609627e-01	2.965226e-02	1.116276e-02	1.848951e-02
685           	-3.658561e-03	9.632364e-01	2.721004e-02	9.946459e-03	1.726358e-02
686           	-3.634534e-03	9.623672e-01	2.719045e-02	9.960691e-03	1.722976e-02
687           	-3.596094e-03	9.578927e-01	3.018632e-02	1.149707e-02	1.868926e-02
688           	-3.562058e-03	9.518859e-01	3.589044e-02	1.438316e-02	2.150728e-02
689           	-3.553282e-03	9.464770e-01	4.328693e-02	1.809018e-02	2.519675e-02
690           	-3.583098e-03	9.427753e-01	5.079264e-02	2.181322e-02	2.897942e-02
691           	-3.649988e-03	9.410512e-01	5.601633e-02	2.435818e-02	3.165815e-02
692           	-3.748322e-03	9.409840e-01	5.826495e-02	2.538415e-02	3.288079e-02
693           	-3.871306e-03	9.426231e-01	5.726012e-02	2.475875e-02	3.250137e-02
694           	-4.009560e-03	9.465440e-01	5.292208e-02	2.245148e-02	3.047060e-02
695           	-4.153851e-03	9.535379e-01	4.597953e-02	1.883591e-02	2.714362e-02
696           	-4.275847e-03	9.620182e-01	3.897322e-02	1.521076e-02	2.376245e-02
697           	-4.347689e-03	9.689907e-01	3.533014e-02	1.331738e-02	2.201276e-02
698           	-4.359095e-03	9.732557e-01	3.678443e-02	1.403312e-02	2.275131e-02
699           	-4.321344e-03	9.751572e-01	4.216880e-02	1.676306e-02	2.540574e-02
700           	-4.254190e-03	9.753139e-01	4.952981e-02	2.051071e-02	2.901909e-02
701           	-4.173816e-03	9.744258e-01	5.715605e-02	2.440421e-02	3.275184e-02
702           	-4.089261e-03	9.723683e-01	6.355799e-02	2.768973e-02	3.586826e-02
703           	-4.001596e-03	9.685511e-01	6.793854e-02	2.996767e-02	3.797087e-02
704           	-3.921740e-03	9.637381e-01	7.007776e-02	3.111714e-02	3.896062e-02
705           	-3.855527e-03	9.591399e-01	7.020689e-02	3.124792e-02	3.895897e-02
706           	-3.807126e-03	9.560522e-01	6.881748e-02	3.060161e-02	3.821586e-02
707           	-3.774339e-03	9.548499e-01	6.700775e-02	2.972954e-02	3.727821e-02
708           	-3.745692e-03	9.542992e-01	6.534326e-02	2.892594e-02	3.641732e-02
709           	-3.711141e-03	9.532020e-01	6.395770e-02	2.826771e-02	3.568999e-02
710           	-3.668533e-03	9.510706e-01	6.261469e-02	2.763881e-02	3.497588e-02
711           	-3.629896e-03	9.495285e-01	6.062763e-02	2.668392e-02	3.394371e-02
712           	-3.614863e-03	9.503094e-01	5.773277e-02	2.525152e-02	3.248125e-02
713           	-3.625970e-03	9.537105e-01	5.427202e-02	2.351004e-02	3.076198e-02
714           	-3.651736e-03	9.589696e-01	5.063680e-02	2.166666e-02	2.897014e-02
715           	-3.680362e-03	9.657160e-01	4.633357e-02	1.948642e-02	2.684714e-02
716           	-3.691951e-03	9.713167e-01	3.967637e-02	1.614623e-02	2.353013e-02
717           	-3.660407e-03	9.715199e-01	3.069426e-02	1.168672e-02	1.900753e-02
718           	-3.578248e-03	9.632332e-01	2.262580e-02	7.734650e-03	1.489115e-02
719           	-3.480743e-03	9.496936e-01	1.721139e-02	5.124950e-03	1.208644e-02
720           	-3.403990e-03	9.359477e-01	1.411260e-02	3.652308e-03	1.046029e-02
721           	-3.360734e-03	9.246020e-01	1.252045e-02	2.899492e-03	9.620961e-03
722           	-3.360269e-03	9.169922e-01	1.211542e-02	2.697441e-03	9.417980e-03
723           	-3.409498e-03	9.144427e-01	1.335939e-02	3.270199e-03	1.008920e-02
724           	-3.504064e-03	9.174897e-01	1.618334e-02	4.587606e-03	1.159573e-02
725           	-3.636187e-03	9.262517e-01	2.105405e-02	6.890837e-03	1.416321e-02
726           	-3.793475e-03	9.397328e-01	2.793385e-02	1.017345e-02	1.776040e-02
727           	-3.954431e-03	9.554074e-01	3.585957e-02	1.397536e-02	2.188422e-02
728           	-4.099993e-03	9.708047e-01	4.447389e-02	1.813695e-02	2.633694e-02
729           	-4.217339e-03	9.841407e-01	5.281936e-02	2.219234e-02	3.062702e-02
730           	-4.306399e-03	9.949963e-01	5.970338e-02	2.554529e-02	3.415809e-02
731           	-4.371882e-03	1.003507e+00	6.432771e-02	2.779197e-02	3.653574e-02
732           	-4.409798e-03	1.008621e+00	6.631052e-02	2.874546e-02	3.756506e-02
733           	-4.427382e-03	1.010739e+00	6.587737e-02	2.851130e-02	3.736607e-02
734           	-4.432982e-03	1.010464e+00	6.329152e-02	2.721278e-02	3.607874e-02
735           	-4.434075e-03	1.009135e+00	5.937374e-02	2.525279e-02	3.412094e-02
736           	-4.433966e-03	1.007611e+00	5.560936e-02	2.337072e-02	3.223865e-02
737           	-4.429643e-03	1.006615e+00	5.355293e-02	2.234682e-02	3.120611e-02
738           	-4.417617e-03	1.007236e+00	5.421731e-02	2.269104e-02	3.152627e-02
739           	-4.385661e-03	1.009063e+00	5.802799e-02	2.462833e-02	3.339966e-02
740           	-4.319811e-03	1.010176e+00	6.551417e-02	2.843727e-02	3.707690e-02
741           	-4.217965e-03	1.008231e+00	7.664931e-02	3.410669e-02	4.254262e-02
742           	-4.100746e-03	1.002913e+00	9.068500e-02	4.124176e-02	4.944325e-02
743           	-3.981495e-03	9.951166e-01	1.063514e-01	4.919419e-02	5.715718e-02
744           	-3.871740e-03	9.853887e-01	1.224556e-01	5.735607e-02	6.509955e-02
745           	-3.783597e-03	9.757326e-01	1.354835e-01	6.395814e-02	7.152534e-02
746           	-3.717724e-03	9.661881e-01	1.410755e-01	6.682004e-02	7.425548e-02
747           	-3.672867e-03	9.572330e-01	1.377792e-01	6.521673e-02	7.256246e-02
748           	-3.637592e-03	9.480636e-01	1.247332e-01	5.872900e-02	6.600418e-02
749           	-3.607090e-03	9.393144e-01	1.022112e-01	4.749850e-02	5.471268e-02
750           	-3.574997e-03	9.308026e-01	7.346665e-02	3.315833e-02	4.030832e-02
751           	-3.541351e-03	9.236011e-01	4.465506e-02	1.878618e-02	2.586888e-02
752           	-3.514203e-03	9.191955e-01	1.876369e-02	5.867641e-03	1.289605e-02
753           	-3.501225e-03	9.181197e-01	-4.614048e-03	-5.808249e-03	1.194201e-03
754           	-3.506450e-03	9.194671e-01	-2.422419e-02	-1.561854e-02	-8.605645e-03
755           	-3.522787e-03	9.211339e-01	-3.789922e-02	-2.247240e-02	-1.542682e-02
756           	-3.542670e-03	9.216000e-01	-4.673485e-02	-2.691009e-02	-1.982475e-02
757           	-3.574831e-03	9.220511e-01	-5.256081e-02	-2.985524e-02	-2.270557e-02
758           	-3.627521e-03	9.237156e-01	-5.596906e-02	-3.161205e-02	-2.435701e-02
759           	-3.697081e-03	9.272748e-01	-5.661639e-02	-3.200528e-02	-2.461111e-02
760           	-3.771186e-03	9.320917e-01	-5.410585e-02	-3.082411e-02	-2.328174e-02
761           	-3.845440e-03	9.382094e-01	-4.780970e-02	-2.775029e-02	-2.005941e-02
762           	-3.921914e-03	9.459194e-01	-3.767928e-02	-2.276155e-02	-1.491772e-02
763           	-4.005000e-03	9.555605e-01	-2.377432e-02	-1.589216e-02	-7.882159e-03
764           	-4.092624e-03	9.664127e-01	-6.823358e-03	-7.504303e-03	6.809446e-04
765           	-4.167377e-03	9.759721e-01	1.191255e-02	1.788896e-03	1.012365e-02
766           	-4.214326e-03	9.825745e-01	2.958603e-02	1.057869e-02	1.900734e-02
767           	-4.233754e-03	9.865528e-01	4.472744e-02	1.812997e-02	2.659747e-02
768           	-4.235659e-03	9.892971e-01	5.674865e-02	2.413867e-02	3.260999e-02
769           	-4.225969e-03	9.913302e-01	6.541065e-02	2.847935e-02	3.693129e-02
770           	-4.204548e-03	9.922098e-01	7.087544e-02	3.123317e-02	3.964227e-02
771           	-4.168132e-03	9.909817e-01	7.341831e-02	3.254102e-02	4.087729e-02
772           	-4.118708e-03	9.874728e-01	7.433754e-02	3.305006e-02	4.128748e-02
773           	-4.058831e-03	9.823357e-01	7.510165e-02	3.349199e-02	4.160966e-02
774           	-3.991347e-03	9.764742e-01	7.680509e-02	3.441120e-02	4.239389e-02
775           	-3.917707e-03	9.705699e-01	8.011300e-02	3.613879e-02	4.397421e-02
776           	-3.844857e-03	9.654093e-01	8.516198e-02	3.873613e-02	4.642585e-02
777           	-3.782831e-03	9.619174e-01	9.132769e-02	4.188101e-02	4.944668e-02
778           	-3.734377e-03	9.596993e-01	9.763451e-02	4.508288e-02	5.255163e-02
779           	-3.696917e-03	9.578775e-01	1.029292e-01	4.776770e-02	5.516154e-02
780           	-3.667869e-03	9.558987e-01	1.067926e-01	4.972842e-02	5.706416e-02
781           	-3.648412e-03	9.537626e-01	1.084703e-01	5.058676e-02	5.788358e-02
782           	-3.644070e-03	9.525333e-01	1.073539e-01	5.003288e-02	5.732102e-02
783           	-3.654205e-03	9.519162e-01	1.030530e-01	4.787227e-02	5.518068e-02
784           	-3.675873e-03	9.519913e-01	9.617666e-02	4.441245e-02	5.176420e-02
785           	-3.700976e-03	9.521171e-01	8.673988e-02	3.966896e-02	4.707091e-02
786           	-3.729616e-03	9.518120e-01	7.305970e-02	3.280024e-02	4.025947e-02
787           	-3.765266e-03	9.518805e-01	5.554605e-02	2.400776e-02	3.153829e-02
788           	-3.802647e-03	9.523260e-01	3.489751e-02	1.364611e-02	2.125140e-02
789           	-3.833592e-03	9.528100e-01	1.320750e-02	2.770158e-03	1.043734e-02
790           	-3.849370e-03	9.521760e-01	-6.668159e-03	-7.183449e-03	5.152903e-04
791           	-3.846455e-03	9.498477e-01	-2.191356e-02	-1.480324e-02	-7.110326e-03
792           	-3.832289e-03	9.467262e-01	-3.009146e-02	-1.887802e-02	-1.121344e-02
793           	-3.823063e-03	9.444405e-01	-2.950420e-02	-1.857516e-02	-1.092904e-02
794           	-3.836268e-03	9.444004e-01	-1.952207e-02	-1.359730e-02	-5.924767e-03
795           	-3.882940e-03	9.467725e-01	-1.260889e-03	-4.513385e-03	3.252495e-03
796           	-3.961654e-03	9.509470e-01	2.076205e-02	6.419368e-03	1.434268e-02
797           	-4.050860e-03	9.556445e-01	4.150472e-02	1.670150e-02	2.480322e-02
798           	-4.126412e-03	9.593580e-01	5.927781e-02	2.551249e-02	3.376532e-02
799           	-4.178081e-03	9.616361e-01	7.307690e-02	3.236037e-02	4.071653e-02
800           	-4.202055e-03	9.626467e-01	8.220727e-02	3.690158e-02	4.530569e-02
801           	-4.199696e-03	9.628755e-01	8.630656e-02	3.895358e-02	4.735298e-02
802           	-4.169576e-03	9.621683e-01	8.719508e-02	3.942797e-02	4.776712e-02
803           	-4.118978e-03	9.598226e-01	8.740835e-02	3.958520e-02	4.782315e-02
804           	-4.058730e-03	9.562099e-01	8.840960e-02	4.014607e-02	4.826353e-02
805           	-3.996343e-03	9.521665e-01	9.092678e-02	4.146705e-02	4.945973e-02
806           	-3.935803e-03	9.484806e-01	9.531112e-02	4.371976e-02	5.159136e-02
807           	-3.880591e-03	9.459111e-01	1.014159e-01	4.682735e-02	5.458853e-02
808           	-3.831205e-03	9.445798e-01	1.087347e-01	5.053615e-02	5.819855e-02
809           	-3.788720e-03	9.446687e-01	1.159313e-01	5.417692e-02	6.175437e-02
810           	-3.748687e-03	9.454106e-01	1.216984e-01	5.710049e-02	6.459787e-02
811           	-3.709323e-03	9.461412e-01	1.245071e-01	5.854420e-02	6.596285e-02
812           	-3.674891e-03	9.468728e-01	1.232063e-01	5.792823e-02	6.527802e-02
813           	-3.650188e-03	9.482588e-01	1.170137e-01	5.485667e-02	6.215705e-02
814           	-3.640024e-03	9.511795e-01	1.057596e-01	4.923979e-02	5.651984e-02
815           	-3.648395e-03	9.567927e-01	8.988715e-02	4.129518e-02	4.859197e-02
816           	-3.667563e-03	9.646072e-01	7.065327e-02	3.165907e-02	3.899420e-02
817           	-3.677514e-03	9.714136e-01	5.200920e-02	2.232709e-02	2.968212e-02
818           	-3.674237e-03	9.766023e-01	3.522616e-02	1.393884e-02	2.128732e-02
819           	-3.654168e-03	9.793392e-01	2.173523e-02	7.213446e-03	1.452178e-02
820           	-3.617570e-03	9.792220e-01	1.278840e-02	2.776631e-03	1.001177e-02
821           	-3.573050e-03	9.756540e-01	9.522444e-03	1.188172e-03	8.334272e-03
822           	-3.536383e-03	9.682621e-01	1.183748e-02	2.382356e-03	9.455122e-03
823           	-3.525290e-03	9.586077e-01	1.888201e-02	5.915715e-03	1.296629e-02
824           	-3.569253e-03	9.520659e-01	2.930877e-02	1.108513e-02	1.822364e-02
825           	-3.650558e-03	9.498713e-01	4.016061e-02	1.642975e-02	2.373086e-02
826           	-3.748077e-03	9.504857e-01	5.016796e-02	2.133590e-02	2.883206e-02
827           	-3.832225e-03	9.505067e-01	5.827125e-02	2.530340e-02	3.296785e-02
828           	-3.892672e-03	9.488761e-01	6.371735e-02	2.796600e-02	3.575135e-02
829           	-3.945522e-03	9.478389e-01	6.657832e-02	2.934364e-02	3.723468e-02
830           	-4.005872e-03	9.508098e-01	6.722340e-02	2.960583e-02	3.761757e-02
831           	-4.054007e-03	9.556592e-01	6.757152e-02	2.973175e-02	3.783977e-02
832           	-4.077645e-03	9.587953e-01	6.877809e-02	3.031140e-02	3.846669e-02
833           	-4.086197e-03	9.609219e-01	6.960786e-02	3.071773e-02	3.889013e-02
834           	-4.085341e-03	9.627864e-01	6.919088e-02	3.051010e-02	3.868078e-02
835           	-4.079695e-03	9.657850e-01	6.822481e-02	3.003271e-02	3.819210e-02
836           	-4.070818e-03	9.696401e-01	6.842970e-02	3.014403e-02	3.828567e-02
837           	-4.056565e-03	9.734584e-01	7.073300e-02	3.130994e-02	3.942307e-02
838           	-4.043874e-03	9.769671e-01	7.575668e-02	3.383446e-02	4.192221e-02
839           	-4.045398e-03	9.806804e-01	8.420973e-02	3.805946e-02	4.615026e-02
840           	-4.063892e-03	9.846972e-01	9.518011e-02	4.352616e-02	5.165395e-02
841           	-4.086062e-03	9.882330e-01	1.061513e-01	4.898958e-02	5.716171e-02
842           	-4.100630e-03	9.910647e-01	1.152221e-01	5.351042e-02	6.171168e-02
843           	-4.099670e-03	9.928498e-01	1.210561e-01	5.642840e-02	6.462774e-02
844           	-4.077511e-03	9.934731e-01	1.220618e-01	5.695339e-02	6.510841e-02
845           	-4.028528e-03	9.918644e-01	1.167302e-01	5.433657e-02	6.239362e-02
846           	-3.960489e-03	9.882394e-01	1.043959e-01	4.823744e-02	5.615842e-02
847           	-3.894041e-03	9.851317e-01	8.602894e-02	3.912043e-02	4.690851e-02
848           	-3.839158e-03	9.833733e-01	6.578902e-02	2.905535e-02	3.673367e-02
849           	-3.788485e-03	9.829820e-01	4.657182e-02	1.949743e-02	2.707440e-02
850           	-3.726818e-03	9.817066e-01	3.222900e-02	1.238768e-02	1.984132e-02
851           	-3.637148e-03	9.770521e-01	2.474582e-02	8.735760e-03	1.601006e-02
852           	-3.529947e-03	9.694435e-01	2.626607e-02	9.603088e-03	1.666298e-02
853           	-3.435835e-03	9.613237e-01	3.632975e-02	1.472904e-02	2.160071e-02
854           	-3.375670e-03	9.539043e-01	5.101402e-02	2.213134e-02	2.888268e-02
855           	-3.354040e-03	9.474458e-01	6.536779e-02	2.932986e-02	3.603794e-02
856           	-3.368856e-03	9.422614e-01	7.394685e-02	3.360457e-02	4.034228e-02
857           	-3.420714e-03	9.393947e-01	7.341305e-02	3.328581e-02	4.012724e-02
858           	-3.505434e-03	9.390916e-01	6.141658e-02	2.720286e-02	3.421372e-02
859           	-3.606361e-03	9.404960e-01	3.614472e-02	1.446600e-02	2.167872e-02
860           	-3.698799e-03	9.434170e-01	-2.056660e-04	-3.801632e-03	3.595966e-03
861           	-3.757264e-03	9.455299e-01	-3.933925e-02	-2.342689e-02	-1.591236e-02
862           	-3.788109e-03	9.469941e-01	-7.020442e-02	-3.889032e-02	-3.131410e-02
863           	-3.806590e-03	9.481989e-01	-8.849607e-02	-4.805462e-02	-4.044144e-02
864           	-3.810641e-03	9.487252e-01	-9.507009e-02	-5.134569e-02	-4.372440e-02
865           	-3.788979e-03	9.465946e-01	-8.823765e-02	-4.790780e-02	-4.032984e-02
866           	-3.768591e-03	9.431933e-01	-6.413167e-02	-3.583442e-02	-2.829724e-02
867           	-3.796905e-03	9.416166e-01	-2.734081e-02	-1.746731e-02	-9.873503e-03
868           	-3.893926e-03	9.454207e-01	1.250094e-02	2.356546e-03	1.014440e-02
869           	-4.038863e-03	9.550751e-01	4.861787e-02	2.027007e-02	2.834780e-02
870           	-4.192979e-03	9.676353e-01	7.932188e-02	3.546796e-02	4.385392e-02
871           	-4.318533e-03	9.798709e-01	1.043542e-01	4.785858e-02	5.649565e-02
872           	-4.390274e-03	9.891987e-01	1.238955e-01	5.755749e-02	6.633804e-02
873           	-4.402947e-03	9.938786e-01	1.381417e-01	6.466791e-02	7.347380e-02
874           	-4.367846e-03	9.941229e-01	1.474741e-01	6.936922e-02	7.810491e-02
875           	-4.300549e-03	9.913092e-01	1.520993e-01	7.174911e-02	8.035021e-02
876           	-4.222358e-03	9.873006e-01	1.514550e-01	7.150515e-02	7.994986e-02
877           	-4.147886e-03	9.833390e-01	1.464765e-01	6.909036e-02	7.738613e-02
878           	-4.078349e-03	9.794959e-01	1.394593e-01	6.565130e-02	7.380799e-02
879           	-4.004426e-03	9.747076e-01	1.322264e-01	6.210875e-02	7.011760e-02
880           	-3.925395e-03	9.691759e-01	1.254888e-01	5.881901e-02	6.666980e-02
881           	-3.850868e-03	9.643047e-01	1.191007e-01	5.569947e-02	6.340121e-02
882           	-3.785480e-03	9.606934e-01	1.122724e-01	5.235074e-02	5.992170e-02
883           	-3.729425e-03	9.584184e-01	1.045189e-01	4.853002e-02	5.598886e-02
884           	-3.683946e-03	9.576977e-01	9.615831e-02	4.439521e-02	5.176310e-02
885           	-3.652775e-03	9.589397e-01	8.776246e-02	4.022845e-02	4.753400e-02
886           	-3.631468e-03	9.610749e-01	7.959987e-02	3.616847e-02	4.343140e-02
887           	-3.611817e-03	9.626000e-01	7.172471e-02	3.225054e-02	3.947417e-02
888           	-3.582516e-03	9.616274e-01	6.476175e-02	2.879836e-02	3.596339e-02
889           	-3.539264e-03	9.570696e-01	5.929154e-02	2.610651e-02	3.318503e-02
890           	-3.493205e-03	9.502451e-01	5.519224e-02	2.410292e-02	3.108933e-02
891           	-3.456443e-03	9.426715e-01	5.261332e-02	2.285022e-02	2.976310e-02
892           	-3.437371e-03	9.363547e-01	5.078418e-02	2.195472e-02	2.882946e-02
893           	-3.446228e-03	9.324384e-01	4.877104e-02	2.093929e-02	2.783175e-02
894           	-3.492564e-03	9.312831e-01	4.563727e-02	1.932607e-02	2.631120e-02
895           	-3.581326e-03	9.322124e-01	4.066025e-02	1.674880e-02	2.391145e-02
896           	-3.698352e-03	9.340857e-01	3.448837e-02	1.354583e-02	2.094253e-02
897           	-3.825441e-03	9.363005e-01	2.859488e-02	1.047200e-02	1.812288e-02
898           	-3.955458e-03	9.397665e-01	2.424035e-02	8.164717e-03	1.607563e-02
899           	-4.069518e-03	9.446420e-01	2.269698e-02	7.278974e-03	1.541801e-02
900           	-4.157014e-03	9.502795e-01	2.465880e-02	8.172385e-03	1.648641e-02
901           	-4.231839e-03	9.574546e-01	3.031703e-02	1.092668e-02	1.939035e-02
902           	-4.295920e-03	9.666274e-01	3.919838e-02	1.530327e-02	2.389511e-02
903           	-4.341808e-03	9.772636e-01	4.902465e-02	2.017052e-02	2.885413e-02
904           	-4.363869e-03	9.873958e-01	5.763357e-02	2.445291e-02	3.318065e-02
905           	-4.356524e-03	9.953300e-01	6.495318e-02	2.812007e-02	3.683311e-02
906           	-4.314022e-03	9.985792e-01	7.120942e-02	3.129069e-02	3.991873e-02
907           	-4.240928e-03	9.948491e-01	7.762809e-02	3.457312e-02	4.305497e-02
908           	-4.148075e-03	9.847261e-01	8.533899e-02	3.852142e-02	4.681757e-02
909           	-4.050482e-03	9.714074e-01	9.529381e-02	4.359642e-02	5.169738e-02
910           	-3.973342e-03	9.590899e-01	1.070184e-01	4.953588e-02	5.748256e-02
911           	-3.927666e-03	9.504065e-01	1.188241e-01	5.548441e-02	6.333974e-02
912           	-3.904072e-03	9.451921e-01	1.296460e-01	6.091892e-02	6.872706e-02
913           	-3.890823e-03	9.425962e-01	1.391491e-01	6.568374e-02	7.346539e-02
914           	-3.878772e-03	9.420770e-01	1.464488e-01	6.934562e-02	7.710316e-02
915           	-3.861297e-03	9.430795e-01	1.507883e-01	7.153284e-02	7.925543e-02
916           	-3.833269e-03	9.451606e-01	1.517900e-01	7.206174e-02	7.972828e-02
917           	-3.791705e-03	9.478994e-01	1.491441e-01	7.078035e-02	7.836376e-02
918           	-3.721173e-03	9.490408e-01	1.412989e-01	6.692828e-02	7.437063e-02
919           	-3.618621e-03	9.467283e-01	1.261111e-01	5.943693e-02	6.667418e-02
920           	-3.502034e-03	9.405817e-01	1.037020e-01	4.834898e-02	5.535305e-02
921           	-3.383426e-03	9.308292e-01	7.818978e-02	3.571146e-02	4.247831e-02
922           	-3.276218e-03	9.193648e-01	5.392528e-02	2.368642e-02	3.023886e-02
923           	-3.191823e-03	9.085954e-01	3.322854e-02	1.342245e-02	1.980609e-02
924           	-3.136800e-03	9.004909e-01	1.697169e-02	5.349044e-03	1.162264e-02
925           	-3.105382e-03	8.952254e-01	5.416184e-03	-3.972896e-04	5.813474e-03
926           	-3.091579e-03	8.924638e-01	-9.521774e-04	-3.567667e-03	2.615490e-03
927           	-3.107896e-03	8.937735e-01	-1.559616e-03	-3.887704e-03	2.328088e-03
928           	-3.164718e-03	8.999796e-01	4.314364e-03	-1.007536e-03	5.321900e-03
929           	-3.259457e-03	9.097705e-01	1.583427e-02	4.657679e-03	1.117659e-02
930           	-3.375051e-03	9.198315e-01	2.955704e-02	1.140347e-02	1.815357e-02
931           	-3.492240e-03	9.275111e-01	4.237780e-02	1.769666e-02	2.468114e-02
932           	-3.604022e-03	9.322750e-01	5.306963e-02	2.293079e-02	3.013884e-02
933           	-3.712262e-03	9.347555e-01	6.133808e-02	2.695678e-02	3.438130e-02
934           	-3.819259e-03	9.363841e-01	6.707368e-02	2.971758e-02	3.735610e-02
935           	-3.927934e-03	9.392528e-01	7.030056e-02	3.122234e-02	3.907821e-02
936           	-4.038011e-03	9.447985e-01	7.126939e-02	3.159668e-02	3.967271e-02
937           	-4.143760e-03	9.529747e-01	7.061503e-02	3.116376e-02	3.945128e-02
938           	-4.232392e-03	9.624436e-01	6.864277e-02	3.008899e-02	3.855378e-02
939           	-4.294056e-03	9.715349e-01	6.539512e-02	2.840351e-02	3.699162e-02
940           	-4.326540e-03	9.789363e-01	6.100679e-02	2.617685e-02	3.482993e-02
941           	-4.331684e-03	9.837145e-01	5.604366e-02	2.369015e-02	3.235351e-02
942           	-4.313008e-03	9.852380e-01	5.158104e-02	2.147751e-02	3.010353e-02
943           	-4.278171e-03	9.841964e-01	4.838979e-02	1.991673e-02	2.847307e-02
944           	-4.235177e-03	9.814909e-01	4.691588e-02	1.922276e-02	2.769312e-02
945           	-4.195850e-03	9.781537e-01	4.694375e-02	1.927603e-02	2.766773e-02
946           	-4.164641e-03	9.747196e-01	4.773708e-02	1.970390e-02	2.803318e-02
947           	-4.145202e-03	9.722268e-01	4.836468e-02	2.003714e-02	2.832754e-02
948           	-4.131436e-03	9.709573e-01	4.866435e-02	2.020074e-02	2.846361e-02
949           	-4.118888e-03	9.711542e-01	4.917132e-02	2.046677e-02	2.870455e-02
950           	-4.100194e-03	9.728058e-01	5.097592e-02	2.138776e-02	2.958815e-02
951           	-4.069162e-03	9.756575e-01	5.507077e-02	2.346622e-02	3.160455e-02
952           	-4.014552e-03	9.781454e-01	6.256317e-02	2.726703e-02	3.529614e-02
953           	-3.929217e-03	9.778496e-01	7.416057e-02	3.315107e-02	4.100950e-02
954           	-3.815613e-03	9.730690e-01	8.981615e-02	4.109246e-02	4.872369e-02
955           	-3.697260e-03	9.641170e-01	1.061510e-01	4.937822e-02	5.677274e-02
956           	-3.592502e-03	9.528921e-01	1.186505e-01	5.573273e-02	6.291773e-02
957           	-3.515792e-03	9.426469e-01	1.249201e-01	5.894426e-02	6.597584e-02
958           	-3.467704e-03	9.347345e-01	1.250340e-01	5.904927e-02	6.598468e-02
959           	-3.448084e-03	9.299147e-01	1.205168e-01	5.681034e-02	6.370651e-02
960           	-3.449710e-03	9.278705e-01	1.127178e-01	5.290917e-02	5.980859e-02
961           	-3.465799e-03	9.277496e-01	1.012117e-01	4.714004e-02	5.407164e-02
962           	-3.479504e-03	9.277975e-01	8.812408e-02	4.058254e-02	4.754155e-02
963           	-3.487096e-03	9.273256e-01	7.654684e-02	3.478632e-02	4.176051e-02
964           	-3.497844e-03	9.270011e-01	6.742459e-02	3.021445e-02	3.721014e-02
965           	-3.509256e-03	9.258098e-01	6.017756e-02	2.657952e-02	3.359803e-02
966           	-3.517701e-03	9.234180e-01	5.364350e-02	2.330405e-02	3.033945e-02
967           	-3.528373e-03	9.204067e-01	4.745557e-02	2.019941e-02	2.725616e-02
968           	-3.552583e-03	9.183100e-01	4.178460e-02	1.733972e-02	2.444488e-02
969           	-3.597470e-03	9.186355e-01	3.703070e-02	1.491788e-02	2.211282e-02
970           	-3.659279e-03	9.208129e-01	3.342863e-02	1.305503e-02	2.037359e-02
971           	-3.733663e-03	9.238529e-01	3.093520e-02	1.173394e-02	1.920126e-02
972           	-3.816822e-03	9.275323e-01	2.922614e-02	1.079625e-02	1.842989e-02
973           	-3.903011e-03	9.320271e-01	2.821102e-02	1.020250e-02	1.800852e-02
974           	-3.988045e-03	9.376773e-01	2.840969e-02	1.021680e-02	1.819289e-02
975           	-4.064546e-03	9.441603e-01	3.028866e-02	1.107979e-02	1.920888e-02
976           	-4.127379e-03	9.509935e-01	3.415151e-02	1.294838e-02	2.120313e-02
977           	-4.174003e-03	9.575765e-01	3.977786e-02	1.571493e-02	2.406293e-02
978           	-4.204967e-03	9.638560e-01	4.636928e-02	1.897967e-02	2.738961e-02
979           	-4.220808e-03	9.695765e-01	5.302778e-02	2.229308e-02	3.073470e-02
980           	-4.221060e-03	9.744889e-01	5.925781e-02	2.540784e-02	3.384996e-02
981           	-4.199815e-03	9.775234e-01	6.511467e-02	2.835752e-02	3.675715e-02
982           	-4.154080e-03	9.776629e-01	7.044982e-02	3.107083e-02	3.937899e-02
983           	-4.090943e-03	9.751986e-01	7.486042e-02	3.333927e-02	4.152115e-02
984           	-4.017574e-03	9.706489e-01	7.779800e-02	3.488143e-02	4.291658e-02
985           	-3.939363e-03	9.646890e-01	7.901293e-02	3.556710e-02	4.344583e-02
986           	-3.859440e-03	9.579186e-01	7.860823e-02	3.544468e-02	4.316356e-02
987           	-3.782263e-03	9.509096e-01	7.708093e-02	3.475820e-02	4.232273e-02
988           	-3.708602e-03	9.440587e-01	7.445759e-02	3.352019e-02	4.093740e-02
989           	-3.638385e-03	9.375528e-01	7.036702e-02	3.154512e-02	3.882189e-02
990           	-3.577769e-03	9.321849e-01	6.510670e-02	2.897558e-02	3.613112e-02
991           	-3.529696e-03	9.285185e-01	5.905239e-02	2.599650e-02	3.305589e-02
992           	-3.496743e-03	9.267313e-01	5.210785e-02	2.255718e-02	2.955067e-02
993           	-3.480074e-03	9.267357e-01	4.409892e-02	1.856938e-02	2.552953e-02
994           	-3.476314e-03	9.283246e-01	3.538996e-02	1.421867e-02	2.117129e-02
995           	-3.483222e-03	9.316673e-01	2.654125e-02	9.787402e-03	1.675385e-02
996           	-3.495408e-03	9.364481e-01	1.831984e-02	5.664511e-03	1.265533e-02
997           	-3.506497e-03	9.420505e-01	1.111308e-02	2.050042e-03	9.063037e-03
998           	-3.513038e-03	9.474416e-01	5.401212e-03	-8.124320e-04	6.213644e-03
999           	-3.517705e-03	9.520216e-01	1.680482e-03	-2.677464e-03	4.357946e-03
1000          	-3.526735e-03	9.551915e-01	6.117758e-04	-3.220847e-03	3.832623e-03
