# Force coefficients
# liftDir     : (0.000000e+00 0.000000e+00 1.000000e+00)
# dragDir     : (0.000000e+00 1.000000e+00 0.000000e+00)
# pitchAxis   : (1.000000e+00 0.000000e+00 0.000000e+00)
# magUInf     : 3.138958e-01
# lRef        : 4.000000e+00
# Aref        : 2.562000e-02
# CofR        : (0.000000e+00 0.000000e+00 0.000000e+00)
# Time        	Cm            	Cd            	Cl            	Cl(f)         	Cl(r)         
1             	-2.757345e-04	6.332052e-02	-6.896744e-03	-3.724107e-03	-3.172638e-03
2             	-2.295604e-03	5.938218e-01	-7.233987e-02	-3.846554e-02	-3.387433e-02
3             	-3.168295e-03	9.573445e-01	-7.586720e-02	-4.110189e-02	-3.476530e-02
4             	-2.920160e-03	1.036727e+00	-4.478404e-02	-2.531218e-02	-1.947186e-02
5             	-2.345266e-03	9.811719e-01	-5.338416e-03	-5.014474e-03	-3.239423e-04
6             	-1.983479e-03	9.080991e-01	1.493252e-02	5.482779e-03	9.449737e-03
7             	-1.676653e-03	8.261683e-01	3.657185e-02	1.660927e-02	1.996258e-02
8             	-1.608580e-03	7.760230e-01	4.249346e-02	1.963815e-02	2.285531e-02
9             	-1.698661e-03	7.604621e-01	4.195264e-02	1.927766e-02	2.267498e-02
10            	-1.836363e-03	7.688481e-01	3.767778e-02	1.700253e-02	2.067525e-02
11            	-1.968391e-03	7.840409e-01	3.288621e-02	1.447472e-02	1.841150e-02
12            	-2.103989e-03	8.038106e-01	2.699833e-02	1.139518e-02	1.560315e-02
13            	-2.250560e-03	8.294403e-01	1.758113e-02	6.540007e-03	1.104113e-02
14            	-2.348516e-03	8.484807e-01	5.119809e-03	2.113890e-04	4.908420e-03
15            	-2.397325e-03	8.556656e-01	-5.646606e-03	-5.220628e-03	-4.259779e-04
16            	-2.458245e-03	8.576593e-01	-1.462689e-02	-9.771688e-03	-4.855198e-03
17            	-2.544668e-03	8.591790e-01	-2.192269e-02	-1.350601e-02	-8.416679e-03
18            	-2.647516e-03	8.609943e-01	-2.728121e-02	-1.628812e-02	-1.099309e-02
19            	-2.754063e-03	8.626969e-01	-3.010291e-02	-1.780552e-02	-1.229739e-02
20            	-2.860105e-03	8.645560e-01	-2.973986e-02	-1.773003e-02	-1.200982e-02
21            	-2.969025e-03	8.672592e-01	-2.563513e-02	-1.578659e-02	-9.848542e-03
22            	-3.079152e-03	8.714766e-01	-1.717055e-02	-1.166443e-02	-5.506124e-03
23            	-3.169551e-03	8.766163e-01	-5.844405e-03	-6.091754e-03	2.473485e-04
24            	-3.222757e-03	8.810913e-01	5.670304e-03	-3.876052e-04	6.057909e-03
25            	-3.245014e-03	8.842658e-01	1.584374e-02	4.676854e-03	1.116688e-02
26            	-3.250497e-03	8.861759e-01	2.434952e-02	8.924260e-03	1.542526e-02
27            	-3.249553e-03	8.873340e-01	3.127790e-02	1.238940e-02	1.888850e-02
28            	-3.248614e-03	8.881772e-01	3.632327e-02	1.491302e-02	2.141025e-02
29            	-3.247160e-03	8.885116e-01	3.960308e-02	1.655438e-02	2.304870e-02
30            	-3.242803e-03	8.877399e-01	4.181054e-02	1.766247e-02	2.414807e-02
31            	-3.239399e-03	8.861762e-01	4.347835e-02	1.849978e-02	2.497857e-02
32            	-3.240560e-03	8.845200e-01	4.473361e-02	1.912625e-02	2.560737e-02
33            	-3.246358e-03	8.832227e-01	4.573829e-02	1.962279e-02	2.611550e-02
34            	-3.255920e-03	8.824805e-01	4.678639e-02	2.013728e-02	2.664912e-02
35            	-3.266785e-03	8.821466e-01	4.808546e-02	2.077594e-02	2.730951e-02
36            	-3.276516e-03	8.819013e-01	4.990230e-02	2.167463e-02	2.822767e-02
37            	-3.283822e-03	8.814054e-01	5.285524e-02	2.314380e-02	2.971144e-02
38            	-3.290255e-03	8.805307e-01	5.724896e-02	2.533422e-02	3.191474e-02
39            	-3.299012e-03	8.793242e-01	6.307389e-02	2.823793e-02	3.483596e-02
40            	-3.312355e-03	8.779461e-01	7.024699e-02	3.181114e-02	3.843585e-02
41            	-3.332766e-03	8.770001e-01	7.833340e-02	3.583393e-02	4.249947e-02
42            	-3.360159e-03	8.769757e-01	8.681243e-02	4.004605e-02	4.676637e-02
43            	-3.394125e-03	8.783062e-01	9.517949e-02	4.419562e-02	5.098387e-02
44            	-3.429269e-03	8.806490e-01	1.029694e-01	4.805541e-02	5.491395e-02
45            	-3.464202e-03	8.841005e-01	1.107741e-01	5.192285e-02	5.885125e-02
46            	-3.497027e-03	8.887954e-01	1.184350e-01	5.572046e-02	6.271452e-02
47            	-3.519791e-03	8.936055e-01	1.252554e-01	5.910792e-02	6.614750e-02
48            	-3.526528e-03	8.969316e-01	1.303584e-01	6.165268e-02	6.870573e-02
49            	-3.523729e-03	8.986980e-01	1.335942e-01	6.327335e-02	7.032081e-02
50            	-3.519737e-03	8.996954e-01	1.349420e-01	6.395126e-02	7.099073e-02
51            	-3.520650e-03	9.006263e-01	1.345401e-01	6.374941e-02	7.079071e-02
52            	-3.527462e-03	9.014974e-01	1.330071e-01	6.297609e-02	7.003101e-02
53            	-3.543690e-03	9.029541e-01	1.305810e-01	6.174679e-02	6.883417e-02
54            	-3.569965e-03	9.053599e-01	1.275583e-01	6.020919e-02	6.734912e-02
55            	-3.605511e-03	9.089187e-01	1.241607e-01	5.847483e-02	6.568586e-02
56            	-3.643906e-03	9.131891e-01	1.207062e-01	5.670920e-02	6.399701e-02
57            	-3.677610e-03	9.174778e-01	1.174918e-01	5.506831e-02	6.242353e-02
58            	-3.701752e-03	9.213795e-01	1.148292e-01	5.371283e-02	6.111634e-02
59            	-3.710946e-03	9.242143e-01	1.128402e-01	5.270917e-02	6.013107e-02
60            	-3.699595e-03	9.252304e-01	1.115711e-01	5.208595e-02	5.948514e-02
61            	-3.660663e-03	9.233966e-01	1.111406e-01	5.190966e-02	5.923099e-02
62            	-3.596010e-03	9.185490e-01	1.115554e-01	5.218168e-02	5.937370e-02
63            	-3.515023e-03	9.114470e-01	1.123054e-01	5.263767e-02	5.966771e-02
64            	-3.427108e-03	9.031172e-01	1.128398e-01	5.299279e-02	5.984700e-02
65            	-3.341741e-03	8.947468e-01	1.128908e-01	5.310368e-02	5.978716e-02
66            	-3.268973e-03	8.875808e-01	1.120908e-01	5.277640e-02	5.931435e-02
67            	-3.220082e-03	8.831855e-01	1.101146e-01	5.183721e-02	5.827737e-02
68            	-3.201235e-03	8.823818e-01	1.066363e-01	5.011694e-02	5.651941e-02
69            	-3.210775e-03	8.850639e-01	1.014989e-01	4.753869e-02	5.396024e-02
70            	-3.239820e-03	8.902774e-01	9.454750e-02	4.403393e-02	5.051357e-02
71            	-3.277947e-03	8.969741e-01	8.616837e-02	3.980624e-02	4.636213e-02
72            	-3.316776e-03	9.041875e-01	7.679504e-02	3.508075e-02	4.171430e-02
73            	-3.345938e-03	9.100425e-01	6.820203e-02	3.075508e-02	3.744696e-02
74            	-3.360301e-03	9.134603e-01	6.146615e-02	2.737278e-02	3.409338e-02
75            	-3.362437e-03	9.142182e-01	5.723208e-02	2.525360e-02	3.197848e-02
76            	-3.359253e-03	9.124217e-01	5.605506e-02	2.466827e-02	3.138678e-02
77            	-3.361093e-03	9.090145e-01	5.789723e-02	2.558752e-02	3.230971e-02
78            	-3.375020e-03	9.053026e-01	6.239400e-02	2.782198e-02	3.457202e-02
79            	-3.408446e-03	9.025658e-01	6.942615e-02	3.130463e-02	3.812152e-02
80            	-3.468894e-03	9.024574e-01	7.845348e-02	3.575785e-02	4.269563e-02
81            	-3.555256e-03	9.048644e-01	8.863983e-02	4.076466e-02	4.787517e-02
82            	-3.650872e-03	9.083884e-01	9.776099e-02	4.522962e-02	5.253137e-02
83            	-3.738963e-03	9.121943e-01	1.032081e-01	4.786506e-02	5.534299e-02
84            	-3.806047e-03	9.152957e-01	1.026474e-01	4.751767e-02	5.512977e-02
85            	-3.854972e-03	9.182068e-01	9.443048e-02	4.336027e-02	5.107021e-02
86            	-3.884645e-03	9.213874e-01	7.858073e-02	3.540572e-02	4.317501e-02
87            	-3.894009e-03	9.245904e-01	5.684924e-02	2.453061e-02	3.231863e-02
88            	-3.900702e-03	9.285187e-01	3.521754e-02	1.370807e-02	2.150947e-02
89            	-3.914477e-03	9.327346e-01	1.820069e-02	5.185866e-03	1.301482e-02
90            	-3.929165e-03	9.365981e-01	5.892593e-03	-9.828683e-04	6.875462e-03
91            	-3.937921e-03	9.396480e-01	-1.259231e-03	-4.567536e-03	3.308305e-03
92            	-3.941297e-03	9.416842e-01	-1.594739e-03	-4.738666e-03	3.143927e-03
93            	-3.941350e-03	9.426614e-01	5.698357e-03	-1.092172e-03	6.790529e-03
94            	-3.941496e-03	9.431018e-01	1.978009e-02	5.948548e-03	1.383154e-02
95            	-3.941406e-03	9.433716e-01	3.815502e-02	1.513610e-02	2.301892e-02
96            	-3.940521e-03	9.439824e-01	5.735968e-02	2.473932e-02	3.262036e-02
97            	-3.937176e-03	9.450687e-01	7.470671e-02	3.341618e-02	4.129053e-02
98            	-3.925088e-03	9.455465e-01	8.854428e-02	4.034705e-02	4.819723e-02
99            	-3.900440e-03	9.442258e-01	9.814253e-02	4.517083e-02	5.297171e-02
100           	-3.866981e-03	9.411798e-01	1.038424e-01	4.805423e-02	5.578819e-02
101           	-3.831756e-03	9.371352e-01	1.056626e-01	4.899952e-02	5.666303e-02
102           	-3.796684e-03	9.324423e-01	1.043086e-01	4.835761e-02	5.595098e-02
103           	-3.759853e-03	9.275923e-01	1.004181e-01	4.644920e-02	5.396891e-02
104           	-3.720454e-03	9.233425e-01	9.467920e-02	4.361914e-02	5.106005e-02
105           	-3.680229e-03	9.203011e-01	8.820545e-02	4.042249e-02	4.778295e-02
106           	-3.639400e-03	9.178376e-01	8.203505e-02	3.737812e-02	4.465692e-02
107           	-3.600779e-03	9.156333e-01	7.706760e-02	3.493302e-02	4.213458e-02
108           	-3.569502e-03	9.138429e-01	7.345563e-02	3.315831e-02	4.029732e-02
109           	-3.551628e-03	9.132521e-01	7.015725e-02	3.152700e-02	3.863025e-02
110           	-3.549302e-03	9.142753e-01	6.639793e-02	2.964967e-02	3.674827e-02
111           	-3.563624e-03	9.168281e-01	6.204563e-02	2.745919e-02	3.458644e-02
112           	-3.588116e-03	9.201712e-01	5.756431e-02	2.519404e-02	3.237027e-02
113           	-3.616022e-03	9.235549e-01	5.249891e-02	2.263343e-02	2.986548e-02
114           	-3.652299e-03	9.272348e-01	4.655210e-02	1.962375e-02	2.692835e-02
115           	-3.697648e-03	9.308233e-01	4.020980e-02	1.640725e-02	2.380255e-02
116           	-3.756062e-03	9.347396e-01	3.377425e-02	1.313107e-02	2.064319e-02
117           	-3.837726e-03	9.404196e-01	2.742601e-02	9.875277e-03	1.755073e-02
118           	-3.930766e-03	9.471306e-01	2.323779e-02	7.688129e-03	1.554966e-02
119           	-4.014609e-03	9.532086e-01	2.307160e-02	7.521190e-03	1.555041e-02
120           	-4.071233e-03	9.570211e-01	2.739642e-02	9.626978e-03	1.776944e-02
121           	-4.103226e-03	9.593303e-01	3.451762e-02	1.315559e-02	2.136204e-02
122           	-4.120349e-03	9.609185e-01	4.280223e-02	1.728077e-02	2.552146e-02
123           	-4.127882e-03	9.618979e-01	4.935745e-02	2.055084e-02	2.880661e-02
124           	-4.133341e-03	9.633111e-01	5.311755e-02	2.242544e-02	3.069212e-02
125           	-4.150257e-03	9.673639e-01	5.496537e-02	2.333243e-02	3.163294e-02
126           	-4.171134e-03	9.727745e-01	5.628111e-02	2.396942e-02	3.231169e-02
127           	-4.175344e-03	9.772607e-01	5.847987e-02	2.506459e-02	3.341528e-02
128           	-4.142160e-03	9.776095e-01	6.224490e-02	2.698029e-02	3.526461e-02
129           	-4.056995e-03	9.704516e-01	6.827984e-02	3.008293e-02	3.819692e-02
130           	-3.931743e-03	9.570945e-01	7.786873e-02	3.500262e-02	4.286611e-02
131           	-3.807541e-03	9.426514e-01	9.002589e-02	4.120541e-02	4.882049e-02
132           	-3.708157e-03	9.309327e-01	1.034659e-01	4.802477e-02	5.544108e-02
133           	-3.632554e-03	9.221754e-01	1.174748e-01	5.510483e-02	6.236994e-02
134           	-3.573125e-03	9.161622e-01	1.314941e-01	6.217391e-02	6.932016e-02
135           	-3.527904e-03	9.126162e-01	1.444639e-01	6.870404e-02	7.575985e-02
136           	-3.497011e-03	9.117568e-01	1.562983e-01	7.465212e-02	8.164614e-02
137           	-3.480089e-03	9.135456e-01	1.673751e-01	8.020745e-02	8.716762e-02
138           	-3.474776e-03	9.170132e-01	1.751504e-01	8.410040e-02	9.104995e-02
139           	-3.476943e-03	9.202373e-01	1.779693e-01	8.550773e-02	9.246161e-02
140           	-3.479334e-03	9.213947e-01	1.743136e-01	8.367749e-02	9.063616e-02
141           	-3.475853e-03	9.189989e-01	1.631563e-01	7.810232e-02	8.505402e-02
142           	-3.467505e-03	9.136830e-01	1.447507e-01	6.890783e-02	7.584284e-02
143           	-3.468451e-03	9.085775e-01	1.200531e-01	5.655810e-02	6.349500e-02
144           	-3.491956e-03	9.065676e-01	8.979414e-02	4.140511e-02	4.838903e-02
145           	-3.540767e-03	9.091744e-01	5.630220e-02	2.461033e-02	3.169187e-02
146           	-3.608732e-03	9.154404e-01	2.316422e-02	7.973379e-03	1.519084e-02
147           	-3.688630e-03	9.247428e-01	-6.938216e-03	-7.157738e-03	2.195219e-04
148           	-3.768637e-03	9.361091e-01	-3.157298e-02	-1.955513e-02	-1.201785e-02
149           	-3.839635e-03	9.489087e-01	-4.912795e-02	-2.840361e-02	-2.072434e-02
150           	-3.898645e-03	9.617255e-01	-5.859366e-02	-3.319548e-02	-2.539819e-02
151           	-3.943986e-03	9.727792e-01	-6.013318e-02	-3.401058e-02	-2.612260e-02
152           	-3.973022e-03	9.806000e-01	-5.330472e-02	-3.062538e-02	-2.267934e-02
153           	-3.982553e-03	9.831670e-01	-3.723274e-02	-2.259892e-02	-1.463382e-02
154           	-3.979424e-03	9.790804e-01	-1.225084e-02	-1.010485e-02	-2.145998e-03
155           	-3.987165e-03	9.710568e-01	1.950686e-02	5.766267e-03	1.374060e-02
156           	-4.024469e-03	9.632705e-01	5.146778e-02	2.170942e-02	2.975836e-02
157           	-4.092718e-03	9.583499e-01	7.879079e-02	3.530268e-02	4.348811e-02
158           	-4.183313e-03	9.582086e-01	9.722356e-02	4.442847e-02	5.279509e-02
159           	-4.289080e-03	9.641109e-01	1.050356e-01	4.822872e-02	5.680688e-02
160           	-4.375679e-03	9.736529e-01	1.038108e-01	4.752971e-02	5.628107e-02
161           	-4.409032e-03	9.814998e-01	9.759440e-02	4.438817e-02	5.320623e-02
162           	-4.374485e-03	9.838393e-01	8.962906e-02	4.044005e-02	4.918902e-02
163           	-4.290994e-03	9.809377e-01	8.209142e-02	3.675471e-02	4.533670e-02
164           	-4.177884e-03	9.745490e-01	7.657739e-02	3.411081e-02	4.246658e-02
165           	-4.056034e-03	9.659432e-01	7.531909e-02	3.360351e-02	4.171558e-02
166           	-3.938511e-03	9.559450e-01	8.019021e-02	3.615659e-02	4.403361e-02
167           	-3.834344e-03	9.450553e-01	9.138804e-02	4.185968e-02	4.952837e-02
168           	-3.754163e-03	9.346245e-01	1.069107e-01	4.970119e-02	5.720952e-02
169           	-3.705207e-03	9.272239e-01	1.220326e-01	5.731112e-02	6.472153e-02
170           	-3.679889e-03	9.229612e-01	1.317619e-01	6.220105e-02	6.956083e-02
171           	-3.669420e-03	9.212450e-01	1.345624e-01	6.361179e-02	7.095063e-02
172           	-3.670365e-03	9.216773e-01	1.310594e-01	6.185933e-02	6.920006e-02
173           	-3.683861e-03	9.246400e-01	1.214830e-01	5.705765e-02	6.442537e-02
174           	-3.701574e-03	9.304554e-01	1.055599e-01	4.907838e-02	5.648153e-02
175           	-3.702717e-03	9.371714e-01	8.552152e-02	3.905804e-02	4.646348e-02
176           	-3.681290e-03	9.427247e-01	6.550640e-02	2.907191e-02	3.643449e-02
177           	-3.642699e-03	9.460854e-01	4.745486e-02	2.008473e-02	2.737013e-02
178           	-3.592572e-03	9.458970e-01	3.244684e-02	1.263085e-02	1.981599e-02
179           	-3.546647e-03	9.421214e-01	2.052272e-02	6.714715e-03	1.380801e-02
180           	-3.520829e-03	9.365522e-01	1.084758e-02	1.902963e-03	8.944621e-03
181           	-3.517546e-03	9.305753e-01	4.049076e-03	-1.493008e-03	5.542084e-03
182           	-3.531942e-03	9.248492e-01	1.280992e-03	-2.891446e-03	4.172437e-03
183           	-3.554388e-03	9.201607e-01	3.681051e-03	-1.713862e-03	5.394913e-03
184           	-3.595852e-03	9.185483e-01	1.158149e-02	2.194895e-03	9.386599e-03
185           	-3.670425e-03	9.220884e-01	2.365037e-02	8.154759e-03	1.549561e-02
186           	-3.775360e-03	9.302209e-01	3.766012e-02	1.505470e-02	2.260542e-02
187           	-3.889150e-03	9.402236e-01	5.117089e-02	2.169630e-02	2.947460e-02
188           	-4.000360e-03	9.511611e-01	6.349093e-02	2.774511e-02	3.574583e-02
189           	-4.101082e-03	9.625578e-01	7.512425e-02	3.346104e-02	4.166321e-02
190           	-4.183104e-03	9.736026e-01	8.491259e-02	3.827319e-02	4.663940e-02
191           	-4.234290e-03	9.824492e-01	9.029194e-02	4.091168e-02	4.938026e-02
192           	-4.249171e-03	9.876465e-01	9.125342e-02	4.137754e-02	4.987588e-02
193           	-4.227983e-03	9.878116e-01	9.008206e-02	4.081305e-02	4.926901e-02
194           	-4.176771e-03	9.828345e-01	8.943055e-02	4.053850e-02	4.889204e-02
195           	-4.110363e-03	9.750865e-01	9.053523e-02	4.115725e-02	4.937798e-02
196           	-4.048093e-03	9.678583e-01	9.313380e-02	4.251881e-02	5.061499e-02
197           	-4.001847e-03	9.631122e-01	9.638324e-02	4.418977e-02	5.219347e-02
198           	-3.970094e-03	9.606785e-01	9.958052e-02	4.582017e-02	5.376035e-02
199           	-3.948457e-03	9.599080e-01	1.020715e-01	4.708732e-02	5.498423e-02
200           	-3.928467e-03	9.595787e-01	1.035631e-01	4.785311e-02	5.571004e-02
201           	-3.907787e-03	9.594020e-01	1.037621e-01	4.797328e-02	5.578886e-02
202           	-3.881301e-03	9.593804e-01	1.019081e-01	4.707277e-02	5.483537e-02
203           	-3.847344e-03	9.596572e-01	9.801414e-02	4.515973e-02	5.285442e-02
204           	-3.809056e-03	9.601776e-01	9.232041e-02	4.235115e-02	4.996926e-02
205           	-3.772341e-03	9.606249e-01	8.560171e-02	3.902851e-02	4.657320e-02
206           	-3.742610e-03	9.610425e-01	7.813167e-02	3.532323e-02	4.280845e-02
207           	-3.722453e-03	9.614077e-01	7.009079e-02	3.132294e-02	3.876785e-02
208           	-3.713857e-03	9.618150e-01	6.142313e-02	2.699771e-02	3.442542e-02
209           	-3.717702e-03	9.619519e-01	5.210743e-02	2.233601e-02	2.977142e-02
210           	-3.736853e-03	9.617096e-01	4.148676e-02	1.700653e-02	2.448023e-02
211           	-3.763995e-03	9.605958e-01	3.071842e-02	1.159521e-02	1.912320e-02
212           	-3.787434e-03	9.576317e-01	2.052735e-02	6.476241e-03	1.405111e-02
213           	-3.800961e-03	9.532660e-01	1.215185e-02	2.274964e-03	9.876885e-03
214           	-3.811109e-03	9.489732e-01	6.624854e-03	-4.986821e-04	7.123536e-03
215           	-3.835596e-03	9.467038e-01	5.742836e-03	-9.641781e-04	6.707014e-03
216           	-3.884594e-03	9.476639e-01	1.185566e-02	2.043237e-03	9.812425e-03
217           	-3.950984e-03	9.513731e-01	2.597692e-02	9.037476e-03	1.693945e-02
218           	-4.002824e-03	9.544301e-01	4.499286e-02	1.849361e-02	2.649925e-02
219           	-4.038328e-03	9.568328e-01	6.887960e-02	3.040147e-02	3.847813e-02
220           	-4.072868e-03	9.598774e-01	9.476419e-02	4.330923e-02	5.145496e-02
221           	-4.104600e-03	9.627898e-01	1.180777e-01	5.493426e-02	6.314346e-02
222           	-4.131221e-03	9.648817e-01	1.369902e-01	6.436389e-02	7.262633e-02
223           	-4.162492e-03	9.672095e-01	1.514769e-01	7.157597e-02	7.990095e-02
224           	-4.207013e-03	9.708268e-01	1.615183e-01	7.655214e-02	8.496617e-02
225           	-4.267055e-03	9.759767e-01	1.673792e-01	7.942255e-02	8.795666e-02
226           	-4.330255e-03	9.809693e-01	1.696411e-01	8.049029e-02	8.915080e-02
227           	-4.379956e-03	9.841126e-01	1.697612e-01	8.050066e-02	8.926057e-02
228           	-4.409545e-03	9.850669e-01	1.694130e-01	8.029693e-02	8.911602e-02
229           	-4.417702e-03	9.843792e-01	1.691334e-01	8.014902e-02	8.898442e-02
230           	-4.406043e-03	9.826909e-01	1.679841e-01	7.958601e-02	8.839810e-02
231           	-4.369160e-03	9.795717e-01	1.651777e-01	7.821967e-02	8.695799e-02
232           	-4.306654e-03	9.753844e-01	1.602388e-01	7.581276e-02	8.442607e-02
233           	-4.221803e-03	9.703240e-01	1.525385e-01	7.204747e-02	8.049108e-02
234           	-4.122857e-03	9.646407e-01	1.412529e-01	6.650361e-02	7.474933e-02
235           	-4.029394e-03	9.592401e-01	1.281007e-01	6.002096e-02	6.807975e-02
236           	-3.944190e-03	9.546130e-01	1.141452e-01	5.312842e-02	6.101680e-02
237           	-3.871060e-03	9.510663e-01	1.002760e-01	4.626693e-02	5.400905e-02
238           	-3.811977e-03	9.484256e-01	8.743770e-02	3.990687e-02	4.753083e-02
239           	-3.764337e-03	9.463022e-01	7.606360e-02	3.426746e-02	4.179614e-02
240           	-3.719994e-03	9.441393e-01	6.624558e-02	2.940280e-02	3.684278e-02
241           	-3.670357e-03	9.415813e-01	5.827323e-02	2.546626e-02	3.280697e-02
242           	-3.611790e-03	9.388566e-01	5.233503e-02	2.255573e-02	2.977930e-02
243           	-3.550921e-03	9.371274e-01	4.768402e-02	2.029109e-02	2.739293e-02
244           	-3.494620e-03	9.368594e-01	4.271830e-02	1.786453e-02	2.485377e-02
245           	-3.449862e-03	9.378105e-01	3.639960e-02	1.474994e-02	2.164966e-02
246           	-3.419898e-03	9.385117e-01	2.885296e-02	1.100658e-02	1.784638e-02
247           	-3.409163e-03	9.377134e-01	2.118688e-02	7.184279e-03	1.400260e-02
248           	-3.422075e-03	9.351114e-01	1.405192e-02	3.603885e-03	1.044804e-02
249           	-3.464278e-03	9.322219e-01	7.450006e-03	2.607251e-04	7.189281e-03
250           	-3.530910e-03	9.310452e-01	2.116616e-03	-2.472602e-03	4.589218e-03
251           	-3.610968e-03	9.328451e-01	-5.221453e-04	-3.872040e-03	3.349895e-03
252           	-3.691256e-03	9.370102e-01	1.295143e-03	-3.043685e-03	4.338827e-03
253           	-3.775555e-03	9.437632e-01	8.843717e-03	6.463032e-04	8.197414e-03
254           	-3.865730e-03	9.520013e-01	2.171456e-02	6.991551e-03	1.472301e-02
255           	-3.969214e-03	9.610803e-01	3.715903e-02	1.461030e-02	2.254873e-02
256           	-4.089617e-03	9.716386e-01	4.979520e-02	2.080798e-02	2.898722e-02
257           	-4.199662e-03	9.817847e-01	5.605429e-02	2.382749e-02	3.222681e-02
258           	-4.261944e-03	9.876268e-01	5.661254e-02	2.404433e-02	3.256821e-02
259           	-4.273175e-03	9.887373e-01	5.419372e-02	2.282369e-02	3.137004e-02
260           	-4.242871e-03	9.850974e-01	5.075645e-02	2.113535e-02	2.962110e-02
261           	-4.194502e-03	9.778303e-01	4.826332e-02	1.993716e-02	2.832616e-02
262           	-4.154158e-03	9.699819e-01	4.797627e-02	1.983398e-02	2.814229e-02
263           	-4.126268e-03	9.631164e-01	4.989161e-02	2.081954e-02	2.907207e-02
264           	-4.102025e-03	9.573814e-01	5.364428e-02	2.272012e-02	3.092417e-02
265           	-4.079707e-03	9.537340e-01	5.859532e-02	2.521795e-02	3.337737e-02
266           	-4.058326e-03	9.521620e-01	6.427913e-02	2.808124e-02	3.619789e-02
267           	-4.037152e-03	9.524911e-01	6.985392e-02	3.088981e-02	3.896411e-02
268           	-4.015051e-03	9.542484e-01	7.387041e-02	3.292015e-02	4.095026e-02
269           	-3.993259e-03	9.578184e-01	7.567296e-02	3.384322e-02	4.182974e-02
270           	-3.973607e-03	9.631454e-01	7.572006e-02	3.388642e-02	4.183364e-02
271           	-3.951683e-03	9.690291e-01	7.447722e-02	3.328693e-02	4.119029e-02
272           	-3.911733e-03	9.732078e-01	7.255635e-02	3.236644e-02	4.018991e-02
273           	-3.847635e-03	9.749741e-01	7.075448e-02	3.152960e-02	3.922487e-02
274           	-3.767872e-03	9.752414e-01	6.955338e-02	3.100882e-02	3.854456e-02
275           	-3.680662e-03	9.747318e-01	6.868447e-02	3.066157e-02	3.802290e-02
276           	-3.596126e-03	9.729786e-01	6.794622e-02	3.037698e-02	3.756924e-02
277           	-3.517929e-03	9.697588e-01	6.621231e-02	2.958823e-02	3.662409e-02
278           	-3.442834e-03	9.645786e-01	6.196559e-02	2.753996e-02	3.442563e-02
279           	-3.374620e-03	9.577618e-01	5.533238e-02	2.429157e-02	3.104081e-02
280           	-3.322815e-03	9.503059e-01	4.818496e-02	2.076966e-02	2.741529e-02
281           	-3.293674e-03	9.432108e-01	4.191043e-02	1.766154e-02	2.424889e-02
282           	-3.297916e-03	9.383233e-01	3.642998e-02	1.491708e-02	2.151291e-02
283           	-3.324527e-03	9.360432e-01	3.232727e-02	1.283911e-02	1.948816e-02
284           	-3.363574e-03	9.362150e-01	2.944023e-02	1.135654e-02	1.808369e-02
285           	-3.417912e-03	9.386747e-01	2.739519e-02	1.027968e-02	1.711551e-02
286           	-3.480725e-03	9.422801e-01	2.564612e-02	9.342335e-03	1.630379e-02
287           	-3.544641e-03	9.460815e-01	2.256236e-02	7.736537e-03	1.482582e-02
288           	-3.597690e-03	9.482819e-01	1.688104e-02	4.842830e-03	1.203821e-02
289           	-3.629646e-03	9.474471e-01	1.054144e-02	1.641074e-03	8.900366e-03
290           	-3.653653e-03	9.443721e-01	5.971538e-03	-6.678844e-04	6.639422e-03
291           	-3.683528e-03	9.408213e-01	4.312540e-03	-1.527259e-03	5.839798e-03
292           	-3.733880e-03	9.390172e-01	5.724170e-03	-8.717950e-04	6.595965e-03
293           	-3.814401e-03	9.410532e-01	1.008609e-02	1.228644e-03	8.857447e-03
294           	-3.921129e-03	9.474437e-01	1.777167e-02	4.964706e-03	1.280696e-02
295           	-4.035165e-03	9.564209e-01	2.783087e-02	9.880271e-03	1.795060e-02
296           	-4.138823e-03	9.659833e-01	3.941608e-02	1.556922e-02	2.384686e-02
297           	-4.216725e-03	9.739328e-01	5.131230e-02	2.143943e-02	2.987288e-02
298           	-4.265363e-03	9.795293e-01	6.352939e-02	2.749933e-02	3.603006e-02
299           	-4.285075e-03	9.832370e-01	7.604226e-02	3.373605e-02	4.230621e-02
300           	-4.282744e-03	9.855605e-01	8.765556e-02	3.954504e-02	4.811053e-02
301           	-4.271070e-03	9.874977e-01	9.771974e-02	4.458880e-02	5.313094e-02
302           	-4.244180e-03	9.879692e-01	1.053201e-01	4.841588e-02	5.690424e-02
303           	-4.192709e-03	9.850503e-01	1.106865e-01	5.115056e-02	5.953598e-02
304           	-4.113333e-03	9.782134e-01	1.135525e-01	5.266290e-02	6.088956e-02
305           	-4.013200e-03	9.678850e-01	1.124858e-01	5.222972e-02	6.025612e-02
306           	-3.911274e-03	9.563020e-01	1.061735e-01	4.917549e-02	5.699804e-02
307           	-3.823736e-03	9.457702e-01	9.626356e-02	4.430805e-02	5.195552e-02
308           	-3.752470e-03	9.374068e-01	8.387364e-02	3.818435e-02	4.568929e-02
309           	-3.689356e-03	9.310439e-01	7.103751e-02	3.182940e-02	3.920811e-02
310           	-3.621355e-03	9.257477e-01	5.856109e-02	2.565919e-02	3.290190e-02
311           	-3.559593e-03	9.227261e-01	4.733255e-02	2.010668e-02	2.722587e-02
312           	-3.518758e-03	9.223650e-01	3.803041e-02	1.549645e-02	2.253396e-02
313           	-3.489233e-03	9.225763e-01	3.011627e-02	1.156890e-02	1.854737e-02
314           	-3.463484e-03	9.221180e-01	2.336743e-02	8.220233e-03	1.514720e-02
315           	-3.443892e-03	9.211770e-01	1.759930e-02	5.355758e-03	1.224354e-02
316           	-3.436973e-03	9.210567e-01	1.190616e-02	2.516109e-03	9.390054e-03
317           	-3.449499e-03	9.230789e-01	5.980385e-03	-4.593059e-04	6.439691e-03
318           	-3.481440e-03	9.268597e-01	8.669069e-04	-3.047986e-03	3.914893e-03
319           	-3.535912e-03	9.324481e-01	-2.650420e-03	-4.861122e-03	2.210701e-03
320           	-3.607970e-03	9.393987e-01	-4.383097e-03	-5.799519e-03	1.416421e-03
321           	-3.676995e-03	9.450087e-01	-3.559389e-03	-5.456689e-03	1.897300e-03
322           	-3.727219e-03	9.474825e-01	6.123163e-04	-3.421061e-03	4.033378e-03
323           	-3.758649e-03	9.470109e-01	7.602526e-03	4.261352e-05	7.559912e-03
324           	-3.783186e-03	9.452001e-01	1.720313e-02	4.818379e-03	1.238475e-02
325           	-3.811097e-03	9.439373e-01	2.966662e-02	1.102221e-02	1.864441e-02
326           	-3.847095e-03	9.448114e-01	4.388686e-02	1.809634e-02	2.579053e-02
327           	-3.898602e-03	9.488174e-01	5.897793e-02	2.559036e-02	3.338757e-02
328           	-3.962331e-03	9.550836e-01	7.212435e-02	3.209985e-02	4.002451e-02
329           	-4.030433e-03	9.620026e-01	8.092587e-02	3.643250e-02	4.449337e-02
330           	-4.092067e-03	9.677345e-01	8.424707e-02	3.803147e-02	4.621560e-02
331           	-4.144159e-03	9.718131e-01	8.242384e-02	3.706776e-02	4.535608e-02
332           	-4.190127e-03	9.743140e-01	7.575780e-02	3.368877e-02	4.206903e-02
333           	-4.239937e-03	9.768489e-01	6.556540e-02	2.854277e-02	3.702264e-02
334           	-4.296086e-03	9.804449e-01	5.377400e-02	2.259091e-02	3.118308e-02
335           	-4.342227e-03	9.839803e-01	4.320313e-02	1.725934e-02	2.594379e-02
336           	-4.357483e-03	9.853598e-01	3.602315e-02	1.365409e-02	2.236906e-02
337           	-4.332989e-03	9.832634e-01	3.382773e-02	1.258088e-02	2.124685e-02
338           	-4.265332e-03	9.769657e-01	3.742016e-02	1.444475e-02	2.297541e-02
339           	-4.158400e-03	9.668583e-01	4.692027e-02	1.930173e-02	2.761853e-02
340           	-4.023167e-03	9.541655e-01	6.141677e-02	2.668522e-02	3.473155e-02
341           	-3.877504e-03	9.412263e-01	7.853074e-02	3.538787e-02	4.314287e-02
342           	-3.740336e-03	9.303387e-01	9.490443e-02	4.371188e-02	5.119255e-02
343           	-3.629965e-03	9.233150e-01	1.070009e-01	4.987048e-02	5.713041e-02
344           	-3.550935e-03	9.200654e-01	1.134384e-01	5.316827e-02	6.027014e-02
345           	-3.507219e-03	9.204997e-01	1.121431e-01	5.256434e-02	5.957878e-02
346           	-3.501862e-03	9.246900e-01	1.023900e-01	4.769313e-02	5.469685e-02
347           	-3.525329e-03	9.319109e-01	8.662563e-02	3.978748e-02	4.683814e-02
348           	-3.556702e-03	9.396866e-01	6.808229e-02	3.048444e-02	3.759785e-02
349           	-3.577629e-03	9.457593e-01	4.888447e-02	2.086460e-02	2.801986e-02
350           	-3.583017e-03	9.495362e-01	3.158428e-02	1.220913e-02	1.937516e-02
351           	-3.576398e-03	9.507506e-01	1.899919e-02	5.923195e-03	1.307599e-02
352           	-3.562875e-03	9.500337e-01	1.237714e-02	2.625693e-03	9.751443e-03
353           	-3.543838e-03	9.474985e-01	9.828843e-03	1.370583e-03	8.458260e-03
354           	-3.524265e-03	9.439242e-01	1.040872e-02	1.680096e-03	8.728625e-03
355           	-3.511470e-03	9.400364e-01	1.350511e-02	3.241084e-03	1.026402e-02
356           	-3.508970e-03	9.362561e-01	1.861959e-02	5.800825e-03	1.281876e-02
357           	-3.520885e-03	9.333813e-01	2.507070e-02	9.014464e-03	1.605623e-02
358           	-3.550165e-03	9.317427e-01	3.284791e-02	1.287379e-02	1.997412e-02
359           	-3.601258e-03	9.314362e-01	4.247963e-02	1.763855e-02	2.484107e-02
360           	-3.668021e-03	9.315398e-01	5.317442e-02	2.291919e-02	3.025523e-02
361           	-3.739517e-03	9.308155e-01	6.450925e-02	2.851511e-02	3.599414e-02
362           	-3.810474e-03	9.296406e-01	7.600201e-02	3.419053e-02	4.181148e-02
363           	-3.889564e-03	9.317320e-01	8.686572e-02	3.954330e-02	4.732243e-02
364           	-3.968254e-03	9.373569e-01	9.707470e-02	4.456910e-02	5.250560e-02
365           	-4.025312e-03	9.432346e-01	1.069437e-01	4.944654e-02	5.749716e-02
366           	-4.057610e-03	9.470411e-01	1.173132e-01	5.459901e-02	6.271423e-02
367           	-4.071460e-03	9.481870e-01	1.286272e-01	6.024214e-02	6.838506e-02
368           	-4.081584e-03	9.481198e-01	1.402941e-01	6.606548e-02	7.422865e-02
369           	-4.104228e-03	9.489785e-01	1.507025e-01	7.124701e-02	7.945546e-02
370           	-4.143052e-03	9.511497e-01	1.588589e-01	7.528639e-02	8.357250e-02
371           	-4.194762e-03	9.542072e-01	1.639720e-01	7.779123e-02	8.618075e-02
372           	-4.256695e-03	9.584553e-01	1.656460e-01	7.856631e-02	8.707970e-02
373           	-4.316488e-03	9.632424e-01	1.643791e-01	7.787305e-02	8.650603e-02
374           	-4.355511e-03	9.674428e-01	1.606402e-01	7.596458e-02	8.467560e-02
375           	-4.367454e-03	9.708042e-01	1.543865e-01	7.282580e-02	8.156071e-02
376           	-4.348498e-03	9.728548e-01	1.455420e-01	6.842251e-02	7.711951e-02
377           	-4.293871e-03	9.725966e-01	1.343120e-01	6.286214e-02	7.144988e-02
378           	-4.211895e-03	9.697218e-01	1.216476e-01	5.661190e-02	6.503569e-02
379           	-4.116452e-03	9.645351e-01	1.087665e-01	5.026681e-02	5.849972e-02
380           	-4.014921e-03	9.578617e-01	9.581068e-02	4.389042e-02	5.192026e-02
381           	-3.915980e-03	9.507397e-01	8.317827e-02	3.767316e-02	4.550512e-02
382           	-3.829160e-03	9.440105e-01	7.094213e-02	3.164191e-02	3.930023e-02
383           	-3.760763e-03	9.386139e-01	5.905698e-02	2.576773e-02	3.328925e-02
384           	-3.712445e-03	9.349844e-01	4.837093e-02	2.047302e-02	2.789791e-02
385           	-3.690681e-03	9.346179e-01	3.955029e-02	1.608446e-02	2.346582e-02
386           	-3.694656e-03	9.377460e-01	3.336378e-02	1.298724e-02	2.037655e-02
387           	-3.717221e-03	9.433122e-01	3.046050e-02	1.151303e-02	1.894747e-02
388           	-3.748324e-03	9.494684e-01	3.074105e-02	1.162220e-02	1.911885e-02
389           	-3.781441e-03	9.548810e-01	3.372754e-02	1.308233e-02	2.064521e-02
390           	-3.807303e-03	9.581868e-01	3.847103e-02	1.542821e-02	2.304282e-02
391           	-3.819584e-03	9.580128e-01	4.488480e-02	1.862282e-02	2.626198e-02
392           	-3.821673e-03	9.542512e-01	5.273366e-02	2.254516e-02	3.018850e-02
393           	-3.829908e-03	9.490155e-01	6.088659e-02	2.661339e-02	3.427320e-02
394           	-3.856384e-03	9.448797e-01	6.811159e-02	3.019941e-02	3.791218e-02
395           	-3.897453e-03	9.423854e-01	7.464246e-02	3.342377e-02	4.121868e-02
396           	-3.948153e-03	9.412045e-01	8.148166e-02	3.679268e-02	4.468898e-02
397           	-3.996004e-03	9.402910e-01	8.977852e-02	4.089326e-02	4.888526e-02
398           	-4.034625e-03	9.396560e-01	1.003042e-01	4.611749e-02	5.418674e-02
399           	-4.078248e-03	9.415304e-01	1.133795e-01	5.261152e-02	6.076802e-02
400           	-4.129573e-03	9.459449e-01	1.270920e-01	5.941644e-02	6.767558e-02
401           	-4.191864e-03	9.524522e-01	1.403327e-01	6.597447e-02	7.435820e-02
402           	-4.262755e-03	9.600843e-01	1.510380e-01	7.125626e-02	7.978177e-02
403           	-4.331981e-03	9.671610e-01	1.562387e-01	7.378738e-02	8.245134e-02
404           	-4.379209e-03	9.708996e-01	1.525553e-01	7.189845e-02	8.065687e-02
405           	-4.384749e-03	9.694416e-01	1.377830e-01	6.450675e-02	7.327625e-02
406           	-4.352972e-03	9.639663e-01	1.144733e-01	5.288369e-02	6.158964e-02
407           	-4.301761e-03	9.563820e-01	8.828515e-02	3.984081e-02	4.844433e-02
408           	-4.243556e-03	9.483350e-01	6.540708e-02	2.845998e-02	3.694709e-02
409           	-4.187665e-03	9.407788e-01	4.900801e-02	2.031634e-02	2.869167e-02
410           	-4.138060e-03	9.348064e-01	3.866149e-02	1.519268e-02	2.346880e-02
411           	-4.092843e-03	9.304994e-01	3.386991e-02	1.284211e-02	2.102780e-02
412           	-4.057839e-03	9.291282e-01	3.500823e-02	1.344628e-02	2.156195e-02
413           	-4.049199e-03	9.329908e-01	4.115294e-02	1.652727e-02	2.462567e-02
414           	-4.069602e-03	9.420936e-01	4.998776e-02	2.092428e-02	2.906348e-02
415           	-4.102619e-03	9.540876e-01	5.957369e-02	2.568422e-02	3.388946e-02
416           	-4.129203e-03	9.658191e-01	6.949624e-02	3.061892e-02	3.887732e-02
417           	-4.134144e-03	9.750613e-01	7.978466e-02	3.575819e-02	4.402647e-02
418           	-4.113478e-03	9.812697e-01	9.053249e-02	4.115277e-02	4.937972e-02
419           	-4.076401e-03	9.853535e-01	1.010833e-01	4.646524e-02	5.461805e-02
420           	-4.037890e-03	9.885309e-01	1.096986e-01	5.081139e-02	5.888718e-02
421           	-3.992085e-03	9.890300e-01	1.146646e-01	5.334020e-02	6.132437e-02
422           	-3.932875e-03	9.858447e-01	1.154672e-01	5.380071e-02	6.166646e-02
423           	-3.862718e-03	9.794754e-01	1.112819e-01	5.177822e-02	5.950366e-02
424           	-3.789954e-03	9.710827e-01	1.005923e-01	4.650621e-02	5.408612e-02
425           	-3.729676e-03	9.630446e-01	8.319536e-02	3.786800e-02	4.532735e-02
426           	-3.689061e-03	9.567951e-01	6.114105e-02	2.688146e-02	3.425958e-02
427           	-3.671321e-03	9.529978e-01	3.854347e-02	1.560041e-02	2.294306e-02
428           	-3.673544e-03	9.512734e-01	1.977029e-02	6.211599e-03	1.355869e-02
429           	-3.694779e-03	9.530027e-01	7.911817e-03	2.611299e-04	7.650687e-03
430           	-3.708258e-03	9.544128e-01	3.125487e-03	-2.145515e-03	5.271002e-03
431           	-3.704322e-03	9.539877e-01	5.102993e-03	-1.152825e-03	6.255818e-03
432           	-3.683748e-03	9.507647e-01	1.521978e-02	3.926142e-03	1.129364e-02
433           	-3.649015e-03	9.431618e-01	3.297297e-02	1.283747e-02	2.013550e-02
434           	-3.623025e-03	9.340507e-01	5.355266e-02	2.315330e-02	3.039935e-02
435           	-3.620231e-03	9.276982e-01	7.268516e-02	3.272235e-02	3.996281e-02
436           	-3.637733e-03	9.243129e-01	8.877065e-02	4.074759e-02	4.802306e-02
437           	-3.673126e-03	9.231825e-01	1.025102e-01	4.758196e-02	5.492821e-02
438           	-3.729637e-03	9.243346e-01	1.148734e-01	5.370707e-02	6.116634e-02
439           	-3.810098e-03	9.279095e-01	1.264810e-01	5.943038e-02	6.705058e-02
440           	-3.908258e-03	9.333118e-01	1.372296e-01	6.470655e-02	7.252307e-02
441           	-4.016708e-03	9.400424e-01	1.470194e-01	6.949301e-02	7.752643e-02
442           	-4.130900e-03	9.479493e-01	1.556682e-01	7.370318e-02	8.196498e-02
443           	-4.241595e-03	9.559201e-01	1.625503e-01	7.703355e-02	8.551674e-02
444           	-4.333123e-03	9.618251e-01	1.674831e-01	7.940842e-02	8.807467e-02
445           	-4.397074e-03	9.651539e-01	1.704764e-01	8.084115e-02	8.963529e-02
446           	-4.433594e-03	9.663232e-01	1.710348e-01	8.108380e-02	8.995099e-02
447           	-4.447798e-03	9.665009e-01	1.688871e-01	7.999574e-02	8.889134e-02
448           	-4.435200e-03	9.657318e-01	1.647786e-01	7.795408e-02	8.682447e-02
449           	-4.393971e-03	9.634489e-01	1.593406e-01	7.527633e-02	8.406427e-02
450           	-4.330407e-03	9.594188e-01	1.543315e-01	7.283533e-02	8.149614e-02
451           	-4.249126e-03	9.540395e-01	1.505028e-01	7.100228e-02	7.950053e-02
452           	-4.151734e-03	9.475498e-01	1.486941e-01	7.019532e-02	7.849878e-02
453           	-4.036141e-03	9.397505e-01	1.495133e-01	7.072051e-02	7.879280e-02
454           	-3.902569e-03	9.302869e-01	1.535034e-01	7.284912e-02	8.065426e-02
455           	-3.770713e-03	9.206404e-01	1.597971e-01	7.612785e-02	8.366927e-02
456           	-3.661298e-03	9.125571e-01	1.656369e-01	7.915716e-02	8.647976e-02
457           	-3.582909e-03	9.063058e-01	1.677483e-01	8.029125e-02	8.745707e-02
458           	-3.531770e-03	9.018059e-01	1.637566e-01	7.834655e-02	8.541009e-02
459           	-3.507760e-03	8.998382e-01	1.524898e-01	7.273716e-02	7.975268e-02
460           	-3.509834e-03	9.012699e-01	1.342956e-01	6.363796e-02	7.065763e-02
461           	-3.527309e-03	9.054936e-01	1.095662e-01	5.125577e-02	5.831039e-02
462           	-3.547803e-03	9.110028e-01	8.103500e-02	3.696970e-02	4.406530e-02
463           	-3.563701e-03	9.168967e-01	5.273304e-02	2.280282e-02	2.993022e-02
464           	-3.570406e-03	9.221959e-01	2.918637e-02	1.102278e-02	1.816359e-02
465           	-3.568337e-03	9.261132e-01	1.488112e-02	3.872221e-03	1.100889e-02
466           	-3.558815e-03	9.295776e-01	7.766389e-03	3.243795e-04	7.442010e-03
467           	-3.543095e-03	9.314129e-01	7.911987e-03	4.128986e-04	7.499089e-03
468           	-3.531172e-03	9.303502e-01	1.508273e-02	4.010195e-03	1.107254e-02
469           	-3.533717e-03	9.266148e-01	2.666155e-02	9.797056e-03	1.686449e-02
470           	-3.556806e-03	9.219543e-01	3.869271e-02	1.578955e-02	2.290316e-02
471           	-3.600459e-03	9.183568e-01	4.700926e-02	1.990417e-02	2.710509e-02
472           	-3.663413e-03	9.175026e-01	5.035881e-02	2.151599e-02	2.884282e-02
473           	-3.744846e-03	9.195172e-01	5.043406e-02	2.147219e-02	2.896188e-02
474           	-3.833843e-03	9.236967e-01	4.926759e-02	2.079995e-02	2.846764e-02
475           	-3.914854e-03	9.294021e-01	4.843834e-02	2.030432e-02	2.813402e-02
476           	-3.985377e-03	9.369010e-01	4.860936e-02	2.031930e-02	2.829006e-02
477           	-4.043744e-03	9.446158e-01	5.013092e-02	2.102171e-02	2.910920e-02
478           	-4.086663e-03	9.510975e-01	5.426524e-02	2.304596e-02	3.121928e-02
479           	-4.111325e-03	9.547341e-01	6.045177e-02	2.611456e-02	3.433721e-02
480           	-4.120977e-03	9.557090e-01	6.733612e-02	2.954708e-02	3.778903e-02
481           	-4.118751e-03	9.546489e-01	7.389279e-02	3.282765e-02	4.106515e-02
482           	-4.113635e-03	9.528105e-01	7.916505e-02	3.546889e-02	4.369616e-02
483           	-4.111888e-03	9.512106e-01	8.274695e-02	3.726159e-02	4.548536e-02
484           	-4.112926e-03	9.502766e-01	8.470846e-02	3.824131e-02	4.646716e-02
485           	-4.110659e-03	9.499663e-01	8.530521e-02	3.854195e-02	4.676327e-02
486           	-4.100961e-03	9.501062e-01	8.489819e-02	3.834813e-02	4.655005e-02
487           	-4.080806e-03	9.502546e-01	8.389935e-02	3.786887e-02	4.603048e-02
488           	-4.048223e-03	9.501384e-01	8.289198e-02	3.739777e-02	4.549421e-02
489           	-4.005424e-03	9.499990e-01	8.244401e-02	3.721658e-02	4.522743e-02
490           	-3.954747e-03	9.500430e-01	8.286225e-02	3.747638e-02	4.538587e-02
491           	-3.900189e-03	9.498595e-01	8.442169e-02	3.831065e-02	4.611103e-02
492           	-3.846169e-03	9.489390e-01	8.696318e-02	3.963542e-02	4.732776e-02
493           	-3.796016e-03	9.470734e-01	8.993322e-02	4.117059e-02	4.876263e-02
494           	-3.755708e-03	9.444525e-01	9.264689e-02	4.256774e-02	5.007915e-02
495           	-3.727709e-03	9.416186e-01	9.469106e-02	4.361782e-02	5.107324e-02
496           	-3.711275e-03	9.386499e-01	9.580273e-02	4.419009e-02	5.161264e-02
497           	-3.709072e-03	9.360536e-01	9.519874e-02	4.389030e-02	5.130844e-02
498           	-3.732078e-03	9.352623e-01	9.295692e-02	4.274638e-02	5.021054e-02
499           	-3.773888e-03	9.364018e-01	8.856282e-02	4.050752e-02	4.805530e-02
500           	-3.806486e-03	9.375230e-01	8.154807e-02	3.696755e-02	4.458052e-02
501           	-3.812119e-03	9.376018e-01	7.142216e-02	3.189896e-02	3.952320e-02
502           	-3.787424e-03	9.362104e-01	5.824186e-02	2.533350e-02	3.290835e-02
503           	-3.732347e-03	9.325328e-01	4.343389e-02	1.798460e-02	2.544929e-02
504           	-3.659772e-03	9.271024e-01	2.817412e-02	1.042729e-02	1.774683e-02
505           	-3.586196e-03	9.213248e-01	1.289595e-02	2.861779e-03	1.003417e-02
506           	-3.529162e-03	9.166396e-01	-1.905025e-04	-3.624413e-03	3.433911e-03
507           	-3.486944e-03	9.119428e-01	-9.267829e-03	-8.120859e-03	-1.146971e-03
508           	-3.461522e-03	9.073229e-01	-1.316360e-02	-1.004332e-02	-3.120280e-03
509           	-3.464773e-03	9.048217e-01	-1.177079e-02	-9.350168e-03	-2.420622e-03
510           	-3.502939e-03	9.065454e-01	-6.334624e-03	-6.670251e-03	3.356264e-04
511           	-3.575928e-03	9.141675e-01	1.786299e-03	-2.682779e-03	4.469078e-03
512           	-3.667525e-03	9.266211e-01	1.120433e-02	1.934638e-03	9.269687e-03
513           	-3.766674e-03	9.421054e-01	2.106788e-02	6.767268e-03	1.430062e-02
514           	-3.865325e-03	9.575556e-01	3.062935e-02	1.144935e-02	1.918000e-02
515           	-3.946941e-03	9.697287e-01	3.973707e-02	1.592160e-02	2.381548e-02
516           	-4.001147e-03	9.773833e-01	4.783138e-02	1.991454e-02	2.791684e-02
517           	-4.026030e-03	9.802387e-01	5.415236e-02	2.305015e-02	3.110221e-02
518           	-4.035417e-03	9.799084e-01	5.790092e-02	2.491504e-02	3.298588e-02
519           	-4.039995e-03	9.775855e-01	5.847566e-02	2.519783e-02	3.327783e-02
520           	-4.045647e-03	9.748262e-01	5.528504e-02	2.359688e-02	3.168817e-02
521           	-4.056727e-03	9.731521e-01	4.894577e-02	2.041616e-02	2.852961e-02
522           	-4.067080e-03	9.720687e-01	4.037548e-02	1.612066e-02	2.425482e-02
523           	-4.065841e-03	9.700624e-01	3.156155e-02	1.171494e-02	1.984662e-02
524           	-4.049131e-03	9.672962e-01	2.497066e-02	8.436198e-03	1.653446e-02
525           	-4.018107e-03	9.645207e-01	2.265092e-02	7.307353e-03	1.534357e-02
526           	-3.970771e-03	9.611958e-01	2.567975e-02	8.869104e-03	1.681065e-02
527           	-3.910386e-03	9.571167e-01	3.385247e-02	1.301585e-02	2.083662e-02
528           	-3.836140e-03	9.511918e-01	4.729845e-02	1.981308e-02	2.748536e-02
529           	-3.743842e-03	9.421518e-01	6.577183e-02	2.914207e-02	3.662976e-02
530           	-3.645825e-03	9.315694e-01	8.639387e-02	3.955111e-02	4.684276e-02
531           	-3.579984e-03	9.252452e-01	1.043504e-01	4.859520e-02	5.575517e-02
532           	-3.550859e-03	9.240020e-01	1.170168e-01	5.495754e-02	6.205926e-02
533           	-3.552193e-03	9.265123e-01	1.225235e-01	5.770954e-02	6.481393e-02
534           	-3.575456e-03	9.313626e-01	1.213473e-01	5.709817e-02	6.424908e-02
535           	-3.598938e-03	9.367859e-01	1.152721e-01	5.403709e-02	6.123497e-02
536           	-3.597499e-03	9.396737e-01	1.059737e-01	4.938934e-02	5.658434e-02
537           	-3.576179e-03	9.395401e-01	9.399764e-02	4.342264e-02	5.057500e-02
538           	-3.544572e-03	9.363313e-01	8.019335e-02	3.655210e-02	4.364125e-02
539           	-3.521322e-03	9.324245e-01	6.721434e-02	3.008585e-02	3.712849e-02
540           	-3.524353e-03	9.309043e-01	5.615977e-02	2.455553e-02	3.160424e-02
541           	-3.559992e-03	9.332015e-01	4.588011e-02	1.938006e-02	2.650005e-02
542           	-3.630754e-03	9.397197e-01	3.501507e-02	1.387678e-02	2.113829e-02
543           	-3.739427e-03	9.509937e-01	2.267417e-02	7.597659e-03	1.507651e-02
544           	-3.873211e-03	9.656514e-01	8.178537e-03	2.160575e-04	7.962480e-03
545           	-4.005942e-03	9.817350e-01	-7.607985e-03	-7.809934e-03	2.019495e-04
546           	-4.098528e-03	9.955091e-01	-2.352793e-02	-1.586249e-02	-7.665436e-03
547           	-4.122001e-03	1.003148e+00	-3.901054e-02	-2.362727e-02	-1.538327e-02
548           	-4.073995e-03	1.003624e+00	-5.415646e-02	-3.115223e-02	-2.300424e-02
549           	-3.976192e-03	9.990784e-01	-6.696153e-02	-3.745696e-02	-2.950457e-02
550           	-3.881403e-03	9.947611e-01	-7.387448e-02	-4.081864e-02	-3.305583e-02
551           	-3.801537e-03	9.919483e-01	-7.377494e-02	-4.068901e-02	-3.308593e-02
552           	-3.745712e-03	9.896772e-01	-6.784536e-02	-3.766839e-02	-3.017697e-02
553           	-3.708484e-03	9.859348e-01	-5.563205e-02	-3.152451e-02	-2.410754e-02
554           	-3.698467e-03	9.819542e-01	-3.889058e-02	-2.314376e-02	-1.574682e-02
555           	-3.713066e-03	9.790311e-01	-2.085093e-02	-1.413853e-02	-6.712401e-03
556           	-3.736138e-03	9.768257e-01	-3.119148e-03	-5.295712e-03	2.176564e-03
557           	-3.760625e-03	9.754350e-01	1.377262e-02	3.125686e-03	1.064693e-02
558           	-3.787956e-03	9.757708e-01	3.022044e-02	1.132226e-02	1.889817e-02
559           	-3.815595e-03	9.774068e-01	4.697137e-02	1.967009e-02	2.730128e-02
560           	-3.839977e-03	9.797470e-01	6.470778e-02	2.851391e-02	3.619387e-02
561           	-3.862292e-03	9.824570e-01	8.191103e-02	3.709323e-02	4.481781e-02
562           	-3.882873e-03	9.852345e-01	9.755750e-02	4.489588e-02	5.266162e-02
563           	-3.897700e-03	9.874176e-01	1.106255e-01	5.141505e-02	5.921045e-02
564           	-3.903057e-03	9.884111e-01	1.196678e-01	5.593083e-02	6.373694e-02
565           	-3.898174e-03	9.882449e-01	1.236976e-01	5.795063e-02	6.574698e-02
566           	-3.888038e-03	9.874011e-01	1.217838e-01	5.700386e-02	6.477994e-02
567           	-3.877272e-03	9.862428e-01	1.132726e-01	5.275905e-02	6.051359e-02
568           	-3.863075e-03	9.845139e-01	9.946189e-02	4.586787e-02	5.359402e-02
569           	-3.835270e-03	9.813148e-01	8.174079e-02	3.703512e-02	4.470566e-02
570           	-3.791635e-03	9.764239e-01	6.177858e-02	2.709765e-02	3.468092e-02
571           	-3.735965e-03	9.702543e-01	4.166948e-02	1.709878e-02	2.457071e-02
572           	-3.679584e-03	9.641052e-01	2.378955e-02	8.215193e-03	1.557436e-02
573           	-3.631314e-03	9.582086e-01	1.062847e-02	1.682923e-03	8.945550e-03
574           	-3.596887e-03	9.521975e-01	3.332264e-03	-1.930755e-03	5.263019e-03
575           	-3.585821e-03	9.469802e-01	2.192723e-03	-2.489460e-03	4.682183e-03
576           	-3.607681e-03	9.434840e-01	6.017287e-03	-5.990371e-04	6.616324e-03
577           	-3.662548e-03	9.419482e-01	1.345793e-02	3.066416e-03	1.039151e-02
578           	-3.750304e-03	9.435488e-01	2.196017e-02	7.229779e-03	1.473039e-02
579           	-3.867910e-03	9.480201e-01	3.010697e-02	1.118557e-02	1.892139e-02
580           	-3.994590e-03	9.537478e-01	3.780716e-02	1.490899e-02	2.289817e-02
581           	-4.095287e-03	9.577315e-01	4.573031e-02	1.876987e-02	2.696044e-02
582           	-4.147546e-03	9.585437e-01	5.464745e-02	2.317618e-02	3.147127e-02
583           	-4.165145e-03	9.571625e-01	6.499180e-02	2.833075e-02	3.666105e-02
584           	-4.172976e-03	9.555449e-01	7.727302e-02	3.446354e-02	4.280949e-02
585           	-4.187932e-03	9.554877e-01	9.141561e-02	4.151987e-02	4.989574e-02
586           	-4.216565e-03	9.575158e-01	1.068338e-01	4.920032e-02	5.763345e-02
587           	-4.250246e-03	9.603742e-01	1.216145e-01	5.655702e-02	6.505751e-02
588           	-4.279584e-03	9.630680e-01	1.347258e-01	6.308330e-02	7.164247e-02
589           	-4.291231e-03	9.645072e-01	1.454664e-01	6.844197e-02	7.702443e-02
590           	-4.278562e-03	9.643594e-01	1.535027e-01	7.247280e-02	8.102993e-02
591           	-4.245135e-03	9.632438e-01	1.591760e-01	7.534287e-02	8.383314e-02
592           	-4.199306e-03	9.619780e-01	1.619200e-01	7.676069e-02	8.515930e-02
593           	-4.157693e-03	9.618646e-01	1.613705e-01	7.652757e-02	8.484296e-02
594           	-4.126880e-03	9.630297e-01	1.577873e-01	7.476675e-02	8.302051e-02
595           	-4.098678e-03	9.640787e-01	1.519868e-01	7.189473e-02	8.009208e-02
596           	-4.060420e-03	9.632111e-01	1.449690e-01	6.842410e-02	7.654494e-02
597           	-4.006474e-03	9.604109e-01	1.369162e-01	6.445163e-02	7.246457e-02
598           	-3.942986e-03	9.569901e-01	1.267786e-01	5.944632e-02	6.733229e-02
599           	-3.886364e-03	9.549794e-01	1.145967e-01	5.341201e-02	6.118474e-02
600           	-3.838268e-03	9.546385e-01	1.005846e-01	4.645402e-02	5.413056e-02
601           	-3.791217e-03	9.548096e-01	8.488753e-02	3.865255e-02	4.623498e-02
602           	-3.735714e-03	9.534484e-01	6.877184e-02	3.065020e-02	3.812163e-02
603           	-3.667153e-03	9.490897e-01	5.455645e-02	2.361107e-02	3.094538e-02
604           	-3.588378e-03	9.416761e-01	4.420803e-02	1.851564e-02	2.569239e-02
605           	-3.505367e-03	9.320107e-01	3.831206e-02	1.565066e-02	2.266140e-02
606           	-3.425304e-03	9.211767e-01	3.544096e-02	1.429518e-02	2.114579e-02
607           	-3.358681e-03	9.106015e-01	3.329100e-02	1.328682e-02	2.000418e-02
608           	-3.314300e-03	9.010762e-01	3.057239e-02	1.197189e-02	1.860049e-02
609           	-3.301481e-03	8.937193e-01	2.741206e-02	1.040455e-02	1.700751e-02
610           	-3.326321e-03	8.895805e-01	2.408810e-02	8.717727e-03	1.537037e-02
611           	-3.391838e-03	8.898784e-01	2.070718e-02	6.961749e-03	1.374543e-02
612           	-3.493331e-03	8.953663e-01	1.791827e-02	5.465802e-03	1.245246e-02
613           	-3.607000e-03	9.038134e-01	1.700597e-02	4.895984e-03	1.210998e-02
614           	-3.730839e-03	9.143093e-01	1.714960e-02	4.843961e-03	1.230564e-02
615           	-3.860118e-03	9.265708e-01	1.679051e-02	4.535137e-03	1.225537e-02
616           	-3.952058e-03	9.359127e-01	1.607944e-02	4.087660e-03	1.199178e-02
617           	-3.994991e-03	9.405199e-01	1.706067e-02	4.535345e-03	1.252533e-02
618           	-4.011258e-03	9.428977e-01	2.087151e-02	6.424498e-03	1.444701e-02
619           	-4.012518e-03	9.444753e-01	2.962710e-02	1.080103e-02	1.882607e-02
620           	-4.005192e-03	9.456389e-01	4.518265e-02	1.858613e-02	2.659652e-02
621           	-4.010813e-03	9.483512e-01	6.744650e-02	2.971244e-02	3.773406e-02
622           	-4.056099e-03	9.548109e-01	9.309192e-02	4.248986e-02	5.060206e-02
623           	-4.137042e-03	9.633965e-01	1.170249e-01	5.437539e-02	6.264948e-02
624           	-4.219919e-03	9.710378e-01	1.350503e-01	6.330523e-02	7.174507e-02
625           	-4.270752e-03	9.753371e-01	1.464241e-01	6.894130e-02	7.748280e-02
626           	-4.278083e-03	9.755668e-01	1.517546e-01	7.159922e-02	8.015539e-02
627           	-4.254924e-03	9.732658e-01	1.510384e-01	7.126429e-02	7.977414e-02
628           	-4.218441e-03	9.705432e-01	1.438644e-01	6.771374e-02	7.615062e-02
629           	-4.180880e-03	9.686807e-01	1.304468e-01	6.104252e-02	6.940428e-02
630           	-4.146217e-03	9.683710e-01	1.119389e-01	5.182322e-02	6.011565e-02
631           	-4.109278e-03	9.690095e-01	9.161020e-02	4.169582e-02	4.991438e-02
632           	-4.064139e-03	9.695628e-01	7.324560e-02	3.255866e-02	4.068694e-02
633           	-4.010765e-03	9.691312e-01	5.979162e-02	2.588505e-02	3.390658e-02
634           	-3.949447e-03	9.681115e-01	5.177068e-02	2.193589e-02	2.983479e-02
635           	-3.873391e-03	9.660220e-01	4.887773e-02	2.056547e-02	2.831225e-02
636           	-3.784106e-03	9.624865e-01	5.090120e-02	2.166649e-02	2.923471e-02
637           	-3.684806e-03	9.574503e-01	5.639253e-02	2.451146e-02	3.188107e-02
638           	-3.582019e-03	9.503932e-01	6.324277e-02	2.803937e-02	3.520341e-02
639           	-3.494233e-03	9.425761e-01	6.875581e-02	3.088367e-02	3.787214e-02
640           	-3.434164e-03	9.355308e-01	7.063046e-02	3.188107e-02	3.874939e-02
641           	-3.406937e-03	9.305827e-01	6.729971e-02	3.024292e-02	3.705679e-02
642           	-3.419043e-03	9.292694e-01	5.819770e-02	2.567981e-02	3.251789e-02
643           	-3.461794e-03	9.315560e-01	4.432219e-02	1.869930e-02	2.562289e-02
644           	-3.512619e-03	9.354218e-01	2.872580e-02	1.085028e-02	1.787552e-02
645           	-3.555449e-03	9.395093e-01	1.455143e-02	3.720266e-03	1.083116e-02
646           	-3.589231e-03	9.436182e-01	3.883936e-03	-1.647263e-03	5.531199e-03
647           	-3.618429e-03	9.476737e-01	-2.624259e-03	-4.930558e-03	2.306299e-03
648           	-3.643197e-03	9.511981e-01	-4.242913e-03	-5.764653e-03	1.521740e-03
649           	-3.655570e-03	9.526452e-01	-3.444826e-04	-3.827811e-03	3.483329e-03
650           	-3.654921e-03	9.510798e-01	9.649524e-03	1.169842e-03	8.479683e-03
651           	-3.650788e-03	9.470439e-01	2.516130e-02	8.929863e-03	1.623144e-02
652           	-3.659822e-03	9.422126e-01	4.365243e-02	1.816639e-02	2.548604e-02
653           	-3.689759e-03	9.392883e-01	5.942604e-02	2.602326e-02	3.340278e-02
654           	-3.733489e-03	9.377033e-01	6.911012e-02	3.082157e-02	3.828855e-02
655           	-3.785509e-03	9.367180e-01	7.252374e-02	3.247636e-02	4.004738e-02
656           	-3.839616e-03	9.362255e-01	7.005619e-02	3.118848e-02	3.886771e-02
657           	-3.885460e-03	9.362169e-01	6.273816e-02	2.748362e-02	3.525454e-02
658           	-3.920922e-03	9.369980e-01	5.237949e-02	2.226882e-02	3.011066e-02
659           	-3.950339e-03	9.386589e-01	4.193449e-02	1.701691e-02	2.491759e-02
660           	-3.975779e-03	9.411236e-01	3.391068e-02	1.297956e-02	2.093112e-02
661           	-3.998276e-03	9.449477e-01	2.879297e-02	1.039821e-02	1.839476e-02
662           	-4.015678e-03	9.493367e-01	2.609399e-02	9.031315e-03	1.706267e-02
663           	-4.026071e-03	9.537937e-01	2.585551e-02	8.901682e-03	1.695382e-02
664           	-4.025187e-03	9.577190e-01	2.858098e-02	1.026530e-02	1.831568e-02
665           	-4.009704e-03	9.603945e-01	3.427324e-02	1.312692e-02	2.114632e-02
666           	-3.981271e-03	9.614075e-01	4.172791e-02	1.688268e-02	2.484523e-02
667           	-3.943471e-03	9.612096e-01	4.917134e-02	2.064220e-02	2.852914e-02
668           	-3.904632e-03	9.610780e-01	5.463868e-02	2.341471e-02	3.122397e-02
669           	-3.871756e-03	9.622001e-01	5.723411e-02	2.474530e-02	3.248881e-02
670           	-3.846651e-03	9.651541e-01	5.668962e-02	2.449816e-02	3.219146e-02
671           	-3.824203e-03	9.692158e-01	5.333309e-02	2.284234e-02	3.049075e-02
672           	-3.797493e-03	9.725346e-01	4.824217e-02	2.032359e-02	2.791858e-02
673           	-3.760331e-03	9.738792e-01	4.258174e-02	1.753054e-02	2.505120e-02
674           	-3.706229e-03	9.721634e-01	3.710721e-02	1.484738e-02	2.225983e-02
675           	-3.634307e-03	9.664709e-01	3.289140e-02	1.281139e-02	2.008001e-02
676           	-3.549234e-03	9.571017e-01	3.026015e-02	1.158084e-02	1.867931e-02
677           	-3.465034e-03	9.461625e-01	2.945055e-02	1.126024e-02	1.819031e-02
678           	-3.403385e-03	9.370102e-01	3.017669e-02	1.168496e-02	1.849173e-02
679           	-3.384439e-03	9.325160e-01	3.149202e-02	1.236157e-02	1.913045e-02
680           	-3.406190e-03	9.321296e-01	3.294313e-02	1.306538e-02	1.987776e-02
681           	-3.440066e-03	9.322898e-01	3.486689e-02	1.399338e-02	2.087351e-02
682           	-3.472361e-03	9.325174e-01	3.617033e-02	1.461281e-02	2.155753e-02
683           	-3.505529e-03	9.334069e-01	3.450485e-02	1.374689e-02	2.075795e-02
684           	-3.541770e-03	9.349065e-01	2.892669e-02	1.092158e-02	1.800512e-02
685           	-3.580408e-03	9.368142e-01	2.065216e-02	6.745670e-03	1.390649e-02
686           	-3.626116e-03	9.389111e-01	1.103258e-02	1.890173e-03	9.142404e-03
687           	-3.676212e-03	9.412689e-01	2.398096e-03	-2.477164e-03	4.875260e-03
688           	-3.721275e-03	9.442145e-01	-4.280156e-03	-5.861352e-03	1.581197e-03
689           	-3.762672e-03	9.470818e-01	-8.987797e-03	-8.256571e-03	-7.312264e-04
690           	-3.799091e-03	9.493395e-01	-1.114210e-02	-9.370140e-03	-1.771957e-03
691           	-3.824067e-03	9.509822e-01	-9.872496e-03	-8.760315e-03	-1.112181e-03
692           	-3.841378e-03	9.522572e-01	-4.197884e-03	-5.940320e-03	1.742436e-03
693           	-3.867514e-03	9.532957e-01	6.118653e-03	-8.081876e-04	6.926841e-03
694           	-3.918036e-03	9.552506e-01	1.976109e-02	5.962508e-03	1.379858e-02
695           	-3.991682e-03	9.588686e-01	3.451006e-02	1.326335e-02	2.124671e-02
696           	-4.072771e-03	9.636007e-01	4.862769e-02	2.024107e-02	2.838662e-02
697           	-4.148354e-03	9.679630e-01	6.237132e-02	2.703731e-02	3.533401e-02
698           	-4.214680e-03	9.716155e-01	7.602162e-02	3.379613e-02	4.222549e-02
699           	-4.265539e-03	9.745230e-01	8.878255e-02	4.012574e-02	4.865682e-02
700           	-4.306440e-03	9.785834e-01	1.006601e-01	4.602359e-02	5.463647e-02
701           	-4.335032e-03	9.840714e-01	1.105137e-01	5.092184e-02	5.959191e-02
702           	-4.328783e-03	9.881041e-01	1.186728e-01	5.500761e-02	6.366517e-02
703           	-4.263415e-03	9.864749e-01	1.253778e-01	5.842547e-02	6.695230e-02
704           	-4.141787e-03	9.774241e-01	1.306571e-01	6.118677e-02	6.947035e-02
705           	-3.989549e-03	9.631738e-01	1.347519e-01	6.338639e-02	7.136549e-02
706           	-3.830996e-03	9.465517e-01	1.379631e-01	6.515056e-02	7.281255e-02
707           	-3.670174e-03	9.287252e-01	1.398345e-01	6.624707e-02	7.358742e-02
708           	-3.523443e-03	9.118605e-01	1.400574e-01	6.650528e-02	7.355216e-02
709           	-3.398253e-03	8.967105e-01	1.383666e-01	6.578505e-02	7.258156e-02
710           	-3.297663e-03	8.833318e-01	1.337321e-01	6.356839e-02	7.016371e-02
711           	-3.221671e-03	8.722972e-01	1.247897e-01	5.917316e-02	6.561650e-02
712           	-3.178058e-03	8.656573e-01	1.100088e-01	5.182632e-02	5.818243e-02
713           	-3.168910e-03	8.638666e-01	8.796141e-02	4.081180e-02	4.714962e-02
714           	-3.190176e-03	8.660918e-01	5.907972e-02	2.634968e-02	3.273003e-02
715           	-3.232595e-03	8.700404e-01	2.715028e-02	1.034255e-02	1.680774e-02
716           	-3.283813e-03	8.735777e-01	-2.931903e-03	-4.749764e-03	1.817861e-03
717           	-3.337784e-03	8.760327e-01	-2.844319e-02	-1.755938e-02	-1.088381e-02
718           	-3.394986e-03	8.782946e-01	-4.754856e-02	-2.716927e-02	-2.037930e-02
719           	-3.456416e-03	8.813255e-01	-5.952059e-02	-3.321671e-02	-2.630388e-02
720           	-3.524332e-03	8.854187e-01	-6.502671e-02	-3.603768e-02	-2.898902e-02
721           	-3.601295e-03	8.904547e-01	-6.490189e-02	-3.605224e-02	-2.884965e-02
722           	-3.693591e-03	8.966636e-01	-5.915015e-02	-3.326867e-02	-2.588148e-02
723           	-3.813426e-03	9.047822e-01	-4.623187e-02	-2.692936e-02	-1.930251e-02
724           	-3.969329e-03	9.160895e-01	-2.380522e-02	-1.587194e-02	-7.933281e-03
725           	-4.137290e-03	9.291411e-01	7.020407e-03	-6.270860e-04	7.647493e-03
726           	-4.293399e-03	9.424587e-01	4.358292e-02	1.749806e-02	2.608486e-02
727           	-4.420158e-03	9.534593e-01	8.199643e-02	3.657806e-02	4.541837e-02
728           	-4.520185e-03	9.621207e-01	1.185770e-01	5.476832e-02	6.380869e-02
729           	-4.590324e-03	9.683080e-01	1.510805e-01	7.094993e-02	8.013058e-02
730           	-4.629816e-03	9.727556e-01	1.783661e-01	8.455323e-02	9.381286e-02
731           	-4.635672e-03	9.753819e-01	1.997272e-01	9.522792e-02	1.044993e-01
732           	-4.606521e-03	9.762947e-01	2.153456e-01	1.030663e-01	1.122793e-01
733           	-4.537618e-03	9.748360e-01	2.239918e-01	1.074583e-01	1.165335e-01
734           	-4.445317e-03	9.720218e-01	2.234225e-01	1.072659e-01	1.161566e-01
735           	-4.353858e-03	9.701312e-01	2.121615e-01	1.017269e-01	1.104346e-01
736           	-4.274772e-03	9.700441e-01	1.904758e-01	9.096313e-02	9.951267e-02
737           	-4.206055e-03	9.709511e-01	1.623744e-01	7.698112e-02	8.539323e-02
738           	-4.142332e-03	9.719083e-01	1.333972e-01	6.255627e-02	7.084093e-02
739           	-4.081925e-03	9.725929e-01	1.073292e-01	4.958267e-02	5.774652e-02
740           	-4.026479e-03	9.731413e-01	8.458020e-02	3.826362e-02	4.631658e-02
741           	-3.967571e-03	9.728433e-01	6.490860e-02	2.848673e-02	3.642187e-02
742           	-3.897128e-03	9.709291e-01	4.929533e-02	2.075054e-02	2.854479e-02
743           	-3.812589e-03	9.668245e-01	3.905055e-02	1.571268e-02	2.333786e-02
744           	-3.721072e-03	9.609597e-01	3.469993e-02	1.362889e-02	2.107104e-02
745           	-3.634513e-03	9.546493e-01	3.536243e-02	1.404670e-02	2.131573e-02
746           	-3.566387e-03	9.490302e-01	3.992987e-02	1.639855e-02	2.353132e-02
747           	-3.517679e-03	9.441399e-01	4.630544e-02	1.963504e-02	2.667040e-02
748           	-3.482462e-03	9.392561e-01	5.116439e-02	2.209973e-02	2.906465e-02
749           	-3.466909e-03	9.362330e-01	5.099456e-02	2.203037e-02	2.896419e-02
750           	-3.459272e-03	9.352535e-01	4.545260e-02	1.926703e-02	2.618557e-02
751           	-3.446379e-03	9.348660e-01	3.573393e-02	1.442059e-02	2.131334e-02
752           	-3.423514e-03	9.346783e-01	2.308137e-02	8.117173e-03	1.496420e-02
753           	-3.389179e-03	9.347478e-01	9.229959e-03	1.225801e-03	8.004158e-03
754           	-3.333795e-03	9.318628e-01	-2.567551e-03	-4.617571e-03	2.050020e-03
755           	-3.292740e-03	9.291127e-01	-6.361205e-03	-6.473343e-03	1.121374e-04
756           	-3.276005e-03	9.278945e-01	-1.975710e-03	-4.263860e-03	2.288150e-03
757           	-3.277409e-03	9.278951e-01	9.310017e-03	1.377599e-03	7.932417e-03
758           	-3.294839e-03	9.292448e-01	2.665061e-02	1.003047e-02	1.662014e-02
759           	-3.329555e-03	9.319919e-01	4.868008e-02	2.101048e-02	2.766959e-02
760           	-3.386693e-03	9.359595e-01	7.315033e-02	3.318847e-02	3.996186e-02
761           	-3.473223e-03	9.422241e-01	9.502373e-02	4.403864e-02	5.098509e-02
762           	-3.568600e-03	9.493535e-01	1.082264e-01	5.054462e-02	5.768182e-02
763           	-3.649821e-03	9.553994e-01	1.115965e-01	5.214844e-02	5.944808e-02
764           	-3.710498e-03	9.592901e-01	1.076679e-01	5.012343e-02	5.754442e-02
765           	-3.759971e-03	9.623763e-01	9.885774e-02	4.566890e-02	5.318884e-02
766           	-3.790481e-03	9.640442e-01	8.742591e-02	3.992247e-02	4.750343e-02
767           	-3.789087e-03	9.623873e-01	7.525967e-02	3.384075e-02	4.141892e-02
768           	-3.752618e-03	9.564335e-01	6.385571e-02	2.817524e-02	3.568047e-02
769           	-3.698739e-03	9.481280e-01	5.490516e-02	2.375384e-02	3.115132e-02
770           	-3.646251e-03	9.396400e-01	4.829556e-02	2.050153e-02	2.779403e-02
771           	-3.608430e-03	9.325801e-01	4.340237e-02	1.809275e-02	2.530961e-02
772           	-3.581833e-03	9.267994e-01	3.968328e-02	1.625981e-02	2.342348e-02
773           	-3.561583e-03	9.220502e-01	3.639792e-02	1.463737e-02	2.176054e-02
774           	-3.554658e-03	9.191102e-01	3.310191e-02	1.299630e-02	2.010561e-02
775           	-3.564730e-03	9.182931e-01	3.005010e-02	1.146032e-02	1.858978e-02
776           	-3.596521e-03	9.204786e-01	2.719826e-02	1.000261e-02	1.719565e-02
777           	-3.646019e-03	9.254172e-01	2.454990e-02	8.628930e-03	1.592097e-02
778           	-3.700462e-03	9.317939e-01	2.213000e-02	7.364540e-03	1.476546e-02
779           	-3.747669e-03	9.388326e-01	2.062887e-02	6.566765e-03	1.406210e-02
780           	-3.773492e-03	9.458278e-01	2.034558e-02	6.399299e-03	1.394628e-02
781           	-3.778221e-03	9.523907e-01	2.124969e-02	6.846626e-03	1.440307e-02
782           	-3.774006e-03	9.580434e-01	2.361795e-02	8.034967e-03	1.558298e-02
783           	-3.767868e-03	9.616746e-01	2.699988e-02	9.732073e-03	1.726781e-02
784           	-3.753383e-03	9.628125e-01	3.153285e-02	1.201304e-02	1.951981e-02
785           	-3.726311e-03	9.617122e-01	3.697589e-02	1.476164e-02	2.221426e-02
786           	-3.686412e-03	9.590092e-01	4.326461e-02	1.794589e-02	2.531872e-02
787           	-3.637842e-03	9.550701e-01	5.004928e-02	2.138680e-02	2.866248e-02
788           	-3.591738e-03	9.501758e-01	5.679276e-02	2.480464e-02	3.198812e-02
789           	-3.561871e-03	9.448166e-01	6.231048e-02	2.759337e-02	3.471711e-02
790           	-3.561671e-03	9.402583e-01	6.567020e-02	2.927343e-02	3.639677e-02
791           	-3.588028e-03	9.361899e-01	6.643855e-02	2.963125e-02	3.680730e-02
792           	-3.625707e-03	9.336702e-01	6.358903e-02	2.816881e-02	3.542022e-02
793           	-3.659471e-03	9.344812e-01	5.690634e-02	2.479370e-02	3.211264e-02
794           	-3.673473e-03	9.388544e-01	4.785445e-02	2.025375e-02	2.760070e-02
795           	-3.669571e-03	9.444558e-01	3.945825e-02	1.605955e-02	2.339869e-02
796           	-3.664305e-03	9.492303e-01	3.363064e-02	1.315101e-02	2.047962e-02
797           	-3.668410e-03	9.535543e-01	2.927120e-02	1.096719e-02	1.830401e-02
798           	-3.693941e-03	9.594819e-01	2.554407e-02	9.078093e-03	1.646598e-02
799           	-3.738641e-03	9.672068e-01	2.328742e-02	7.905069e-03	1.538235e-02
800           	-3.785456e-03	9.741966e-01	2.420393e-02	8.316509e-03	1.588742e-02
801           	-3.816223e-03	9.776935e-01	2.966860e-02	1.101808e-02	1.865052e-02
802           	-3.830575e-03	9.766549e-01	3.896330e-02	1.565107e-02	2.331222e-02
803           	-3.829107e-03	9.710191e-01	4.925679e-02	2.079929e-02	2.845750e-02
804           	-3.830393e-03	9.644031e-01	5.797472e-02	2.515697e-02	3.281775e-02
805           	-3.844464e-03	9.593977e-01	6.257953e-02	2.744530e-02	3.513423e-02
806           	-3.876201e-03	9.574877e-01	6.305986e-02	2.765373e-02	3.540613e-02
807           	-3.907691e-03	9.577416e-01	6.151133e-02	2.684797e-02	3.466336e-02
808           	-3.929148e-03	9.591762e-01	6.094685e-02	2.654428e-02	3.440257e-02
809           	-3.934312e-03	9.610803e-01	6.352812e-02	2.782975e-02	3.569837e-02
810           	-3.918860e-03	9.622226e-01	7.051322e-02	3.133775e-02	3.917547e-02
811           	-3.891264e-03	9.629063e-01	8.168785e-02	3.695266e-02	4.473519e-02
812           	-3.858439e-03	9.632910e-01	9.575838e-02	4.402075e-02	5.173763e-02
813           	-3.811092e-03	9.608009e-01	1.109935e-01	5.168566e-02	5.930785e-02
814           	-3.756277e-03	9.551161e-01	1.249182e-01	5.870280e-02	6.621536e-02
815           	-3.711849e-03	9.484646e-01	1.332010e-01	6.288864e-02	7.031234e-02
816           	-3.689729e-03	9.431725e-01	1.329885e-01	6.280452e-02	7.018398e-02
817           	-3.690086e-03	9.407848e-01	1.229715e-01	5.779567e-02	6.517585e-02
818           	-3.702132e-03	9.418654e-01	1.046331e-01	4.861443e-02	5.601870e-02
819           	-3.712389e-03	9.454696e-01	8.271397e-02	3.764460e-02	4.506937e-02
820           	-3.713131e-03	9.492697e-01	6.282810e-02	2.770092e-02	3.512718e-02
821           	-3.709821e-03	9.515339e-01	4.884196e-02	2.071116e-02	2.813080e-02
822           	-3.713448e-03	9.530779e-01	4.092873e-02	1.675091e-02	2.417781e-02
823           	-3.728533e-03	9.542637e-01	3.868105e-02	1.561199e-02	2.306906e-02
824           	-3.751694e-03	9.544675e-01	4.136447e-02	1.693054e-02	2.443393e-02
825           	-3.784594e-03	9.532234e-01	4.744111e-02	1.993596e-02	2.750515e-02
826           	-3.836072e-03	9.507757e-01	5.535516e-02	2.384151e-02	3.151365e-02
827           	-3.923432e-03	9.492443e-01	6.342623e-02	2.778969e-02	3.563655e-02
828           	-4.023446e-03	9.485589e-01	7.043826e-02	3.119568e-02	3.924257e-02
829           	-4.098706e-03	9.465576e-01	7.782328e-02	3.481294e-02	4.301035e-02
830           	-4.130082e-03	9.417911e-01	8.732009e-02	3.952997e-02	4.779013e-02
831           	-4.120633e-03	9.344537e-01	9.957816e-02	4.566845e-02	5.390972e-02
832           	-4.079417e-03	9.247363e-01	1.145624e-01	5.320179e-02	6.136063e-02
833           	-4.030523e-03	9.144404e-01	1.300196e-01	6.097929e-02	6.904034e-02
834           	-4.013629e-03	9.078162e-01	1.429639e-01	6.746832e-02	7.549558e-02
835           	-4.054331e-03	9.074630e-01	1.516828e-01	7.178708e-02	7.989575e-02
836           	-4.144342e-03	9.129389e-01	1.558568e-01	7.378403e-02	8.207272e-02
837           	-4.259668e-03	9.218294e-01	1.573237e-01	7.440217e-02	8.292150e-02
838           	-4.373220e-03	9.321727e-01	1.580680e-01	7.466078e-02	8.340723e-02
839           	-4.451192e-03	9.415817e-01	1.600328e-01	7.556522e-02	8.446760e-02
840           	-4.477520e-03	9.485917e-01	1.633576e-01	7.720125e-02	8.615630e-02
841           	-4.453033e-03	9.522659e-01	1.676053e-01	7.934963e-02	8.825569e-02
842           	-4.387709e-03	9.524273e-01	1.725478e-01	8.188618e-02	9.066160e-02
843           	-4.297464e-03	9.494600e-01	1.777858e-01	8.459543e-02	9.319036e-02
844           	-4.204074e-03	9.445249e-01	1.826878e-01	8.713981e-02	9.554796e-02
845           	-4.126373e-03	9.389027e-01	1.867579e-01	8.925257e-02	9.750532e-02
846           	-4.076239e-03	9.339673e-01	1.893603e-01	9.060393e-02	9.875640e-02
847           	-4.053682e-03	9.305916e-01	1.899932e-01	9.094291e-02	9.905027e-02
848           	-4.050657e-03	9.290663e-01	1.887356e-01	9.031714e-02	9.841845e-02
849           	-4.055033e-03	9.291381e-01	1.856774e-01	8.878368e-02	9.689374e-02
850           	-4.052584e-03	9.298653e-01	1.809366e-01	8.641573e-02	9.452090e-02
851           	-4.028300e-03	9.301954e-01	1.748090e-01	8.337620e-02	9.143280e-02
852           	-3.974931e-03	9.289079e-01	1.669308e-01	7.949047e-02	8.744033e-02
853           	-3.893211e-03	9.252908e-01	1.572199e-01	7.471672e-02	8.250314e-02
854           	-3.791549e-03	9.193002e-01	1.463139e-01	6.936540e-02	7.694850e-02
855           	-3.683901e-03	9.119563e-01	1.349007e-01	6.376647e-02	7.113427e-02
856           	-3.582032e-03	9.045776e-01	1.230307e-01	5.793332e-02	6.509738e-02
857           	-3.497500e-03	8.983786e-01	1.104444e-01	5.172470e-02	5.871970e-02
858           	-3.443914e-03	8.949179e-01	9.822775e-02	4.566996e-02	5.255779e-02
859           	-3.427691e-03	8.950124e-01	8.652949e-02	3.983705e-02	4.669244e-02
860           	-3.449527e-03	8.988953e-01	7.547235e-02	3.428665e-02	4.118570e-02
861           	-3.502248e-03	9.058926e-01	6.447105e-02	2.873328e-02	3.573777e-02
862           	-3.573125e-03	9.140912e-01	5.347118e-02	2.316246e-02	3.030871e-02
863           	-3.638515e-03	9.209591e-01	4.346326e-02	1.809311e-02	2.537014e-02
864           	-3.689519e-03	9.255964e-01	3.667406e-02	1.464751e-02	2.202655e-02
865           	-3.734359e-03	9.298107e-01	3.438274e-02	1.345701e-02	2.092573e-02
866           	-3.774574e-03	9.342507e-01	3.600531e-02	1.422808e-02	2.177723e-02
867           	-3.799626e-03	9.372369e-01	3.946932e-02	1.593503e-02	2.353428e-02
868           	-3.811830e-03	9.384184e-01	4.311123e-02	1.774378e-02	2.536745e-02
869           	-3.817750e-03	9.386888e-01	4.617767e-02	1.927108e-02	2.690658e-02
870           	-3.807534e-03	9.354216e-01	4.710557e-02	1.974525e-02	2.736032e-02
871           	-3.786907e-03	9.295149e-01	4.402668e-02	1.822643e-02	2.580025e-02
872           	-3.784817e-03	9.259271e-01	3.822277e-02	1.532657e-02	2.289620e-02
873           	-3.818565e-03	9.266809e-01	3.165790e-02	1.201039e-02	1.964752e-02
874           	-3.881920e-03	9.312677e-01	2.637044e-02	9.303299e-03	1.706714e-02
875           	-3.959997e-03	9.376054e-01	2.407141e-02	8.075706e-03	1.599570e-02
876           	-4.037024e-03	9.435948e-01	2.665184e-02	9.288897e-03	1.736294e-02
877           	-4.104642e-03	9.487554e-01	3.545793e-02	1.362433e-02	2.183361e-02
878           	-4.162754e-03	9.534489e-01	5.034127e-02	2.100788e-02	2.933339e-02
879           	-4.212775e-03	9.575081e-01	6.915161e-02	3.036303e-02	3.878858e-02
880           	-4.264042e-03	9.615449e-01	8.905065e-02	4.026128e-02	4.878937e-02
881           	-4.307771e-03	9.650072e-01	1.077748e-01	4.957963e-02	5.819517e-02
882           	-4.323344e-03	9.658419e-01	1.247843e-01	5.806883e-02	6.671552e-02
883           	-4.305159e-03	9.637745e-01	1.399718e-01	6.568073e-02	7.429104e-02
884           	-4.254210e-03	9.591760e-01	1.530184e-01	7.225501e-02	8.076343e-02
885           	-4.190694e-03	9.538434e-01	1.629213e-01	7.726995e-02	8.565134e-02
886           	-4.135007e-03	9.498217e-01	1.690426e-01	8.038628e-02	8.865630e-02
887           	-4.101234e-03	9.485676e-01	1.710440e-01	8.142075e-02	8.962322e-02
888           	-4.087282e-03	9.495613e-01	1.686953e-01	8.026038e-02	8.843494e-02
889           	-4.088159e-03	9.528025e-01	1.622821e-01	7.705288e-02	8.522920e-02
890           	-4.093593e-03	9.576143e-01	1.524383e-01	7.212554e-02	8.031272e-02
891           	-4.091414e-03	9.632240e-01	1.390032e-01	6.541019e-02	7.359302e-02
892           	-4.072947e-03	9.676573e-01	1.239378e-01	5.789594e-02	6.604184e-02
893           	-4.036644e-03	9.701228e-01	1.080300e-01	4.997834e-02	5.805163e-02
894           	-3.983780e-03	9.701177e-01	9.168268e-02	4.185756e-02	4.982512e-02
895           	-3.909116e-03	9.662471e-01	7.735891e-02	3.477034e-02	4.258857e-02
896           	-3.806985e-03	9.578232e-01	6.622662e-02	2.930632e-02	3.692029e-02
897           	-3.688757e-03	9.460925e-01	5.955321e-02	2.608785e-02	3.346536e-02
898           	-3.575292e-03	9.330923e-01	5.862932e-02	2.573937e-02	3.288995e-02
899           	-3.488665e-03	9.208618e-01	6.405338e-02	2.853803e-02	3.551536e-02
900           	-3.446400e-03	9.112928e-01	7.389488e-02	3.350104e-02	4.039384e-02
901           	-3.449241e-03	9.049369e-01	8.391733e-02	3.850942e-02	4.540791e-02
902           	-3.486879e-03	9.009255e-01	9.061322e-02	4.181973e-02	4.879349e-02
903           	-3.541206e-03	8.983342e-01	9.100498e-02	4.196129e-02	4.904370e-02
904           	-3.591523e-03	8.961184e-01	8.384250e-02	3.832973e-02	4.551277e-02
905           	-3.621988e-03	8.944315e-01	7.157008e-02	3.216305e-02	3.940703e-02
906           	-3.640123e-03	8.950279e-01	5.663244e-02	2.467610e-02	3.195635e-02
907           	-3.660336e-03	8.995392e-01	4.053370e-02	1.660651e-02	2.392719e-02
908           	-3.688776e-03	9.063439e-01	2.466053e-02	8.641488e-03	1.601904e-02
909           	-3.736387e-03	9.144358e-01	1.303911e-02	2.783166e-03	1.025594e-02
910           	-3.794934e-03	9.221986e-01	7.705710e-03	5.792070e-05	7.647789e-03
911           	-3.861089e-03	9.294005e-01	7.601308e-03	-6.043487e-05	7.661743e-03
912           	-3.936434e-03	9.354143e-01	1.424675e-02	3.186940e-03	1.105981e-02
913           	-4.030292e-03	9.402220e-01	2.937046e-02	1.065494e-02	1.871552e-02
914           	-4.149664e-03	9.465172e-01	5.117118e-02	2.143592e-02	2.973525e-02
915           	-4.271065e-03	9.545240e-01	7.423439e-02	3.284613e-02	4.138826e-02
916           	-4.365149e-03	9.624409e-01	9.466239e-02	4.296605e-02	5.169634e-02
917           	-4.420118e-03	9.684395e-01	1.115300e-01	5.134490e-02	6.018513e-02
918           	-4.437976e-03	9.718786e-01	1.246844e-01	5.790420e-02	6.678016e-02
919           	-4.425547e-03	9.727349e-01	1.335420e-01	6.234546e-02	7.119656e-02
920           	-4.397257e-03	9.723873e-01	1.375487e-01	6.437710e-02	7.317161e-02
921           	-4.364517e-03	9.723678e-01	1.357689e-01	6.351995e-02	7.224898e-02
922           	-4.332850e-03	9.736483e-01	1.275879e-01	5.946112e-02	6.812682e-02
923           	-4.298813e-03	9.757583e-01	1.136428e-01	5.252261e-02	6.112023e-02
924           	-4.254886e-03	9.774722e-01	9.616990e-02	4.383006e-02	5.233983e-02
925           	-4.189813e-03	9.771390e-01	7.890121e-02	3.526079e-02	4.364042e-02
926           	-4.102848e-03	9.744941e-01	6.514065e-02	2.846748e-02	3.667318e-02
927           	-4.003915e-03	9.705707e-01	5.673713e-02	2.436465e-02	3.237248e-02
928           	-3.911130e-03	9.670885e-01	5.490871e-02	2.354322e-02	3.136548e-02
929           	-3.836443e-03	9.649326e-01	5.988437e-02	2.610574e-02	3.377863e-02
930           	-3.770056e-03	9.627348e-01	7.005775e-02	3.125882e-02	3.879893e-02
931           	-3.698455e-03	9.595243e-01	8.213329e-02	3.736819e-02	4.476510e-02
932           	-3.616549e-03	9.552673e-01	9.304351e-02	4.290520e-02	5.013830e-02
933           	-3.529279e-03	9.504584e-01	9.947505e-02	4.620824e-02	5.326680e-02
934           	-3.440875e-03	9.440255e-01	9.736665e-02	4.524245e-02	5.212420e-02
935           	-3.357471e-03	9.361685e-01	8.339374e-02	3.833940e-02	4.505434e-02
936           	-3.287598e-03	9.277320e-01	5.793086e-02	2.567783e-02	3.225303e-02
937           	-3.247645e-03	9.214808e-01	2.619544e-02	9.850076e-03	1.634537e-02
938           	-3.240965e-03	9.184122e-01	-4.946105e-03	-5.714018e-03	7.679127e-04
939           	-3.261094e-03	9.177495e-01	-2.952711e-02	-1.802465e-02	-1.150246e-02
940           	-3.293978e-03	9.185949e-01	-4.492701e-02	-2.575748e-02	-1.916953e-02
941           	-3.327764e-03	9.200671e-01	-5.189565e-02	-2.927559e-02	-2.262006e-02
942           	-3.367559e-03	9.219703e-01	-5.013791e-02	-2.843651e-02	-2.170140e-02
943           	-3.422548e-03	9.240434e-01	-3.945021e-02	-2.314765e-02	-1.630256e-02
944           	-3.492386e-03	9.256055e-01	-2.318981e-02	-1.508729e-02	-8.102519e-03
945           	-3.579452e-03	9.271221e-01	-5.116621e-03	-6.137762e-03	1.021141e-03
946           	-3.689216e-03	9.301409e-01	1.161435e-02	2.117957e-03	9.496389e-03
947           	-3.823730e-03	9.365588e-01	2.482526e-02	8.588901e-03	1.623636e-02
948           	-3.967705e-03	9.456314e-01	3.358619e-02	1.282539e-02	2.076080e-02
949           	-4.104001e-03	9.563199e-01	3.820037e-02	1.499619e-02	2.320419e-02
950           	-4.213261e-03	9.668387e-01	3.901371e-02	1.529359e-02	2.372012e-02
951           	-4.286167e-03	9.758711e-01	3.707750e-02	1.425258e-02	2.282491e-02
952           	-4.322203e-03	9.823854e-01	3.455282e-02	1.295421e-02	2.159861e-02
953           	-4.325864e-03	9.856852e-01	3.335208e-02	1.235018e-02	2.100191e-02
954           	-4.301986e-03	9.850113e-01	3.425043e-02	1.282323e-02	2.142720e-02
955           	-4.258192e-03	9.805054e-01	3.729524e-02	1.438943e-02	2.290581e-02
956           	-4.203619e-03	9.733386e-01	4.244106e-02	1.701691e-02	2.542415e-02
957           	-4.147766e-03	9.650137e-01	4.948560e-02	2.059503e-02	2.889056e-02
958           	-4.099288e-03	9.568951e-01	5.768030e-02	2.474086e-02	3.293944e-02
959           	-4.060136e-03	9.496565e-01	6.605388e-02	2.896681e-02	3.708708e-02
960           	-4.026677e-03	9.434656e-01	7.343331e-02	3.268998e-02	4.074333e-02
961           	-3.995515e-03	9.386436e-01	7.904623e-02	3.552760e-02	4.351863e-02
962           	-3.961107e-03	9.351075e-01	8.284324e-02	3.746051e-02	4.538273e-02
963           	-3.921753e-03	9.328480e-01	8.537290e-02	3.876470e-02	4.660820e-02
964           	-3.877945e-03	9.317096e-01	8.751365e-02	3.987888e-02	4.763477e-02
965           	-3.825527e-03	9.306654e-01	8.993227e-02	4.114061e-02	4.879166e-02
966           	-3.760942e-03	9.290738e-01	9.281251e-02	4.264531e-02	5.016719e-02
967           	-3.689335e-03	9.270474e-01	9.438216e-02	4.350174e-02	5.088041e-02
968           	-3.620969e-03	9.256129e-01	9.281220e-02	4.278513e-02	5.002707e-02
969           	-3.560923e-03	9.247177e-01	8.746922e-02	4.017369e-02	4.729553e-02
970           	-3.513600e-03	9.244217e-01	7.785083e-02	3.541182e-02	4.243902e-02
971           	-3.480681e-03	9.241680e-01	6.361036e-02	2.832450e-02	3.528586e-02
972           	-3.460473e-03	9.239022e-01	4.562950e-02	1.935428e-02	2.627522e-02
973           	-3.457503e-03	9.246112e-01	2.510699e-02	9.095995e-03	1.601100e-02
974           	-3.478033e-03	9.275158e-01	4.903086e-03	-1.026490e-03	5.929576e-03
975           	-3.522401e-03	9.333755e-01	-1.342861e-02	-1.023671e-02	-3.191903e-03
976           	-3.578872e-03	9.406976e-01	-2.811992e-02	-1.763883e-02	-1.048109e-02
977           	-3.628462e-03	9.470556e-01	-3.700570e-02	-2.213131e-02	-1.487439e-02
978           	-3.665462e-03	9.511758e-01	-3.848946e-02	-2.291019e-02	-1.557927e-02
979           	-3.700549e-03	9.536597e-01	-3.327037e-02	-2.033573e-02	-1.293464e-02
980           	-3.731409e-03	9.529527e-01	-2.243175e-02	-1.494728e-02	-7.484467e-03
981           	-3.771131e-03	9.501041e-01	-7.009692e-03	-7.275977e-03	2.662856e-04
982           	-3.836627e-03	9.477934e-01	1.135363e-02	1.840190e-03	9.513443e-03
983           	-3.929215e-03	9.472220e-01	3.027855e-02	1.121006e-02	1.906849e-02
984           	-4.042325e-03	9.489245e-01	4.865137e-02	2.028336e-02	2.836801e-02
985           	-4.159668e-03	9.534510e-01	6.394974e-02	2.781520e-02	3.613454e-02
986           	-4.248292e-03	9.586375e-01	7.327579e-02	3.238960e-02	4.088619e-02
987           	-4.285351e-03	9.622475e-01	7.633598e-02	3.388264e-02	4.245334e-02
988           	-4.274923e-03	9.628352e-01	7.596358e-02	3.370687e-02	4.225671e-02
989           	-4.235435e-03	9.609200e-01	7.478358e-02	3.315636e-02	4.162723e-02
990           	-4.180965e-03	9.571366e-01	7.396336e-02	3.280071e-02	4.116264e-02
991           	-4.119902e-03	9.520787e-01	7.425528e-02	3.300774e-02	4.124754e-02
992           	-4.058388e-03	9.469369e-01	7.674602e-02	3.431462e-02	4.243140e-02
993           	-4.005117e-03	9.435435e-01	8.282822e-02	3.740899e-02	4.541923e-02
994           	-3.959418e-03	9.418853e-01	9.245380e-02	4.226748e-02	5.018632e-02
995           	-3.921099e-03	9.414443e-01	1.036418e-01	4.789978e-02	5.574198e-02
996           	-3.886966e-03	9.410421e-01	1.140318e-01	5.312895e-02	6.090288e-02
997           	-3.854784e-03	9.402980e-01	1.213349e-01	5.681266e-02	6.452222e-02
998           	-3.827186e-03	9.398171e-01	1.246923e-01	5.851898e-02	6.617335e-02
999           	-3.810652e-03	9.410984e-01	1.237456e-01	5.806213e-02	6.568343e-02
1000          	-3.803458e-03	9.441929e-01	1.180512e-01	5.522214e-02	6.282905e-02
