# Force coefficients
# liftDir     : (0.000000e+00 0.000000e+00 1.000000e+00)
# dragDir     : (0.000000e+00 1.000000e+00 0.000000e+00)
# pitchAxis   : (1.000000e+00 0.000000e+00 0.000000e+00)
# magUInf     : 3.923697e-01
# lRef        : 4.000000e+00
# Aref        : 2.562000e-02
# CofR        : (0.000000e+00 0.000000e+00 0.000000e+00)
# Time        	Cm            	Cd            	Cl            	Cl(f)         	Cl(r)         
1             	-2.205878e-04	5.065652e-02	-5.517436e-03	-2.979306e-03	-2.538130e-03
2             	-2.204025e-03	5.669647e-01	-6.859482e-02	-3.650143e-02	-3.209338e-02
3             	-3.115831e-03	9.470776e-01	-7.374180e-02	-3.998673e-02	-3.375507e-02
4             	-2.907626e-03	1.035910e+00	-4.390148e-02	-2.485837e-02	-1.904311e-02
5             	-2.344634e-03	9.814362e-01	-5.378155e-03	-5.033712e-03	-3.444436e-04
6             	-1.980781e-03	9.055358e-01	1.494144e-02	5.489940e-03	9.451502e-03
7             	-1.663307e-03	8.194302e-01	3.720729e-02	1.694034e-02	2.026695e-02
8             	-1.585875e-03	7.665764e-01	4.423932e-02	2.053379e-02	2.370554e-02
9             	-1.667765e-03	7.491737e-01	4.499232e-02	2.082840e-02	2.416393e-02
10            	-1.803136e-03	7.571189e-01	4.163801e-02	1.901587e-02	2.262214e-02
11            	-1.935945e-03	7.727660e-01	3.725250e-02	1.669031e-02	2.056220e-02
12            	-2.077292e-03	7.938586e-01	3.120058e-02	1.352300e-02	1.767758e-02
13            	-2.235627e-03	8.219272e-01	2.087922e-02	8.203980e-03	1.267524e-02
14            	-2.335377e-03	8.414014e-01	7.873091e-03	1.601168e-03	6.271922e-03
15            	-2.395530e-03	8.488905e-01	-3.509466e-03	-4.150263e-03	6.407973e-04
16            	-2.469853e-03	8.512888e-01	-1.290088e-02	-8.920292e-03	-3.980585e-03
17            	-2.565149e-03	8.526557e-01	-2.027775e-02	-1.270402e-02	-7.573728e-03
18            	-2.671949e-03	8.538066e-01	-2.556690e-02	-1.545540e-02	-1.011150e-02
19            	-2.778451e-03	8.544958e-01	-2.836599e-02	-1.696145e-02	-1.140454e-02
20            	-2.884559e-03	8.552791e-01	-2.800543e-02	-1.688728e-02	-1.111816e-02
21            	-2.993751e-03	8.569835e-01	-2.379622e-02	-1.489186e-02	-8.904359e-03
22            	-3.099492e-03	8.600206e-01	-1.495603e-02	-1.057751e-02	-4.378525e-03
23            	-3.184047e-03	8.642101e-01	-3.005817e-03	-4.686956e-03	1.681139e-03
24            	-3.232897e-03	8.683199e-01	8.962954e-03	1.248580e-03	7.714374e-03
25            	-3.259298e-03	8.719074e-01	2.013333e-02	6.807367e-03	1.332596e-02
26            	-3.275188e-03	8.748456e-01	3.037777e-02	1.191369e-02	1.846407e-02
27            	-3.285515e-03	8.772142e-01	3.869859e-02	1.606378e-02	2.263481e-02
28            	-3.292109e-03	8.789130e-01	4.457555e-02	1.899566e-02	2.557988e-02
29            	-3.293002e-03	8.792485e-01	4.856710e-02	2.099055e-02	2.757655e-02
30            	-3.289670e-03	8.785103e-01	5.106895e-02	2.224481e-02	2.882415e-02
31            	-3.285799e-03	8.772468e-01	5.249706e-02	2.296273e-02	2.953433e-02
32            	-3.285573e-03	8.759250e-01	5.357723e-02	2.350304e-02	3.007419e-02
33            	-3.290511e-03	8.747779e-01	5.497600e-02	2.419749e-02	3.077851e-02
34            	-3.300779e-03	8.737970e-01	5.713233e-02	2.526538e-02	3.186694e-02
35            	-3.312041e-03	8.727247e-01	6.024863e-02	2.681228e-02	3.343636e-02
36            	-3.319704e-03	8.712579e-01	6.431405e-02	2.883732e-02	3.547673e-02
37            	-3.322330e-03	8.693436e-01	6.941705e-02	3.138620e-02	3.803086e-02
38            	-3.321592e-03	8.673171e-01	7.550541e-02	3.443111e-02	4.107430e-02
39            	-3.321902e-03	8.656900e-01	8.240318e-02	3.787969e-02	4.452349e-02
40            	-3.328308e-03	8.649596e-01	9.000423e-02	4.167381e-02	4.833042e-02
41            	-3.344354e-03	8.655271e-01	9.795642e-02	4.563385e-02	5.232256e-02
42            	-3.371172e-03	8.676520e-01	1.059810e-01	4.961934e-02	5.636169e-02
43            	-3.405958e-03	8.712338e-01	1.135560e-01	5.337206e-02	6.018398e-02
44            	-3.443286e-03	8.757971e-01	1.201463e-01	5.662984e-02	6.351641e-02
45            	-3.482497e-03	8.814865e-01	1.257315e-01	5.938325e-02	6.634825e-02
46            	-3.521361e-03	8.880306e-01	1.302939e-01	6.162560e-02	6.866832e-02
47            	-3.550780e-03	8.937866e-01	1.335713e-01	6.323485e-02	7.033641e-02
48            	-3.565563e-03	8.975058e-01	1.353636e-01	6.411623e-02	7.124735e-02
49            	-3.570256e-03	8.995904e-01	1.357658e-01	6.431267e-02	7.145318e-02
50            	-3.570941e-03	9.006433e-01	1.352703e-01	6.406420e-02	7.120609e-02
51            	-3.573095e-03	9.011304e-01	1.347676e-01	6.381072e-02	7.095691e-02
52            	-3.578127e-03	9.009472e-01	1.350717e-01	6.395772e-02	7.111398e-02
53            	-3.587860e-03	9.003829e-01	1.365491e-01	6.468671e-02	7.186243e-02
54            	-3.602686e-03	8.998925e-01	1.390978e-01	6.594620e-02	7.315157e-02
55            	-3.622531e-03	9.004886e-01	1.424554e-01	6.760518e-02	7.485025e-02
56            	-3.651004e-03	9.034295e-01	1.468704e-01	6.978420e-02	7.708621e-02
57            	-3.673033e-03	9.067740e-01	1.516044e-01	7.212916e-02	7.947523e-02
58            	-3.680649e-03	9.089188e-01	1.559868e-01	7.431276e-02	8.167406e-02
59            	-3.686025e-03	9.113542e-01	1.580950e-01	7.536148e-02	8.273353e-02
60            	-3.688411e-03	9.139655e-01	1.559909e-01	7.430704e-02	8.168386e-02
61            	-3.678255e-03	9.153941e-01	1.488106e-01	7.072705e-02	7.808356e-02
62            	-3.650545e-03	9.150872e-01	1.374033e-01	6.505111e-02	7.235220e-02
63            	-3.600173e-03	9.124393e-01	1.236453e-01	5.822246e-02	6.542281e-02
64            	-3.527196e-03	9.071166e-01	1.097199e-01	5.133277e-02	5.838716e-02
65            	-3.431114e-03	8.982775e-01	9.979111e-02	4.646444e-02	5.332667e-02
66            	-3.322075e-03	8.876162e-01	9.500311e-02	4.417948e-02	5.082363e-02
67            	-3.218624e-03	8.772449e-01	9.621429e-02	4.488852e-02	5.132577e-02
68            	-3.147561e-03	8.704331e-01	1.012377e-01	4.747131e-02	5.376643e-02
69            	-3.119546e-03	8.680465e-01	1.057657e-01	4.976329e-02	5.600239e-02
70            	-3.131727e-03	8.694724e-01	1.075355e-01	5.063600e-02	5.689945e-02
71            	-3.176460e-03	8.736580e-01	1.067556e-01	5.020136e-02	5.655428e-02
72            	-3.253532e-03	8.806245e-01	1.039220e-01	4.870746e-02	5.521453e-02
73            	-3.359385e-03	8.900891e-01	9.941624e-02	4.634873e-02	5.306750e-02
74            	-3.479260e-03	9.007289e-01	9.355687e-02	4.329917e-02	5.025769e-02
75            	-3.593778e-03	9.106271e-01	8.710290e-02	3.995767e-02	4.714523e-02
76            	-3.691282e-03	9.180270e-01	8.062745e-02	3.662244e-02	4.400501e-02
77            	-3.767186e-03	9.223490e-01	7.423807e-02	3.335185e-02	4.088622e-02
78            	-3.820845e-03	9.241647e-01	6.789459e-02	3.012645e-02	3.776814e-02
79            	-3.851776e-03	9.243438e-01	6.203014e-02	2.716329e-02	3.486684e-02
80            	-3.865164e-03	9.239702e-01	5.821536e-02	2.524252e-02	3.297285e-02
81            	-3.870764e-03	9.240204e-01	5.770020e-02	2.497934e-02	3.272086e-02
82            	-3.880081e-03	9.253977e-01	6.065876e-02	2.644930e-02	3.420946e-02
83            	-3.897776e-03	9.280050e-01	6.658453e-02	2.939449e-02	3.719004e-02
84            	-3.920493e-03	9.312059e-01	7.532931e-02	3.374416e-02	4.158515e-02
85            	-3.941268e-03	9.343998e-01	8.661965e-02	3.936856e-02	4.725110e-02
86            	-3.959452e-03	9.382739e-01	9.971043e-02	4.589576e-02	5.381466e-02
87            	-3.973436e-03	9.433093e-01	1.127764e-01	5.241478e-02	6.036166e-02
88            	-3.969454e-03	9.474959e-01	1.239607e-01	5.801091e-02	6.594981e-02
89            	-3.947836e-03	9.499803e-01	1.312397e-01	6.167202e-02	6.956769e-02
90            	-3.918313e-03	9.517006e-01	1.341973e-01	6.318033e-02	7.101695e-02
91            	-3.884936e-03	9.526315e-01	1.339460e-01	6.308807e-02	7.085794e-02
92            	-3.841395e-03	9.521104e-01	1.318498e-01	6.208349e-02	6.976628e-02
93            	-3.783698e-03	9.494487e-01	1.299304e-01	6.118151e-02	6.874891e-02
94            	-3.706337e-03	9.441139e-01	1.294563e-01	6.102180e-02	6.843447e-02
95            	-3.614449e-03	9.368640e-01	1.308098e-01	6.179045e-02	6.901934e-02
96            	-3.526686e-03	9.298565e-01	1.330650e-01	6.300581e-02	7.005919e-02
97            	-3.457994e-03	9.244511e-01	1.338230e-01	6.345350e-02	7.036949e-02
98            	-3.419444e-03	9.215426e-01	1.306648e-01	6.191293e-02	6.875182e-02
99            	-3.419126e-03	9.218028e-01	1.228670e-01	5.801438e-02	6.485263e-02
100           	-3.453932e-03	9.249182e-01	1.100141e-01	5.155314e-02	5.846100e-02
101           	-3.501283e-03	9.288098e-01	9.341665e-02	4.320704e-02	5.020961e-02
102           	-3.538236e-03	9.313065e-01	7.467832e-02	3.380092e-02	4.087739e-02
103           	-3.560808e-03	9.324290e-01	5.579591e-02	2.433715e-02	3.145877e-02
104           	-3.568390e-03	9.324094e-01	3.929819e-02	1.608070e-02	2.321748e-02
105           	-3.560455e-03	9.305785e-01	2.821147e-02	1.054528e-02	1.766619e-02
106           	-3.554163e-03	9.279799e-01	2.301524e-02	7.953456e-03	1.506178e-02
107           	-3.558876e-03	9.248915e-01	2.176093e-02	7.321587e-03	1.443934e-02
108           	-3.574580e-03	9.210178e-01	2.276265e-02	7.806744e-03	1.495590e-02
109           	-3.602173e-03	9.169772e-01	2.484296e-02	8.819307e-03	1.602365e-02
110           	-3.651701e-03	9.141133e-01	2.762938e-02	1.016299e-02	1.746639e-02
111           	-3.725903e-03	9.135929e-01	3.046869e-02	1.150844e-02	1.896025e-02
112           	-3.812926e-03	9.149767e-01	3.388265e-02	1.312840e-02	2.075425e-02
113           	-3.903634e-03	9.180241e-01	3.941590e-02	1.580431e-02	2.361158e-02
114           	-3.993688e-03	9.236343e-01	4.683681e-02	1.942472e-02	2.741209e-02
115           	-4.083450e-03	9.322399e-01	5.612487e-02	2.397899e-02	3.214589e-02
116           	-4.162213e-03	9.420995e-01	6.766126e-02	2.966842e-02	3.799284e-02
117           	-4.232562e-03	9.535539e-01	8.138384e-02	3.645936e-02	4.492448e-02
118           	-4.299946e-03	9.671010e-01	9.552718e-02	4.346365e-02	5.206354e-02
119           	-4.346220e-03	9.801378e-01	1.082432e-01	4.977538e-02	5.846782e-02
120           	-4.360884e-03	9.903221e-01	1.176967e-01	5.448746e-02	6.320922e-02
121           	-4.339765e-03	9.952050e-01	1.230888e-01	5.720465e-02	6.588418e-02
122           	-4.271989e-03	9.920687e-01	1.254808e-01	5.846842e-02	6.701240e-02
123           	-4.158721e-03	9.795996e-01	1.258328e-01	5.875769e-02	6.707514e-02
124           	-4.045306e-03	9.628702e-01	1.250859e-01	5.849766e-02	6.658827e-02
125           	-3.960334e-03	9.469307e-01	1.230936e-01	5.758647e-02	6.550714e-02
126           	-3.900442e-03	9.335086e-01	1.193611e-01	5.578009e-02	6.358098e-02
127           	-3.854760e-03	9.230821e-01	1.139169e-01	5.310367e-02	6.081319e-02
128           	-3.821008e-03	9.160478e-01	1.074531e-01	4.990552e-02	5.754754e-02
129           	-3.803850e-03	9.124834e-01	1.004445e-01	4.641839e-02	5.402609e-02
130           	-3.803131e-03	9.115641e-01	9.326078e-02	4.282726e-02	5.043352e-02
131           	-3.815029e-03	9.121355e-01	8.638593e-02	3.937793e-02	4.700799e-02
132           	-3.839589e-03	9.142496e-01	8.041257e-02	3.636669e-02	4.404587e-02
133           	-3.873736e-03	9.183398e-01	7.487820e-02	3.356536e-02	4.131283e-02
134           	-3.909514e-03	9.245978e-01	6.986342e-02	3.102220e-02	3.884123e-02
135           	-3.933678e-03	9.318729e-01	6.577582e-02	2.895423e-02	3.682159e-02
136           	-3.930564e-03	9.369395e-01	6.227731e-02	2.720809e-02	3.506922e-02
137           	-3.910052e-03	9.398733e-01	5.807746e-02	2.512868e-02	3.294878e-02
138           	-3.881995e-03	9.406873e-01	5.278984e-02	2.251293e-02	3.027692e-02
139           	-3.853482e-03	9.394466e-01	4.754702e-02	1.992003e-02	2.762699e-02
140           	-3.833763e-03	9.376180e-01	4.471884e-02	1.852566e-02	2.619318e-02
141           	-3.825999e-03	9.361698e-01	4.612295e-02	1.923547e-02	2.688747e-02
142           	-3.831131e-03	9.358505e-01	5.379614e-02	2.306694e-02	3.072920e-02
143           	-3.856766e-03	9.374987e-01	6.912699e-02	3.070673e-02	3.842026e-02
144           	-3.908445e-03	9.425708e-01	8.789483e-02	4.003897e-02	4.785586e-02
145           	-3.979942e-03	9.500234e-01	1.042619e-01	4.815101e-02	5.611089e-02
146           	-4.054331e-03	9.564554e-01	1.161902e-01	5.404074e-02	6.214941e-02
147           	-4.112973e-03	9.593819e-01	1.234163e-01	5.759519e-02	6.582113e-02
148           	-4.149814e-03	9.582027e-01	1.252056e-01	5.845299e-02	6.675262e-02
149           	-4.181611e-03	9.562343e-01	1.216926e-01	5.666471e-02	6.502793e-02
150           	-4.228970e-03	9.569419e-01	1.148329e-01	5.318746e-02	6.164540e-02
151           	-4.285633e-03	9.597614e-01	1.078438e-01	4.963628e-02	5.820755e-02
152           	-4.334875e-03	9.628937e-01	1.029952e-01	4.716274e-02	5.583249e-02
153           	-4.367797e-03	9.653517e-01	1.008649e-01	4.606466e-02	5.480025e-02
154           	-4.378066e-03	9.661547e-01	1.011128e-01	4.617833e-02	5.493446e-02
155           	-4.358984e-03	9.638541e-01	1.031676e-01	4.722480e-02	5.594277e-02
156           	-4.306516e-03	9.574649e-01	1.062194e-01	4.880318e-02	5.741621e-02
157           	-4.234235e-03	9.492069e-01	1.087999e-01	5.016570e-02	5.863417e-02
158           	-4.157430e-03	9.417971e-01	1.099454e-01	5.081526e-02	5.913012e-02
159           	-4.083522e-03	9.368419e-01	1.095996e-01	5.071630e-02	5.888335e-02
160           	-4.020655e-03	9.353559e-01	1.083673e-01	5.016301e-02	5.820432e-02
161           	-3.968095e-03	9.365569e-01	1.064066e-01	4.923520e-02	5.717139e-02
162           	-3.918040e-03	9.395491e-01	1.033078e-01	4.773586e-02	5.557194e-02
163           	-3.864943e-03	9.429722e-01	9.890716e-02	4.558864e-02	5.331852e-02
164           	-3.805203e-03	9.453067e-01	9.281669e-02	4.260314e-02	5.021355e-02
165           	-3.745395e-03	9.468861e-01	8.445555e-02	3.848238e-02	4.597317e-02
166           	-3.686090e-03	9.482263e-01	7.300600e-02	3.281691e-02	4.018909e-02
167           	-3.617807e-03	9.470063e-01	6.201342e-02	2.738890e-02	3.462452e-02
168           	-3.532045e-03	9.422017e-01	5.328061e-02	2.310826e-02	3.017235e-02
169           	-3.437457e-03	9.347251e-01	4.894885e-02	2.103697e-02	2.791188e-02
170           	-3.352378e-03	9.259174e-01	4.903182e-02	2.116353e-02	2.786829e-02
171           	-3.296792e-03	9.177340e-01	5.138508e-02	2.239575e-02	2.898933e-02
172           	-3.280554e-03	9.112327e-01	5.370606e-02	2.357248e-02	3.013359e-02
173           	-3.309418e-03	9.077355e-01	5.445472e-02	2.391794e-02	3.053678e-02
174           	-3.385207e-03	9.091392e-01	5.205793e-02	2.264376e-02	2.941417e-02
175           	-3.486125e-03	9.138766e-01	4.608102e-02	1.955439e-02	2.652663e-02
176           	-3.578786e-03	9.187860e-01	3.522478e-02	1.403361e-02	2.119118e-02
177           	-3.658945e-03	9.240001e-01	1.780442e-02	5.243266e-03	1.256116e-02
178           	-3.738032e-03	9.308491e-01	-3.239244e-03	-5.357654e-03	2.118410e-03
179           	-3.799792e-03	9.367628e-01	-2.011800e-02	-1.385879e-02	-6.259207e-03
180           	-3.834138e-03	9.391943e-01	-2.763853e-02	-1.765340e-02	-9.985125e-03
181           	-3.852646e-03	9.392252e-01	-2.663830e-02	-1.717179e-02	-9.466503e-03
182           	-3.871168e-03	9.387365e-01	-1.743585e-02	-1.258909e-02	-4.846758e-03
183           	-3.901741e-03	9.385944e-01	7.734585e-04	-3.515012e-03	4.288471e-03
184           	-3.961290e-03	9.397388e-01	2.913388e-02	1.060565e-02	1.852823e-02
185           	-4.062288e-03	9.439183e-01	6.394359e-02	2.790951e-02	3.603408e-02
186           	-4.188693e-03	9.504036e-01	9.890845e-02	4.526553e-02	5.364292e-02
187           	-4.320278e-03	9.578468e-01	1.316349e-01	6.149716e-02	7.013772e-02
188           	-4.438818e-03	9.657963e-01	1.595865e-01	7.535442e-02	8.423206e-02
189           	-4.523694e-03	9.722650e-01	1.816701e-01	8.631134e-02	9.535873e-02
190           	-4.560237e-03	9.759831e-01	1.981175e-01	9.449851e-02	1.036190e-01
191           	-4.541108e-03	9.762382e-01	2.088086e-01	9.986317e-02	1.089454e-01
192           	-4.483269e-03	9.742334e-01	2.141718e-01	1.026026e-01	1.115692e-01
193           	-4.420388e-03	9.738157e-01	2.137642e-01	1.024617e-01	1.113025e-01
194           	-4.367916e-03	9.755640e-01	2.079612e-01	9.961267e-02	1.083485e-01
195           	-4.323237e-03	9.789990e-01	1.976473e-01	9.450040e-02	1.031469e-01
196           	-4.273134e-03	9.823740e-01	1.832846e-01	8.736915e-02	9.591542e-02
197           	-4.211081e-03	9.833019e-01	1.673325e-01	7.945515e-02	8.787732e-02
198           	-4.137596e-03	9.805029e-01	1.517349e-01	7.172985e-02	8.000504e-02
199           	-4.059610e-03	9.738675e-01	1.385385e-01	6.520963e-02	7.332885e-02
200           	-3.982224e-03	9.645800e-01	1.286221e-01	6.032882e-02	6.829327e-02
201           	-3.907296e-03	9.541449e-01	1.219321e-01	5.705876e-02	6.487335e-02
202           	-3.832984e-03	9.437585e-01	1.173529e-01	5.484346e-02	6.250943e-02
203           	-3.756561e-03	9.343331e-01	1.130256e-01	5.275623e-02	6.026935e-02
204           	-3.679724e-03	9.269552e-01	1.067829e-01	4.971173e-02	5.707118e-02
205           	-3.612169e-03	9.228162e-01	9.681408e-02	4.479487e-02	5.201921e-02
206           	-3.564385e-03	9.216316e-01	8.318282e-02	3.802702e-02	4.515579e-02
207           	-3.537304e-03	9.219103e-01	6.649766e-02	2.971152e-02	3.678613e-02
208           	-3.521634e-03	9.220912e-01	4.639615e-02	1.967644e-02	2.671971e-02
209           	-3.508944e-03	9.220469e-01	2.276969e-02	7.875901e-03	1.489379e-02
210           	-3.498257e-03	9.220842e-01	-2.047429e-04	-3.600629e-03	3.395886e-03
211           	-3.484033e-03	9.213331e-01	-1.848015e-02	-1.272411e-02	-5.756042e-03
212           	-3.464062e-03	9.191737e-01	-3.003141e-02	-1.847977e-02	-1.155165e-02
213           	-3.441854e-03	9.160237e-01	-3.381452e-02	-2.034912e-02	-1.346541e-02
214           	-3.429662e-03	9.132920e-01	-3.084191e-02	-1.885062e-02	-1.199129e-02
215           	-3.435776e-03	9.111586e-01	-2.108682e-02	-1.397919e-02	-7.107637e-03
216           	-3.469725e-03	9.098377e-01	-6.005901e-03	-6.472675e-03	4.667743e-04
217           	-3.535386e-03	9.095828e-01	1.313754e-02	3.033384e-03	1.010416e-02
218           	-3.627424e-03	9.110649e-01	3.475615e-02	1.375065e-02	2.100550e-02
219           	-3.741836e-03	9.161728e-01	5.724287e-02	2.487960e-02	3.236327e-02
220           	-3.871360e-03	9.253433e-01	7.909142e-02	3.567435e-02	4.341707e-02
221           	-4.007214e-03	9.375383e-01	9.837391e-02	4.517974e-02	5.319417e-02
222           	-4.134363e-03	9.503542e-01	1.134295e-01	5.258039e-02	6.084912e-02
223           	-4.237322e-03	9.611150e-01	1.241248e-01	5.782510e-02	6.629974e-02
224           	-4.304846e-03	9.684126e-01	1.311531e-01	6.127168e-02	6.988137e-02
225           	-4.334368e-03	9.720553e-01	1.352816e-01	6.330642e-02	7.197516e-02
226           	-4.330961e-03	9.720976e-01	1.377259e-01	6.453199e-02	7.319391e-02
227           	-4.309497e-03	9.696688e-01	1.393084e-01	6.534468e-02	7.396368e-02
228           	-4.281897e-03	9.656617e-01	1.406351e-01	6.603563e-02	7.459943e-02
229           	-4.261154e-03	9.617021e-01	1.420776e-01	6.677765e-02	7.529995e-02
230           	-4.247515e-03	9.581023e-01	1.434765e-01	6.749073e-02	7.598576e-02
231           	-4.237227e-03	9.550129e-01	1.440427e-01	6.778411e-02	7.625857e-02
232           	-4.228260e-03	9.530497e-01	1.427328e-01	6.713813e-02	7.559465e-02
233           	-4.217697e-03	9.525882e-01	1.386625e-01	6.511357e-02	7.354896e-02
234           	-4.200617e-03	9.535330e-01	1.313674e-01	6.148307e-02	6.988431e-02
235           	-4.178094e-03	9.561579e-01	1.207758e-01	5.620979e-02	6.456598e-02
236           	-4.152730e-03	9.603429e-01	1.071736e-01	4.943406e-02	5.773952e-02
237           	-4.125642e-03	9.651806e-01	9.217104e-02	4.195988e-02	5.021116e-02
238           	-4.093183e-03	9.692170e-01	7.818126e-02	3.499745e-02	4.318381e-02
239           	-4.051147e-03	9.716028e-01	6.695314e-02	2.942542e-02	3.752772e-02
240           	-3.996726e-03	9.713996e-01	6.018946e-02	2.609801e-02	3.409146e-02
241           	-3.934394e-03	9.693468e-01	5.962607e-02	2.587864e-02	3.374743e-02
242           	-3.869680e-03	9.669599e-01	6.667077e-02	2.946570e-02	3.720506e-02
243           	-3.806000e-03	9.647296e-01	8.128768e-02	3.683784e-02	4.444984e-02
244           	-3.735302e-03	9.607126e-01	1.002274e-01	4.637840e-02	5.384900e-02
245           	-3.647853e-03	9.522465e-01	1.203979e-01	5.655108e-02	6.384679e-02
246           	-3.553422e-03	9.391387e-01	1.370594e-01	6.497629e-02	7.208313e-02
247           	-3.479050e-03	9.247427e-01	1.463896e-01	6.971577e-02	7.667387e-02
248           	-3.449500e-03	9.135150e-01	1.474190e-01	7.026002e-02	7.715902e-02
249           	-3.471200e-03	9.069864e-01	1.402738e-01	6.666570e-02	7.360810e-02
250           	-3.538925e-03	9.051062e-01	1.237680e-01	5.834510e-02	6.542295e-02
251           	-3.630710e-03	9.062850e-01	9.536811e-02	4.405335e-02	5.131477e-02
252           	-3.699883e-03	9.072640e-01	5.808284e-02	2.534154e-02	3.274130e-02
253           	-3.732223e-03	9.064672e-01	1.944512e-02	5.990339e-03	1.345478e-02
254           	-3.747216e-03	9.057672e-01	-1.500955e-02	-1.125199e-02	-3.757558e-03
255           	-3.752209e-03	9.051192e-01	-4.226069e-02	-2.488256e-02	-1.737814e-02
256           	-3.752616e-03	9.042911e-01	-5.979917e-02	-3.365220e-02	-2.614697e-02
257           	-3.767547e-03	9.054670e-01	-6.692635e-02	-3.723072e-02	-2.969563e-02
258           	-3.805354e-03	9.105840e-01	-6.387612e-02	-3.574342e-02	-2.813271e-02
259           	-3.859164e-03	9.189745e-01	-5.202965e-02	-2.987399e-02	-2.215566e-02
260           	-3.927467e-03	9.294369e-01	-3.377716e-02	-2.081605e-02	-1.296111e-02
261           	-4.006721e-03	9.402926e-01	-1.065893e-02	-9.336188e-03	-1.322746e-03
262           	-4.091422e-03	9.502116e-01	1.607401e-02	3.945581e-03	1.212843e-02
263           	-4.183821e-03	9.594595e-01	4.344124e-02	1.753680e-02	2.590444e-02
264           	-4.276290e-03	9.681449e-01	7.009197e-02	3.076970e-02	3.932227e-02
265           	-4.360623e-03	9.763168e-01	9.584501e-02	4.356188e-02	5.228313e-02
266           	-4.421824e-03	9.829995e-01	1.211680e-01	5.616215e-02	6.500580e-02
267           	-4.465911e-03	9.891539e-01	1.455737e-01	6.832095e-02	7.725277e-02
268           	-4.488861e-03	9.944508e-01	1.657454e-01	7.838385e-02	8.736157e-02
269           	-4.480369e-03	9.976419e-01	1.793327e-01	8.518598e-02	9.414672e-02
270           	-4.439225e-03	9.979500e-01	1.855380e-01	8.832975e-02	9.720820e-02
271           	-4.370502e-03	9.953426e-01	1.833075e-01	8.728324e-02	9.602424e-02
272           	-4.272416e-03	9.894985e-01	1.705817e-01	8.101844e-02	8.956327e-02
273           	-4.145146e-03	9.811837e-01	1.468847e-01	6.929723e-02	7.758752e-02
274           	-4.004527e-03	9.726502e-01	1.163706e-01	5.418075e-02	6.218981e-02
275           	-3.860987e-03	9.639809e-01	8.707657e-02	3.967730e-02	4.739927e-02
276           	-3.712725e-03	9.542216e-01	6.541637e-02	2.899546e-02	3.642091e-02
277           	-3.556374e-03	9.440944e-01	5.268925e-02	2.278825e-02	2.990100e-02
278           	-3.402432e-03	9.346754e-01	5.007616e-02	2.163565e-02	2.844051e-02
279           	-3.259290e-03	9.245697e-01	5.587147e-02	2.467644e-02	3.119502e-02
280           	-3.135580e-03	9.130899e-01	6.539165e-02	2.956024e-02	3.583140e-02
281           	-3.048578e-03	9.019630e-01	7.288173e-02	3.339229e-02	3.948944e-02
282           	-3.011444e-03	8.933139e-01	7.383620e-02	3.390666e-02	3.992954e-02
283           	-3.028807e-03	8.890501e-01	6.611671e-02	3.002955e-02	3.608716e-02
284           	-3.102096e-03	8.905431e-01	4.812560e-02	2.096070e-02	2.716490e-02
285           	-3.196607e-03	8.949034e-01	2.319814e-02	8.402461e-03	1.479567e-02
286           	-3.270306e-03	8.994111e-01	-1.603529e-03	-4.072070e-03	2.468541e-03
287           	-3.312530e-03	9.028783e-01	-2.127850e-02	-1.395178e-02	-7.326719e-03
288           	-3.341501e-03	9.058651e-01	-3.429697e-02	-2.048998e-02	-1.380698e-02
289           	-3.367101e-03	9.081516e-01	-4.009320e-02	-2.341370e-02	-1.667950e-02
290           	-3.391166e-03	9.093643e-01	-3.939331e-02	-2.308782e-02	-1.630549e-02
291           	-3.420185e-03	9.093726e-01	-3.159615e-02	-1.921826e-02	-1.237789e-02
292           	-3.468330e-03	9.084700e-01	-1.619585e-02	-1.156625e-02	-4.629594e-03
293           	-3.560648e-03	9.088157e-01	4.879681e-03	-1.120808e-03	6.000489e-03
294           	-3.701529e-03	9.123541e-01	2.658229e-02	9.589617e-03	1.699267e-02
295           	-3.861276e-03	9.191955e-01	4.511199e-02	1.869472e-02	2.641727e-02
296           	-4.002388e-03	9.280817e-01	5.976652e-02	2.588087e-02	3.388565e-02
297           	-4.111154e-03	9.381735e-01	7.074088e-02	3.125929e-02	3.948159e-02
298           	-4.184398e-03	9.481989e-01	7.812105e-02	3.487613e-02	4.324492e-02
299           	-4.230517e-03	9.575152e-01	8.181830e-02	3.667863e-02	4.513967e-02
300           	-4.246924e-03	9.639740e-01	8.194298e-02	3.672457e-02	4.521842e-02
301           	-4.235914e-03	9.670542e-01	7.985144e-02	3.568981e-02	4.416163e-02
302           	-4.201101e-03	9.668430e-01	7.741344e-02	3.450562e-02	4.290782e-02
303           	-4.151984e-03	9.642166e-01	7.725229e-02	3.447416e-02	4.277813e-02
304           	-4.103831e-03	9.612803e-01	8.193961e-02	3.686597e-02	4.507364e-02
305           	-4.073301e-03	9.597776e-01	9.208600e-02	4.196970e-02	5.011630e-02
306           	-4.064489e-03	9.598452e-01	1.049167e-01	4.839385e-02	5.652283e-02
307           	-4.060533e-03	9.600223e-01	1.162731e-01	5.407604e-02	6.219711e-02
308           	-4.043953e-03	9.589624e-01	1.226659e-01	5.728900e-02	6.537691e-02
309           	-4.006075e-03	9.568576e-01	1.209432e-01	5.646551e-02	6.447766e-02
310           	-3.955121e-03	9.558651e-01	1.090556e-01	5.057270e-02	5.848294e-02
311           	-3.902545e-03	9.578214e-01	8.836925e-02	4.028208e-02	4.808717e-02
312           	-3.837107e-03	9.592539e-01	6.519909e-02	2.876244e-02	3.643665e-02
313           	-3.767494e-03	9.585690e-01	4.642155e-02	1.944328e-02	2.697827e-02
314           	-3.704199e-03	9.561322e-01	3.351095e-02	1.305128e-02	2.045968e-02
315           	-3.638229e-03	9.514428e-01	2.614209e-02	9.432816e-03	1.670927e-02
316           	-3.570904e-03	9.452802e-01	2.487815e-02	8.868171e-03	1.600998e-02
317           	-3.514507e-03	9.391545e-01	2.857103e-02	1.077101e-02	1.780002e-02
318           	-3.478423e-03	9.343095e-01	3.416267e-02	1.360291e-02	2.055976e-02
319           	-3.457125e-03	9.303154e-01	3.941152e-02	1.624864e-02	2.316289e-02
320           	-3.437759e-03	9.260150e-01	4.378001e-02	1.845225e-02	2.532776e-02
321           	-3.423463e-03	9.228084e-01	4.637085e-02	1.976196e-02	2.660889e-02
322           	-3.417186e-03	9.218674e-01	4.704980e-02	2.010771e-02	2.694208e-02
323           	-3.419663e-03	9.227112e-01	4.669475e-02	1.992771e-02	2.676704e-02
324           	-3.425923e-03	9.242698e-01	4.645569e-02	1.980192e-02	2.665377e-02
325           	-3.433460e-03	9.260708e-01	4.688998e-02	2.001153e-02	2.687845e-02
326           	-3.441915e-03	9.274610e-01	4.835393e-02	2.073505e-02	2.761888e-02
327           	-3.449128e-03	9.274126e-01	5.144126e-02	2.227150e-02	2.916976e-02
328           	-3.449169e-03	9.250681e-01	5.598361e-02	2.454263e-02	3.144097e-02
329           	-3.443522e-03	9.207235e-01	6.094884e-02	2.703090e-02	3.391794e-02
330           	-3.450129e-03	9.171586e-01	6.434610e-02	2.872292e-02	3.562318e-02
331           	-3.480849e-03	9.157199e-01	6.564400e-02	2.934115e-02	3.630285e-02
332           	-3.541604e-03	9.171201e-01	6.514839e-02	2.903259e-02	3.611580e-02
333           	-3.632966e-03	9.214310e-01	6.363148e-02	2.818278e-02	3.544871e-02
334           	-3.733327e-03	9.276959e-01	6.174545e-02	2.713940e-02	3.460605e-02
335           	-3.813115e-03	9.336177e-01	6.026073e-02	2.631725e-02	3.394348e-02
336           	-3.864361e-03	9.378650e-01	5.934792e-02	2.580960e-02	3.353832e-02
337           	-3.895097e-03	9.403647e-01	5.976359e-02	2.598670e-02	3.377689e-02
338           	-3.915448e-03	9.415144e-01	6.249301e-02	2.733106e-02	3.516195e-02
339           	-3.934237e-03	9.418711e-01	6.746622e-02	2.979887e-02	3.766735e-02
340           	-3.957606e-03	9.417090e-01	7.419231e-02	3.313855e-02	4.105376e-02
341           	-3.985554e-03	9.412351e-01	8.194394e-02	3.698642e-02	4.495753e-02
342           	-4.015428e-03	9.410717e-01	9.034824e-02	4.115869e-02	4.918955e-02
343           	-4.045869e-03	9.421934e-01	9.979115e-02	4.584971e-02	5.394145e-02
344           	-4.071123e-03	9.445289e-01	1.104062e-01	5.113200e-02	5.927424e-02
345           	-4.086584e-03	9.477318e-01	1.221571e-01	5.699196e-02	6.516513e-02
346           	-4.088645e-03	9.507772e-01	1.343823e-01	6.310250e-02	7.127979e-02
347           	-4.084556e-03	9.540349e-01	1.473429e-01	6.958691e-02	7.775603e-02
348           	-4.087747e-03	9.590493e-01	1.596254e-01	7.572497e-02	8.390046e-02
349           	-4.094166e-03	9.646716e-01	1.686860e-01	8.024884e-02	8.843717e-02
350           	-4.090578e-03	9.692816e-01	1.722317e-01	8.202525e-02	9.020641e-02
351           	-4.053763e-03	9.702343e-01	1.702396e-01	8.106602e-02	8.917354e-02
352           	-3.977000e-03	9.668701e-01	1.644036e-01	7.822481e-02	8.617881e-02
353           	-3.869975e-03	9.596262e-01	1.574242e-01	7.484211e-02	8.258206e-02
354           	-3.754655e-03	9.507259e-01	1.505792e-01	7.153495e-02	7.904426e-02
355           	-3.653030e-03	9.423672e-01	1.438062e-01	6.825008e-02	7.555614e-02
356           	-3.573474e-03	9.349131e-01	1.365927e-01	6.472290e-02	7.186984e-02
357           	-3.515939e-03	9.282748e-01	1.280446e-01	6.050638e-02	6.753826e-02
358           	-3.474679e-03	9.220398e-01	1.175359e-01	5.529327e-02	6.224263e-02
359           	-3.441711e-03	9.161776e-01	1.046789e-01	4.889772e-02	5.578115e-02
360           	-3.417377e-03	9.112333e-01	8.974508e-02	4.145516e-02	4.828992e-02
361           	-3.418740e-03	9.096574e-01	7.251879e-02	3.284066e-02	3.967814e-02
362           	-3.439737e-03	9.105909e-01	5.394537e-02	2.353295e-02	3.041242e-02
363           	-3.452819e-03	9.108781e-01	3.721019e-02	1.515228e-02	2.205791e-02
364           	-3.449723e-03	9.090232e-01	2.411555e-02	8.608051e-03	1.550750e-02
365           	-3.465446e-03	9.080463e-01	1.364673e-02	3.357917e-03	1.028881e-02
366           	-3.511722e-03	9.094187e-01	4.397509e-03	-1.312968e-03	5.710477e-03
367           	-3.571469e-03	9.126177e-01	-2.703553e-03	-4.923245e-03	2.219693e-03
368           	-3.629676e-03	9.177186e-01	-6.623923e-03	-6.941637e-03	3.177142e-04
369           	-3.672744e-03	9.245916e-01	-6.342359e-03	-6.843923e-03	5.015643e-04
370           	-3.694595e-03	9.338576e-01	-1.824824e-03	-4.607007e-03	2.782183e-03
371           	-3.695689e-03	9.431609e-01	4.845596e-03	-1.272891e-03	6.118487e-03
372           	-3.701696e-03	9.514258e-01	1.129440e-02	1.945505e-03	9.348896e-03
373           	-3.719855e-03	9.577891e-01	1.774233e-02	5.151311e-03	1.259102e-02
374           	-3.735319e-03	9.598333e-01	2.752221e-02	1.002579e-02	1.749642e-02
375           	-3.751028e-03	9.569759e-01	4.325288e-02	1.787541e-02	2.537747e-02
376           	-3.795879e-03	9.517499e-01	6.231907e-02	2.736366e-02	3.495542e-02
377           	-3.877548e-03	9.473399e-01	8.134161e-02	3.679326e-02	4.454835e-02
378           	-3.975375e-03	9.457008e-01	9.838861e-02	4.521893e-02	5.316968e-02
379           	-4.058315e-03	9.462575e-01	1.127401e-01	5.231174e-02	6.042837e-02
380           	-4.109124e-03	9.476450e-01	1.253160e-01	5.854887e-02	6.676712e-02
381           	-4.127141e-03	9.499596e-01	1.369211e-01	6.433339e-02	7.258767e-02
382           	-4.111978e-03	9.521874e-01	1.476560e-01	6.971600e-02	7.793996e-02
383           	-4.068603e-03	9.528700e-01	1.566399e-01	7.425132e-02	8.238853e-02
384           	-4.006807e-03	9.517049e-01	1.632857e-01	7.763602e-02	8.564964e-02
385           	-3.941428e-03	9.484341e-01	1.670976e-01	7.960736e-02	8.749022e-02
386           	-3.883889e-03	9.438295e-01	1.675612e-01	7.989669e-02	8.766447e-02
387           	-3.833958e-03	9.386195e-01	1.638557e-01	7.809387e-02	8.576178e-02
388           	-3.787672e-03	9.332917e-01	1.551344e-01	7.377955e-02	8.135489e-02
389           	-3.745221e-03	9.290917e-01	1.407224e-01	6.661600e-02	7.410644e-02
390           	-3.711127e-03	9.283206e-01	1.206659e-01	5.662181e-02	6.404407e-02
391           	-3.688528e-03	9.319026e-01	9.667343e-02	4.464819e-02	5.202524e-02
392           	-3.677118e-03	9.381972e-01	7.107373e-02	3.185974e-02	3.921398e-02
393           	-3.661234e-03	9.443725e-01	4.574662e-02	1.921208e-02	2.653454e-02
394           	-3.628177e-03	9.493261e-01	2.169261e-02	7.218130e-03	1.447448e-02
395           	-3.574733e-03	9.515481e-01	1.566263e-03	-2.791602e-03	4.357865e-03
396           	-3.507419e-03	9.496657e-01	-1.116309e-02	-9.088963e-03	-2.074124e-03
397           	-3.441889e-03	9.444326e-01	-1.428786e-02	-1.058582e-02	-3.702043e-03
398           	-3.395739e-03	9.367132e-01	-7.083978e-03	-6.937728e-03	-1.462504e-04
399           	-3.384044e-03	9.281486e-01	9.849522e-03	1.540717e-03	8.308805e-03
400           	-3.417081e-03	9.216905e-01	3.352666e-02	1.334625e-02	2.018041e-02
401           	-3.489089e-03	9.187246e-01	5.932316e-02	2.617249e-02	3.315067e-02
402           	-3.579422e-03	9.190673e-01	8.382868e-02	3.833492e-02	4.549376e-02
403           	-3.684909e-03	9.222894e-01	1.048768e-01	4.875347e-02	5.612329e-02
404           	-3.799717e-03	9.264453e-01	1.205631e-01	5.648185e-02	6.408128e-02
405           	-3.911613e-03	9.315749e-01	1.277811e-01	5.997894e-02	6.780216e-02
406           	-3.976922e-03	9.343850e-01	1.253527e-01	5.869941e-02	6.665325e-02
407           	-3.978844e-03	9.338367e-01	1.151585e-01	5.360040e-02	6.155809e-02
408           	-3.950805e-03	9.320093e-01	1.015053e-01	4.680182e-02	5.470343e-02
409           	-3.922797e-03	9.300849e-01	8.814508e-02	4.014974e-02	4.799534e-02
410           	-3.904182e-03	9.281558e-01	7.549549e-02	3.384356e-02	4.165193e-02
411           	-3.882484e-03	9.245212e-01	6.393082e-02	2.808292e-02	3.584789e-02
412           	-3.850722e-03	9.189480e-01	5.307313e-02	2.268584e-02	3.038728e-02
413           	-3.815542e-03	9.126984e-01	4.135128e-02	1.686010e-02	2.449118e-02
414           	-3.787429e-03	9.083296e-01	2.876010e-02	1.059262e-02	1.816748e-02
415           	-3.776429e-03	9.083008e-01	1.642132e-02	4.434228e-03	1.198709e-02
416           	-3.775048e-03	9.116066e-01	5.018052e-03	-1.266022e-03	6.284074e-03
417           	-3.773825e-03	9.156049e-01	-3.090371e-03	-5.319011e-03	2.228639e-03
418           	-3.768070e-03	9.184832e-01	-8.187811e-03	-7.861975e-03	-3.258359e-04
419           	-3.762409e-03	9.200978e-01	-9.845293e-03	-8.685056e-03	-1.160237e-03
420           	-3.759160e-03	9.209229e-01	-7.121895e-03	-7.320107e-03	1.982125e-04
421           	-3.757526e-03	9.215029e-01	6.958862e-04	-3.409583e-03	4.105469e-03
422           	-3.757436e-03	9.224988e-01	1.342727e-02	2.956197e-03	1.047107e-02
423           	-3.757146e-03	9.241721e-01	2.993282e-02	1.120926e-02	1.872356e-02
424           	-3.758645e-03	9.274403e-01	4.882814e-02	2.065543e-02	2.817272e-02
425           	-3.759131e-03	9.317065e-01	6.830543e-02	3.039358e-02	3.791185e-02
426           	-3.753218e-03	9.357628e-01	8.682134e-02	3.965745e-02	4.716389e-02
427           	-3.744821e-03	9.393770e-01	1.030503e-01	4.778035e-02	5.526999e-02
428           	-3.739597e-03	9.428868e-01	1.165832e-01	5.455199e-02	6.203119e-02
429           	-3.744022e-03	9.466301e-01	1.265112e-01	5.951159e-02	6.699964e-02
430           	-3.759653e-03	9.506021e-01	1.319188e-01	6.219976e-02	6.971907e-02
431           	-3.780897e-03	9.541179e-01	1.321169e-01	6.227757e-02	6.983937e-02
432           	-3.804609e-03	9.574115e-01	1.280037e-01	6.019725e-02	6.780646e-02
433           	-3.815597e-03	9.597249e-01	1.207502e-01	5.655952e-02	6.419071e-02
434           	-3.795443e-03	9.594483e-01	1.115597e-01	5.198440e-02	5.957529e-02
435           	-3.746142e-03	9.566645e-01	1.034223e-01	4.796501e-02	5.545730e-02
436           	-3.689179e-03	9.538525e-01	9.872635e-02	4.567399e-02	5.305235e-02
437           	-3.641753e-03	9.526260e-01	9.684629e-02	4.478139e-02	5.206490e-02
438           	-3.607086e-03	9.524736e-01	9.738819e-02	4.508701e-02	5.230118e-02
439           	-3.579905e-03	9.515918e-01	9.946132e-02	4.615075e-02	5.331056e-02
440           	-3.545844e-03	9.471116e-01	1.023522e-01	4.763028e-02	5.472196e-02
441           	-3.507470e-03	9.385994e-01	1.046438e-01	4.881444e-02	5.582938e-02
442           	-3.493031e-03	9.291437e-01	1.041413e-01	4.857761e-02	5.556367e-02
443           	-3.526087e-03	9.220337e-01	9.938834e-02	4.616808e-02	5.322026e-02
444           	-3.611577e-03	9.189303e-01	9.128014e-02	4.202849e-02	4.925165e-02
445           	-3.744893e-03	9.202987e-01	8.114156e-02	3.682588e-02	4.431567e-02
446           	-3.890335e-03	9.248976e-01	7.241771e-02	3.231852e-02	4.009919e-02
447           	-4.018765e-03	9.312942e-01	6.608664e-02	2.902456e-02	3.706209e-02
448           	-4.118456e-03	9.389843e-01	6.142106e-02	2.659208e-02	3.482899e-02
449           	-4.181021e-03	9.463401e-01	5.849728e-02	2.506762e-02	3.342966e-02
450           	-4.204069e-03	9.513564e-01	5.773531e-02	2.466358e-02	3.307172e-02
451           	-4.200473e-03	9.528690e-01	5.969198e-02	2.564552e-02	3.404646e-02
452           	-4.183030e-03	9.514692e-01	6.370921e-02	2.767157e-02	3.603763e-02
453           	-4.157400e-03	9.483421e-01	6.857105e-02	3.012812e-02	3.844292e-02
454           	-4.124846e-03	9.445829e-01	7.353443e-02	3.264237e-02	4.089206e-02
455           	-4.092538e-03	9.417779e-01	7.701850e-02	3.441671e-02	4.260179e-02
456           	-4.064945e-03	9.404851e-01	7.808676e-02	3.497844e-02	4.310833e-02
457           	-4.040783e-03	9.402843e-01	7.688808e-02	3.440326e-02	4.248482e-02
458           	-4.017676e-03	9.405165e-01	7.381814e-02	3.289139e-02	4.092674e-02
459           	-4.000242e-03	9.416293e-01	7.037730e-02	3.118841e-02	3.918889e-02
460           	-3.985544e-03	9.436123e-01	6.830758e-02	3.016824e-02	3.813933e-02
461           	-3.965283e-03	9.457200e-01	6.865871e-02	3.036407e-02	3.829464e-02
462           	-3.930089e-03	9.469715e-01	7.132457e-02	3.173220e-02	3.959238e-02
463           	-3.882400e-03	9.468494e-01	7.500261e-02	3.361890e-02	4.138370e-02
464           	-3.827772e-03	9.460038e-01	7.876891e-02	3.555668e-02	4.321223e-02
465           	-3.775646e-03	9.454445e-01	8.115629e-02	3.680250e-02	4.435379e-02
466           	-3.734283e-03	9.456944e-01	8.081353e-02	3.667248e-02	4.414105e-02
467           	-3.704528e-03	9.467857e-01	7.682820e-02	3.470957e-02	4.211863e-02
468           	-3.678308e-03	9.479971e-01	6.874968e-02	3.069653e-02	3.805315e-02
469           	-3.642508e-03	9.479681e-01	5.767950e-02	2.519724e-02	3.248226e-02
470           	-3.594012e-03	9.452956e-01	4.488804e-02	1.885001e-02	2.603803e-02
471           	-3.537123e-03	9.393210e-01	3.349161e-02	1.320868e-02	2.028293e-02
472           	-3.479062e-03	9.300234e-01	2.602281e-02	9.532342e-03	1.649047e-02
473           	-3.430141e-03	9.185721e-01	2.223255e-02	7.686133e-03	1.454641e-02
474           	-3.404841e-03	9.075963e-01	2.157744e-02	7.383881e-03	1.419356e-02
475           	-3.414682e-03	8.999515e-01	2.372021e-02	8.445423e-03	1.527479e-02
476           	-3.467124e-03	8.982875e-01	2.865302e-02	1.085938e-02	1.779363e-02
477           	-3.548827e-03	9.021813e-01	3.583103e-02	1.436669e-02	2.146434e-02
478           	-3.638593e-03	9.091337e-01	4.464326e-02	1.868304e-02	2.596022e-02
479           	-3.709006e-03	9.147258e-01	5.398355e-02	2.328277e-02	3.070078e-02
480           	-3.752868e-03	9.169110e-01	6.260273e-02	2.754850e-02	3.505423e-02
481           	-3.786501e-03	9.176460e-01	6.725633e-02	2.984167e-02	3.741467e-02
482           	-3.827719e-03	9.201208e-01	6.518783e-02	2.876620e-02	3.642164e-02
483           	-3.873981e-03	9.232877e-01	5.761854e-02	2.493529e-02	3.268325e-02
484           	-3.915375e-03	9.254252e-01	4.845524e-02	2.031224e-02	2.814299e-02
485           	-3.950006e-03	9.270898e-01	4.109448e-02	1.659723e-02	2.449725e-02
486           	-3.972541e-03	9.286063e-01	3.766093e-02	1.485792e-02	2.280300e-02
487           	-3.979418e-03	9.298755e-01	3.905516e-02	1.554816e-02	2.350700e-02
488           	-3.990619e-03	9.333028e-01	4.429398e-02	1.815637e-02	2.613761e-02
489           	-4.023686e-03	9.400496e-01	5.140797e-02	2.168030e-02	2.972767e-02
490           	-4.072135e-03	9.490305e-01	5.964259e-02	2.574916e-02	3.389343e-02
491           	-4.113787e-03	9.572180e-01	6.899130e-02	3.038186e-02	3.860944e-02
492           	-4.127400e-03	9.614139e-01	7.877336e-02	3.525928e-02	4.351408e-02
493           	-4.115674e-03	9.614157e-01	8.767022e-02	3.971944e-02	4.795079e-02
494           	-4.087222e-03	9.578060e-01	9.396604e-02	4.289580e-02	5.107024e-02
495           	-4.055177e-03	9.525962e-01	9.684923e-02	4.436944e-02	5.247979e-02
496           	-4.033572e-03	9.482933e-01	9.545641e-02	4.369463e-02	5.176178e-02
497           	-4.025220e-03	9.462660e-01	8.941507e-02	4.068231e-02	4.873275e-02
498           	-4.026529e-03	9.473180e-01	7.992241e-02	3.593468e-02	4.398773e-02
499           	-4.027229e-03	9.506716e-01	6.944184e-02	3.069369e-02	3.874815e-02
500           	-4.018239e-03	9.551634e-01	6.066920e-02	2.631636e-02	3.435284e-02
501           	-3.992213e-03	9.598669e-01	5.597989e-02	2.399773e-02	3.198216e-02
502           	-3.936930e-03	9.632364e-01	5.748560e-02	2.480587e-02	3.267973e-02
503           	-3.857600e-03	9.656180e-01	6.736226e-02	2.982353e-02	3.753873e-02
504           	-3.770313e-03	9.664943e-01	8.354922e-02	3.800430e-02	4.554492e-02
505           	-3.680587e-03	9.636105e-01	9.963453e-02	4.613668e-02	5.349785e-02
506           	-3.604782e-03	9.581002e-01	1.102772e-01	5.153383e-02	5.874339e-02
507           	-3.557377e-03	9.514936e-01	1.130886e-01	5.298690e-02	6.010166e-02
508           	-3.544748e-03	9.449368e-01	1.063550e-01	4.963276e-02	5.672226e-02
509           	-3.583556e-03	9.429017e-01	8.845273e-02	4.064281e-02	4.780992e-02
510           	-3.658417e-03	9.468962e-01	6.064670e-02	2.666493e-02	3.398177e-02
511           	-3.730890e-03	9.540657e-01	2.830010e-02	1.041916e-02	1.788094e-02
512           	-3.769998e-03	9.595311e-01	1.527449e-04	-3.693625e-03	3.846370e-03
513           	-3.791972e-03	9.638899e-01	-1.915779e-02	-1.337087e-02	-5.786925e-03
514           	-3.804074e-03	9.670085e-01	-2.897024e-02	-1.828920e-02	-1.068105e-02
515           	-3.803301e-03	9.682320e-01	-2.933074e-02	-1.846867e-02	-1.086207e-02
516           	-3.792922e-03	9.670174e-01	-1.921037e-02	-1.339810e-02	-5.812261e-03
517           	-3.780042e-03	9.622901e-01	9.274934e-05	-3.733668e-03	3.826417e-03
518           	-3.784214e-03	9.561409e-01	2.273738e-02	7.584476e-03	1.515290e-02
519           	-3.814826e-03	9.510689e-01	4.438521e-02	1.837778e-02	2.600743e-02
520           	-3.867756e-03	9.488480e-01	6.324589e-02	2.775519e-02	3.549070e-02
521           	-3.930145e-03	9.484775e-01	8.102553e-02	3.658262e-02	4.444291e-02
522           	-3.995889e-03	9.505248e-01	9.789678e-02	4.495250e-02	5.294428e-02
523           	-4.055620e-03	9.554702e-01	1.116965e-01	5.179262e-02	5.990386e-02
524           	-4.101860e-03	9.629219e-01	1.217781e-01	5.678721e-02	6.499093e-02
525           	-4.132865e-03	9.708908e-01	1.289559e-01	6.034508e-02	6.861081e-02
526           	-4.146012e-03	9.767199e-01	1.341730e-01	6.294051e-02	7.123253e-02
527           	-4.145168e-03	9.798029e-01	1.381707e-01	6.494016e-02	7.323050e-02
528           	-4.135644e-03	9.803894e-01	1.410321e-01	6.638041e-02	7.465169e-02
529           	-4.120746e-03	9.791291e-01	1.420253e-01	6.689190e-02	7.513339e-02
530           	-4.105992e-03	9.775652e-01	1.396779e-01	6.573294e-02	7.394492e-02
531           	-4.091784e-03	9.767499e-01	1.327700e-01	6.229320e-02	7.047676e-02
532           	-4.077943e-03	9.775295e-01	1.208448e-01	5.634444e-02	6.450033e-02
533           	-4.059261e-03	9.794485e-01	1.045502e-01	4.821582e-02	5.633434e-02
534           	-4.033105e-03	9.815891e-01	8.596424e-02	3.894901e-02	4.701522e-02
535           	-3.996760e-03	9.831833e-01	6.676818e-02	2.938733e-02	3.738085e-02
536           	-3.945705e-03	9.829197e-01	4.842119e-02	2.026489e-02	2.815630e-02
537           	-3.874288e-03	9.799493e-01	3.219726e-02	1.222434e-02	1.997292e-02
538           	-3.778030e-03	9.732112e-01	1.987927e-02	6.161606e-03	1.371767e-02
539           	-3.669310e-03	9.637952e-01	1.379688e-02	3.229128e-03	1.056775e-02
540           	-3.568023e-03	9.542764e-01	1.523435e-02	4.049154e-03	1.118520e-02
541           	-3.495400e-03	9.475613e-01	2.376258e-02	8.385888e-03	1.537669e-02
542           	-3.461806e-03	9.447638e-01	3.795760e-02	1.551699e-02	2.244061e-02
543           	-3.456854e-03	9.442590e-01	5.444419e-02	2.376524e-02	3.067895e-02
544           	-3.460975e-03	9.430600e-01	6.894174e-02	3.100989e-02	3.793184e-02
545           	-3.467782e-03	9.408200e-01	7.843224e-02	3.574834e-02	4.268390e-02
546           	-3.490292e-03	9.392822e-01	8.123895e-02	3.712918e-02	4.410977e-02
547           	-3.533846e-03	9.390304e-01	7.665833e-02	3.479532e-02	4.186301e-02
548           	-3.593729e-03	9.403024e-01	6.447382e-02	2.864318e-02	3.583064e-02
549           	-3.662376e-03	9.431391e-01	4.725192e-02	1.996358e-02	2.728834e-02
550           	-3.728917e-03	9.469735e-01	2.941936e-02	1.098076e-02	1.843860e-02
551           	-3.785284e-03	9.511421e-01	1.436899e-02	3.399212e-03	1.096978e-02
552           	-3.832097e-03	9.554380e-01	3.843889e-03	-1.910153e-03	5.754042e-03
553           	-3.872327e-03	9.595922e-01	-1.742088e-03	-4.743371e-03	3.001283e-03
554           	-3.906984e-03	9.630220e-01	-2.003716e-03	-4.908841e-03	2.905126e-03
555           	-3.933926e-03	9.643990e-01	3.387752e-03	-2.240050e-03	5.627802e-03
556           	-3.953621e-03	9.630437e-01	1.425466e-02	3.173710e-03	1.108095e-02
557           	-3.968393e-03	9.595894e-01	2.901536e-02	1.053928e-02	1.847607e-02
558           	-3.977644e-03	9.552408e-01	4.445109e-02	1.824790e-02	2.620319e-02
559           	-3.980967e-03	9.515652e-01	5.726819e-02	2.465313e-02	3.261506e-02
560           	-3.980782e-03	9.486910e-01	6.691111e-02	2.947478e-02	3.743634e-02
561           	-3.980948e-03	9.456880e-01	7.434552e-02	3.319181e-02	4.115371e-02
562           	-3.976708e-03	9.413555e-01	8.119025e-02	3.661842e-02	4.457183e-02
563           	-3.966212e-03	9.356025e-01	8.789276e-02	3.998017e-02	4.791259e-02
564           	-3.964170e-03	9.310136e-01	9.362238e-02	4.284702e-02	5.077536e-02
565           	-3.980455e-03	9.298393e-01	9.807249e-02	4.505579e-02	5.301670e-02
566           	-4.011042e-03	9.322980e-01	1.008701e-01	4.642401e-02	5.444609e-02
567           	-4.036395e-03	9.359999e-01	1.018743e-01	4.690078e-02	5.497357e-02
568           	-4.041605e-03	9.385973e-01	1.017337e-01	4.682522e-02	5.490843e-02
569           	-4.025309e-03	9.398624e-01	1.007852e-01	4.636729e-02	5.441791e-02
570           	-3.983869e-03	9.398117e-01	9.868646e-02	4.535936e-02	5.332710e-02
571           	-3.915898e-03	9.386540e-01	9.550461e-02	4.383641e-02	5.166821e-02
572           	-3.832841e-03	9.373136e-01	9.184767e-02	4.209099e-02	4.975668e-02
573           	-3.752358e-03	9.373356e-01	8.765826e-02	4.007677e-02	4.758149e-02
574           	-3.682097e-03	9.386947e-01	8.256814e-02	3.760197e-02	4.496617e-02
575           	-3.619355e-03	9.397637e-01	7.687540e-02	3.481834e-02	4.205705e-02
576           	-3.551691e-03	9.389664e-01	7.101855e-02	3.195758e-02	3.906097e-02
577           	-3.464691e-03	9.346383e-01	6.574269e-02	2.940666e-02	3.633604e-02
578           	-3.372131e-03	9.277842e-01	6.143863e-02	2.734719e-02	3.409145e-02
579           	-3.296760e-03	9.211075e-01	5.713167e-02	2.526908e-02	3.186259e-02
580           	-3.249548e-03	9.172434e-01	5.113476e-02	2.231783e-02	2.881693e-02
581           	-3.240040e-03	9.169744e-01	4.387046e-02	1.869519e-02	2.517527e-02
582           	-3.262874e-03	9.190719e-01	3.741087e-02	1.544256e-02	2.196831e-02
583           	-3.313215e-03	9.232992e-01	3.371116e-02	1.354237e-02	2.016880e-02
584           	-3.391291e-03	9.298419e-01	3.274953e-02	1.298348e-02	1.976606e-02
585           	-3.486553e-03	9.374285e-01	3.258426e-02	1.280558e-02	1.977868e-02
586           	-3.584826e-03	9.447537e-01	3.055195e-02	1.169115e-02	1.886080e-02
587           	-3.676429e-03	9.508252e-01	2.569758e-02	9.172363e-03	1.652522e-02
588           	-3.738443e-03	9.532075e-01	1.778181e-02	5.152463e-03	1.262935e-02
589           	-3.759678e-03	9.503162e-01	9.545923e-03	1.013284e-03	8.532640e-03
590           	-3.753844e-03	9.441917e-01	6.436877e-03	-5.354057e-04	6.972283e-03
591           	-3.746168e-03	9.378263e-01	1.071184e-02	1.609754e-03	9.102090e-03
592           	-3.756205e-03	9.330301e-01	2.242172e-02	7.454656e-03	1.496707e-02
593           	-3.796063e-03	9.307556e-01	4.091876e-02	1.666332e-02	2.425544e-02
594           	-3.866521e-03	9.306876e-01	6.191681e-02	2.709188e-02	3.482493e-02
595           	-3.942171e-03	9.311371e-01	7.935687e-02	3.573626e-02	4.362061e-02
596           	-4.011857e-03	9.315498e-01	9.265342e-02	4.231485e-02	5.033857e-02
597           	-4.079436e-03	9.331014e-01	1.017593e-01	4.680021e-02	5.495908e-02
598           	-4.148060e-03	9.366859e-01	1.067693e-01	4.923661e-02	5.753273e-02
599           	-4.208098e-03	9.418623e-01	1.080678e-01	4.982579e-02	5.824199e-02
600           	-4.253641e-03	9.481245e-01	1.070325e-01	4.926262e-02	5.776990e-02
601           	-4.272432e-03	9.539526e-01	1.063855e-01	4.892032e-02	5.746518e-02
602           	-4.258096e-03	9.574743e-01	1.084954e-01	4.998962e-02	5.850581e-02
603           	-4.213215e-03	9.579308e-01	1.146559e-01	5.311476e-02	6.154119e-02
604           	-4.147022e-03	9.556473e-01	1.240950e-01	5.790048e-02	6.619453e-02
605           	-4.070936e-03	9.520450e-01	1.347895e-01	6.332383e-02	7.146570e-02
606           	-3.992524e-03	9.484005e-01	1.444474e-01	6.823115e-02	7.621620e-02
607           	-3.926990e-03	9.460424e-01	1.512193e-01	7.168267e-02	7.953665e-02
608           	-3.883623e-03	9.453698e-01	1.541899e-01	7.321134e-02	8.097859e-02
609           	-3.858402e-03	9.463038e-01	1.520581e-01	7.217066e-02	7.988747e-02
610           	-3.844401e-03	9.488435e-01	1.436380e-01	6.797461e-02	7.566341e-02
611           	-3.834071e-03	9.527381e-01	1.282546e-01	6.029322e-02	6.796136e-02
612           	-3.815187e-03	9.566106e-01	1.073378e-01	4.985370e-02	5.748407e-02
613           	-3.781890e-03	9.590598e-01	8.461595e-02	3.852609e-02	4.608987e-02
614           	-3.739365e-03	9.598784e-01	6.348846e-02	2.800487e-02	3.548360e-02
615           	-3.690840e-03	9.594720e-01	4.490437e-02	1.876135e-02	2.614303e-02
616           	-3.632939e-03	9.574895e-01	2.989326e-02	1.131369e-02	1.857957e-02
617           	-3.561929e-03	9.532046e-01	1.979189e-02	6.334015e-03	1.345787e-02
618           	-3.488412e-03	9.473586e-01	1.633536e-02	4.679268e-03	1.165609e-02
619           	-3.426076e-03	9.417559e-01	1.945243e-02	6.300139e-03	1.315229e-02
620           	-3.387328e-03	9.376753e-01	2.841999e-02	1.082266e-02	1.759732e-02
621           	-3.381170e-03	9.361630e-01	4.204086e-02	1.763926e-02	2.440160e-02
622           	-3.410325e-03	9.368774e-01	5.952209e-02	2.635072e-02	3.317137e-02
623           	-3.468425e-03	9.385230e-01	7.988026e-02	3.647170e-02	4.340855e-02
624           	-3.525127e-03	9.378579e-01	1.015184e-01	4.723407e-02	5.428432e-02
625           	-3.562744e-03	9.347906e-01	1.236230e-01	5.824874e-02	6.537422e-02
626           	-3.581018e-03	9.310946e-01	1.437477e-01	6.829285e-02	7.545489e-02
627           	-3.595535e-03	9.285328e-01	1.606139e-01	7.671141e-02	8.390248e-02
628           	-3.614927e-03	9.278418e-01	1.727658e-01	8.276797e-02	8.999783e-02
629           	-3.642965e-03	9.286269e-01	1.793746e-01	8.604434e-02	9.333027e-02
630           	-3.683485e-03	9.306015e-01	1.798433e-01	8.623814e-02	9.360512e-02
631           	-3.729271e-03	9.322720e-01	1.739607e-01	8.325106e-02	9.070960e-02
632           	-3.771716e-03	9.323478e-01	1.615759e-01	7.701621e-02	8.455964e-02
633           	-3.806373e-03	9.306350e-01	1.434996e-01	6.794342e-02	7.555616e-02
634           	-3.838093e-03	9.284452e-01	1.214036e-01	5.686372e-02	6.453991e-02
635           	-3.880741e-03	9.282744e-01	9.759332e-02	4.491592e-02	5.267740e-02
636           	-3.944962e-03	9.313464e-01	7.353496e-02	3.282252e-02	4.071244e-02
637           	-4.032866e-03	9.382098e-01	5.006924e-02	2.100175e-02	2.906748e-02
638           	-4.128328e-03	9.473582e-01	2.881751e-02	1.028043e-02	1.853708e-02
639           	-4.209978e-03	9.572907e-01	1.184483e-02	1.712439e-03	1.013239e-02
640           	-4.265528e-03	9.669424e-01	3.363847e-04	-4.097336e-03	4.433721e-03
641           	-4.289145e-03	9.752928e-01	-5.223258e-03	-6.900774e-03	1.677516e-03
642           	-4.276416e-03	9.812453e-01	-4.212959e-03	-6.382895e-03	2.169936e-03
643           	-4.231133e-03	9.840916e-01	3.753577e-03	-2.354344e-03	6.107922e-03
644           	-4.164781e-03	9.839189e-01	1.877716e-02	5.223799e-03	1.355336e-02
645           	-4.093010e-03	9.810796e-01	4.101559e-02	1.641478e-02	2.460080e-02
646           	-4.028898e-03	9.762677e-01	6.796413e-02	2.995316e-02	3.801096e-02
647           	-3.969317e-03	9.692693e-01	9.487056e-02	4.346597e-02	5.140460e-02
648           	-3.904486e-03	9.604565e-01	1.177943e-01	5.499267e-02	6.280164e-02
649           	-3.827175e-03	9.503177e-01	1.345910e-01	6.346832e-02	7.112267e-02
650           	-3.753548e-03	9.416638e-01	1.440538e-01	6.827333e-02	7.578043e-02
651           	-3.694712e-03	9.357064e-01	1.465741e-01	6.959236e-02	7.698178e-02
652           	-3.636501e-03	9.305262e-01	1.433221e-01	6.802453e-02	7.529753e-02
653           	-3.569912e-03	9.258755e-01	1.358606e-01	6.436037e-02	7.150019e-02
654           	-3.503565e-03	9.229511e-01	1.251286e-01	5.906074e-02	6.606787e-02
655           	-3.424532e-03	9.192681e-01	1.087537e-01	5.095230e-02	5.780136e-02
656           	-3.335096e-03	9.136243e-01	8.671119e-02	4.002050e-02	4.669069e-02
657           	-3.247903e-03	9.066734e-01	6.061333e-02	2.705876e-02	3.355457e-02
658           	-3.178926e-03	8.994826e-01	3.323777e-02	1.343996e-02	1.979781e-02
659           	-3.137432e-03	8.937727e-01	6.770205e-03	2.476704e-04	6.522535e-03
660           	-3.129399e-03	8.910279e-01	-1.716831e-02	-1.171356e-02	-5.454757e-03
661           	-3.164431e-03	8.934328e-01	-3.722487e-02	-2.177686e-02	-1.544800e-02
662           	-3.248798e-03	9.024669e-01	-5.204949e-02	-2.927354e-02	-2.277595e-02
663           	-3.369171e-03	9.162440e-01	-5.894691e-02	-3.284262e-02	-2.610428e-02
664           	-3.506827e-03	9.323264e-01	-5.671560e-02	-3.186463e-02	-2.485097e-02
665           	-3.655047e-03	9.493197e-01	-4.518928e-02	-2.624969e-02	-1.893959e-02
666           	-3.800038e-03	9.641577e-01	-2.527894e-02	-1.643951e-02	-8.839434e-03
667           	-3.918868e-03	9.732307e-01	9.758733e-04	-3.430932e-03	4.406805e-03
668           	-4.010042e-03	9.765550e-01	3.015594e-02	1.106793e-02	1.908801e-02
669           	-4.079445e-03	9.750252e-01	5.730022e-02	2.457066e-02	3.272955e-02
670           	-4.125092e-03	9.698205e-01	7.758794e-02	3.466888e-02	4.291906e-02
671           	-4.147593e-03	9.623172e-01	8.951623e-02	4.061052e-02	4.890571e-02
672           	-4.163382e-03	9.548152e-01	9.343985e-02	4.255654e-02	5.088331e-02
673           	-4.181305e-03	9.484404e-01	8.991620e-02	4.077679e-02	4.913940e-02
674           	-4.200587e-03	9.434643e-01	8.080030e-02	3.619956e-02	4.460074e-02
675           	-4.217179e-03	9.403444e-01	7.025694e-02	3.091129e-02	3.934565e-02
676           	-4.223659e-03	9.395416e-01	6.288652e-02	2.721960e-02	3.566692e-02
677           	-4.220197e-03	9.415446e-01	6.204682e-02	2.680322e-02	3.524361e-02
678           	-4.206287e-03	9.460354e-01	7.055836e-02	3.107289e-02	3.948547e-02
679           	-4.196286e-03	9.540211e-01	8.949975e-02	4.055359e-02	4.894616e-02
680           	-4.194703e-03	9.641586e-01	1.163738e-01	5.399218e-02	6.238159e-02
681           	-4.184257e-03	9.721068e-01	1.475610e-01	6.959625e-02	7.796476e-02
682           	-4.150948e-03	9.748835e-01	1.790152e-01	8.535666e-02	9.365856e-02
683           	-4.091518e-03	9.716881e-01	2.063870e-01	9.910200e-02	1.072850e-01
684           	-4.016343e-03	9.646361e-01	2.249574e-01	1.084623e-01	1.164950e-01
685           	-3.930720e-03	9.558071e-01	2.338046e-01	1.129716e-01	1.208330e-01
686           	-3.839145e-03	9.455997e-01	2.321632e-01	1.122425e-01	1.199208e-01
687           	-3.752124e-03	9.352516e-01	2.188675e-01	1.056816e-01	1.131859e-01
688           	-3.678609e-03	9.265523e-01	1.932966e-01	9.296968e-02	1.003269e-01
689           	-3.622519e-03	9.202592e-01	1.556643e-01	7.420961e-02	8.145465e-02
690           	-3.573455e-03	9.152530e-01	1.104060e-01	5.162954e-02	5.877645e-02
691           	-3.526462e-03	9.102682e-01	6.255140e-02	2.774924e-02	3.480216e-02
692           	-3.483033e-03	9.046868e-01	1.514557e-02	4.089752e-03	1.105582e-02
693           	-3.450880e-03	8.998816e-01	-2.770071e-02	-1.730123e-02	-1.039947e-02
694           	-3.425484e-03	8.962621e-01	-6.350912e-02	-3.518005e-02	-2.832908e-02
695           	-3.414514e-03	8.956305e-01	-9.179124e-02	-4.931014e-02	-4.248111e-02
696           	-3.408006e-03	8.969446e-01	-1.120511e-01	-5.943358e-02	-5.261756e-02
697           	-3.381815e-03	8.979037e-01	-1.208324e-01	-6.379800e-02	-5.703437e-02
698           	-3.353758e-03	9.001940e-01	-1.180219e-01	-6.236472e-02	-5.565720e-02
699           	-3.352151e-03	9.060495e-01	-1.062727e-01	-5.648851e-02	-4.978421e-02
700           	-3.383874e-03	9.146395e-01	-9.141922e-02	-4.909348e-02	-4.232574e-02
701           	-3.440798e-03	9.235661e-01	-7.737177e-02	-4.212668e-02	-3.524508e-02
702           	-3.504181e-03	9.311419e-01	-6.654575e-02	-3.677705e-02	-2.976869e-02
703           	-3.563017e-03	9.371273e-01	-5.838383e-02	-3.275493e-02	-2.562890e-02
704           	-3.622535e-03	9.427887e-01	-5.091391e-02	-2.907949e-02	-2.183442e-02
705           	-3.686247e-03	9.493211e-01	-4.234222e-02	-2.485736e-02	-1.748486e-02
706           	-3.756849e-03	9.576790e-01	-3.161160e-02	-1.956265e-02	-1.204895e-02
707           	-3.829655e-03	9.671120e-01	-1.877180e-02	-1.321555e-02	-5.556244e-03
708           	-3.892211e-03	9.753383e-01	-3.121626e-03	-5.453024e-03	2.331398e-03
709           	-3.938448e-03	9.809701e-01	1.538212e-02	3.752611e-03	1.162951e-02
710           	-3.963439e-03	9.824708e-01	3.534408e-02	1.370860e-02	2.163548e-02
711           	-3.964552e-03	9.793562e-01	5.521020e-02	2.364055e-02	3.156965e-02
712           	-3.953627e-03	9.735187e-01	7.363023e-02	3.286149e-02	4.076874e-02
713           	-3.935011e-03	9.666004e-01	8.848821e-02	4.030909e-02	4.817911e-02
714           	-3.909421e-03	9.598077e-01	9.807279e-02	4.512698e-02	5.294582e-02
715           	-3.884585e-03	9.547887e-01	1.023237e-01	4.727725e-02	5.504642e-02
716           	-3.862677e-03	9.517074e-01	1.022544e-01	4.726450e-02	5.498985e-02
717           	-3.836258e-03	9.484620e-01	9.822625e-02	4.527687e-02	5.294938e-02
718           	-3.792835e-03	9.431539e-01	9.115636e-02	4.178534e-02	4.937101e-02
719           	-3.723489e-03	9.356225e-01	8.341243e-02	3.798272e-02	4.542970e-02
720           	-3.646108e-03	9.292601e-01	7.736505e-02	3.503642e-02	4.232863e-02
721           	-3.586122e-03	9.270243e-01	7.315591e-02	3.299183e-02	4.016408e-02
722           	-3.552601e-03	9.284426e-01	6.966256e-02	3.127868e-02	3.838388e-02
723           	-3.536882e-03	9.315744e-01	6.590777e-02	2.941700e-02	3.649077e-02
724           	-3.535297e-03	9.356804e-01	6.166292e-02	2.729616e-02	3.436676e-02
725           	-3.548242e-03	9.411293e-01	5.695687e-02	2.493019e-02	3.202668e-02
726           	-3.569425e-03	9.471614e-01	5.149161e-02	2.217638e-02	2.931523e-02
727           	-3.582817e-03	9.509797e-01	4.562185e-02	1.922811e-02	2.639374e-02
728           	-3.578554e-03	9.507261e-01	3.976560e-02	1.630425e-02	2.346136e-02
729           	-3.565399e-03	9.472122e-01	3.445566e-02	1.366243e-02	2.079323e-02
730           	-3.555583e-03	9.418045e-01	3.039583e-02	1.164233e-02	1.875350e-02
731           	-3.557456e-03	9.355400e-01	2.905006e-02	1.096757e-02	1.808248e-02
732           	-3.583594e-03	9.304163e-01	3.074505e-02	1.178893e-02	1.895612e-02
733           	-3.643631e-03	9.292647e-01	3.468763e-02	1.370019e-02	2.098745e-02
734           	-3.743511e-03	9.345490e-01	4.002751e-02	1.627024e-02	2.375727e-02
735           	-3.873711e-03	9.454395e-01	4.761399e-02	1.993328e-02	2.768070e-02
736           	-4.019178e-03	9.603131e-01	5.923581e-02	2.559873e-02	3.363708e-02
737           	-4.145337e-03	9.751343e-01	7.330678e-02	3.250805e-02	4.079873e-02
738           	-4.226953e-03	9.869553e-01	8.809440e-02	3.982025e-02	4.827415e-02
739           	-4.254301e-03	9.943519e-01	1.009680e-01	4.622968e-02	5.473828e-02
740           	-4.238040e-03	9.974211e-01	1.087436e-01	5.013375e-02	5.860983e-02
741           	-4.193807e-03	9.972192e-01	1.119794e-01	5.179591e-02	6.018352e-02
742           	-4.128331e-03	9.926165e-01	1.131603e-01	5.245182e-02	6.070848e-02
743           	-4.046062e-03	9.826596e-01	1.144265e-01	5.316719e-02	6.125931e-02
744           	-3.974035e-03	9.706412e-01	1.161780e-01	5.411495e-02	6.206302e-02
745           	-3.932346e-03	9.603822e-01	1.176716e-01	5.490345e-02	6.276814e-02
746           	-3.924363e-03	9.537954e-01	1.182763e-01	5.521377e-02	6.306249e-02
747           	-3.940809e-03	9.510434e-01	1.179034e-01	5.501088e-02	6.289250e-02
748           	-3.964617e-03	9.511375e-01	1.169319e-01	5.450134e-02	6.243057e-02
749           	-3.981578e-03	9.527326e-01	1.150721e-01	5.355447e-02	6.151763e-02
750           	-3.982074e-03	9.539277e-01	1.116005e-01	5.181819e-02	5.978234e-02
751           	-3.971128e-03	9.546285e-01	1.060095e-01	4.903362e-02	5.697588e-02
752           	-3.953337e-03	9.547158e-01	9.840746e-02	4.525039e-02	5.315707e-02
753           	-3.929722e-03	9.544318e-01	8.916100e-02	4.065078e-02	4.851022e-02
754           	-3.901060e-03	9.541523e-01	7.959799e-02	3.589794e-02	4.370006e-02
755           	-3.870517e-03	9.540921e-01	7.052394e-02	3.139145e-02	3.913249e-02
756           	-3.842042e-03	9.540883e-01	6.269958e-02	2.750775e-02	3.519183e-02
757           	-3.819662e-03	9.541321e-01	5.667766e-02	2.451917e-02	3.215849e-02
758           	-3.798318e-03	9.536368e-01	5.267056e-02	2.253696e-02	3.013360e-02
759           	-3.769213e-03	9.517707e-01	5.120974e-02	2.183566e-02	2.937408e-02
760           	-3.728835e-03	9.482956e-01	5.183055e-02	2.218644e-02	2.964411e-02
761           	-3.685068e-03	9.441265e-01	5.283463e-02	2.273225e-02	3.010238e-02
762           	-3.641284e-03	9.391335e-01	5.277755e-02	2.274749e-02	3.003006e-02
763           	-3.602383e-03	9.336048e-01	5.071650e-02	2.175587e-02	2.896063e-02
764           	-3.577943e-03	9.289068e-01	4.612654e-02	1.948533e-02	2.664121e-02
765           	-3.576178e-03	9.266765e-01	3.925204e-02	1.604984e-02	2.320220e-02
766           	-3.602692e-03	9.272510e-01	3.117024e-02	1.198243e-02	1.918781e-02
767           	-3.653019e-03	9.303296e-01	2.403255e-02	8.363258e-03	1.566930e-02
768           	-3.714849e-03	9.342166e-01	1.934330e-02	5.956803e-03	1.338650e-02
769           	-3.774251e-03	9.372538e-01	1.768138e-02	5.066437e-03	1.261494e-02
770           	-3.824561e-03	9.388918e-01	1.916513e-02	5.758005e-03	1.340713e-02
771           	-3.867331e-03	9.391984e-01	2.402947e-02	8.147404e-03	1.588207e-02
772           	-3.902042e-03	9.381336e-01	3.238292e-02	1.228942e-02	2.009350e-02
773           	-3.929934e-03	9.361489e-01	4.314979e-02	1.764496e-02	2.550483e-02
774           	-3.955751e-03	9.343900e-01	5.484953e-02	2.346901e-02	3.138051e-02
775           	-3.988441e-03	9.347645e-01	6.629309e-02	2.915810e-02	3.713499e-02
776           	-4.031035e-03	9.380802e-01	7.740367e-02	3.467080e-02	4.273287e-02
777           	-4.085786e-03	9.448762e-01	8.850510e-02	4.016676e-02	4.833833e-02
778           	-4.142989e-03	9.538386e-01	9.951489e-02	4.561446e-02	5.390043e-02
779           	-4.195417e-03	9.643190e-01	1.108313e-01	5.122023e-02	5.961107e-02
780           	-4.238124e-03	9.749759e-01	1.225870e-01	5.705540e-02	6.553164e-02
781           	-4.259703e-03	9.829979e-01	1.350276e-01	6.325412e-02	7.177353e-02
782           	-4.254977e-03	9.864785e-01	1.475925e-01	6.954128e-02	7.805123e-02
783           	-4.229575e-03	9.863782e-01	1.595298e-01	7.553530e-02	8.399445e-02
784           	-4.195826e-03	9.846187e-01	1.695384e-01	8.057339e-02	8.896504e-02
785           	-4.162942e-03	9.829998e-01	1.771871e-01	8.443059e-02	9.275647e-02
786           	-4.127123e-03	9.811789e-01	1.811778e-01	8.646178e-02	9.471602e-02
787           	-4.074982e-03	9.768918e-01	1.808313e-01	8.634069e-02	9.449066e-02
788           	-3.994121e-03	9.687796e-01	1.760241e-01	8.401793e-02	9.200617e-02
789           	-3.902875e-03	9.595981e-01	1.688959e-01	8.054507e-02	8.835082e-02
790           	-3.815478e-03	9.511271e-01	1.614918e-01	7.693044e-02	8.456140e-02
791           	-3.743673e-03	9.440357e-01	1.546502e-01	7.358141e-02	8.106875e-02
792           	-3.698854e-03	9.400834e-01	1.484253e-01	7.051378e-02	7.791148e-02
793           	-3.681546e-03	9.390887e-01	1.412539e-01	6.694540e-02	7.430849e-02
794           	-3.688156e-03	9.408180e-01	1.309731e-01	6.179839e-02	6.917470e-02
795           	-3.708848e-03	9.435996e-01	1.169303e-01	5.475630e-02	6.217400e-02
796           	-3.725676e-03	9.464755e-01	9.985912e-02	4.620388e-02	5.365524e-02
797           	-3.723103e-03	9.483463e-01	7.939873e-02	3.597626e-02	4.342247e-02
798           	-3.684691e-03	9.472879e-01	5.641651e-02	2.452356e-02	3.189294e-02
799           	-3.605081e-03	9.413789e-01	3.407742e-02	1.343363e-02	2.064379e-02
800           	-3.518550e-03	9.330961e-01	1.578103e-02	4.371967e-03	1.140907e-02
801           	-3.439643e-03	9.237043e-01	3.066530e-03	-1.906378e-03	4.972908e-03
802           	-3.375004e-03	9.154107e-01	-4.028438e-03	-5.389223e-03	1.360785e-03
803           	-3.327633e-03	9.096611e-01	-5.664648e-03	-6.159957e-03	4.953088e-04
804           	-3.305770e-03	9.073841e-01	-4.009099e-03	-5.310320e-03	1.301221e-03
805           	-3.314237e-03	9.085985e-01	-1.329792e-03	-3.979133e-03	2.649341e-03
806           	-3.354551e-03	9.121321e-01	6.363864e-04	-3.036358e-03	3.672745e-03
807           	-3.420646e-03	9.162860e-01	2.335617e-03	-2.252837e-03	4.588454e-03
808           	-3.497937e-03	9.196773e-01	5.131766e-03	-9.320539e-04	6.063819e-03
809           	-3.573070e-03	9.217743e-01	9.712884e-03	1.283372e-03	8.429513e-03
810           	-3.644500e-03	9.238033e-01	1.565793e-02	4.184463e-03	1.147346e-02
811           	-3.723237e-03	9.279237e-01	2.228248e-02	7.418002e-03	1.486448e-02
812           	-3.811707e-03	9.350076e-01	2.837657e-02	1.037658e-02	1.799999e-02
813           	-3.903033e-03	9.448068e-01	3.334635e-02	1.277014e-02	2.057621e-02
814           	-3.989343e-03	9.557203e-01	3.833948e-02	1.518040e-02	2.315908e-02
815           	-4.066569e-03	9.660020e-01	4.409557e-02	1.798121e-02	2.611435e-02
816           	-4.128915e-03	9.744458e-01	5.098978e-02	2.136598e-02	2.962381e-02
817           	-4.173348e-03	9.809589e-01	5.883657e-02	2.524494e-02	3.359163e-02
818           	-4.194593e-03	9.851536e-01	6.707487e-02	2.934284e-02	3.773203e-02
819           	-4.186722e-03	9.866120e-01	7.520379e-02	3.341517e-02	4.178862e-02
820           	-4.151248e-03	9.852610e-01	8.216172e-02	3.692961e-02	4.523211e-02
821           	-4.099631e-03	9.818127e-01	8.721746e-02	3.950910e-02	4.770836e-02
822           	-4.033229e-03	9.757117e-01	9.036511e-02	4.114932e-02	4.921578e-02
823           	-3.955646e-03	9.663231e-01	9.163879e-02	4.186375e-02	4.977504e-02
824           	-3.877838e-03	9.543612e-01	9.056808e-02	4.140620e-02	4.916188e-02
825           	-3.814747e-03	9.424917e-01	8.723433e-02	3.980242e-02	4.743191e-02
826           	-3.773207e-03	9.323066e-01	8.134237e-02	3.689798e-02	4.444439e-02
827           	-3.750824e-03	9.245147e-01	7.406607e-02	3.328221e-02	4.078386e-02
828           	-3.743204e-03	9.191981e-01	6.708459e-02	2.979909e-02	3.728550e-02
829           	-3.746584e-03	9.161581e-01	6.241864e-02	2.746274e-02	3.495590e-02
830           	-3.764648e-03	9.161638e-01	6.239616e-02	2.743343e-02	3.496273e-02
831           	-3.793456e-03	9.186254e-01	6.833177e-02	3.037243e-02	3.795934e-02
832           	-3.818137e-03	9.209385e-01	8.060130e-02	3.648251e-02	4.411879e-02
833           	-3.818997e-03	9.201743e-01	9.712752e-02	4.474476e-02	5.238276e-02
834           	-3.800514e-03	9.170606e-01	1.144938e-01	5.344639e-02	6.104742e-02
835           	-3.774244e-03	9.131784e-01	1.300538e-01	6.125267e-02	6.880116e-02
836           	-3.750998e-03	9.100543e-01	1.442274e-01	6.836271e-02	7.586471e-02
837           	-3.744834e-03	9.087969e-01	1.565583e-01	7.453431e-02	8.202398e-02
838           	-3.764366e-03	9.098961e-01	1.663530e-01	7.941216e-02	8.694089e-02
839           	-3.811497e-03	9.132135e-01	1.723413e-01	8.235913e-02	8.998213e-02
840           	-3.878229e-03	9.177771e-01	1.739247e-01	8.308410e-02	9.084056e-02
841           	-3.952754e-03	9.230235e-01	1.716612e-01	8.187784e-02	8.978335e-02
842           	-4.023734e-03	9.284091e-01	1.666895e-01	7.932101e-02	8.736847e-02
843           	-4.082915e-03	9.329060e-01	1.603832e-01	7.610866e-02	8.427449e-02
844           	-4.129159e-03	9.359736e-01	1.535468e-01	7.264426e-02	8.090258e-02
845           	-4.164777e-03	9.377190e-01	1.462743e-01	6.897237e-02	7.730192e-02
846           	-4.187772e-03	9.378126e-01	1.385614e-01	6.509293e-02	7.346847e-02
847           	-4.195997e-03	9.359253e-01	1.296258e-01	6.061692e-02	6.900891e-02
848           	-4.183782e-03	9.312739e-01	1.193129e-01	5.547266e-02	6.384022e-02
849           	-4.163362e-03	9.261202e-01	1.087344e-01	5.020385e-02	5.853058e-02
850           	-4.153825e-03	9.234035e-01	9.812173e-02	4.490704e-02	5.321469e-02
851           	-4.165480e-03	9.245089e-01	8.767319e-02	3.967112e-02	4.800208e-02
852           	-4.191090e-03	9.286994e-01	7.778954e-02	3.470368e-02	4.308586e-02
853           	-4.217308e-03	9.343361e-01	6.986798e-02	3.071668e-02	3.915130e-02
854           	-4.236479e-03	9.403712e-01	6.538782e-02	2.845743e-02	3.693039e-02
855           	-4.242841e-03	9.461287e-01	6.509105e-02	2.830268e-02	3.678837e-02
856           	-4.227917e-03	9.503731e-01	6.944707e-02	3.049562e-02	3.895145e-02
857           	-4.193108e-03	9.529013e-01	7.821885e-02	3.491632e-02	4.330254e-02
858           	-4.142902e-03	9.537434e-01	8.974751e-02	4.073085e-02	4.901666e-02
859           	-4.081685e-03	9.530681e-01	1.019155e-01	4.687606e-02	5.503942e-02
860           	-4.019711e-03	9.516652e-01	1.133808e-01	5.267071e-02	6.071013e-02
861           	-3.965346e-03	9.497171e-01	1.219826e-01	5.702596e-02	6.495665e-02
862           	-3.915323e-03	9.467382e-01	1.275144e-01	5.984187e-02	6.767252e-02
863           	-3.867681e-03	9.424061e-01	1.304331e-01	6.134888e-02	6.908424e-02
864           	-3.818002e-03	9.366432e-01	1.310067e-01	6.168537e-02	6.932137e-02
865           	-3.770185e-03	9.308820e-01	1.289052e-01	6.068241e-02	6.822278e-02
866           	-3.733141e-03	9.271053e-01	1.240278e-01	5.828075e-02	6.574703e-02
867           	-3.703918e-03	9.254103e-01	1.159757e-01	5.428392e-02	6.169175e-02
868           	-3.653968e-03	9.225946e-01	1.037833e-01	4.823766e-02	5.554560e-02
869           	-3.548471e-03	9.149442e-01	8.730167e-02	4.010236e-02	4.719930e-02
870           	-3.406307e-03	9.044843e-01	6.931932e-02	3.125335e-02	3.806597e-02
871           	-3.269893e-03	8.953816e-01	5.226590e-02	2.286306e-02	2.940284e-02
872           	-3.165772e-03	8.899252e-01	3.624766e-02	1.495806e-02	2.128960e-02
873           	-3.103722e-03	8.879682e-01	2.195162e-02	7.872087e-03	1.407953e-02
874           	-3.081437e-03	8.886113e-01	1.004284e-02	1.939984e-03	8.102858e-03
875           	-3.092894e-03	8.918383e-01	6.237936e-04	-2.780997e-03	3.404791e-03
876           	-3.132547e-03	8.977740e-01	-6.325176e-03	-6.295135e-03	-3.004097e-05
877           	-3.193222e-03	9.055788e-01	-9.975718e-03	-8.181081e-03	-1.794637e-03
878           	-3.269988e-03	9.142995e-01	-9.627331e-03	-8.083653e-03	-1.543678e-03
879           	-3.355777e-03	9.220629e-01	-5.583113e-03	-6.147333e-03	5.642200e-04
880           	-3.454896e-03	9.293898e-01	1.470681e-03	-2.719556e-03	4.190236e-03
881           	-3.577507e-03	9.372597e-01	1.069246e-02	1.768721e-03	8.923735e-03
882           	-3.711574e-03	9.445860e-01	1.909378e-02	5.835315e-03	1.325846e-02
883           	-3.831522e-03	9.492892e-01	2.492713e-02	8.632041e-03	1.629509e-02
884           	-3.929917e-03	9.510849e-01	2.882436e-02	1.048226e-02	1.834210e-02
885           	-3.991651e-03	9.491655e-01	3.215467e-02	1.208568e-02	2.006899e-02
886           	-4.018869e-03	9.448924e-01	3.443851e-02	1.320038e-02	2.123812e-02
887           	-4.024622e-03	9.399993e-01	3.508794e-02	1.351935e-02	2.156859e-02
888           	-4.025350e-03	9.355115e-01	3.441977e-02	1.318454e-02	2.123524e-02
889           	-4.027719e-03	9.317773e-01	3.508421e-02	1.351438e-02	2.156982e-02
890           	-4.024284e-03	9.286962e-01	3.967720e-02	1.581432e-02	2.386288e-02
891           	-4.007826e-03	9.267097e-01	4.893644e-02	2.046039e-02	2.847605e-02
892           	-3.974736e-03	9.253159e-01	6.389023e-02	2.797038e-02	3.591985e-02
893           	-3.929614e-03	9.250508e-01	8.404509e-02	3.809293e-02	4.595216e-02
894           	-3.870887e-03	9.252468e-01	1.082963e-01	5.027725e-02	5.801903e-02
895           	-3.803757e-03	9.251342e-01	1.338673e-01	6.312987e-02	7.073738e-02
896           	-3.736447e-03	9.250461e-01	1.583968e-01	7.546193e-02	8.293483e-02
897           	-3.663336e-03	9.235783e-01	1.793775e-01	8.602541e-02	9.335208e-02
898           	-3.575353e-03	9.191198e-01	1.946165e-01	9.373291e-02	1.008836e-01
899           	-3.470818e-03	9.110618e-01	2.018573e-01	9.745784e-02	1.043995e-01
900           	-3.365983e-03	9.012862e-01	1.986879e-01	9.597799e-02	1.027100e-01
901           	-3.284637e-03	8.922048e-01	1.839586e-01	8.869468e-02	9.526395e-02
902           	-3.248160e-03	8.869717e-01	1.603006e-01	7.690214e-02	8.339846e-02
903           	-3.262637e-03	8.873334e-01	1.310064e-01	6.224058e-02	6.876585e-02
904           	-3.314763e-03	8.925715e-01	1.000079e-01	4.668918e-02	5.331871e-02
905           	-3.373558e-03	8.992115e-01	7.095591e-02	3.210440e-02	3.885151e-02
906           	-3.418253e-03	9.044404e-01	4.685758e-02	2.001054e-02	2.684704e-02
907           	-3.446350e-03	9.076312e-01	2.912910e-02	1.111820e-02	1.801090e-02
908           	-3.463135e-03	9.091812e-01	1.778554e-02	5.429634e-03	1.235590e-02
909           	-3.476104e-03	9.096987e-01	1.361509e-02	3.331441e-03	1.028365e-02
910           	-3.491502e-03	9.097988e-01	1.806403e-02	5.540514e-03	1.252352e-02
911           	-3.518311e-03	9.103681e-01	3.082495e-02	1.189417e-02	1.893079e-02
912           	-3.564197e-03	9.124047e-01	4.841745e-02	2.064453e-02	2.777292e-02
913           	-3.622516e-03	9.159719e-01	6.607870e-02	2.941683e-02	3.666186e-02
914           	-3.681777e-03	9.202662e-01	8.066214e-02	3.664929e-02	4.401285e-02
915           	-3.743028e-03	9.245013e-01	9.171517e-02	4.211456e-02	4.960061e-02
916           	-3.806582e-03	9.281479e-01	9.957849e-02	4.598266e-02	5.359583e-02
917           	-3.868860e-03	9.310016e-01	1.045768e-01	4.841954e-02	5.615726e-02
918           	-3.927785e-03	9.332600e-01	1.062901e-01	4.921726e-02	5.707283e-02
919           	-3.978541e-03	9.352058e-01	1.035847e-01	4.781383e-02	5.577091e-02
920           	-4.017689e-03	9.372342e-01	9.553433e-02	4.374948e-02	5.178486e-02
921           	-4.045738e-03	9.395388e-01	8.296635e-02	3.743744e-02	4.552892e-02
922           	-4.069472e-03	9.423378e-01	6.856989e-02	3.021547e-02	3.835442e-02
923           	-4.084652e-03	9.441552e-01	5.702223e-02	2.442646e-02	3.259577e-02
924           	-4.092130e-03	9.444591e-01	5.090922e-02	2.136248e-02	2.954674e-02
925           	-4.097566e-03	9.451639e-01	5.060740e-02	2.120613e-02	2.940127e-02
926           	-4.103269e-03	9.472020e-01	5.577237e-02	2.378292e-02	3.198945e-02
927           	-4.106190e-03	9.505694e-01	6.561793e-02	2.870277e-02	3.691515e-02
928           	-4.101655e-03	9.544383e-01	7.823731e-02	3.501700e-02	4.322031e-02
929           	-4.079072e-03	9.566979e-01	9.077034e-02	4.130610e-02	4.946424e-02
930           	-4.034288e-03	9.561216e-01	1.006803e-01	4.630584e-02	5.437442e-02
931           	-3.982282e-03	9.544018e-01	1.056783e-01	4.885687e-02	5.682143e-02
932           	-3.939311e-03	9.539134e-01	1.047270e-01	4.842417e-02	5.630279e-02
933           	-3.905038e-03	9.547623e-01	9.899296e-02	4.559144e-02	5.340152e-02
934           	-3.871828e-03	9.561244e-01	8.981956e-02	4.103795e-02	4.878161e-02
935           	-3.827675e-03	9.563395e-01	7.819931e-02	3.527198e-02	4.292733e-02
936           	-3.767830e-03	9.537455e-01	6.605908e-02	2.926171e-02	3.679737e-02
937           	-3.703929e-03	9.492200e-01	5.480782e-02	2.369998e-02	3.110784e-02
938           	-3.651057e-03	9.449933e-01	4.539296e-02	1.904542e-02	2.634753e-02
939           	-3.611229e-03	9.427473e-01	3.860517e-02	1.569135e-02	2.291381e-02
940           	-3.573310e-03	9.426506e-01	3.524618e-02	1.404978e-02	2.119640e-02
941           	-3.531656e-03	9.450236e-01	3.551481e-02	1.422575e-02	2.128906e-02
942           	-3.489256e-03	9.487023e-01	3.777564e-02	1.539856e-02	2.237707e-02
943           	-3.443097e-03	9.500501e-01	4.035278e-02	1.673329e-02	2.361949e-02
944           	-3.394871e-03	9.463750e-01	4.123965e-02	1.722495e-02	2.401470e-02
945           	-3.352954e-03	9.382656e-01	3.927926e-02	1.628667e-02	2.299258e-02
946           	-3.326051e-03	9.288716e-01	3.372482e-02	1.353636e-02	2.018846e-02
947           	-3.330925e-03	9.229295e-01	2.326263e-02	8.300389e-03	1.496224e-02
948           	-3.379109e-03	9.234755e-01	6.534605e-03	-1.118071e-04	6.646412e-03
949           	-3.447477e-03	9.283742e-01	-1.462649e-02	-1.076072e-02	-3.865770e-03
950           	-3.506741e-03	9.334924e-01	-3.484100e-02	-2.092724e-02	-1.391376e-02
951           	-3.549117e-03	9.384987e-01	-4.884775e-02	-2.797299e-02	-2.087476e-02
952           	-3.574921e-03	9.430746e-01	-5.480144e-02	-3.097564e-02	-2.382580e-02
953           	-3.588370e-03	9.474419e-01	-5.200927e-02	-2.959300e-02	-2.241627e-02
954           	-3.600874e-03	9.509253e-01	-4.128651e-02	-2.424413e-02	-1.704238e-02
955           	-3.621505e-03	9.533921e-01	-2.235142e-02	-1.479722e-02	-7.554207e-03
956           	-3.664358e-03	9.554682e-01	4.373952e-03	-1.477382e-03	5.851334e-03
957           	-3.737370e-03	9.582252e-01	3.519936e-02	1.386231e-02	2.133705e-02
958           	-3.822051e-03	9.609956e-01	6.460423e-02	2.848006e-02	3.612417e-02
959           	-3.903499e-03	9.630690e-01	9.117581e-02	4.168441e-02	4.949140e-02
960           	-3.985078e-03	9.657634e-01	1.140121e-01	5.302099e-02	6.099114e-02
961           	-4.060630e-03	9.690149e-01	1.334070e-01	6.264285e-02	7.076411e-02
962           	-4.114468e-03	9.714549e-01	1.491448e-01	7.045794e-02	7.868687e-02
963           	-4.142502e-03	9.722243e-01	1.608582e-01	7.628658e-02	8.457159e-02
964           	-4.152987e-03	9.714284e-01	1.684899e-01	8.009199e-02	8.839796e-02
965           	-4.159932e-03	9.699174e-01	1.725485e-01	8.211431e-02	9.043418e-02
966           	-4.176781e-03	9.690485e-01	1.727423e-01	8.219439e-02	9.054795e-02
967           	-4.206799e-03	9.701001e-01	1.693085e-01	8.044747e-02	8.886107e-02
968           	-4.230874e-03	9.716757e-01	1.635338e-01	7.753604e-02	8.599778e-02
969           	-4.230442e-03	9.721152e-01	1.566152e-01	7.407718e-02	8.253806e-02
970           	-4.198110e-03	9.707740e-01	1.488215e-01	7.021264e-02	7.860886e-02
971           	-4.144025e-03	9.677835e-01	1.409723e-01	6.634213e-02	7.463018e-02
972           	-4.081907e-03	9.639127e-01	1.340186e-01	6.292739e-02	7.109120e-02
973           	-4.022929e-03	9.597564e-01	1.284074e-01	6.018078e-02	6.822663e-02
974           	-3.969699e-03	9.550343e-01	1.239537e-01	5.800717e-02	6.594657e-02
975           	-3.919314e-03	9.492819e-01	1.199695e-01	5.606545e-02	6.390408e-02
976           	-3.868917e-03	9.427120e-01	1.155238e-01	5.389300e-02	6.163084e-02
977           	-3.820874e-03	9.366277e-01	1.099127e-01	5.113548e-02	5.877723e-02
978           	-3.780117e-03	9.324212e-01	1.025945e-01	4.751711e-02	5.507735e-02
979           	-3.751163e-03	9.309429e-01	9.312765e-02	4.281266e-02	5.031499e-02
980           	-3.730969e-03	9.313510e-01	8.233984e-02	3.743895e-02	4.490089e-02
981           	-3.715233e-03	9.322807e-01	7.136443e-02	3.196698e-02	3.939745e-02
982           	-3.701862e-03	9.318348e-01	6.085305e-02	2.672466e-02	3.412838e-02
983           	-3.691885e-03	9.294727e-01	5.148983e-02	2.205303e-02	2.943680e-02
984           	-3.692276e-03	9.263836e-01	4.470885e-02	1.866215e-02	2.604670e-02
985           	-3.699628e-03	9.231929e-01	4.149288e-02	1.704681e-02	2.444607e-02
986           	-3.709749e-03	9.211654e-01	4.198114e-02	1.728082e-02	2.470032e-02
987           	-3.720569e-03	9.209389e-01	4.448526e-02	1.852206e-02	2.596320e-02
988           	-3.744220e-03	9.245362e-01	4.672822e-02	1.961989e-02	2.710833e-02
989           	-3.786185e-03	9.318836e-01	4.829096e-02	2.035929e-02	2.793167e-02
990           	-3.842261e-03	9.415117e-01	5.025766e-02	2.128657e-02	2.897109e-02
991           	-3.895069e-03	9.507172e-01	5.421118e-02	2.321052e-02	3.100066e-02
992           	-3.922744e-03	9.566544e-01	6.116444e-02	2.665948e-02	3.450497e-02
993           	-3.929972e-03	9.589380e-01	7.098836e-02	3.156421e-02	3.942415e-02
994           	-3.934175e-03	9.589490e-01	8.196584e-02	3.704875e-02	4.491710e-02
995           	-3.947303e-03	9.585330e-01	9.227305e-02	4.218922e-02	5.008383e-02
996           	-3.971756e-03	9.583922e-01	9.982907e-02	4.594278e-02	5.388629e-02
997           	-3.998580e-03	9.583459e-01	1.035359e-01	4.776935e-02	5.576651e-02
998           	-4.016958e-03	9.578631e-01	1.033730e-01	4.766954e-02	5.570346e-02
999           	-4.018418e-03	9.560297e-01	9.959791e-02	4.578054e-02	5.381737e-02
1000          	-4.002084e-03	9.530291e-01	9.265091e-02	4.232337e-02	5.032754e-02
