# Force coefficients
# liftDir     : (0.000000e+00 0.000000e+00 1.000000e+00)
# dragDir     : (0.000000e+00 1.000000e+00 0.000000e+00)
# pitchAxis   : (1.000000e+00 0.000000e+00 0.000000e+00)
# magUInf     : 4.708437e-01
# lRef        : 4.000000e+00
# Aref        : 2.562000e-02
# CofR        : (0.000000e+00 0.000000e+00 0.000000e+00)
# Time        	Cm            	Cd            	Cl            	Cl(f)         	Cl(r)         
1             	-1.838233e-04	4.221383e-02	-4.597887e-03	-2.482767e-03	-2.115120e-03
2             	-2.138898e-03	5.475722e-01	-6.590152e-02	-3.508966e-02	-3.081186e-02
3             	-3.081574e-03	9.407527e-01	-7.223826e-02	-3.920070e-02	-3.303755e-02
4             	-2.902845e-03	1.036373e+00	-4.328016e-02	-2.454293e-02	-1.873724e-02
5             	-2.346731e-03	9.820339e-01	-5.418217e-03	-5.055839e-03	-3.623777e-04
6             	-1.979797e-03	9.036435e-01	1.501345e-02	5.526926e-03	9.486519e-03
7             	-1.651791e-03	8.140075e-01	3.786813e-02	1.728228e-02	2.058586e-02
8             	-1.566725e-03	7.591406e-01	4.583899e-02	2.135277e-02	2.448622e-02
9             	-1.642635e-03	7.403931e-01	4.768999e-02	2.220236e-02	2.548763e-02
10            	-1.776560e-03	7.479613e-01	4.524611e-02	2.084649e-02	2.439961e-02
11            	-1.910469e-03	7.638595e-01	4.142005e-02	1.879955e-02	2.262049e-02
12            	-2.055476e-03	7.857203e-01	3.567968e-02	1.578436e-02	1.989532e-02
13            	-2.220573e-03	8.151147e-01	2.531198e-02	1.043542e-02	1.487656e-02
14            	-2.321586e-03	8.345582e-01	1.241645e-02	3.886637e-03	8.529810e-03
15            	-2.389054e-03	8.421546e-01	9.638062e-04	-1.907150e-03	2.870957e-03
16            	-2.470600e-03	8.446200e-01	-8.536397e-03	-6.738799e-03	-1.797599e-03
17            	-2.570352e-03	8.457107e-01	-1.608764e-02	-1.061417e-02	-5.473470e-03
18            	-2.677726e-03	8.462279e-01	-2.155945e-02	-1.345745e-02	-8.101998e-03
19            	-2.781359e-03	8.460141e-01	-2.463636e-02	-1.509954e-02	-9.536823e-03
20            	-2.883602e-03	8.456704e-01	-2.462201e-02	-1.519461e-02	-9.427403e-03
21            	-2.989929e-03	8.462630e-01	-2.069797e-02	-1.333892e-02	-7.359058e-03
22            	-3.089363e-03	8.482156e-01	-1.249465e-02	-9.336687e-03	-3.157960e-03
23            	-3.167018e-03	8.514066e-01	-9.883143e-04	-3.661175e-03	2.672861e-03
24            	-3.215168e-03	8.551572e-01	1.136273e-02	2.466198e-03	8.896535e-03
25            	-3.245425e-03	8.590587e-01	2.366337e-02	8.586262e-03	1.507711e-02
26            	-3.269317e-03	8.629058e-01	3.562698e-02	1.454417e-02	2.108281e-02
27            	-3.289535e-03	8.661289e-01	4.594304e-02	1.968198e-02	2.626105e-02
28            	-3.306551e-03	8.688000e-01	5.374304e-02	2.356497e-02	3.017807e-02
29            	-3.316044e-03	8.702037e-01	5.910517e-02	2.623654e-02	3.286863e-02
30            	-3.318417e-03	8.706035e-01	6.241319e-02	2.788818e-02	3.452501e-02
31            	-3.317159e-03	8.702485e-01	6.419570e-02	2.878069e-02	3.541501e-02
32            	-3.317418e-03	8.694890e-01	6.524798e-02	2.930657e-02	3.594141e-02
33            	-3.322687e-03	8.685140e-01	6.643365e-02	2.989414e-02	3.653951e-02
34            	-3.332131e-03	8.671092e-01	6.833299e-02	3.083436e-02	3.749863e-02
35            	-3.340747e-03	8.650088e-01	7.128828e-02	3.230339e-02	3.898489e-02
36            	-3.343373e-03	8.622443e-01	7.561954e-02	3.446640e-02	4.115314e-02
37            	-3.339601e-03	8.590251e-01	8.171092e-02	3.751586e-02	4.419506e-02
38            	-3.333710e-03	8.560651e-01	8.992405e-02	4.162831e-02	4.829573e-02
39            	-3.328912e-03	8.539258e-01	9.992272e-02	4.663245e-02	5.329027e-02
40            	-3.329732e-03	8.529541e-01	1.107798e-01	5.206016e-02	5.871963e-02
41            	-3.341462e-03	8.533936e-01	1.221449e-01	5.773099e-02	6.441391e-02
42            	-3.359517e-03	8.544224e-01	1.333112e-01	6.329607e-02	7.001511e-02
43            	-3.382578e-03	8.564552e-01	1.436004e-01	6.841763e-02	7.518279e-02
44            	-3.406719e-03	8.595400e-01	1.525545e-01	7.287052e-02	7.968396e-02
45            	-3.439206e-03	8.649845e-01	1.596438e-01	7.638269e-02	8.326110e-02
46            	-3.480663e-03	8.724399e-01	1.643684e-01	7.870353e-02	8.566485e-02
47            	-3.518360e-03	8.790362e-01	1.672027e-01	8.008299e-02	8.711971e-02
48            	-3.544354e-03	8.831366e-01	1.691917e-01	8.105150e-02	8.814021e-02
49            	-3.557422e-03	8.844421e-01	1.706807e-01	8.178291e-02	8.889775e-02
50            	-3.558848e-03	8.830695e-01	1.710647e-01	8.197352e-02	8.909122e-02
51            	-3.552270e-03	8.796460e-01	1.699495e-01	8.142247e-02	8.852701e-02
52            	-3.540917e-03	8.751783e-01	1.673532e-01	8.013567e-02	8.721750e-02
53            	-3.523510e-03	8.700280e-01	1.637357e-01	7.834432e-02	8.539134e-02
54            	-3.504597e-03	8.656010e-01	1.601914e-01	7.659111e-02	8.360030e-02
55            	-3.497432e-03	8.642341e-01	1.576073e-01	7.530623e-02	8.230110e-02
56            	-3.506045e-03	8.664443e-01	1.566839e-01	7.483590e-02	8.184799e-02
57            	-3.530556e-03	8.715338e-01	1.565533e-01	7.474611e-02	8.180722e-02
58            	-3.559508e-03	8.773170e-01	1.565593e-01	7.472013e-02	8.183914e-02
59            	-3.582951e-03	8.823803e-01	1.564634e-01	7.464873e-02	8.181463e-02
60            	-3.591326e-03	8.857132e-01	1.560380e-01	7.442767e-02	8.161032e-02
61            	-3.576520e-03	8.862815e-01	1.554518e-01	7.414939e-02	8.130243e-02
62            	-3.537450e-03	8.840939e-01	1.546924e-01	7.380874e-02	8.088364e-02
63            	-3.481444e-03	8.800687e-01	1.534222e-01	7.322965e-02	8.019254e-02
64            	-3.417713e-03	8.754083e-01	1.509403e-01	7.205245e-02	7.888787e-02
65            	-3.358808e-03	8.719160e-01	1.467167e-01	6.999954e-02	7.671715e-02
66            	-3.308913e-03	8.700649e-01	1.402884e-01	6.683530e-02	7.345313e-02
67            	-3.270385e-03	8.695626e-01	1.324039e-01	6.293155e-02	6.947232e-02
68            	-3.245556e-03	8.703119e-01	1.244248e-01	5.896686e-02	6.545797e-02
69            	-3.239064e-03	8.726305e-01	1.172001e-01	5.536098e-02	6.183911e-02
70            	-3.250755e-03	8.763428e-01	1.110337e-01	5.226612e-02	5.876763e-02
71            	-3.271852e-03	8.806864e-01	1.055700e-01	4.951314e-02	5.605685e-02
72            	-3.294082e-03	8.846651e-01	1.006118e-01	4.701179e-02	5.359996e-02
73            	-3.315342e-03	8.871206e-01	9.662211e-02	4.499571e-02	5.162640e-02
74            	-3.333764e-03	8.869827e-01	9.463316e-02	4.398282e-02	5.065034e-02
75            	-3.346267e-03	8.835445e-01	9.540334e-02	4.435541e-02	5.104794e-02
76            	-3.363762e-03	8.786069e-01	9.836435e-02	4.581841e-02	5.254594e-02
77            	-3.396782e-03	8.744733e-01	1.024404e-01	4.782340e-02	5.461696e-02
78            	-3.452983e-03	8.730333e-01	1.062663e-01	4.968016e-02	5.658613e-02
79            	-3.532846e-03	8.749916e-01	1.084436e-01	5.068894e-02	5.775463e-02
80            	-3.636098e-03	8.804914e-01	1.083827e-01	5.055527e-02	5.782746e-02
81            	-3.744825e-03	8.881333e-01	1.075592e-01	5.003480e-02	5.752445e-02
82            	-3.830726e-03	8.944034e-01	1.090247e-01	5.068160e-02	5.834305e-02
83            	-3.888674e-03	8.990243e-01	1.149269e-01	5.357478e-02	6.135213e-02
84            	-3.928722e-03	9.036050e-01	1.266945e-01	5.941854e-02	6.727598e-02
85            	-3.957110e-03	9.082168e-01	1.432971e-01	6.769142e-02	7.560564e-02
86            	-3.981678e-03	9.133396e-01	1.625661e-01	7.730138e-02	8.526474e-02
87            	-4.003818e-03	9.185283e-01	1.815050e-01	8.674869e-02	9.475632e-02
88            	-4.019394e-03	9.228776e-01	1.978899e-01	9.492554e-02	1.029643e-01
89            	-4.017269e-03	9.252732e-01	2.092593e-01	1.006124e-01	1.086469e-01
90            	-3.991151e-03	9.251479e-01	2.144968e-01	1.032573e-01	1.112396e-01
91            	-3.943334e-03	9.231470e-01	2.138357e-01	1.029745e-01	1.108612e-01
92            	-3.882326e-03	9.204315e-01	2.082815e-01	1.002584e-01	1.080231e-01
93            	-3.821621e-03	9.189913e-01	1.984558e-01	9.540627e-02	1.030495e-01
94            	-3.775918e-03	9.198812e-01	1.854291e-01	8.893862e-02	9.649045e-02
95            	-3.745343e-03	9.220651e-01	1.709061e-01	8.170769e-02	8.919837e-02
96            	-3.719280e-03	9.235958e-01	1.561226e-01	7.434200e-02	8.178056e-02
97            	-3.689190e-03	9.233046e-01	1.412913e-01	6.695649e-02	7.433486e-02
98            	-3.653889e-03	9.212608e-01	1.263605e-01	5.952637e-02	6.683415e-02
99            	-3.618607e-03	9.188739e-01	1.107251e-01	5.174394e-02	5.898115e-02
100           	-3.584530e-03	9.172968e-01	9.459975e-02	4.371534e-02	5.088440e-02
101           	-3.550394e-03	9.172654e-01	7.877259e-02	3.583590e-02	4.293669e-02
102           	-3.514608e-03	9.185431e-01	6.486628e-02	2.891853e-02	3.594775e-02
103           	-3.481099e-03	9.208207e-01	5.334554e-02	2.319167e-02	3.015387e-02
104           	-3.453167e-03	9.234306e-01	4.414005e-02	1.861686e-02	2.552319e-02
105           	-3.434403e-03	9.254977e-01	3.734118e-02	1.523619e-02	2.210499e-02
106           	-3.423794e-03	9.260866e-01	3.339573e-02	1.327407e-02	2.012166e-02
107           	-3.412841e-03	9.237852e-01	3.308918e-02	1.313175e-02	1.995743e-02
108           	-3.403346e-03	9.190275e-01	3.703894e-02	1.511613e-02	2.192282e-02
109           	-3.408791e-03	9.135443e-01	4.466868e-02	1.892555e-02	2.574313e-02
110           	-3.444000e-03	9.095781e-01	5.450655e-02	2.380928e-02	3.069728e-02
111           	-3.511933e-03	9.079591e-01	6.484421e-02	2.891017e-02	3.593404e-02
112           	-3.603379e-03	9.082615e-01	7.469093e-02	3.374209e-02	4.094885e-02
113           	-3.711610e-03	9.098263e-01	8.278313e-02	3.767996e-02	4.510318e-02
114           	-3.825273e-03	9.120773e-01	8.540513e-02	3.887729e-02	4.652784e-02
115           	-3.915188e-03	9.150398e-01	7.879004e-02	3.547983e-02	4.331021e-02
116           	-3.953130e-03	9.182126e-01	6.260847e-02	2.735110e-02	3.525736e-02
117           	-3.927854e-03	9.190601e-01	4.193088e-02	1.703759e-02	2.489329e-02
118           	-3.878832e-03	9.188920e-01	2.287542e-02	7.558877e-03	1.531654e-02
119           	-3.848043e-03	9.201403e-01	9.282173e-03	7.930437e-04	8.489129e-03
120           	-3.832075e-03	9.222226e-01	3.283909e-03	-2.190120e-03	5.474029e-03
121           	-3.829731e-03	9.249360e-01	5.176523e-03	-1.241469e-03	6.417992e-03
122           	-3.841168e-03	9.276555e-01	1.829841e-02	5.308035e-03	1.299037e-02
123           	-3.867727e-03	9.299576e-01	4.403890e-02	1.815172e-02	2.588717e-02
124           	-3.908569e-03	9.317682e-01	7.755526e-02	3.486906e-02	4.268620e-02
125           	-3.952886e-03	9.333235e-01	1.088832e-01	5.048872e-02	5.839449e-02
126           	-3.988963e-03	9.340814e-01	1.321617e-01	6.209189e-02	7.006982e-02
127           	-4.018989e-03	9.345461e-01	1.473350e-01	6.964850e-02	7.768648e-02
128           	-4.042822e-03	9.349201e-01	1.563072e-01	7.411079e-02	8.219644e-02
129           	-4.055797e-03	9.346692e-01	1.600564e-01	7.597242e-02	8.408401e-02
130           	-4.071069e-03	9.349687e-01	1.584563e-01	7.515709e-02	8.329922e-02
131           	-4.098192e-03	9.367358e-01	1.521431e-01	7.197335e-02	8.016974e-02
132           	-4.129710e-03	9.396409e-01	1.432807e-01	6.751065e-02	7.577007e-02
133           	-4.152114e-03	9.418964e-01	1.342595e-01	6.297762e-02	7.128184e-02
134           	-4.160770e-03	9.435502e-01	1.256976e-01	5.868802e-02	6.700956e-02
135           	-4.150058e-03	9.431304e-01	1.186440e-01	5.517193e-02	6.347205e-02
136           	-4.122189e-03	9.401864e-01	1.135594e-01	5.265753e-02	6.090191e-02
137           	-4.085558e-03	9.353668e-01	1.111530e-01	5.149092e-02	5.966204e-02
138           	-4.052623e-03	9.298098e-01	1.115731e-01	5.173394e-02	5.983918e-02
139           	-4.030669e-03	9.246294e-01	1.143792e-01	5.315893e-02	6.122027e-02
140           	-4.014860e-03	9.197983e-01	1.182627e-01	5.511651e-02	6.314622e-02
141           	-3.997202e-03	9.149078e-01	1.228893e-01	5.744744e-02	6.544185e-02
142           	-3.983907e-03	9.111588e-01	1.288463e-01	6.043922e-02	6.840703e-02
143           	-3.989230e-03	9.106767e-01	1.359264e-01	6.397395e-02	7.195241e-02
144           	-4.018093e-03	9.142234e-01	1.426038e-01	6.728383e-02	7.532001e-02
145           	-4.063988e-03	9.209294e-01	1.468359e-01	6.935395e-02	7.748192e-02
146           	-4.108128e-03	9.283914e-01	1.468009e-01	6.929234e-02	7.750859e-02
147           	-4.127530e-03	9.337301e-01	1.427479e-01	6.724642e-02	7.550148e-02
148           	-4.110260e-03	9.356910e-01	1.353551e-01	6.356729e-02	7.178781e-02
149           	-4.054684e-03	9.338359e-01	1.253900e-01	5.864032e-02	6.674968e-02
150           	-3.971200e-03	9.293654e-01	1.144451e-01	5.325133e-02	6.119373e-02
151           	-3.870389e-03	9.236694e-01	1.039049e-01	4.808204e-02	5.582282e-02
152           	-3.755152e-03	9.170265e-01	9.552916e-02	4.400943e-02	5.151973e-02
153           	-3.629550e-03	9.097661e-01	9.109230e-02	4.191660e-02	4.917570e-02
154           	-3.514530e-03	9.038416e-01	9.138237e-02	4.217666e-02	4.920572e-02
155           	-3.437921e-03	9.014850e-01	9.561175e-02	4.436796e-02	5.124380e-02
156           	-3.408379e-03	9.026896e-01	1.016432e-01	4.741322e-02	5.422998e-02
157           	-3.418626e-03	9.058462e-01	1.071762e-01	5.016949e-02	5.700674e-02
158           	-3.444142e-03	9.084103e-01	1.111996e-01	5.215564e-02	5.904393e-02
159           	-3.461298e-03	9.083420e-01	1.131398e-01	5.310862e-02	6.003121e-02
160           	-3.470929e-03	9.062362e-01	1.119060e-01	5.248205e-02	5.942391e-02
161           	-3.484539e-03	9.035773e-01	1.063770e-01	4.970397e-02	5.667305e-02
162           	-3.503982e-03	9.012651e-01	9.780067e-02	4.539635e-02	5.240432e-02
163           	-3.517735e-03	8.986439e-01	8.819632e-02	4.058043e-02	4.761590e-02
164           	-3.525537e-03	8.960277e-01	7.940138e-02	3.617515e-02	4.322623e-02
165           	-3.532182e-03	8.940410e-01	7.320148e-02	3.306856e-02	4.013292e-02
166           	-3.553335e-03	8.945407e-01	6.925184e-02	3.107258e-02	3.817925e-02
167           	-3.581291e-03	8.959979e-01	6.736078e-02	3.009910e-02	3.726168e-02
168           	-3.608570e-03	8.976298e-01	6.781471e-02	3.029879e-02	3.751593e-02
169           	-3.636516e-03	8.993015e-01	7.037681e-02	3.155189e-02	3.882492e-02
170           	-3.663262e-03	9.002507e-01	7.428826e-02	3.348087e-02	4.080739e-02
171           	-3.695215e-03	9.013025e-01	7.741836e-02	3.501396e-02	4.240439e-02
172           	-3.741437e-03	9.044111e-01	7.749196e-02	3.500454e-02	4.248741e-02
173           	-3.792673e-03	9.094912e-01	7.364996e-02	3.303231e-02	4.061765e-02
174           	-3.826274e-03	9.142368e-01	6.736440e-02	2.985593e-02	3.750847e-02
175           	-3.825976e-03	9.164372e-01	6.063689e-02	2.649247e-02	3.414442e-02
176           	-3.794109e-03	9.157177e-01	5.531445e-02	2.386311e-02	3.145133e-02
177           	-3.748381e-03	9.133398e-01	5.332374e-02	2.291349e-02	3.041025e-02
178           	-3.706573e-03	9.112631e-01	5.527361e-02	2.393023e-02	3.134338e-02
179           	-3.671088e-03	9.101481e-01	6.157264e-02	2.711523e-02	3.445741e-02
180           	-3.645515e-03	9.095681e-01	7.322933e-02	3.296915e-02	4.026018e-02
181           	-3.631769e-03	9.091991e-01	8.858087e-02	4.065867e-02	4.792221e-02
182           	-3.624034e-03	9.092164e-01	1.027180e-01	4.773497e-02	5.498304e-02
183           	-3.608503e-03	9.094062e-01	1.124252e-01	5.260411e-02	5.982112e-02
184           	-3.584475e-03	9.102290e-01	1.169495e-01	5.489030e-02	6.205925e-02
185           	-3.565446e-03	9.123213e-01	1.160275e-01	5.444831e-02	6.157920e-02
186           	-3.565926e-03	9.165189e-01	1.098216e-01	5.134485e-02	5.847670e-02
187           	-3.580116e-03	9.224660e-01	9.954001e-02	4.618989e-02	5.335012e-02
188           	-3.587068e-03	9.284153e-01	8.800310e-02	4.041448e-02	4.758862e-02
189           	-3.574307e-03	9.321565e-01	7.815248e-02	3.550193e-02	4.265054e-02
190           	-3.544245e-03	9.330746e-01	7.067385e-02	3.179268e-02	3.888117e-02
191           	-3.502248e-03	9.311913e-01	6.544276e-02	2.921913e-02	3.622363e-02
192           	-3.454534e-03	9.272997e-01	6.212184e-02	2.760638e-02	3.451545e-02
193           	-3.411426e-03	9.223150e-01	6.058057e-02	2.687886e-02	3.370171e-02
194           	-3.373058e-03	9.165400e-01	6.079503e-02	2.702446e-02	3.377057e-02
195           	-3.336935e-03	9.099058e-01	6.307610e-02	2.820111e-02	3.487498e-02
196           	-3.311241e-03	9.036083e-01	6.664743e-02	3.001247e-02	3.663496e-02
197           	-3.304291e-03	8.991460e-01	7.025905e-02	3.182523e-02	3.843382e-02
198           	-3.316584e-03	8.970034e-01	7.335751e-02	3.336217e-02	3.999534e-02
199           	-3.346121e-03	8.972865e-01	7.540264e-02	3.435520e-02	4.104744e-02
200           	-3.386031e-03	8.995025e-01	7.574044e-02	3.448419e-02	4.125625e-02
201           	-3.434959e-03	9.038003e-01	7.379825e-02	3.346417e-02	4.033409e-02
202           	-3.494134e-03	9.099577e-01	6.951371e-02	3.126272e-02	3.825099e-02
203           	-3.546933e-03	9.154955e-01	6.306297e-02	2.798455e-02	3.507842e-02
204           	-3.579882e-03	9.182972e-01	5.470829e-02	2.377426e-02	3.093403e-02
205           	-3.608118e-03	9.205767e-01	4.385444e-02	1.831910e-02	2.553534e-02
206           	-3.646814e-03	9.241239e-01	3.045076e-02	1.157856e-02	1.887219e-02
207           	-3.696365e-03	9.290292e-01	1.602055e-02	4.313908e-03	1.170664e-02
208           	-3.730371e-03	9.325290e-01	4.388593e-03	-1.536075e-03	5.924668e-03
209           	-3.738991e-03	9.348905e-01	-3.310756e-03	-5.394369e-03	2.083613e-03
210           	-3.711914e-03	9.355084e-01	-3.839813e-03	-5.631821e-03	1.792007e-03
211           	-3.650327e-03	9.340235e-01	3.214566e-03	-2.043044e-03	5.257610e-03
212           	-3.583360e-03	9.325082e-01	1.522520e-02	4.029240e-03	1.119596e-02
213           	-3.548258e-03	9.333252e-01	2.964617e-02	1.127483e-02	1.837134e-02
214           	-3.565879e-03	9.371638e-01	4.506408e-02	1.896616e-02	2.609792e-02
215           	-3.636510e-03	9.431260e-01	6.038450e-02	2.655574e-02	3.382876e-02
216           	-3.728741e-03	9.487199e-01	7.248318e-02	3.251285e-02	3.997033e-02
217           	-3.802202e-03	9.519299e-01	7.953899e-02	3.596729e-02	4.357170e-02
218           	-3.843912e-03	9.525272e-01	8.188354e-02	3.709786e-02	4.478568e-02
219           	-3.853745e-03	9.511280e-01	7.938665e-02	3.583958e-02	4.354707e-02
220           	-3.828299e-03	9.471816e-01	7.341102e-02	3.287721e-02	4.053381e-02
221           	-3.775698e-03	9.411640e-01	6.618144e-02	2.931502e-02	3.686642e-02
222           	-3.704508e-03	9.340161e-01	5.859760e-02	2.559429e-02	3.300331e-02
223           	-3.627726e-03	9.270734e-01	5.157839e-02	2.216147e-02	2.941692e-02
224           	-3.557247e-03	9.210814e-01	4.607391e-02	1.947971e-02	2.659420e-02
225           	-3.504982e-03	9.167020e-01	4.214337e-02	1.756671e-02	2.457667e-02
226           	-3.475853e-03	9.146820e-01	3.925852e-02	1.615341e-02	2.310511e-02
227           	-3.471588e-03	9.157196e-01	3.712767e-02	1.509225e-02	2.203542e-02
228           	-3.489184e-03	9.200418e-01	3.596765e-02	1.449464e-02	2.147301e-02
229           	-3.519412e-03	9.268082e-01	3.603471e-02	1.449794e-02	2.153677e-02
230           	-3.550851e-03	9.343719e-01	3.739692e-02	1.514761e-02	2.224931e-02
231           	-3.564254e-03	9.398020e-01	4.024245e-02	1.655697e-02	2.368548e-02
232           	-3.558544e-03	9.429197e-01	4.455522e-02	1.871907e-02	2.583616e-02
233           	-3.538163e-03	9.432039e-01	4.950311e-02	2.121339e-02	2.828972e-02
234           	-3.513087e-03	9.409688e-01	5.399464e-02	2.348423e-02	3.051041e-02
235           	-3.489570e-03	9.370213e-01	5.644548e-02	2.473317e-02	3.171231e-02
236           	-3.469548e-03	9.314582e-01	5.621954e-02	2.464022e-02	3.157932e-02
237           	-3.457072e-03	9.255693e-01	5.382204e-02	2.345395e-02	3.036809e-02
238           	-3.450760e-03	9.208750e-01	5.120259e-02	2.215054e-02	2.905206e-02
239           	-3.451922e-03	9.184904e-01	5.047629e-02	2.178622e-02	2.869007e-02
240           	-3.469184e-03	9.197991e-01	5.292317e-02	2.299240e-02	2.993077e-02
241           	-3.509929e-03	9.245948e-01	5.859405e-02	2.578710e-02	3.280696e-02
242           	-3.555751e-03	9.295747e-01	6.704418e-02	2.996634e-02	3.707784e-02
243           	-3.589661e-03	9.324092e-01	7.748678e-02	3.515373e-02	4.233305e-02
244           	-3.616365e-03	9.338786e-01	8.948569e-02	4.112648e-02	4.835921e-02
245           	-3.644143e-03	9.356869e-01	1.021494e-01	4.743058e-02	5.471886e-02
246           	-3.690883e-03	9.402529e-01	1.137244e-01	5.317130e-02	6.055307e-02
247           	-3.764413e-03	9.481803e-01	1.212320e-01	5.685158e-02	6.438041e-02
248           	-3.841820e-03	9.554371e-01	1.235330e-01	5.792468e-02	6.560831e-02
249           	-3.896679e-03	9.583080e-01	1.230469e-01	5.762678e-02	6.542014e-02
250           	-3.913651e-03	9.549653e-01	1.215382e-01	5.685543e-02	6.468273e-02
251           	-3.909241e-03	9.478425e-01	1.206432e-01	5.641237e-02	6.423085e-02
252           	-3.918301e-03	9.424108e-01	1.196846e-01	5.592401e-02	6.376062e-02
253           	-3.951441e-03	9.405319e-01	1.168078e-01	5.445247e-02	6.235535e-02
254           	-3.995845e-03	9.409487e-01	1.115670e-01	5.178768e-02	5.977937e-02
255           	-4.034932e-03	9.416607e-01	1.043023e-01	4.811620e-02	5.618606e-02
256           	-4.060913e-03	9.415570e-01	9.458499e-02	4.323158e-02	5.135341e-02
257           	-4.070911e-03	9.407935e-01	8.268672e-02	3.727245e-02	4.541427e-02
258           	-4.062620e-03	9.403582e-01	6.864781e-02	3.026129e-02	3.838653e-02
259           	-4.041376e-03	9.421329e-01	5.324807e-02	2.258266e-02	3.066541e-02
260           	-4.020554e-03	9.474574e-01	3.850183e-02	1.523036e-02	2.327147e-02
261           	-4.003252e-03	9.542922e-01	2.880593e-02	1.039971e-02	1.840622e-02
262           	-3.973541e-03	9.592722e-01	2.727224e-02	9.662577e-03	1.760966e-02
263           	-3.930572e-03	9.612460e-01	3.653230e-02	1.433558e-02	2.219672e-02
264           	-3.891230e-03	9.602373e-01	5.858711e-02	2.540233e-02	3.318478e-02
265           	-3.874593e-03	9.562562e-01	9.234049e-02	4.229565e-02	5.004484e-02
266           	-3.886425e-03	9.511041e-01	1.299007e-01	6.106393e-02	6.883678e-02
267           	-3.915896e-03	9.480992e-01	1.632314e-01	7.769980e-02	8.553159e-02
268           	-3.945332e-03	9.476102e-01	1.887082e-01	9.040876e-02	9.829942e-02
269           	-3.971145e-03	9.487931e-01	2.062237e-01	9.914070e-02	1.070830e-01
270           	-3.989669e-03	9.503428e-01	2.147487e-01	1.033847e-01	1.113640e-01
271           	-3.991514e-03	9.504541e-01	2.129060e-01	1.024615e-01	1.104445e-01
272           	-3.959444e-03	9.475982e-01	1.994616e-01	9.577138e-02	1.036903e-01
273           	-3.878880e-03	9.403988e-01	1.738623e-01	8.305225e-02	9.081001e-02
274           	-3.768892e-03	9.306397e-01	1.422834e-01	6.737283e-02	7.491061e-02
275           	-3.666612e-03	9.211359e-01	1.132096e-01	5.293820e-02	6.027143e-02
276           	-3.595589e-03	9.140694e-01	8.968584e-02	4.124733e-02	4.843851e-02
277           	-3.557369e-03	9.106900e-01	7.064318e-02	3.176422e-02	3.887896e-02
278           	-3.535374e-03	9.093429e-01	5.603358e-02	2.448142e-02	3.155216e-02
279           	-3.520595e-03	9.086624e-01	4.663123e-02	1.979502e-02	2.683621e-02
280           	-3.507841e-03	9.076917e-01	4.362010e-02	1.830221e-02	2.531789e-02
281           	-3.510523e-03	9.068046e-01	4.822949e-02	2.060422e-02	2.762527e-02
282           	-3.542154e-03	9.071796e-01	5.942241e-02	2.616905e-02	3.325336e-02
283           	-3.597871e-03	9.087291e-01	7.486528e-02	3.383477e-02	4.103051e-02
284           	-3.666104e-03	9.110708e-01	9.256049e-02	4.261414e-02	4.994635e-02
285           	-3.733730e-03	9.134724e-01	1.108699e-01	5.170121e-02	5.916867e-02
286           	-3.790076e-03	9.156609e-01	1.281141e-01	6.026699e-02	6.784715e-02
287           	-3.830471e-03	9.173971e-01	1.433794e-01	6.785922e-02	7.552016e-02
288           	-3.856983e-03	9.190719e-01	1.562747e-01	7.428035e-02	8.199432e-02
289           	-3.876188e-03	9.211811e-01	1.671403e-01	7.969396e-02	8.744634e-02
290           	-3.885401e-03	9.230018e-01	1.749176e-01	8.357342e-02	9.134422e-02
291           	-3.881721e-03	9.234289e-01	1.789099e-01	8.557325e-02	9.333670e-02
292           	-3.862742e-03	9.223803e-01	1.792621e-01	8.576830e-02	9.349378e-02
293           	-3.833898e-03	9.213383e-01	1.763933e-01	8.436277e-02	9.203057e-02
294           	-3.803480e-03	9.213164e-01	1.702118e-01	8.130241e-02	8.890937e-02
295           	-3.770985e-03	9.218978e-01	1.612023e-01	7.683015e-02	8.437212e-02
296           	-3.735344e-03	9.226038e-01	1.505335e-01	7.153138e-02	7.900207e-02
297           	-3.700783e-03	9.235671e-01	1.391482e-01	6.587333e-02	7.327490e-02
298           	-3.666922e-03	9.249034e-01	1.277722e-01	6.021918e-02	6.755303e-02
299           	-3.630339e-03	9.257496e-01	1.179298e-01	5.533458e-02	6.259525e-02
300           	-3.589486e-03	9.253014e-01	1.095394e-01	5.118021e-02	5.835918e-02
301           	-3.548189e-03	9.225541e-01	1.041973e-01	4.855047e-02	5.564684e-02
302           	-3.516412e-03	9.183272e-01	1.023052e-01	4.763617e-02	5.466900e-02
303           	-3.504704e-03	9.149059e-01	1.030651e-01	4.802783e-02	5.503724e-02
304           	-3.522399e-03	9.140730e-01	1.064705e-01	4.971288e-02	5.675767e-02
305           	-3.564410e-03	9.161473e-01	1.114777e-01	5.217444e-02	5.930326e-02
306           	-3.625837e-03	9.205290e-01	1.164591e-01	5.460373e-02	6.185541e-02
307           	-3.703228e-03	9.267192e-01	1.194200e-01	5.600676e-02	6.341321e-02
308           	-3.774934e-03	9.321867e-01	1.177930e-01	5.512156e-02	6.267143e-02
309           	-3.839783e-03	9.376264e-01	1.117945e-01	5.205749e-02	5.973706e-02
310           	-3.892095e-03	9.428110e-01	1.012970e-01	4.675639e-02	5.454058e-02
311           	-3.915954e-03	9.460671e-01	8.782816e-02	3.999813e-02	4.783003e-02
312           	-3.904482e-03	9.462458e-01	7.404864e-02	3.311984e-02	4.092880e-02
313           	-3.850507e-03	9.422657e-01	6.235392e-02	2.732645e-02	3.502747e-02
314           	-3.775114e-03	9.360545e-01	5.575643e-02	2.410310e-02	3.165333e-02
315           	-3.705327e-03	9.309509e-01	5.518302e-02	2.388618e-02	3.129684e-02
316           	-3.655026e-03	9.285467e-01	5.876002e-02	2.572499e-02	3.303504e-02
317           	-3.625727e-03	9.282319e-01	6.430732e-02	2.852793e-02	3.577939e-02
318           	-3.615482e-03	9.290989e-01	7.025235e-02	3.151069e-02	3.874166e-02
319           	-3.617905e-03	9.305092e-01	7.552794e-02	3.414606e-02	4.138187e-02
320           	-3.622790e-03	9.316328e-01	7.961957e-02	3.618700e-02	4.343257e-02
321           	-3.631511e-03	9.321120e-01	8.206991e-02	3.740344e-02	4.466646e-02
322           	-3.649451e-03	9.321092e-01	8.299397e-02	3.784754e-02	4.514644e-02
323           	-3.678062e-03	9.321407e-01	8.287978e-02	3.776183e-02	4.511795e-02
324           	-3.713023e-03	9.323233e-01	8.240559e-02	3.748977e-02	4.491582e-02
325           	-3.745938e-03	9.321588e-01	8.204228e-02	3.727520e-02	4.476708e-02
326           	-3.769201e-03	9.318244e-01	8.099405e-02	3.672782e-02	4.426623e-02
327           	-3.774320e-03	9.300441e-01	7.850231e-02	3.547684e-02	4.302548e-02
328           	-3.766117e-03	9.268042e-01	7.449625e-02	3.348201e-02	4.101424e-02
329           	-3.747595e-03	9.213203e-01	6.940759e-02	3.095620e-02	3.845139e-02
330           	-3.718250e-03	9.132050e-01	6.412925e-02	2.834638e-02	3.578288e-02
331           	-3.686971e-03	9.038610e-01	5.985490e-02	2.624048e-02	3.361442e-02
332           	-3.667643e-03	8.960488e-01	5.757371e-02	2.511921e-02	3.245450e-02
333           	-3.672449e-03	8.925565e-01	5.709414e-02	2.487462e-02	3.221952e-02
334           	-3.703574e-03	8.944704e-01	5.846415e-02	2.552850e-02	3.293565e-02
335           	-3.751562e-03	9.004238e-01	6.140551e-02	2.695119e-02	3.445431e-02
336           	-3.807589e-03	9.085211e-01	6.574829e-02	2.906655e-02	3.668173e-02
337           	-3.864295e-03	9.174989e-01	7.222240e-02	3.224690e-02	3.997549e-02
338           	-3.914699e-03	9.264112e-01	8.195965e-02	3.706513e-02	4.489453e-02
339           	-3.951024e-03	9.335137e-01	9.519336e-02	4.364566e-02	5.154771e-02
340           	-3.966128e-03	9.371006e-01	1.111881e-01	5.162792e-02	5.956018e-02
341           	-3.963744e-03	9.372227e-01	1.280090e-01	6.004074e-02	6.796823e-02
342           	-3.955077e-03	9.356966e-01	1.432406e-01	6.766525e-02	7.557540e-02
343           	-3.944220e-03	9.343208e-01	1.547787e-01	7.344515e-02	8.133359e-02
344           	-3.930776e-03	9.336846e-01	1.607842e-01	7.646132e-02	8.432287e-02
345           	-3.916066e-03	9.330260e-01	1.613717e-01	7.676976e-02	8.460190e-02
346           	-3.907306e-03	9.323783e-01	1.568786e-01	7.453200e-02	8.234661e-02
347           	-3.913827e-03	9.329613e-01	1.485134e-01	7.034289e-02	7.817054e-02
348           	-3.934155e-03	9.350383e-01	1.379843e-01	6.505801e-02	7.292632e-02
349           	-3.938499e-03	9.353192e-01	1.276387e-01	5.988086e-02	6.775786e-02
350           	-3.901630e-03	9.312191e-01	1.167273e-01	5.446201e-02	6.226527e-02
351           	-3.826199e-03	9.229835e-01	1.049096e-01	4.862858e-02	5.628098e-02
352           	-3.747376e-03	9.148690e-01	9.273558e-02	4.262041e-02	5.011516e-02
353           	-3.699297e-03	9.098876e-01	8.217721e-02	3.738931e-02	4.478790e-02
354           	-3.695195e-03	9.084794e-01	7.498871e-02	3.379916e-02	4.118955e-02
355           	-3.715507e-03	9.087002e-01	7.110595e-02	3.183747e-02	3.926848e-02
356           	-3.746951e-03	9.094252e-01	7.081852e-02	3.166231e-02	3.915621e-02
357           	-3.785404e-03	9.118583e-01	7.472975e-02	3.357947e-02	4.115028e-02
358           	-3.833011e-03	9.175151e-01	8.098777e-02	3.666087e-02	4.432690e-02
359           	-3.881526e-03	9.247723e-01	8.611546e-02	3.917620e-02	4.693926e-02
360           	-3.925904e-03	9.325478e-01	9.034215e-02	4.124517e-02	4.909698e-02
361           	-3.952837e-03	9.389952e-01	9.462969e-02	4.336201e-02	5.126768e-02
362           	-3.958050e-03	9.423706e-01	9.896418e-02	4.552404e-02	5.344014e-02
363           	-3.948285e-03	9.426224e-01	1.036216e-01	4.786250e-02	5.575908e-02
364           	-3.936899e-03	9.412730e-01	1.082622e-01	5.019418e-02	5.806798e-02
365           	-3.931025e-03	9.389351e-01	1.130657e-01	5.260185e-02	6.046390e-02
366           	-3.936768e-03	9.367080e-01	1.181441e-01	5.513529e-02	6.300882e-02
367           	-3.953033e-03	9.353501e-01	1.238647e-01	5.797931e-02	6.588537e-02
368           	-3.972079e-03	9.349983e-01	1.301042e-01	6.108001e-02	6.902417e-02
369           	-3.984366e-03	9.341255e-01	1.371008e-01	6.456602e-02	7.253475e-02
370           	-3.989315e-03	9.317848e-01	1.447837e-01	6.840253e-02	7.638116e-02
371           	-3.990656e-03	9.280736e-01	1.510493e-01	7.153398e-02	7.951530e-02
372           	-3.995289e-03	9.242095e-01	1.544548e-01	7.323212e-02	8.122270e-02
373           	-4.006980e-03	9.209053e-01	1.545999e-01	7.329296e-02	8.130692e-02
374           	-4.026369e-03	9.186059e-01	1.516549e-01	7.180110e-02	7.985384e-02
375           	-4.052652e-03	9.184339e-01	1.471963e-01	6.954549e-02	7.765079e-02
376           	-4.076948e-03	9.198289e-01	1.428934e-01	6.736973e-02	7.552362e-02
377           	-4.096202e-03	9.221320e-01	1.394455e-01	6.562655e-02	7.381895e-02
378           	-4.110774e-03	9.250136e-01	1.375373e-01	6.465789e-02	7.287944e-02
379           	-4.129274e-03	9.293457e-01	1.380476e-01	6.489453e-02	7.315308e-02
380           	-4.153048e-03	9.355134e-01	1.412360e-01	6.646493e-02	7.477103e-02
381           	-4.174353e-03	9.427274e-01	1.471794e-01	6.941536e-02	7.776407e-02
382           	-4.188211e-03	9.499620e-01	1.555823e-01	7.360292e-02	8.197934e-02
383           	-4.193947e-03	9.558128e-01	1.650139e-01	7.831302e-02	8.670092e-02
384           	-4.188791e-03	9.585498e-01	1.733548e-01	8.248858e-02	9.086617e-02
385           	-4.172101e-03	9.580478e-01	1.786689e-01	8.516233e-02	9.350653e-02
386           	-4.144323e-03	9.549781e-01	1.800204e-01	8.586589e-02	9.415453e-02
387           	-4.118007e-03	9.518528e-01	1.764476e-01	8.410577e-02	9.234179e-02
388           	-4.104851e-03	9.513262e-01	1.666189e-01	7.920461e-02	8.741432e-02
389           	-4.093677e-03	9.523689e-01	1.542056e-01	7.300913e-02	8.119649e-02
390           	-4.043058e-03	9.496669e-01	1.438552e-01	6.788453e-02	7.597065e-02
391           	-3.909015e-03	9.374218e-01	1.366692e-01	6.442556e-02	7.224359e-02
392           	-3.722526e-03	9.193762e-01	1.337092e-01	6.313208e-02	7.057713e-02
393           	-3.556394e-03	9.040804e-01	1.336383e-01	6.326276e-02	7.037555e-02
394           	-3.431286e-03	8.938702e-01	1.335744e-01	6.335593e-02	7.021850e-02
395           	-3.345246e-03	8.879840e-01	1.314130e-01	6.236126e-02	6.905175e-02
396           	-3.289896e-03	8.846547e-01	1.257311e-01	5.957564e-02	6.615543e-02
397           	-3.263328e-03	8.831204e-01	1.152208e-01	5.434708e-02	6.087374e-02
398           	-3.265502e-03	8.833045e-01	9.791707e-02	4.569303e-02	5.222404e-02
399           	-3.292470e-03	8.860923e-01	7.476399e-02	3.408953e-02	4.067447e-02
400           	-3.324835e-03	8.899018e-01	5.113661e-02	2.224347e-02	2.889314e-02
401           	-3.359699e-03	8.945169e-01	2.944911e-02	1.136486e-02	1.808426e-02
402           	-3.397129e-03	8.996701e-01	1.076244e-02	1.984089e-03	8.778347e-03
403           	-3.433298e-03	9.043817e-01	-2.320723e-03	-4.593660e-03	2.272937e-03
404           	-3.468220e-03	9.082244e-01	-7.208272e-03	-7.072356e-03	-1.359161e-04
405           	-3.502756e-03	9.121631e-01	-1.743116e-03	-4.374314e-03	2.631198e-03
406           	-3.551840e-03	9.178670e-01	1.501967e-02	3.957996e-03	1.106168e-02
407           	-3.627003e-03	9.254640e-01	4.149258e-02	1.711929e-02	2.437329e-02
408           	-3.711601e-03	9.314083e-01	7.212237e-02	3.234958e-02	3.977279e-02
409           	-3.795198e-03	9.338824e-01	1.018106e-01	4.711011e-02	5.470050e-02
410           	-3.868751e-03	9.328653e-01	1.243649e-01	5.831372e-02	6.605123e-02
411           	-3.957734e-03	9.321561e-01	1.395963e-01	6.584044e-02	7.375591e-02
412           	-4.072655e-03	9.346232e-01	1.476689e-01	6.976180e-02	7.790711e-02
413           	-4.197237e-03	9.399496e-01	1.504154e-01	7.101044e-02	7.940492e-02
414           	-4.311813e-03	9.469526e-01	1.492748e-01	7.032558e-02	7.894921e-02
415           	-4.397142e-03	9.538522e-01	1.460338e-01	6.861978e-02	7.741406e-02
416           	-4.437455e-03	9.586016e-01	1.416353e-01	6.638018e-02	7.525509e-02
417           	-4.408595e-03	9.577145e-01	1.354158e-01	6.329932e-02	7.211651e-02
418           	-4.321031e-03	9.511713e-01	1.272280e-01	5.929295e-02	6.793501e-02
419           	-4.224628e-03	9.440361e-01	1.201365e-01	5.584364e-02	6.429290e-02
420           	-4.139276e-03	9.382287e-01	1.176684e-01	5.469492e-02	6.297347e-02
421           	-4.069816e-03	9.340469e-01	1.206046e-01	5.623247e-02	6.437210e-02
422           	-4.017289e-03	9.310245e-01	1.283584e-01	6.016192e-02	6.819650e-02
423           	-3.983675e-03	9.291341e-01	1.387791e-01	6.540590e-02	7.337325e-02
424           	-3.957918e-03	9.274064e-01	1.486466e-01	7.036538e-02	7.828121e-02
425           	-3.929455e-03	9.250687e-01	1.550891e-01	7.361510e-02	8.147401e-02
426           	-3.896303e-03	9.224094e-01	1.572001e-01	7.470372e-02	8.249633e-02
427           	-3.860816e-03	9.204422e-01	1.548745e-01	7.357644e-02	8.129808e-02
428           	-3.826934e-03	9.200245e-01	1.483752e-01	7.036067e-02	7.801454e-02
429           	-3.790410e-03	9.207366e-01	1.384766e-01	6.544791e-02	7.302873e-02
430           	-3.749181e-03	9.220487e-01	1.267320e-01	5.961683e-02	6.711519e-02
431           	-3.695011e-03	9.225454e-01	1.144047e-01	5.350732e-02	6.089734e-02
432           	-3.613234e-03	9.209893e-01	1.014657e-01	4.711960e-02	5.434607e-02
433           	-3.510513e-03	9.178441e-01	8.949799e-02	4.123848e-02	4.825951e-02
434           	-3.399204e-03	9.130700e-01	7.979128e-02	3.649643e-02	4.329484e-02
435           	-3.285225e-03	9.061589e-01	7.225441e-02	3.284198e-02	3.941243e-02
436           	-3.185362e-03	8.980779e-01	6.618580e-02	2.990754e-02	3.627826e-02
437           	-3.126161e-03	8.920180e-01	6.058702e-02	2.716735e-02	3.341967e-02
438           	-3.121192e-03	8.901079e-01	5.398271e-02	2.387016e-02	3.011254e-02
439           	-3.169534e-03	8.930539e-01	4.479943e-02	1.923018e-02	2.556925e-02
440           	-3.259246e-03	9.010804e-01	3.325718e-02	1.336935e-02	1.988784e-02
441           	-3.361510e-03	9.127206e-01	2.046920e-02	6.873090e-03	1.359611e-02
442           	-3.444050e-03	9.236300e-01	9.231355e-03	1.171628e-03	8.059728e-03
443           	-3.490417e-03	9.302956e-01	2.588324e-03	-2.196255e-03	4.784579e-03
444           	-3.502911e-03	9.315075e-01	2.409860e-03	-2.297981e-03	4.707841e-03
445           	-3.506333e-03	9.292905e-01	1.005694e-02	1.522138e-03	8.534804e-03
446           	-3.532393e-03	9.267931e-01	2.477232e-02	8.853768e-03	1.591855e-02
447           	-3.600069e-03	9.257948e-01	4.430813e-02	1.855399e-02	2.575413e-02
448           	-3.699747e-03	9.261540e-01	6.578307e-02	2.919179e-02	3.659128e-02
449           	-3.812227e-03	9.273613e-01	8.692411e-02	3.964983e-02	4.727428e-02
450           	-3.924921e-03	9.299364e-01	1.041391e-01	4.814461e-02	5.599446e-02
451           	-4.047019e-03	9.361029e-01	1.158515e-01	5.387871e-02	6.197275e-02
452           	-4.187301e-03	9.476930e-01	1.207490e-01	5.618718e-02	6.456178e-02
453           	-4.303615e-03	9.594658e-01	1.195863e-01	5.548953e-02	6.409676e-02
454           	-4.359903e-03	9.656336e-01	1.144478e-01	5.286400e-02	6.158381e-02
455           	-4.346761e-03	9.638761e-01	1.065709e-01	4.893871e-02	5.763223e-02
456           	-4.279537e-03	9.563084e-01	9.886245e-02	4.515169e-02	5.371076e-02
457           	-4.197373e-03	9.476403e-01	9.455775e-02	4.308150e-02	5.147625e-02
458           	-4.127343e-03	9.404391e-01	9.489247e-02	4.331889e-02	5.157358e-02
459           	-4.085000e-03	9.360772e-01	9.944336e-02	4.563668e-02	5.380668e-02
460           	-4.067067e-03	9.343699e-01	1.073933e-01	4.962958e-02	5.776372e-02
461           	-4.055239e-03	9.336813e-01	1.164586e-01	5.417406e-02	6.228454e-02
462           	-4.035072e-03	9.326354e-01	1.239378e-01	5.793384e-02	6.600399e-02
463           	-3.998401e-03	9.300808e-01	1.276681e-01	5.983564e-02	6.783244e-02
464           	-3.945934e-03	9.267284e-01	1.264690e-01	5.928858e-02	6.718045e-02
465           	-3.884481e-03	9.240074e-01	1.200395e-01	5.613527e-02	6.390423e-02
466           	-3.820012e-03	9.229478e-01	1.087103e-01	5.053516e-02	5.817519e-02
467           	-3.748353e-03	9.228958e-01	9.446348e-02	4.348338e-02	5.098009e-02
468           	-3.664372e-03	9.227745e-01	8.087480e-02	3.677303e-02	4.410177e-02
469           	-3.571078e-03	9.211134e-01	7.103157e-02	3.194471e-02	3.908687e-02
470           	-3.484863e-03	9.178365e-01	6.722706e-02	3.012867e-02	3.709839e-02
471           	-3.424402e-03	9.144705e-01	7.048764e-02	3.181942e-02	3.866822e-02
472           	-3.397926e-03	9.128212e-01	8.025465e-02	3.672940e-02	4.352525e-02
473           	-3.400004e-03	9.132246e-01	9.360403e-02	4.340201e-02	5.020202e-02
474           	-3.418864e-03	9.146311e-01	1.076948e-01	5.042854e-02	5.726627e-02
475           	-3.444531e-03	9.156607e-01	1.203663e-01	5.673862e-02	6.362768e-02
476           	-3.466766e-03	9.142803e-01	1.292211e-01	6.114376e-02	6.807730e-02
477           	-3.488579e-03	9.101183e-01	1.325658e-01	6.279432e-02	6.977148e-02
478           	-3.512550e-03	9.039605e-01	1.281443e-01	6.055959e-02	6.758469e-02
479           	-3.544087e-03	8.973161e-01	1.149753e-01	5.394358e-02	6.103175e-02
480           	-3.579132e-03	8.910913e-01	9.426692e-02	4.355433e-02	5.071259e-02
481           	-3.609120e-03	8.862821e-01	6.940478e-02	3.109327e-02	3.831151e-02
482           	-3.638466e-03	8.841450e-01	4.459417e-02	1.865862e-02	2.593555e-02
483           	-3.677200e-03	8.854251e-01	2.394885e-02	8.297224e-03	1.565162e-02
484           	-3.721313e-03	8.890879e-01	9.769499e-03	1.163437e-03	8.606062e-03
485           	-3.759576e-03	8.930915e-01	3.567885e-03	-1.975634e-03	5.543518e-03
486           	-3.788806e-03	8.964944e-01	7.922835e-03	1.726114e-04	7.750224e-03
487           	-3.824926e-03	9.008393e-01	2.394537e-02	8.147758e-03	1.579761e-02
488           	-3.890294e-03	9.082184e-01	4.959103e-02	2.090522e-02	2.868581e-02
489           	-3.987124e-03	9.182810e-01	8.184561e-02	3.693568e-02	4.490993e-02
490           	-4.097356e-03	9.286630e-01	1.150813e-01	5.344327e-02	6.163798e-02
491           	-4.207037e-03	9.394121e-01	1.454690e-01	6.852749e-02	7.694156e-02
492           	-4.301202e-03	9.502096e-01	1.714782e-01	8.143789e-02	9.004029e-02
493           	-4.370197e-03	9.606700e-01	1.939947e-01	9.262716e-02	1.013676e-01
494           	-4.411364e-03	9.696235e-01	2.128899e-01	1.020336e-01	1.108563e-01
495           	-4.431879e-03	9.772964e-01	2.279406e-01	1.095384e-01	1.184022e-01
496           	-4.433937e-03	9.831134e-01	2.383573e-01	1.147447e-01	1.236126e-01
497           	-4.404515e-03	9.849499e-01	2.437381e-01	1.174645e-01	1.262736e-01
498           	-4.337677e-03	9.811006e-01	2.420481e-01	1.166864e-01	1.253617e-01
499           	-4.249848e-03	9.728412e-01	2.309905e-01	1.112454e-01	1.197451e-01
500           	-4.175307e-03	9.642336e-01	2.113503e-01	1.014998e-01	1.098504e-01
501           	-4.128168e-03	9.591359e-01	1.862820e-01	8.901282e-02	9.726915e-02
502           	-4.079614e-03	9.551109e-01	1.617530e-01	7.679690e-02	8.495613e-02
503           	-4.005701e-03	9.496947e-01	1.448570e-01	6.842278e-02	7.643418e-02
504           	-3.910515e-03	9.436802e-01	1.374732e-01	6.482608e-02	7.264711e-02
505           	-3.804630e-03	9.380172e-01	1.380729e-01	6.523184e-02	7.284110e-02
506           	-3.691184e-03	9.323980e-01	1.428652e-01	6.774143e-02	7.512380e-02
507           	-3.573955e-03	9.260736e-01	1.481924e-01	7.052227e-02	7.767018e-02
508           	-3.466280e-03	9.197484e-01	1.516591e-01	7.236328e-02	7.929584e-02
509           	-3.378385e-03	9.140021e-01	1.484501e-01	7.084667e-02	7.760344e-02
510           	-3.318064e-03	9.086094e-01	1.351788e-01	6.427134e-02	7.090747e-02
511           	-3.292455e-03	9.034502e-01	1.123815e-01	5.289832e-02	5.948323e-02
512           	-3.282681e-03	8.970606e-01	8.579929e-02	3.961697e-02	4.618233e-02
513           	-3.275917e-03	8.899302e-01	6.176712e-02	2.760765e-02	3.415948e-02
514           	-3.278500e-03	8.842225e-01	4.545547e-02	1.944924e-02	2.600624e-02
515           	-3.302809e-03	8.828064e-01	3.889839e-02	1.614639e-02	2.275200e-02
516           	-3.343851e-03	8.854783e-01	4.052788e-02	1.692009e-02	2.360779e-02
517           	-3.393742e-03	8.909487e-01	4.719976e-02	2.020614e-02	2.699362e-02
518           	-3.446085e-03	8.964083e-01	5.571551e-02	2.441167e-02	3.130384e-02
519           	-3.511291e-03	9.017760e-01	6.407399e-02	2.852571e-02	3.554829e-02
520           	-3.593398e-03	9.078331e-01	7.235956e-02	3.258638e-02	3.977318e-02
521           	-3.677910e-03	9.141770e-01	8.026681e-02	3.645549e-02	4.381131e-02
522           	-3.750707e-03	9.202342e-01	8.805189e-02	4.027524e-02	4.777665e-02
523           	-3.808164e-03	9.254982e-01	9.600756e-02	4.419561e-02	5.181194e-02
524           	-3.855485e-03	9.295713e-01	1.039590e-01	4.812403e-02	5.583500e-02
525           	-3.906155e-03	9.326478e-01	1.112732e-01	5.173045e-02	5.954276e-02
526           	-3.974539e-03	9.360319e-01	1.168178e-01	5.443435e-02	6.238343e-02
527           	-4.057547e-03	9.400956e-01	1.205636e-01	5.622423e-02	6.433932e-02
528           	-4.151046e-03	9.457378e-01	1.227851e-01	5.724152e-02	6.554361e-02
529           	-4.246565e-03	9.529498e-01	1.236329e-01	5.756990e-02	6.606303e-02
530           	-4.318446e-03	9.592641e-01	1.237250e-01	5.754404e-02	6.618093e-02
531           	-4.355188e-03	9.631906e-01	1.231714e-01	5.723049e-02	6.594087e-02
532           	-4.358611e-03	9.644312e-01	1.217674e-01	5.652511e-02	6.524233e-02
533           	-4.338697e-03	9.638084e-01	1.190593e-01	5.519096e-02	6.386835e-02
534           	-4.307935e-03	9.628005e-01	1.151389e-01	5.326153e-02	6.187740e-02
535           	-4.273389e-03	9.622519e-01	1.114013e-01	5.142725e-02	5.997403e-02
536           	-4.239236e-03	9.618159e-01	1.097257e-01	5.062361e-02	5.910209e-02
537           	-4.218922e-03	9.629163e-01	1.120186e-01	5.179037e-02	6.022821e-02
538           	-4.216795e-03	9.667887e-01	1.194264e-01	5.549640e-02	6.392999e-02
539           	-4.225620e-03	9.732132e-01	1.322063e-01	6.187751e-02	7.032875e-02
540           	-4.215023e-03	9.777116e-01	1.496094e-01	7.058970e-02	7.901974e-02
541           	-4.148311e-03	9.747386e-01	1.695596e-01	8.063150e-02	8.892813e-02
542           	-4.020168e-03	9.635525e-01	1.898559e-01	9.090778e-02	9.894812e-02
543           	-3.869961e-03	9.493490e-01	2.081380e-01	1.001990e-01	1.079390e-01
544           	-3.742847e-03	9.380119e-01	2.228644e-01	1.076893e-01	1.151750e-01
545           	-3.658452e-03	9.324668e-01	2.320528e-01	1.123679e-01	1.196848e-01
546           	-3.609647e-03	9.309954e-01	2.336977e-01	1.132392e-01	1.204585e-01
547           	-3.586550e-03	9.312779e-01	2.254598e-01	1.091433e-01	1.163164e-01
548           	-3.574924e-03	9.309704e-01	2.038237e-01	9.833694e-02	1.054868e-01
549           	-3.550244e-03	9.284984e-01	1.652069e-01	7.905321e-02	8.615370e-02
550           	-3.508400e-03	9.240757e-01	1.141792e-01	5.358121e-02	6.059801e-02
551           	-3.462506e-03	9.182005e-01	6.001344e-02	2.654421e-02	3.346922e-02
552           	-3.418753e-03	9.115032e-01	6.216453e-03	-3.105272e-04	6.526980e-03
553           	-3.401799e-03	9.082679e-01	-4.508324e-02	-2.594342e-02	-1.913982e-02
554           	-3.419610e-03	9.104480e-01	-8.892867e-02	-4.788394e-02	-4.104472e-02
555           	-3.455315e-03	9.159044e-01	-1.208979e-01	-6.390426e-02	-5.699363e-02
556           	-3.490185e-03	9.220965e-01	-1.387460e-01	-7.286316e-02	-6.588279e-02
557           	-3.516179e-03	9.280091e-01	-1.435266e-01	-7.527950e-02	-6.824714e-02
558           	-3.512895e-03	9.313587e-01	-1.368665e-01	-7.194614e-02	-6.492035e-02
559           	-3.469132e-03	9.302598e-01	-1.199701e-01	-6.345419e-02	-5.651592e-02
560           	-3.399596e-03	9.256203e-01	-9.283552e-02	-4.981736e-02	-4.301817e-02
561           	-3.339271e-03	9.203713e-01	-5.871156e-02	-3.269505e-02	-2.601651e-02
562           	-3.318904e-03	9.176119e-01	-2.038795e-02	-1.351288e-02	-6.875071e-03
563           	-3.357497e-03	9.183079e-01	2.122544e-02	7.255221e-03	1.397021e-02
564           	-3.462495e-03	9.234918e-01	6.181932e-02	2.744717e-02	3.437216e-02
565           	-3.601236e-03	9.304437e-01	9.725482e-02	4.502618e-02	5.222865e-02
566           	-3.745411e-03	9.373221e-01	1.271552e-01	5.983219e-02	6.732301e-02
567           	-3.875654e-03	9.433365e-01	1.518619e-01	7.205530e-02	7.980661e-02
568           	-3.977663e-03	9.484761e-01	1.707226e-01	8.138362e-02	8.933895e-02
569           	-4.058706e-03	9.541647e-01	1.837992e-01	8.784091e-02	9.595832e-02
570           	-4.127966e-03	9.611190e-01	1.911054e-01	9.142474e-02	9.968067e-02
571           	-4.179352e-03	9.680523e-01	1.938492e-01	9.274527e-02	1.011040e-01
572           	-4.202793e-03	9.729253e-01	1.942577e-01	9.292608e-02	1.013317e-01
573           	-4.197953e-03	9.746995e-01	1.940351e-01	9.281957e-02	1.012155e-01
574           	-4.170795e-03	9.731355e-01	1.940282e-01	9.284333e-02	1.011849e-01
575           	-4.129569e-03	9.689838e-01	1.948089e-01	9.327490e-02	1.015340e-01
576           	-4.082153e-03	9.635985e-01	1.961521e-01	9.399387e-02	1.021582e-01
577           	-4.032429e-03	9.578325e-01	1.968818e-01	9.440848e-02	1.024733e-01
578           	-3.979459e-03	9.521836e-01	1.952406e-01	9.364084e-02	1.015998e-01
579           	-3.919959e-03	9.467187e-01	1.892763e-01	9.071817e-02	9.855809e-02
580           	-3.856986e-03	9.417236e-01	1.775036e-01	8.489480e-02	9.260877e-02
581           	-3.796782e-03	9.374001e-01	1.592272e-01	7.581684e-02	8.341040e-02
582           	-3.745683e-03	9.339570e-01	1.346066e-01	6.355763e-02	7.104899e-02
583           	-3.709251e-03	9.314906e-01	1.066750e-01	4.962822e-02	5.704673e-02
584           	-3.686591e-03	9.299653e-01	8.118217e-02	3.690450e-02	4.427768e-02
585           	-3.672146e-03	9.291313e-01	6.216354e-02	2.740962e-02	3.475392e-02
586           	-3.659384e-03	9.289014e-01	5.050905e-02	2.159514e-02	2.891391e-02
587           	-3.648730e-03	9.289847e-01	4.486862e-02	1.878558e-02	2.608304e-02
588           	-3.637839e-03	9.291941e-01	4.392586e-02	1.832509e-02	2.560077e-02
589           	-3.630604e-03	9.289496e-01	4.776267e-02	2.025073e-02	2.751194e-02
590           	-3.633671e-03	9.282675e-01	5.695561e-02	2.484413e-02	3.211148e-02
591           	-3.645834e-03	9.268630e-01	6.984508e-02	3.127671e-02	3.856838e-02
592           	-3.670676e-03	9.243251e-01	8.369000e-02	3.817432e-02	4.551568e-02
593           	-3.711659e-03	9.213806e-01	9.580807e-02	4.419237e-02	5.161569e-02
594           	-3.777645e-03	9.198863e-01	1.055681e-01	4.900640e-02	5.656169e-02
595           	-3.866908e-03	9.215952e-01	1.137614e-01	5.301381e-02	6.074763e-02
596           	-3.956165e-03	9.252251e-01	1.212849e-01	5.668628e-02	6.459861e-02
597           	-4.026376e-03	9.288774e-01	1.308686e-01	6.140792e-02	6.946067e-02
598           	-4.062719e-03	9.308798e-01	1.443368e-01	6.810567e-02	7.623111e-02
599           	-4.057992e-03	9.291617e-01	1.597910e-01	7.583750e-02	8.395348e-02
600           	-4.015410e-03	9.244965e-01	1.735772e-01	8.277319e-02	9.080401e-02
601           	-3.945207e-03	9.188753e-01	1.823976e-01	8.725362e-02	9.514403e-02
602           	-3.842920e-03	9.118096e-01	1.855749e-01	8.894452e-02	9.663036e-02
603           	-3.725434e-03	9.033596e-01	1.824317e-01	8.749043e-02	9.494130e-02
604           	-3.612584e-03	8.938370e-01	1.731905e-01	8.298269e-02	9.020786e-02
605           	-3.516737e-03	8.834549e-01	1.590295e-01	7.599802e-02	8.303150e-02
606           	-3.455036e-03	8.750464e-01	1.419370e-01	6.751345e-02	7.442352e-02
607           	-3.426632e-03	8.698348e-01	1.223709e-01	5.775880e-02	6.461207e-02
608           	-3.414233e-03	8.663043e-01	9.894098e-02	4.605626e-02	5.288472e-02
609           	-3.404957e-03	8.632208e-01	7.409269e-02	3.364139e-02	4.045130e-02
610           	-3.396910e-03	8.616443e-01	4.835738e-02	2.078178e-02	2.757560e-02
611           	-3.380529e-03	8.605194e-01	2.266661e-02	7.952776e-03	1.471383e-02
612           	-3.350481e-03	8.583335e-01	7.470385e-04	-2.976961e-03	3.724000e-03
613           	-3.302281e-03	8.547970e-01	-1.693670e-02	-1.177063e-02	-5.166067e-03
614           	-3.242669e-03	8.516232e-01	-2.915155e-02	-1.781845e-02	-1.133311e-02
615           	-3.195590e-03	8.515508e-01	-3.625148e-02	-2.132133e-02	-1.493015e-02
616           	-3.168496e-03	8.545414e-01	-3.814554e-02	-2.224126e-02	-1.590427e-02
617           	-3.161139e-03	8.590767e-01	-3.408558e-02	-2.020393e-02	-1.388165e-02
618           	-3.176792e-03	8.643669e-01	-2.336005e-02	-1.485682e-02	-8.503234e-03
619           	-3.230897e-03	8.717386e-01	-5.855751e-03	-6.158772e-03	3.030211e-04
620           	-3.322523e-03	8.811652e-01	1.432446e-02	3.839710e-03	1.048475e-02
621           	-3.433714e-03	8.917123e-01	3.225194e-02	1.269226e-02	1.955968e-02
622           	-3.556496e-03	9.032124e-01	4.646119e-02	1.967410e-02	2.678709e-02
623           	-3.680807e-03	9.159791e-01	5.715397e-02	2.489618e-02	3.225779e-02
624           	-3.795878e-03	9.296408e-01	6.494013e-02	2.867419e-02	3.626594e-02
625           	-3.893822e-03	9.432078e-01	7.047386e-02	3.134311e-02	3.913075e-02
626           	-3.967841e-03	9.548560e-01	7.501371e-02	3.353901e-02	4.147469e-02
627           	-4.008392e-03	9.625020e-01	7.971304e-02	3.584813e-02	4.386491e-02
628           	-4.009908e-03	9.643351e-01	8.518103e-02	3.858061e-02	4.660042e-02
629           	-3.991832e-03	9.609910e-01	9.198431e-02	4.200032e-02	4.998399e-02
630           	-3.980824e-03	9.552802e-01	1.004220e-01	4.623017e-02	5.419182e-02
631           	-3.978186e-03	9.491234e-01	1.093912e-01	5.071743e-02	5.867380e-02
632           	-3.979017e-03	9.442938e-01	1.169292e-01	5.448559e-02	6.244362e-02
633           	-3.973959e-03	9.408903e-01	1.221167e-01	5.708439e-02	6.503231e-02
634           	-3.958688e-03	9.382617e-01	1.254575e-01	5.877005e-02	6.668743e-02
635           	-3.931977e-03	9.364173e-01	1.284911e-01	6.031358e-02	6.817753e-02
636           	-3.905621e-03	9.365789e-01	1.316798e-01	6.193426e-02	6.974550e-02
637           	-3.888536e-03	9.386491e-01	1.345607e-01	6.339183e-02	7.116890e-02
638           	-3.888340e-03	9.425090e-01	1.358514e-01	6.403736e-02	7.181404e-02
639           	-3.897527e-03	9.466604e-01	1.338042e-01	6.300459e-02	7.079964e-02
640           	-3.905365e-03	9.504219e-01	1.258844e-01	5.903685e-02	6.684758e-02
641           	-3.907590e-03	9.524698e-01	1.118258e-01	5.200532e-02	5.982050e-02
642           	-3.911895e-03	9.528834e-01	9.417826e-02	4.317724e-02	5.100103e-02
643           	-3.916037e-03	9.524775e-01	7.596264e-02	3.406528e-02	4.189736e-02
644           	-3.907206e-03	9.508649e-01	5.950050e-02	2.584304e-02	3.365746e-02
645           	-3.876174e-03	9.482692e-01	4.690633e-02	1.957699e-02	2.732934e-02
646           	-3.824559e-03	9.457049e-01	3.888385e-02	1.561737e-02	2.326649e-02
647           	-3.771932e-03	9.456444e-01	3.590793e-02	1.418203e-02	2.172590e-02
648           	-3.726150e-03	9.481494e-01	3.970809e-02	1.612790e-02	2.358020e-02
649           	-3.672889e-03	9.496262e-01	5.107689e-02	2.186556e-02	2.921134e-02
650           	-3.612626e-03	9.475880e-01	6.835581e-02	3.056528e-02	3.779053e-02
651           	-3.562741e-03	9.428820e-01	8.692539e-02	3.989995e-02	4.702544e-02
652           	-3.523337e-03	9.364154e-01	1.019072e-01	4.743028e-02	5.447696e-02
653           	-3.494202e-03	9.297506e-01	1.107953e-01	5.190347e-02	5.889187e-02
654           	-3.473299e-03	9.237160e-01	1.147311e-01	5.389226e-02	6.083885e-02
655           	-3.462574e-03	9.191351e-01	1.154892e-01	5.428205e-02	6.120720e-02
656           	-3.463687e-03	9.160525e-01	1.142864e-01	5.367950e-02	6.060687e-02
657           	-3.478773e-03	9.147814e-01	1.114123e-01	5.222738e-02	5.918493e-02
658           	-3.503441e-03	9.148783e-01	1.073209e-01	5.015703e-02	5.716391e-02
659           	-3.534738e-03	9.158262e-01	1.028114e-01	4.787096e-02	5.494044e-02
660           	-3.575360e-03	9.177840e-01	9.752043e-02	4.518485e-02	5.233557e-02
661           	-3.620492e-03	9.205319e-01	9.111354e-02	4.193628e-02	4.917726e-02
662           	-3.661862e-03	9.242758e-01	8.370972e-02	3.819300e-02	4.551672e-02
663           	-3.690505e-03	9.285570e-01	7.628592e-02	3.445245e-02	4.183346e-02
664           	-3.701799e-03	9.324933e-01	6.933628e-02	3.096634e-02	3.836994e-02
665           	-3.697534e-03	9.352654e-01	6.303274e-02	2.781884e-02	3.521390e-02
666           	-3.679404e-03	9.362077e-01	5.739638e-02	2.501879e-02	3.237759e-02
667           	-3.655095e-03	9.354814e-01	5.297193e-02	2.283087e-02	3.014106e-02
668           	-3.634277e-03	9.341317e-01	5.101636e-02	2.187390e-02	2.914246e-02
669           	-3.634535e-03	9.342674e-01	5.220674e-02	2.246883e-02	2.973790e-02
670           	-3.650921e-03	9.363126e-01	5.620458e-02	2.445137e-02	3.175321e-02
671           	-3.669370e-03	9.401119e-01	6.294240e-02	2.780183e-02	3.514057e-02
672           	-3.675522e-03	9.446776e-01	7.179224e-02	3.222060e-02	3.957164e-02
673           	-3.663248e-03	9.488607e-01	8.201609e-02	3.734480e-02	4.467129e-02
674           	-3.636309e-03	9.518590e-01	9.407224e-02	4.339981e-02	5.067243e-02
675           	-3.592055e-03	9.521457e-01	1.083540e-01	5.058492e-02	5.776903e-02
676           	-3.522365e-03	9.477830e-01	1.240038e-01	5.847955e-02	6.552428e-02
677           	-3.439294e-03	9.385511e-01	1.375373e-01	6.532938e-02	7.220797e-02
678           	-3.369140e-03	9.272130e-01	1.469809e-01	7.012130e-02	7.685958e-02
679           	-3.327661e-03	9.177632e-01	1.515375e-01	7.244108e-02	7.909640e-02
680           	-3.310503e-03	9.112828e-01	1.509477e-01	7.216333e-02	7.878434e-02
681           	-3.308232e-03	9.080918e-01	1.461076e-01	6.974556e-02	7.636202e-02
682           	-3.317225e-03	9.083223e-01	1.381083e-01	6.573690e-02	7.237135e-02
683           	-3.327427e-03	9.095492e-01	1.266258e-01	5.998548e-02	6.664034e-02
684           	-3.342680e-03	9.113440e-01	1.092116e-01	5.126313e-02	5.794849e-02
685           	-3.364266e-03	9.128310e-01	8.751464e-02	4.039306e-02	4.712159e-02
686           	-3.384499e-03	9.142833e-01	6.610197e-02	2.966649e-02	3.643549e-02
687           	-3.402754e-03	9.158194e-01	4.890947e-02	2.105198e-02	2.785749e-02
688           	-3.421997e-03	9.174613e-01	3.692578e-02	1.504089e-02	2.188489e-02
689           	-3.446895e-03	9.202734e-01	2.981341e-02	1.145981e-02	1.835360e-02
690           	-3.473126e-03	9.243335e-01	2.714895e-02	1.010135e-02	1.704760e-02
691           	-3.499581e-03	9.291331e-01	2.836092e-02	1.068088e-02	1.768004e-02
692           	-3.531576e-03	9.336165e-01	3.215704e-02	1.254694e-02	1.961009e-02
693           	-3.576293e-03	9.374986e-01	3.738231e-02	1.511486e-02	2.226745e-02
694           	-3.626094e-03	9.405116e-01	4.387310e-02	1.831046e-02	2.556265e-02
695           	-3.670714e-03	9.426469e-01	5.146098e-02	2.205978e-02	2.940120e-02
696           	-3.702046e-03	9.432302e-01	5.895893e-02	2.577742e-02	3.318151e-02
697           	-3.719974e-03	9.420731e-01	6.464227e-02	2.860116e-02	3.604111e-02
698           	-3.733840e-03	9.406887e-01	6.716372e-02	2.984802e-02	3.731570e-02
699           	-3.746871e-03	9.400682e-01	6.717579e-02	2.984102e-02	3.733476e-02
700           	-3.760824e-03	9.407718e-01	6.643202e-02	2.945519e-02	3.697683e-02
701           	-3.775188e-03	9.426077e-01	6.659143e-02	2.952053e-02	3.707090e-02
702           	-3.782232e-03	9.448069e-01	6.919252e-02	3.081403e-02	3.837849e-02
703           	-3.767579e-03	9.452224e-01	7.520749e-02	3.383617e-02	4.137132e-02
704           	-3.725399e-03	9.418168e-01	8.454747e-02	3.854834e-02	4.599914e-02
705           	-3.668806e-03	9.349170e-01	9.619852e-02	4.443045e-02	5.176806e-02
706           	-3.613140e-03	9.260391e-01	1.078017e-01	5.028771e-02	5.751399e-02
707           	-3.567115e-03	9.163701e-01	1.175944e-01	5.523009e-02	6.236432e-02
708           	-3.541213e-03	9.077457e-01	1.246036e-01	5.876058e-02	6.584301e-02
709           	-3.549676e-03	9.025785e-01	1.280082e-01	6.045440e-02	6.755375e-02
710           	-3.595121e-03	9.023685e-01	1.271760e-01	5.999290e-02	6.718314e-02
711           	-3.665913e-03	9.069288e-01	1.229199e-01	5.779402e-02	6.512585e-02
712           	-3.755719e-03	9.161453e-01	1.170529e-01	5.477075e-02	6.228219e-02
713           	-3.849007e-03	9.281627e-01	1.115758e-01	5.193888e-02	5.963689e-02
714           	-3.933046e-03	9.413067e-01	1.082751e-01	5.020450e-02	5.807060e-02
715           	-3.999574e-03	9.537676e-01	1.085856e-01	5.029322e-02	5.829237e-02
716           	-4.039332e-03	9.627824e-01	1.115194e-01	5.172038e-02	5.979905e-02
717           	-4.052664e-03	9.676208e-01	1.160054e-01	5.395002e-02	6.205535e-02
718           	-4.038781e-03	9.671486e-01	1.205117e-01	5.621706e-02	6.429462e-02
719           	-3.998172e-03	9.604390e-01	1.244762e-01	5.823992e-02	6.623627e-02
720           	-3.959836e-03	9.502257e-01	1.277553e-01	5.991779e-02	6.783747e-02
721           	-3.946539e-03	9.397858e-01	1.308135e-01	6.146020e-02	6.935328e-02
722           	-3.957420e-03	9.305068e-01	1.337574e-01	6.292128e-02	7.083612e-02
723           	-3.977532e-03	9.225612e-01	1.361531e-01	6.409904e-02	7.205410e-02
724           	-3.996119e-03	9.160291e-01	1.377056e-01	6.485667e-02	7.284891e-02
725           	-4.015202e-03	9.115175e-01	1.381137e-01	6.504167e-02	7.307208e-02
726           	-4.038719e-03	9.100497e-01	1.374586e-01	6.469057e-02	7.276800e-02
727           	-4.065021e-03	9.117473e-01	1.356826e-01	6.377626e-02	7.190630e-02
728           	-4.090054e-03	9.154102e-01	1.330449e-01	6.243241e-02	7.061251e-02
729           	-4.101910e-03	9.189684e-01	1.299814e-01	6.088881e-02	6.909263e-02
730           	-4.093368e-03	9.211752e-01	1.270200e-01	5.941664e-02	6.760338e-02
731           	-4.068418e-03	9.218566e-01	1.245031e-01	5.818315e-02	6.631999e-02
732           	-4.030343e-03	9.201161e-01	1.224543e-01	5.719679e-02	6.525748e-02
733           	-3.987000e-03	9.159734e-01	1.203829e-01	5.620445e-02	6.417845e-02
734           	-3.954554e-03	9.114479e-01	1.176410e-01	5.486595e-02	6.277506e-02
735           	-3.944753e-03	9.089741e-01	1.146132e-01	5.336185e-02	6.125136e-02
736           	-3.954569e-03	9.091272e-01	1.119054e-01	5.199815e-02	5.990728e-02
737           	-3.977987e-03	9.117588e-01	1.103585e-01	5.120128e-02	5.915726e-02
738           	-4.008549e-03	9.170816e-01	1.107783e-01	5.138058e-02	5.939768e-02
739           	-4.034284e-03	9.234460e-01	1.141319e-01	5.303167e-02	6.110024e-02
740           	-4.049323e-03	9.286106e-01	1.211803e-01	5.654083e-02	6.463948e-02
741           	-4.051396e-03	9.314524e-01	1.322625e-01	6.207988e-02	7.018267e-02
742           	-4.039298e-03	9.320663e-01	1.459997e-01	6.896057e-02	7.703917e-02
743           	-4.014214e-03	9.314214e-01	1.599498e-01	7.596070e-02	8.398913e-02
744           	-3.980127e-03	9.293971e-01	1.719423e-01	8.199103e-02	8.995129e-02
745           	-3.943888e-03	9.267504e-01	1.804491e-01	8.628065e-02	9.416843e-02
746           	-3.909942e-03	9.243878e-01	1.850305e-01	8.860529e-02	9.642518e-02
747           	-3.884678e-03	9.240634e-01	1.853456e-01	8.878811e-02	9.655747e-02
748           	-3.872847e-03	9.267000e-01	1.811280e-01	8.669115e-02	9.443685e-02
749           	-3.859007e-03	9.293344e-01	1.726161e-01	8.244905e-02	9.016706e-02
750           	-3.834800e-03	9.306389e-01	1.606942e-01	7.651231e-02	8.418190e-02
751           	-3.790156e-03	9.292053e-01	1.466543e-01	6.953698e-02	7.711729e-02
752           	-3.721957e-03	9.247532e-01	1.319625e-01	6.225931e-02	6.970322e-02
753           	-3.642403e-03	9.187697e-01	1.188962e-01	5.580568e-02	6.309049e-02
754           	-3.565050e-03	9.134372e-01	1.083894e-01	5.062964e-02	5.775974e-02
755           	-3.507275e-03	9.105495e-01	1.002264e-01	4.660590e-02	5.362045e-02
756           	-3.478142e-03	9.098395e-01	9.403895e-02	4.354133e-02	5.049762e-02
757           	-3.483961e-03	9.102957e-01	8.994334e-02	4.148771e-02	4.845563e-02
758           	-3.523835e-03	9.120535e-01	8.813659e-02	4.054446e-02	4.759213e-02
759           	-3.576353e-03	9.141936e-01	8.963017e-02	4.123873e-02	4.839144e-02
760           	-3.623962e-03	9.165750e-01	9.484198e-02	4.379703e-02	5.104495e-02
761           	-3.663475e-03	9.189847e-01	1.021661e-01	4.741957e-02	5.474652e-02
762           	-3.708144e-03	9.227760e-01	1.097366e-01	5.116017e-02	5.857646e-02
763           	-3.760752e-03	9.277016e-01	1.172319e-01	5.485522e-02	6.237672e-02
764           	-3.819052e-03	9.329139e-01	1.240674e-01	5.821466e-02	6.585276e-02
765           	-3.884032e-03	9.379831e-01	1.281828e-01	6.020736e-02	6.797542e-02
766           	-3.947229e-03	9.413981e-01	1.280322e-01	6.006886e-02	6.796332e-02
767           	-4.005027e-03	9.426262e-01	1.232815e-01	5.763574e-02	6.564579e-02
768           	-4.060780e-03	9.432533e-01	1.144622e-01	5.317030e-02	6.129186e-02
769           	-4.108631e-03	9.439787e-01	1.028789e-01	4.733084e-02	5.554810e-02
770           	-4.144399e-03	9.454510e-01	9.058347e-02	4.114734e-02	4.943614e-02
771           	-4.164080e-03	9.479381e-01	8.031774e-02	3.599479e-02	4.432295e-02
772           	-4.161568e-03	9.507645e-01	7.456661e-02	3.312174e-02	4.144487e-02
773           	-4.141111e-03	9.541412e-01	7.509323e-02	3.340550e-02	4.168773e-02
774           	-4.114049e-03	9.586727e-01	8.251392e-02	3.714291e-02	4.537101e-02
775           	-4.077117e-03	9.622479e-01	9.604554e-02	4.394566e-02	5.209989e-02
776           	-4.032404e-03	9.635701e-01	1.142725e-01	5.310383e-02	6.116864e-02
777           	-3.982396e-03	9.615657e-01	1.350541e-01	6.354468e-02	7.150947e-02
778           	-3.938450e-03	9.574799e-01	1.546455e-01	7.338428e-02	8.126118e-02
779           	-3.910770e-03	9.535374e-01	1.681069e-01	8.014266e-02	8.796420e-02
780           	-3.895746e-03	9.502167e-01	1.735592e-01	8.288385e-02	9.067535e-02
781           	-3.874450e-03	9.453859e-01	1.710037e-01	8.162742e-02	8.937632e-02
782           	-3.836075e-03	9.388369e-01	1.608142e-01	7.657105e-02	8.424320e-02
783           	-3.789246e-03	9.316545e-01	1.465023e-01	6.946192e-02	7.704042e-02
784           	-3.739525e-03	9.238562e-01	1.306898e-01	6.160536e-02	6.908441e-02
785           	-3.698658e-03	9.170719e-01	1.158960e-01	5.424933e-02	6.164664e-02
786           	-3.663924e-03	9.116541e-01	1.018242e-01	4.724817e-02	5.457602e-02
787           	-3.630800e-03	9.080857e-01	8.853158e-02	4.063499e-02	4.789659e-02
788           	-3.594580e-03	9.063182e-01	7.671690e-02	3.476387e-02	4.195303e-02
789           	-3.562766e-03	9.066514e-01	6.691684e-02	2.989565e-02	3.702119e-02
790           	-3.541209e-03	9.088240e-01	5.912899e-02	2.602328e-02	3.310570e-02
791           	-3.545962e-03	9.135977e-01	5.346830e-02	2.318819e-02	3.028011e-02
792           	-3.583449e-03	9.203785e-01	4.938304e-02	2.110807e-02	2.827497e-02
793           	-3.643701e-03	9.274711e-01	4.627791e-02	1.949526e-02	2.678266e-02
794           	-3.710848e-03	9.337402e-01	4.391048e-02	1.824439e-02	2.566609e-02
795           	-3.762587e-03	9.381091e-01	4.300490e-02	1.773987e-02	2.526504e-02
796           	-3.807468e-03	9.422747e-01	4.398620e-02	1.818563e-02	2.580057e-02
797           	-3.849969e-03	9.467525e-01	4.659069e-02	1.944538e-02	2.714532e-02
798           	-3.881537e-03	9.501499e-01	5.110436e-02	2.167064e-02	2.943372e-02
799           	-3.895518e-03	9.508696e-01	5.828667e-02	2.524782e-02	3.303885e-02
800           	-3.887563e-03	9.479103e-01	6.927055e-02	3.074771e-02	3.852284e-02
801           	-3.863460e-03	9.414365e-01	8.317252e-02	3.772280e-02	4.544972e-02
802           	-3.836510e-03	9.336162e-01	9.853222e-02	4.542960e-02	5.310262e-02
803           	-3.815802e-03	9.270340e-01	1.137561e-01	5.306223e-02	6.069383e-02
804           	-3.791960e-03	9.223389e-01	1.272832e-01	5.984963e-02	6.743355e-02
805           	-3.753969e-03	9.183033e-01	1.389033e-01	6.569766e-02	7.320560e-02
806           	-3.704373e-03	9.143479e-01	1.489956e-01	7.079341e-02	7.820215e-02
807           	-3.654769e-03	9.108566e-01	1.558969e-01	7.429369e-02	8.160323e-02
808           	-3.609760e-03	9.077011e-01	1.583375e-01	7.555899e-02	8.277851e-02
809           	-3.572774e-03	9.050460e-01	1.567403e-01	7.479738e-02	8.194293e-02
810           	-3.551302e-03	9.042751e-01	1.527122e-01	7.280482e-02	7.990742e-02
811           	-3.543055e-03	9.047998e-01	1.480705e-01	7.049218e-02	7.757829e-02
812           	-3.548029e-03	9.058048e-01	1.442356e-01	6.856977e-02	7.566583e-02
813           	-3.568177e-03	9.071712e-01	1.413282e-01	6.709595e-02	7.423230e-02
814           	-3.605321e-03	9.093908e-01	1.385909e-01	6.569011e-02	7.290076e-02
815           	-3.658417e-03	9.125150e-01	1.355522e-01	6.411769e-02	7.143453e-02
816           	-3.726598e-03	9.160923e-01	1.316335e-01	6.209015e-02	6.954335e-02
817           	-3.799322e-03	9.196306e-01	1.267618e-01	5.958157e-02	6.718022e-02
818           	-3.867056e-03	9.226075e-01	1.213414e-01	5.680367e-02	6.453778e-02
819           	-3.910931e-03	9.244194e-01	1.152611e-01	5.371962e-02	6.154148e-02
820           	-3.938101e-03	9.257890e-01	1.082022e-01	5.016300e-02	5.803920e-02
821           	-3.961712e-03	9.276039e-01	1.002071e-01	4.614182e-02	5.406525e-02
822           	-3.981082e-03	9.305258e-01	9.205173e-02	4.204479e-02	5.000695e-02
823           	-3.986069e-03	9.342319e-01	8.522940e-02	3.862863e-02	4.660077e-02
824           	-3.964341e-03	9.369610e-01	8.184635e-02	3.695883e-02	4.488751e-02
825           	-3.916152e-03	9.383334e-01	8.355478e-02	3.786124e-02	4.569354e-02
826           	-3.854661e-03	9.381713e-01	9.146717e-02	4.187892e-02	4.958825e-02
827           	-3.791550e-03	9.365416e-01	1.051178e-01	4.876733e-02	5.635043e-02
828           	-3.741391e-03	9.351722e-01	1.233570e-01	5.793711e-02	6.541989e-02
829           	-3.712037e-03	9.341496e-01	1.427143e-01	6.764511e-02	7.506918e-02
830           	-3.696728e-03	9.332960e-01	1.616680e-01	7.713726e-02	8.453072e-02
831           	-3.685019e-03	9.327663e-01	1.770837e-01	8.485685e-02	9.222689e-02
832           	-3.677811e-03	9.341179e-01	1.858612e-01	8.925277e-02	9.660839e-02
833           	-3.672251e-03	9.372795e-01	1.847279e-01	8.869169e-02	9.603619e-02
834           	-3.662652e-03	9.411927e-01	1.713356e-01	8.200513e-02	8.933043e-02
835           	-3.636223e-03	9.436864e-01	1.458277e-01	6.927762e-02	7.655007e-02
836           	-3.580421e-03	9.429591e-01	1.120375e-01	5.243835e-02	5.959919e-02
837           	-3.497851e-03	9.380525e-01	7.495631e-02	3.398031e-02	4.097601e-02
838           	-3.409373e-03	9.310783e-01	3.966771e-02	1.642448e-02	2.324323e-02
839           	-3.327311e-03	9.235045e-01	9.970914e-03	1.658146e-03	8.312768e-03
840           	-3.272198e-03	9.184419e-01	-1.095725e-02	-8.750820e-03	-2.206425e-03
841           	-3.256798e-03	9.174345e-01	-2.226823e-02	-1.439091e-02	-7.877317e-03
842           	-3.272522e-03	9.202345e-01	-2.483244e-02	-1.568874e-02	-9.143697e-03
843           	-3.305744e-03	9.252150e-01	-2.097766e-02	-1.379458e-02	-7.183088e-03
844           	-3.347595e-03	9.298106e-01	-1.298638e-02	-9.840788e-03	-3.145597e-03
845           	-3.390836e-03	9.320051e-01	-3.421912e-03	-5.101792e-03	1.679880e-03
846           	-3.436313e-03	9.314851e-01	5.442391e-03	-7.151177e-04	6.157509e-03
847           	-3.508745e-03	9.321249e-01	1.053169e-02	1.757098e-03	8.774588e-03
848           	-3.612043e-03	9.368650e-01	1.149152e-02	2.133717e-03	9.357804e-03
849           	-3.708220e-03	9.425273e-01	1.023042e-02	1.406991e-03	8.823430e-03
850           	-3.772770e-03	9.458284e-01	9.501872e-03	9.781664e-04	8.523706e-03
851           	-3.794260e-03	9.464404e-01	1.112037e-02	1.765923e-03	9.354444e-03
852           	-3.782614e-03	9.451808e-01	1.664186e-02	4.538315e-03	1.210354e-02
853           	-3.756233e-03	9.437539e-01	2.682443e-02	9.655984e-03	1.716845e-02
854           	-3.726809e-03	9.429055e-01	4.142737e-02	1.698688e-02	2.444049e-02
855           	-3.707672e-03	9.431699e-01	5.850573e-02	2.554519e-02	3.296054e-02
856           	-3.704203e-03	9.442904e-01	7.505043e-02	3.382101e-02	4.122942e-02
857           	-3.711212e-03	9.455795e-01	8.830971e-02	4.044364e-02	4.786607e-02
858           	-3.724960e-03	9.470912e-01	9.607109e-02	4.431058e-02	5.176050e-02
859           	-3.734952e-03	9.482836e-01	9.702302e-02	4.477656e-02	5.224646e-02
860           	-3.734475e-03	9.488956e-01	9.195141e-02	4.224123e-02	4.971018e-02
861           	-3.722397e-03	9.495945e-01	8.294273e-02	3.774897e-02	4.519376e-02
862           	-3.701945e-03	9.513769e-01	7.185140e-02	3.222375e-02	3.962764e-02
863           	-3.667200e-03	9.532420e-01	6.011516e-02	2.639038e-02	3.372478e-02
864           	-3.616925e-03	9.539582e-01	4.896943e-02	2.086779e-02	2.810164e-02
865           	-3.554971e-03	9.528709e-01	3.900853e-02	1.594929e-02	2.305923e-02
866           	-3.489193e-03	9.500203e-01	3.053599e-02	1.177880e-02	1.875719e-02
867           	-3.431477e-03	9.460196e-01	2.405997e-02	8.598509e-03	1.546146e-02
868           	-3.391323e-03	9.422038e-01	1.957819e-02	6.397770e-03	1.318042e-02
869           	-3.369312e-03	9.390290e-01	1.688301e-02	5.072192e-03	1.181082e-02
870           	-3.357466e-03	9.362561e-01	1.559759e-02	4.441328e-03	1.115626e-02
871           	-3.347956e-03	9.333466e-01	1.527966e-02	4.291873e-03	1.098778e-02
872           	-3.335580e-03	9.297240e-01	1.658597e-02	4.957403e-03	1.162856e-02
873           	-3.335262e-03	9.262285e-01	2.083364e-02	7.081559e-03	1.375208e-02
874           	-3.358240e-03	9.239064e-01	2.679647e-02	1.003999e-02	1.675647e-02
875           	-3.394082e-03	9.218800e-01	3.262321e-02	1.291752e-02	1.970569e-02
876           	-3.443014e-03	9.207788e-01	3.817056e-02	1.564226e-02	2.252829e-02
877           	-3.507889e-03	9.211535e-01	4.401002e-02	1.849712e-02	2.551290e-02
878           	-3.587332e-03	9.232634e-01	5.002380e-02	2.142457e-02	2.859923e-02
879           	-3.659624e-03	9.261348e-01	5.525204e-02	2.396640e-02	3.128564e-02
880           	-3.704205e-03	9.292854e-01	5.733682e-02	2.496421e-02	3.237262e-02
881           	-3.709462e-03	9.310913e-01	5.542997e-02	2.400552e-02	3.142445e-02
882           	-3.701994e-03	9.323092e-01	5.132373e-02	2.195987e-02	2.936386e-02
883           	-3.701147e-03	9.330966e-01	4.733389e-02	1.996580e-02	2.736809e-02
884           	-3.712794e-03	9.338762e-01	4.496455e-02	1.876948e-02	2.619507e-02
885           	-3.734562e-03	9.347378e-01	4.516383e-02	1.884735e-02	2.631648e-02
886           	-3.772304e-03	9.370997e-01	4.833935e-02	2.039737e-02	2.794198e-02
887           	-3.833740e-03	9.424983e-01	5.475953e-02	2.354603e-02	3.121351e-02
888           	-3.919352e-03	9.510795e-01	6.464131e-02	2.840130e-02	3.624001e-02
889           	-4.015466e-03	9.614500e-01	7.761856e-02	3.479381e-02	4.282474e-02
890           	-4.104094e-03	9.718364e-01	9.292924e-02	4.236052e-02	5.056871e-02
891           	-4.173919e-03	9.808970e-01	1.094918e-01	5.057198e-02	5.891981e-02
892           	-4.225471e-03	9.881845e-01	1.267404e-01	5.914474e-02	6.759568e-02
893           	-4.268571e-03	9.950001e-01	1.459967e-01	6.872979e-02	7.726693e-02
894           	-4.301747e-03	9.997380e-01	1.642512e-01	7.782384e-02	8.642733e-02
895           	-4.326365e-03	1.002522e+00	1.797935e-01	8.557041e-02	9.422314e-02
896           	-4.337070e-03	1.002998e+00	1.909443e-01	9.113510e-02	9.980924e-02
897           	-4.308306e-03	9.978087e-01	1.976485e-01	9.451593e-02	1.031325e-01
898           	-4.216274e-03	9.838175e-01	1.997266e-01	9.564701e-02	1.040796e-01
899           	-4.074640e-03	9.638851e-01	1.968832e-01	9.436695e-02	1.025162e-01
900           	-3.929187e-03	9.453070e-01	1.911523e-01	9.164696e-02	9.950533e-02
901           	-3.810468e-03	9.314012e-01	1.851231e-01	8.875110e-02	9.637204e-02
902           	-3.723060e-03	9.222529e-01	1.797717e-01	8.616278e-02	9.360890e-02
903           	-3.664194e-03	9.169089e-01	1.747737e-01	8.372265e-02	9.105104e-02
904           	-3.617462e-03	9.129097e-01	1.682953e-01	8.053019e-02	8.776512e-02
905           	-3.579715e-03	9.093972e-01	1.586686e-01	7.575460e-02	8.291403e-02
906           	-3.558329e-03	9.070469e-01	1.455925e-01	6.923790e-02	7.635456e-02
907           	-3.554849e-03	9.070146e-01	1.298240e-01	6.135713e-02	6.846683e-02
908           	-3.560503e-03	9.090374e-01	1.113757e-01	5.212734e-02	5.924834e-02
909           	-3.562449e-03	9.115959e-01	9.066338e-02	4.176924e-02	4.889414e-02
910           	-3.550786e-03	9.134324e-01	6.753431e-02	3.021637e-02	3.731794e-02
911           	-3.528630e-03	9.142623e-01	4.299943e-02	1.797109e-02	2.502835e-02
912           	-3.513514e-03	9.149217e-01	1.921170e-02	6.092338e-03	1.311937e-02
913           	-3.512796e-03	9.159255e-01	-1.695538e-03	-4.360565e-03	2.665027e-03
914           	-3.520498e-03	9.180677e-01	-1.852827e-02	-1.278463e-02	-5.743637e-03
915           	-3.535797e-03	9.221385e-01	-2.980796e-02	-1.843978e-02	-1.136819e-02
916           	-3.554710e-03	9.263493e-01	-3.310467e-02	-2.010704e-02	-1.299762e-02
917           	-3.585861e-03	9.304921e-01	-2.892584e-02	-1.804878e-02	-1.087706e-02
918           	-3.638562e-03	9.353800e-01	-1.632036e-02	-1.179874e-02	-4.521618e-03
919           	-3.718655e-03	9.410908e-01	5.884161e-03	-7.765747e-04	6.660736e-03
920           	-3.824975e-03	9.472594e-01	3.405323e-02	1.320164e-02	2.085159e-02
921           	-3.937988e-03	9.524873e-01	6.373392e-02	2.792897e-02	3.580495e-02
922           	-4.031944e-03	9.555155e-01	9.181770e-02	4.187690e-02	4.994079e-02
923           	-4.097047e-03	9.569398e-01	1.167901e-01	5.429801e-02	6.249210e-02
924           	-4.132787e-03	9.563247e-01	1.373625e-01	6.454845e-02	7.281402e-02
925           	-4.150146e-03	9.542910e-01	1.509968e-01	7.134825e-02	7.964855e-02
926           	-4.158293e-03	9.515690e-01	1.562944e-01	7.398888e-02	8.230547e-02
927           	-4.169698e-03	9.500336e-01	1.543321e-01	7.299636e-02	8.133575e-02
928           	-4.185824e-03	9.500094e-01	1.482161e-01	6.992223e-02	7.829388e-02
929           	-4.199141e-03	9.503659e-01	1.417287e-01	6.666523e-02	7.506351e-02
930           	-4.200367e-03	9.503147e-01	1.371349e-01	6.436710e-02	7.276784e-02
931           	-4.179421e-03	9.483602e-01	1.349443e-01	6.329273e-02	7.165158e-02
932           	-4.143566e-03	9.448085e-01	1.341054e-01	6.290911e-02	7.119624e-02
933           	-4.106566e-03	9.407646e-01	1.323189e-01	6.205290e-02	7.026603e-02
934           	-4.077619e-03	9.373033e-01	1.279788e-01	5.991178e-02	6.806702e-02
935           	-4.055171e-03	9.347624e-01	1.202051e-01	5.604737e-02	6.415771e-02
936           	-4.033243e-03	9.331580e-01	1.085962e-01	5.026487e-02	5.833135e-02
937           	-3.999557e-03	9.315778e-01	9.334020e-02	4.267054e-02	5.066966e-02
938           	-3.943264e-03	9.289654e-01	7.736093e-02	3.473720e-02	4.262373e-02
939           	-3.868553e-03	9.255579e-01	6.430490e-02	2.828390e-02	3.602100e-02
940           	-3.792504e-03	9.227605e-01	5.556233e-02	2.398866e-02	3.157367e-02
941           	-3.723301e-03	9.210603e-01	5.141760e-02	2.198550e-02	2.943210e-02
942           	-3.668196e-03	9.211966e-01	5.374180e-02	2.320270e-02	3.053910e-02
943           	-3.610151e-03	9.209269e-01	6.528467e-02	2.903219e-02	3.625249e-02
944           	-3.535336e-03	9.178639e-01	8.477958e-02	3.885445e-02	4.592513e-02
945           	-3.463340e-03	9.136168e-01	1.073107e-01	5.019199e-02	5.711867e-02
946           	-3.406981e-03	9.088906e-01	1.272558e-01	6.022093e-02	6.703489e-02
947           	-3.375063e-03	9.035538e-01	1.398245e-01	6.653717e-02	7.328729e-02
948           	-3.378240e-03	8.990590e-01	1.436291e-01	6.843632e-02	7.519280e-02
949           	-3.417924e-03	8.975845e-01	1.389765e-01	6.607032e-02	7.290616e-02
950           	-3.488726e-03	8.996553e-01	1.267208e-01	5.987167e-02	6.684912e-02
951           	-3.550934e-03	9.018699e-01	1.112561e-01	5.207711e-02	5.917898e-02
952           	-3.588337e-03	9.032031e-01	9.682327e-02	4.482330e-02	5.199997e-02
953           	-3.615367e-03	9.053905e-01	8.575531e-02	3.926229e-02	4.649302e-02
954           	-3.639280e-03	9.086781e-01	7.946926e-02	3.609535e-02	4.337391e-02
955           	-3.661147e-03	9.127195e-01	7.905265e-02	3.586518e-02	4.318747e-02
956           	-3.680945e-03	9.170180e-01	8.343206e-02	3.803508e-02	4.539697e-02
957           	-3.696895e-03	9.203954e-01	9.043079e-02	4.151850e-02	4.891229e-02
958           	-3.710405e-03	9.226114e-01	9.834788e-02	4.546353e-02	5.288434e-02
959           	-3.724744e-03	9.238623e-01	1.049939e-01	4.877219e-02	5.622168e-02
960           	-3.746588e-03	9.251862e-01	1.083541e-01	5.043048e-02	5.792365e-02
961           	-3.777539e-03	9.273836e-01	1.076296e-01	5.003726e-02	5.759234e-02
962           	-3.809544e-03	9.296744e-01	1.038352e-01	4.810805e-02	5.572714e-02
963           	-3.840061e-03	9.316801e-01	9.807907e-02	4.519947e-02	5.287959e-02
964           	-3.866128e-03	9.324710e-01	9.181641e-02	4.204207e-02	4.977433e-02
965           	-3.879125e-03	9.306703e-01	8.695326e-02	3.959751e-02	4.735576e-02
966           	-3.887974e-03	9.279068e-01	8.426501e-02	3.824453e-02	4.602048e-02
967           	-3.900007e-03	9.252351e-01	8.406678e-02	3.813338e-02	4.593340e-02
968           	-3.915501e-03	9.229727e-01	8.693065e-02	3.954982e-02	4.738082e-02
969           	-3.930967e-03	9.221980e-01	9.443421e-02	4.328614e-02	5.114807e-02
970           	-3.947375e-03	9.236364e-01	1.072401e-01	4.967267e-02	5.756742e-02
971           	-3.980360e-03	9.291105e-01	1.250039e-01	5.852161e-02	6.648233e-02
972           	-4.019408e-03	9.366674e-01	1.461444e-01	6.905278e-02	7.709160e-02
973           	-4.030834e-03	9.417430e-01	1.672689e-01	7.960362e-02	8.766529e-02
974           	-4.007064e-03	9.432347e-01	1.859581e-01	8.897198e-02	9.698610e-02
975           	-3.975430e-03	9.439645e-01	2.000621e-01	9.605562e-02	1.040065e-01
976           	-3.957251e-03	9.453762e-01	2.075975e-01	9.984150e-02	1.077560e-01
977           	-3.950481e-03	9.464445e-01	2.079428e-01	1.000209e-01	1.079219e-01
978           	-3.941444e-03	9.451400e-01	2.010084e-01	9.656278e-02	1.044457e-01
979           	-3.926271e-03	9.410083e-01	1.858676e-01	8.900753e-02	9.686007e-02
980           	-3.913142e-03	9.362296e-01	1.645269e-01	7.835032e-02	8.617660e-02
981           	-3.898480e-03	9.322370e-01	1.393983e-01	6.580066e-02	7.359762e-02
982           	-3.866536e-03	9.285612e-01	1.117322e-01	5.199955e-02	5.973262e-02
983           	-3.816641e-03	9.260165e-01	8.334239e-02	3.785455e-02	4.548784e-02
984           	-3.742118e-03	9.234316e-01	5.828213e-02	2.539895e-02	3.288319e-02
985           	-3.638632e-03	9.191059e-01	3.711262e-02	1.491768e-02	2.219494e-02
986           	-3.521356e-03	9.127576e-01	2.045045e-02	6.703871e-03	1.374658e-02
987           	-3.419853e-03	9.063754e-01	9.242052e-03	1.201173e-03	8.040879e-03
988           	-3.354525e-03	9.019672e-01	4.487864e-03	-1.110593e-03	5.598457e-03
989           	-3.329074e-03	9.000556e-01	5.366179e-03	-6.459843e-04	6.012163e-03
990           	-3.336895e-03	9.003770e-01	1.033671e-02	1.831459e-03	8.505249e-03
991           	-3.373722e-03	9.029936e-01	1.822906e-02	5.740810e-03	1.248825e-02
992           	-3.440712e-03	9.083185e-01	2.820556e-02	1.066207e-02	1.754349e-02
993           	-3.529450e-03	9.156481e-01	3.874809e-02	1.584460e-02	2.290350e-02
994           	-3.625592e-03	9.237404e-01	4.940344e-02	2.107613e-02	2.832731e-02
995           	-3.712718e-03	9.317599e-01	6.056057e-02	2.656757e-02	3.399301e-02
996           	-3.771939e-03	9.378278e-01	7.240349e-02	3.242980e-02	3.997368e-02
997           	-3.801395e-03	9.413474e-01	8.512099e-02	3.875910e-02	4.636189e-02
998           	-3.803408e-03	9.415606e-01	9.719045e-02	4.479182e-02	5.239863e-02
999           	-3.787102e-03	9.385567e-01	1.085438e-01	5.048480e-02	5.805900e-02
1000          	-3.770554e-03	9.340388e-01	1.186309e-01	5.554489e-02	6.308600e-02
