# Force coefficients
# liftDir     : (0.000000e+00 0.000000e+00 1.000000e+00)
# dragDir     : (0.000000e+00 1.000000e+00 0.000000e+00)
# pitchAxis   : (1.000000e+00 0.000000e+00 0.000000e+00)
# magUInf     : 5.493176e-01
# lRef        : 4.000000e+00
# Aref        : 2.562000e-02
# CofR        : (0.000000e+00 0.000000e+00 0.000000e+00)
# Time        	Cm            	Cd            	Cl            	Cl(f)         	Cl(r)         
1             	-1.575629e-04	3.618332e-02	-3.941060e-03	-2.128093e-03	-1.812967e-03
2             	-2.089662e-03	5.327372e-01	-6.385022e-02	-3.401477e-02	-2.983545e-02
3             	-3.050785e-03	9.310682e-01	-7.278816e-02	-3.944487e-02	-3.334329e-02
4             	-2.901251e-03	1.032987e+00	-4.439868e-02	-2.510059e-02	-1.929809e-02
5             	-2.360879e-03	9.821644e-01	-6.424064e-03	-5.572911e-03	-8.511532e-04
6             	-1.996488e-03	9.041145e-01	1.459929e-02	5.303159e-03	9.296135e-03
7             	-1.662601e-03	8.134242e-01	3.857594e-02	1.762537e-02	2.095057e-02
8             	-1.567146e-03	7.565263e-01	4.767393e-02	2.226982e-02	2.540411e-02
9             	-1.631845e-03	7.353311e-01	5.070125e-02	2.371878e-02	2.698247e-02
10            	-1.760584e-03	7.415028e-01	4.927776e-02	2.287830e-02	2.639946e-02
11            	-1.892462e-03	7.567613e-01	4.634217e-02	2.127862e-02	2.506355e-02
12            	-2.038513e-03	7.786082e-01	4.138784e-02	1.865541e-02	2.273243e-02
13            	-2.205583e-03	8.081572e-01	3.168928e-02	1.363906e-02	1.805022e-02
14            	-2.306015e-03	8.274674e-01	1.932404e-02	7.356006e-03	1.196804e-02
15            	-2.376426e-03	8.352504e-01	8.013387e-03	1.630268e-03	6.383120e-03
16            	-2.461187e-03	8.379425e-01	-1.619590e-03	-3.270982e-03	1.651391e-03
17            	-2.562317e-03	8.389707e-01	-9.509162e-03	-7.316897e-03	-2.192264e-03
18            	-2.667415e-03	8.389843e-01	-1.560635e-02	-1.047059e-02	-5.135760e-03
19            	-2.766798e-03	8.379715e-01	-1.926939e-02	-1.240149e-02	-6.867899e-03
20            	-2.863269e-03	8.368098e-01	-1.990616e-02	-1.281635e-02	-7.089812e-03
21            	-2.964343e-03	8.365573e-01	-1.683969e-02	-1.138419e-02	-5.455502e-03
22            	-3.060931e-03	8.377616e-01	-9.653249e-03	-7.887556e-03	-1.765693e-03
23            	-3.134604e-03	8.401064e-01	7.877050e-04	-2.740751e-03	3.528456e-03
24            	-3.183575e-03	8.433666e-01	1.327202e-02	3.452435e-03	9.819585e-03
25            	-3.215709e-03	8.471360e-01	2.631484e-02	9.941713e-03	1.637313e-02
26            	-3.241489e-03	8.510679e-01	3.957372e-02	1.654537e-02	2.302835e-02
27            	-3.265814e-03	8.550430e-01	5.211353e-02	2.279095e-02	2.932258e-02
28            	-3.289838e-03	8.588583e-01	6.179378e-02	2.760705e-02	3.418673e-02
29            	-3.310692e-03	8.620832e-01	6.889782e-02	3.113822e-02	3.775960e-02
30            	-3.324956e-03	8.644978e-01	7.385676e-02	3.360343e-02	4.025334e-02
31            	-3.332920e-03	8.659159e-01	7.713090e-02	3.523253e-02	4.189837e-02
32            	-3.335273e-03	8.659648e-01	7.908794e-02	3.620870e-02	4.287924e-02
33            	-3.337371e-03	8.648440e-01	8.029565e-02	3.681045e-02	4.348520e-02
34            	-3.342915e-03	8.628427e-01	8.148739e-02	3.740078e-02	4.408661e-02
35            	-3.348979e-03	8.600774e-01	8.359784e-02	3.844994e-02	4.514790e-02
36            	-3.350609e-03	8.569582e-01	8.741756e-02	4.035817e-02	4.705939e-02
37            	-3.348545e-03	8.537869e-01	9.378780e-02	4.354535e-02	5.024244e-02
38            	-3.348422e-03	8.512018e-01	1.033850e-01	4.834405e-02	5.504090e-02
39            	-3.354629e-03	8.496990e-01	1.158577e-01	5.457423e-02	6.128349e-02
40            	-3.370291e-03	8.497620e-01	1.301738e-01	6.171659e-02	6.845717e-02
41            	-3.395040e-03	8.513504e-01	1.461234e-01	6.966666e-02	7.645675e-02
42            	-3.422186e-03	8.540854e-01	1.627017e-01	7.792864e-02	8.477302e-02
43            	-3.446736e-03	8.580124e-01	1.792082e-01	8.615737e-02	9.305084e-02
44            	-3.469299e-03	8.630294e-01	1.944956e-01	9.377850e-02	1.007171e-01
45            	-3.492354e-03	8.689507e-01	2.076398e-01	1.003276e-01	1.073123e-01
46            	-3.505051e-03	8.735975e-01	2.175118e-01	1.052509e-01	1.122610e-01
47            	-3.496206e-03	8.749327e-01	2.247509e-01	1.088792e-01	1.158716e-01
48            	-3.472567e-03	8.730878e-01	2.299777e-01	1.115163e-01	1.184614e-01
49            	-3.449500e-03	8.695958e-01	2.331271e-01	1.131141e-01	1.200131e-01
50            	-3.439895e-03	8.662817e-01	2.339668e-01	1.135435e-01	1.204233e-01
51            	-3.444081e-03	8.633561e-01	2.320337e-01	1.125728e-01	1.194609e-01
52            	-3.455437e-03	8.605916e-01	2.275100e-01	1.102996e-01	1.172104e-01
53            	-3.465736e-03	8.575811e-01	2.211908e-01	1.071296e-01	1.140611e-01
54            	-3.479656e-03	8.556598e-01	2.139240e-01	1.034823e-01	1.104416e-01
55            	-3.502526e-03	8.559893e-01	2.056370e-01	9.931599e-02	1.063210e-01
56            	-3.530288e-03	8.582025e-01	1.959762e-01	9.445783e-02	1.015184e-01
57            	-3.552080e-03	8.610201e-01	1.850014e-01	8.894864e-02	9.605280e-02
58            	-3.561771e-03	8.637112e-01	1.726312e-01	8.275383e-02	8.987737e-02
59            	-3.554176e-03	8.652454e-01	1.606480e-01	7.676982e-02	8.387817e-02
60            	-3.532804e-03	8.660632e-01	1.494485e-01	7.119143e-02	7.825704e-02
61            	-3.505280e-03	8.668607e-01	1.394199e-01	6.620468e-02	7.321524e-02
62            	-3.477380e-03	8.683395e-01	1.305382e-01	6.179174e-02	6.874650e-02
63            	-3.454672e-03	8.711555e-01	1.231879e-01	5.813928e-02	6.504862e-02
64            	-3.442613e-03	8.753821e-01	1.178512e-01	5.548297e-02	6.236820e-02
65            	-3.437173e-03	8.801076e-01	1.162032e-01	5.466442e-02	6.153876e-02
66            	-3.425233e-03	8.832247e-01	1.198103e-01	5.647990e-02	6.333036e-02
67            	-3.404764e-03	8.842776e-01	1.296581e-01	6.142427e-02	6.823380e-02
68            	-3.375355e-03	8.822386e-01	1.457349e-01	6.949208e-02	7.624279e-02
69            	-3.340278e-03	8.768413e-01	1.667796e-01	8.004953e-02	8.673009e-02
70            	-3.308072e-03	8.689890e-01	1.903377e-01	9.186079e-02	9.847694e-02
71            	-3.296640e-03	8.624018e-01	2.129932e-01	1.031999e-01	1.097932e-01
72            	-3.320728e-03	8.598642e-01	2.308939e-01	1.121262e-01	1.187677e-01
73            	-3.377842e-03	8.613490e-01	2.426734e-01	1.179588e-01	1.247145e-01
74            	-3.453279e-03	8.649389e-01	2.486268e-01	1.208601e-01	1.277667e-01
75            	-3.529583e-03	8.687864e-01	2.457245e-01	1.193326e-01	1.263918e-01
76            	-3.580707e-03	8.710922e-01	2.274833e-01	1.101609e-01	1.173223e-01
77            	-3.568804e-03	8.709313e-01	1.930124e-01	9.293740e-02	1.000750e-01
78            	-3.510370e-03	8.692122e-01	1.514035e-01	7.219137e-02	7.921211e-02
79            	-3.435675e-03	8.659436e-01	1.123374e-01	5.273303e-02	5.960438e-02
80            	-3.374327e-03	8.635452e-01	8.075108e-02	3.700121e-02	4.374987e-02
81            	-3.332483e-03	8.629853e-01	5.719906e-02	2.526705e-02	3.193201e-02
82            	-3.311557e-03	8.652840e-01	4.182305e-02	1.759997e-02	2.422308e-02
83            	-3.304612e-03	8.701072e-01	3.633644e-02	1.486361e-02	2.147283e-02
84            	-3.310392e-03	8.774981e-01	4.393802e-02	1.865862e-02	2.527940e-02
85            	-3.350845e-03	8.894854e-01	6.775713e-02	3.052772e-02	3.722941e-02
86            	-3.441162e-03	9.063777e-01	1.040882e-01	4.860293e-02	5.548525e-02
87            	-3.563953e-03	9.251032e-01	1.444052e-01	6.863867e-02	7.576657e-02
88            	-3.676203e-03	9.404766e-01	1.822942e-01	8.747090e-02	9.482331e-02
89            	-3.746045e-03	9.497634e-01	2.155631e-01	1.040355e-01	1.115276e-01
90            	-3.767530e-03	9.526049e-01	2.390222e-01	1.157436e-01	1.232786e-01
91            	-3.768178e-03	9.517711e-01	2.506094e-01	1.215365e-01	1.290729e-01
92            	-3.764377e-03	9.490621e-01	2.517708e-01	1.221210e-01	1.296498e-01
93            	-3.768489e-03	9.463456e-01	2.417428e-01	1.171029e-01	1.246399e-01
94            	-3.785257e-03	9.460640e-01	2.186652e-01	1.055473e-01	1.131178e-01
95            	-3.781703e-03	9.456553e-01	1.856209e-01	8.902873e-02	9.659214e-02
96            	-3.750849e-03	9.432656e-01	1.504901e-01	7.149419e-02	7.899589e-02
97            	-3.705352e-03	9.387414e-01	1.227253e-01	5.765728e-02	6.506798e-02
98            	-3.657613e-03	9.338271e-01	1.062917e-01	4.948825e-02	5.680348e-02
99            	-3.615845e-03	9.305243e-01	1.011474e-01	4.695783e-02	5.418952e-02
100           	-3.571158e-03	9.271203e-01	1.065352e-01	4.969646e-02	5.683877e-02
101           	-3.510052e-03	9.195910e-01	1.188820e-01	5.593095e-02	6.295105e-02
102           	-3.447898e-03	9.090730e-01	1.325507e-01	6.282747e-02	6.972327e-02
103           	-3.403316e-03	8.991056e-01	1.418446e-01	6.751897e-02	7.432560e-02
104           	-3.386265e-03	8.929632e-01	1.441260e-01	6.867675e-02	7.544928e-02
105           	-3.396880e-03	8.914147e-01	1.403885e-01	6.679737e-02	7.359113e-02
106           	-3.426661e-03	8.937044e-01	1.321679e-01	6.265731e-02	6.951063e-02
107           	-3.463330e-03	8.983463e-01	1.203474e-01	5.671035e-02	6.363701e-02
108           	-3.491395e-03	9.032998e-01	1.059960e-01	4.950661e-02	5.648940e-02
109           	-3.502864e-03	9.075964e-01	9.149402e-02	4.224415e-02	4.924988e-02
110           	-3.497788e-03	9.113145e-01	7.934884e-02	3.617663e-02	4.317221e-02
111           	-3.475859e-03	9.146529e-01	7.118189e-02	3.211509e-02	3.906681e-02
112           	-3.441306e-03	9.176587e-01	6.695707e-02	3.003723e-02	3.691984e-02
113           	-3.405031e-03	9.207975e-01	6.612886e-02	2.965940e-02	3.646946e-02
114           	-3.370818e-03	9.239031e-01	6.850141e-02	3.087989e-02	3.762152e-02
115           	-3.333702e-03	9.258191e-01	7.464168e-02	3.398714e-02	4.065454e-02
116           	-3.297619e-03	9.257838e-01	8.418979e-02	3.879727e-02	4.539251e-02
117           	-3.271734e-03	9.237823e-01	9.448961e-02	4.397307e-02	5.051654e-02
118           	-3.254335e-03	9.195954e-01	1.032103e-01	4.835080e-02	5.485947e-02
119           	-3.239840e-03	9.134519e-01	1.088538e-01	5.118708e-02	5.766676e-02
120           	-3.228219e-03	9.065522e-01	1.105946e-01	5.206908e-02	5.852552e-02
121           	-3.223861e-03	8.997237e-01	1.078878e-01	5.072006e-02	5.716778e-02
122           	-3.226678e-03	8.934556e-01	1.007969e-01	4.717178e-02	5.362513e-02
123           	-3.236098e-03	8.883912e-01	8.944697e-02	4.148739e-02	4.795958e-02
124           	-3.246607e-03	8.849498e-01	7.420271e-02	3.385475e-02	4.034796e-02
125           	-3.246693e-03	8.828719e-01	5.718295e-02	2.534478e-02	3.183817e-02
126           	-3.229382e-03	8.806777e-01	3.954064e-02	1.654094e-02	2.299970e-02
127           	-3.211612e-03	8.796527e-01	2.256698e-02	8.071876e-03	1.449510e-02
128           	-3.199129e-03	8.793883e-01	8.522283e-03	1.062013e-03	7.460270e-03
129           	-3.184322e-03	8.786218e-01	-1.287897e-03	-3.828270e-03	2.540373e-03
130           	-3.163190e-03	8.773146e-01	-6.555359e-03	-6.440869e-03	-1.144897e-04
131           	-3.146046e-03	8.771581e-01	-6.530004e-03	-6.411049e-03	-1.189557e-04
132           	-3.148023e-03	8.794644e-01	-1.241415e-03	-3.768731e-03	2.527316e-03
133           	-3.167523e-03	8.844270e-01	7.764163e-03	7.145588e-04	7.049605e-03
134           	-3.201083e-03	8.921015e-01	1.885669e-02	6.227263e-03	1.262943e-02
135           	-3.241609e-03	9.014853e-01	3.026950e-02	1.189314e-02	1.837636e-02
136           	-3.280039e-03	9.104375e-01	4.074666e-02	1.709329e-02	2.365337e-02
137           	-3.314065e-03	9.180933e-01	4.981849e-02	2.159518e-02	2.822331e-02
138           	-3.331934e-03	9.230196e-01	5.691985e-02	2.512799e-02	3.179186e-02
139           	-3.330388e-03	9.253336e-01	6.169963e-02	2.751942e-02	3.418020e-02
140           	-3.312046e-03	9.259160e-01	6.394635e-02	2.866113e-02	3.528522e-02
141           	-3.279561e-03	9.246358e-01	6.330858e-02	2.837473e-02	3.493385e-02
142           	-3.249794e-03	9.230462e-01	6.093910e-02	2.721976e-02	3.371935e-02
143           	-3.237869e-03	9.224464e-01	5.897089e-02	2.624758e-02	3.272331e-02
144           	-3.240538e-03	9.222771e-01	6.012293e-02	2.682093e-02	3.330200e-02
145           	-3.254144e-03	9.219528e-01	6.561167e-02	2.955169e-02	3.605998e-02
146           	-3.282933e-03	9.221651e-01	7.601077e-02	3.472245e-02	4.128832e-02
147           	-3.316262e-03	9.216327e-01	8.886529e-02	4.111639e-02	4.774891e-02
148           	-3.343688e-03	9.194640e-01	1.021468e-01	4.772969e-02	5.441706e-02
149           	-3.373962e-03	9.175789e-01	1.120838e-01	5.266795e-02	5.941587e-02
150           	-3.411353e-03	9.174459e-01	1.168293e-01	5.500332e-02	6.182602e-02
151           	-3.442632e-03	9.189704e-01	1.157473e-01	5.443102e-02	6.131628e-02
152           	-3.456283e-03	9.219353e-01	1.098744e-01	5.148091e-02	5.839348e-02
153           	-3.452784e-03	9.256256e-01	1.013278e-01	4.721109e-02	5.411666e-02
154           	-3.443693e-03	9.296667e-01	9.225846e-02	4.268554e-02	4.957292e-02
155           	-3.435242e-03	9.330817e-01	8.468274e-02	3.890613e-02	4.577661e-02
156           	-3.434370e-03	9.357475e-01	7.830427e-02	3.571777e-02	4.258651e-02
157           	-3.433789e-03	9.367520e-01	7.287893e-02	3.300567e-02	3.987325e-02
158           	-3.429912e-03	9.362867e-01	6.806890e-02	3.060454e-02	3.746436e-02
159           	-3.429804e-03	9.358547e-01	6.393927e-02	2.853983e-02	3.539944e-02
160           	-3.442524e-03	9.360998e-01	6.073604e-02	2.692550e-02	3.381054e-02
161           	-3.471681e-03	9.372051e-01	5.823293e-02	2.564478e-02	3.258815e-02
162           	-3.516182e-03	9.389942e-01	5.630503e-02	2.463633e-02	3.166869e-02
163           	-3.567240e-03	9.402659e-01	5.522632e-02	2.404592e-02	3.118040e-02
164           	-3.613825e-03	9.392126e-01	5.448131e-02	2.362683e-02	3.085448e-02
165           	-3.655471e-03	9.364016e-01	5.379795e-02	2.324350e-02	3.055444e-02
166           	-3.690009e-03	9.328389e-01	5.342767e-02	2.302383e-02	3.040385e-02
167           	-3.722435e-03	9.306109e-01	5.354603e-02	2.305058e-02	3.049545e-02
168           	-3.741039e-03	9.293466e-01	5.485053e-02	2.368423e-02	3.116631e-02
169           	-3.739376e-03	9.287016e-01	5.866018e-02	2.559072e-02	3.306947e-02
170           	-3.722965e-03	9.294592e-01	6.585060e-02	2.920234e-02	3.664827e-02
171           	-3.693214e-03	9.307938e-01	7.528700e-02	3.395028e-02	4.133671e-02
172           	-3.648794e-03	9.308857e-01	8.591752e-02	3.930997e-02	4.660756e-02
173           	-3.588167e-03	9.287930e-01	9.695030e-02	4.488698e-02	5.206332e-02
174           	-3.522252e-03	9.256855e-01	1.069793e-01	4.996740e-02	5.701190e-02
175           	-3.464459e-03	9.227308e-01	1.143330e-01	5.370205e-02	6.063097e-02
176           	-3.424932e-03	9.211060e-01	1.180565e-01	5.560330e-02	6.245317e-02
177           	-3.411478e-03	9.214261e-01	1.179775e-01	5.557727e-02	6.240022e-02
178           	-3.422695e-03	9.222399e-01	1.145832e-01	5.386891e-02	6.071430e-02
179           	-3.445215e-03	9.219017e-01	1.085295e-01	5.081956e-02	5.770999e-02
180           	-3.471542e-03	9.203433e-01	1.008251e-01	4.694100e-02	5.388408e-02
181           	-3.500715e-03	9.189994e-01	9.295327e-02	4.297592e-02	4.997735e-02
182           	-3.529693e-03	9.181461e-01	8.520586e-02	3.907324e-02	4.613262e-02
183           	-3.550289e-03	9.170000e-01	7.847860e-02	3.568901e-02	4.278959e-02
184           	-3.558220e-03	9.154338e-01	7.422427e-02	3.355392e-02	4.067036e-02
185           	-3.556074e-03	9.139487e-01	7.269865e-02	3.279325e-02	3.990540e-02
186           	-3.554265e-03	9.125039e-01	7.277072e-02	3.283110e-02	3.993963e-02
187           	-3.563466e-03	9.107773e-01	7.281765e-02	3.284536e-02	3.997229e-02
188           	-3.585748e-03	9.085346e-01	7.132575e-02	3.207713e-02	3.924862e-02
189           	-3.605907e-03	9.048699e-01	6.977474e-02	3.128146e-02	3.849328e-02
190           	-3.623452e-03	9.015315e-01	6.909589e-02	3.092449e-02	3.817139e-02
191           	-3.635586e-03	8.999683e-01	6.940417e-02	3.106650e-02	3.833767e-02
192           	-3.631107e-03	8.995211e-01	7.119116e-02	3.196447e-02	3.922669e-02
193           	-3.609343e-03	8.997981e-01	7.394188e-02	3.336160e-02	4.058028e-02
194           	-3.571902e-03	8.992752e-01	7.766821e-02	3.526220e-02	4.240600e-02
195           	-3.525909e-03	8.979253e-01	8.260082e-02	3.777450e-02	4.482632e-02
196           	-3.479844e-03	8.967082e-01	8.830078e-02	4.067055e-02	4.763023e-02
197           	-3.443318e-03	8.973229e-01	9.487086e-02	4.399211e-02	5.087875e-02
198           	-3.423585e-03	9.006481e-01	1.017644e-01	4.745859e-02	5.430576e-02
199           	-3.415341e-03	9.052453e-01	1.081380e-01	5.065367e-02	5.748435e-02
200           	-3.410773e-03	9.089948e-01	1.140245e-01	5.360146e-02	6.042301e-02
201           	-3.405801e-03	9.105653e-01	1.192690e-01	5.622871e-02	6.304031e-02
202           	-3.391592e-03	9.094860e-01	1.235223e-01	5.836957e-02	6.515276e-02
203           	-3.366523e-03	9.061332e-01	1.255535e-01	5.941022e-02	6.614326e-02
204           	-3.338653e-03	9.021252e-01	1.244815e-01	5.890209e-02	6.557939e-02
205           	-3.318278e-03	8.988452e-01	1.202389e-01	5.680120e-02	6.343775e-02
206           	-3.311839e-03	8.972739e-01	1.143314e-01	5.385387e-02	6.047755e-02
207           	-3.317223e-03	8.970342e-01	1.076779e-01	5.052171e-02	5.715616e-02
208           	-3.325315e-03	8.965153e-01	1.019783e-01	4.766386e-02	5.431449e-02
209           	-3.324174e-03	8.936017e-01	9.871504e-02	4.603334e-02	5.268169e-02
210           	-3.316421e-03	8.884462e-01	9.871665e-02	4.604191e-02	5.267475e-02
211           	-3.314223e-03	8.828433e-01	1.003572e-01	4.686438e-02	5.349283e-02
212           	-3.329932e-03	8.791717e-01	1.014723e-01	4.740620e-02	5.406606e-02
213           	-3.376563e-03	8.798305e-01	1.002864e-01	4.676666e-02	5.351979e-02
214           	-3.457113e-03	8.864047e-01	9.632151e-02	4.470364e-02	5.161787e-02
215           	-3.547084e-03	8.965590e-01	9.095957e-02	4.193270e-02	4.902687e-02
216           	-3.627597e-03	9.076534e-01	8.537800e-02	3.906140e-02	4.631660e-02
217           	-3.689550e-03	9.183696e-01	8.019777e-02	3.640934e-02	4.378844e-02
218           	-3.730872e-03	9.279963e-01	7.587536e-02	3.420681e-02	4.166855e-02
219           	-3.753236e-03	9.360745e-01	7.272785e-02	3.261069e-02	4.011716e-02
220           	-3.760722e-03	9.425257e-01	7.182540e-02	3.215198e-02	3.967342e-02
221           	-3.756903e-03	9.467639e-01	7.450025e-02	3.349322e-02	4.100703e-02
222           	-3.743856e-03	9.473921e-01	8.118217e-02	3.684723e-02	4.433494e-02
223           	-3.725075e-03	9.444949e-01	9.063841e-02	4.159413e-02	4.904428e-02
224           	-3.706032e-03	9.384629e-01	1.006767e-01	4.663231e-02	5.404438e-02
225           	-3.690466e-03	9.303840e-01	1.086622e-01	5.064065e-02	5.802158e-02
226           	-3.678223e-03	9.213052e-01	1.131918e-01	5.291768e-02	6.027413e-02
227           	-3.669599e-03	9.119051e-01	1.134765e-01	5.306866e-02	6.040786e-02
228           	-3.668224e-03	9.034642e-01	1.099351e-01	5.129933e-02	5.863578e-02
229           	-3.675817e-03	8.973448e-01	1.045760e-01	4.861217e-02	5.596381e-02
230           	-3.695296e-03	8.949440e-01	1.003629e-01	4.648617e-02	5.387676e-02
231           	-3.734639e-03	8.978013e-01	1.003113e-01	4.642100e-02	5.389028e-02
232           	-3.791122e-03	9.059108e-01	1.064173e-01	4.941751e-02	5.699976e-02
233           	-3.856097e-03	9.174520e-01	1.189696e-01	5.562871e-02	6.334090e-02
234           	-3.909889e-03	9.282890e-01	1.359131e-01	6.404666e-02	7.186644e-02
235           	-3.944340e-03	9.358608e-01	1.526275e-01	7.236943e-02	8.025811e-02
236           	-3.973859e-03	9.415339e-01	1.650775e-01	7.856492e-02	8.651263e-02
237           	-3.997441e-03	9.455991e-01	1.696005e-01	8.080279e-02	8.879767e-02
238           	-3.987522e-03	9.454350e-01	1.660640e-01	7.904447e-02	8.701951e-02
239           	-3.933212e-03	9.399971e-01	1.564168e-01	7.427521e-02	8.214163e-02
240           	-3.851574e-03	9.308472e-01	1.447377e-01	6.851728e-02	7.622043e-02
241           	-3.768552e-03	9.212256e-01	1.347687e-01	6.361581e-02	7.115292e-02
242           	-3.702510e-03	9.137353e-01	1.274586e-01	6.002678e-02	6.743180e-02
243           	-3.652099e-03	9.085924e-01	1.225486e-01	5.762220e-02	6.492639e-02
244           	-3.614929e-03	9.055051e-01	1.197196e-01	5.624489e-02	6.347475e-02
245           	-3.592453e-03	9.038521e-01	1.181334e-01	5.547427e-02	6.265918e-02
246           	-3.587737e-03	9.030205e-01	1.171379e-01	5.498122e-02	6.215669e-02
247           	-3.595632e-03	9.020040e-01	1.163386e-01	5.457368e-02	6.176494e-02
248           	-3.602394e-03	8.997059e-01	1.156691e-01	5.423214e-02	6.143693e-02
249           	-3.600627e-03	8.962570e-01	1.152699e-01	5.403431e-02	6.123556e-02
250           	-3.588429e-03	8.927727e-01	1.147727e-01	5.379794e-02	6.097479e-02
251           	-3.577156e-03	8.911271e-01	1.131761e-01	5.301089e-02	6.016520e-02
252           	-3.579084e-03	8.922419e-01	1.099929e-01	5.141739e-02	5.857556e-02
253           	-3.597321e-03	8.956465e-01	1.063638e-01	4.958459e-02	5.677923e-02
254           	-3.620204e-03	8.991112e-01	1.039079e-01	4.833373e-02	5.557414e-02
255           	-3.643523e-03	9.018914e-01	1.028746e-01	4.779377e-02	5.508081e-02
256           	-3.667021e-03	9.038966e-01	1.031312e-01	4.789857e-02	5.523262e-02
257           	-3.686928e-03	9.043333e-01	1.044725e-01	4.854934e-02	5.592319e-02
258           	-3.707237e-03	9.034591e-01	1.062516e-01	4.941859e-02	5.683306e-02
259           	-3.735914e-03	9.030908e-01	1.072442e-01	4.988617e-02	5.735800e-02
260           	-3.787156e-03	9.052128e-01	1.063066e-01	4.936614e-02	5.694045e-02
261           	-3.855433e-03	9.096543e-01	1.025298e-01	4.740948e-02	5.512035e-02
262           	-3.923025e-03	9.148430e-01	9.624899e-02	4.420147e-02	5.204752e-02
263           	-3.975541e-03	9.196891e-01	8.975265e-02	4.090078e-02	4.885187e-02
264           	-4.001722e-03	9.232763e-01	8.525566e-02	3.862611e-02	4.662955e-02
265           	-3.997339e-03	9.253053e-01	8.391502e-02	3.796017e-02	4.595485e-02
266           	-3.969775e-03	9.270042e-01	8.594535e-02	3.900290e-02	4.694245e-02
267           	-3.922887e-03	9.287173e-01	9.244770e-02	4.230096e-02	5.014674e-02
268           	-3.861225e-03	9.296444e-01	1.059081e-01	4.909281e-02	5.681526e-02
269           	-3.802414e-03	9.292507e-01	1.260522e-01	5.922368e-02	6.682851e-02
270           	-3.753462e-03	9.267148e-01	1.493698e-01	7.093142e-02	7.843835e-02
271           	-3.708968e-03	9.224331e-01	1.721231e-01	8.235257e-02	8.977051e-02
272           	-3.673104e-03	9.188548e-01	1.913972e-01	9.202549e-02	9.937170e-02
273           	-3.649930e-03	9.165851e-01	2.063152e-01	9.950767e-02	1.068075e-01
274           	-3.638531e-03	9.152154e-01	2.161589e-01	1.044409e-01	1.117180e-01
275           	-3.635382e-03	9.145875e-01	2.203550e-01	1.065421e-01	1.138129e-01
276           	-3.634825e-03	9.142671e-01	2.169921e-01	1.048612e-01	1.121309e-01
277           	-3.632469e-03	9.148125e-01	2.027539e-01	9.774446e-02	1.050094e-01
278           	-3.608254e-03	9.152220e-01	1.756832e-01	8.423334e-02	9.144985e-02
279           	-3.563530e-03	9.149501e-01	1.386773e-01	6.577514e-02	7.290220e-02
280           	-3.511651e-03	9.137924e-01	9.791533e-02	4.544602e-02	5.246932e-02
281           	-3.458695e-03	9.110929e-01	5.881363e-02	2.594812e-02	3.286551e-02
282           	-3.420516e-03	9.086526e-01	2.672748e-02	9.943226e-03	1.678426e-02
283           	-3.396251e-03	9.062623e-01	4.044114e-03	-1.374194e-03	5.418308e-03
284           	-3.387253e-03	9.044685e-01	-8.222124e-03	-7.498315e-03	-7.238085e-04
285           	-3.391904e-03	9.027068e-01	-9.101735e-03	-7.942772e-03	-1.158963e-03
286           	-3.413657e-03	9.015919e-01	2.644989e-03	-2.091162e-03	4.736151e-03
287           	-3.468940e-03	9.025340e-01	2.485447e-02	8.958297e-03	1.589618e-02
288           	-3.563957e-03	9.067553e-01	5.287545e-02	2.287377e-02	3.000168e-02
289           	-3.690914e-03	9.145637e-01	8.223476e-02	3.742646e-02	4.480829e-02
290           	-3.818400e-03	9.239672e-01	1.097821e-01	5.107266e-02	5.870946e-02
291           	-3.925216e-03	9.332687e-01	1.346689e-01	6.340923e-02	7.125967e-02
292           	-4.001278e-03	9.411751e-01	1.565859e-01	7.429165e-02	8.229421e-02
293           	-4.037613e-03	9.454278e-01	1.747600e-01	8.334238e-02	9.141760e-02
294           	-4.048014e-03	9.466590e-01	1.896500e-01	9.077697e-02	9.887300e-02
295           	-4.041961e-03	9.456485e-01	2.013102e-01	9.661313e-02	1.046971e-01
296           	-4.025085e-03	9.431038e-01	2.093128e-01	1.006313e-01	1.086815e-01
297           	-4.005241e-03	9.401694e-01	2.128892e-01	1.024394e-01	1.104498e-01
298           	-3.993654e-03	9.389289e-01	2.113758e-01	1.016943e-01	1.096816e-01
299           	-3.991346e-03	9.400001e-01	2.056387e-01	9.882799e-02	1.068107e-01
300           	-3.993152e-03	9.422343e-01	1.974262e-01	9.471994e-02	1.027062e-01
301           	-3.992688e-03	9.441037e-01	1.873844e-01	8.969950e-02	9.768488e-02
302           	-3.982926e-03	9.444992e-01	1.757236e-01	8.387886e-02	9.184472e-02
303           	-3.961610e-03	9.427641e-01	1.625281e-01	7.730243e-02	8.522565e-02
304           	-3.936624e-03	9.392148e-01	1.484671e-01	7.029693e-02	7.817018e-02
305           	-3.919800e-03	9.355936e-01	1.356342e-01	6.389728e-02	7.173688e-02
306           	-3.913267e-03	9.329336e-01	1.242551e-01	5.821427e-02	6.604080e-02
307           	-3.916145e-03	9.320685e-01	1.139717e-01	5.306970e-02	6.090199e-02
308           	-3.925794e-03	9.335929e-01	1.035174e-01	4.783293e-02	5.568451e-02
309           	-3.922763e-03	9.352152e-01	9.351915e-02	4.283681e-02	5.068234e-02
310           	-3.881492e-03	9.342538e-01	8.531644e-02	3.877673e-02	4.653971e-02
311           	-3.798995e-03	9.293718e-01	8.238165e-02	3.739183e-02	4.498982e-02
312           	-3.701550e-03	9.221895e-01	8.654195e-02	3.956942e-02	4.697252e-02
313           	-3.617571e-03	9.156451e-01	9.584954e-02	4.430720e-02	5.154234e-02
314           	-3.561163e-03	9.115127e-01	1.067976e-01	4.983762e-02	5.695994e-02
315           	-3.537871e-03	9.109427e-01	1.168089e-01	5.486660e-02	6.194234e-02
316           	-3.539424e-03	9.131525e-01	1.249553e-01	5.893820e-02	6.601705e-02
317           	-3.549914e-03	9.162341e-01	1.309222e-01	6.191120e-02	6.901103e-02
318           	-3.560258e-03	9.190409e-01	1.339809e-01	6.343021e-02	7.055072e-02
319           	-3.565056e-03	9.209217e-01	1.323465e-01	6.260821e-02	6.973832e-02
320           	-3.555667e-03	9.211915e-01	1.242177e-01	5.855318e-02	6.566451e-02
321           	-3.518298e-03	9.186437e-01	1.097878e-01	5.137562e-02	5.841222e-02
322           	-3.453110e-03	9.129140e-01	9.197186e-02	4.253282e-02	4.943904e-02
323           	-3.387250e-03	9.064493e-01	7.709974e-02	3.516262e-02	4.193712e-02
324           	-3.338878e-03	9.009994e-01	6.967225e-02	3.149725e-02	3.817500e-02
325           	-3.310056e-03	8.969484e-01	7.114385e-02	3.226187e-02	3.888198e-02
326           	-3.297806e-03	8.941485e-01	7.989921e-02	3.665180e-02	4.324741e-02
327           	-3.293704e-03	8.914757e-01	9.291648e-02	4.316454e-02	4.975194e-02
328           	-3.289855e-03	8.881166e-01	1.070121e-01	5.021619e-02	5.679590e-02
329           	-3.288889e-03	8.844818e-01	1.199440e-01	5.668313e-02	6.326090e-02
330           	-3.303715e-03	8.817255e-01	1.301522e-01	6.177239e-02	6.837982e-02
331           	-3.340040e-03	8.804893e-01	1.374969e-01	6.540842e-02	7.208850e-02
332           	-3.389341e-03	8.804631e-01	1.416955e-01	6.745839e-02	7.423707e-02
333           	-3.445814e-03	8.811664e-01	1.423130e-01	6.771068e-02	7.460231e-02
334           	-3.521807e-03	8.834300e-01	1.370647e-01	6.501055e-02	7.205416e-02
335           	-3.617407e-03	8.875182e-01	1.251072e-01	5.893619e-02	6.617100e-02
336           	-3.704120e-03	8.917557e-01	1.108420e-01	5.171689e-02	5.912513e-02
337           	-3.765985e-03	8.947377e-01	9.976245e-02	4.611524e-02	5.364721e-02
338           	-3.803482e-03	8.961899e-01	9.364342e-02	4.301823e-02	5.062519e-02
339           	-3.817168e-03	8.961315e-01	9.205132e-02	4.220849e-02	4.984283e-02
340           	-3.819463e-03	8.958063e-01	9.364549e-02	4.300328e-02	5.064221e-02
341           	-3.824806e-03	8.969041e-01	9.743371e-02	4.489205e-02	5.254166e-02
342           	-3.848828e-03	9.008143e-01	1.027045e-01	4.750344e-02	5.520110e-02
343           	-3.894826e-03	9.078237e-01	1.090313e-01	5.062081e-02	5.841047e-02
344           	-3.956569e-03	9.169809e-01	1.152770e-01	5.368191e-02	6.159505e-02
345           	-4.022407e-03	9.266228e-01	1.203894e-01	5.617227e-02	6.421708e-02
346           	-4.086215e-03	9.359879e-01	1.240294e-01	5.792849e-02	6.610092e-02
347           	-4.131742e-03	9.428586e-01	1.253575e-01	5.854699e-02	6.681047e-02
348           	-4.144802e-03	9.453869e-01	1.245976e-01	5.815402e-02	6.644362e-02
349           	-4.128230e-03	9.442056e-01	1.225047e-01	5.712414e-02	6.538060e-02
350           	-4.083947e-03	9.397793e-01	1.196772e-01	5.575467e-02	6.392256e-02
351           	-4.021072e-03	9.335084e-01	1.165717e-01	5.426478e-02	6.230693e-02
352           	-3.942247e-03	9.259760e-01	1.136548e-01	5.288516e-02	6.076966e-02
353           	-3.860755e-03	9.186813e-01	1.126041e-01	5.244128e-02	6.016279e-02
354           	-3.799990e-03	9.147694e-01	1.150666e-01	5.373330e-02	6.133328e-02
355           	-3.760854e-03	9.155857e-01	1.215173e-01	5.699780e-02	6.451950e-02
356           	-3.730075e-03	9.189236e-01	1.315029e-01	6.202138e-02	6.948153e-02
357           	-3.703777e-03	9.235247e-01	1.433799e-01	6.798617e-02	7.539373e-02
358           	-3.678666e-03	9.272305e-01	1.549140e-01	7.377835e-02	8.113568e-02
359           	-3.645795e-03	9.272197e-01	1.633241e-01	7.801625e-02	8.530784e-02
360           	-3.606311e-03	9.238512e-01	1.666360e-01	7.971167e-02	8.692430e-02
361           	-3.561628e-03	9.185111e-01	1.627883e-01	7.783251e-02	8.495577e-02
362           	-3.515511e-03	9.123433e-01	1.519941e-01	7.248152e-02	7.951254e-02
363           	-3.478891e-03	9.064611e-01	1.355833e-01	6.431277e-02	7.127055e-02
364           	-3.464400e-03	9.024950e-01	1.144477e-01	5.375946e-02	6.068826e-02
365           	-3.470903e-03	9.009616e-01	9.097981e-02	4.201900e-02	4.896081e-02
366           	-3.500746e-03	9.024607e-01	6.915914e-02	3.107883e-02	3.808032e-02
367           	-3.544409e-03	9.059138e-01	5.295187e-02	2.293152e-02	3.002034e-02
368           	-3.585333e-03	9.090702e-01	4.427268e-02	1.855101e-02	2.572167e-02
369           	-3.614206e-03	9.116962e-01	4.383238e-02	1.830198e-02	2.553039e-02
370           	-3.628015e-03	9.138171e-01	5.199965e-02	2.237181e-02	2.962784e-02
371           	-3.647884e-03	9.172168e-01	6.606444e-02	2.938433e-02	3.668010e-02
372           	-3.684693e-03	9.223988e-01	8.186813e-02	3.724937e-02	4.461876e-02
373           	-3.737114e-03	9.293462e-01	9.694269e-02	4.473423e-02	5.220846e-02
374           	-3.786476e-03	9.360186e-01	1.082261e-01	5.032655e-02	5.789950e-02
375           	-3.825338e-03	9.418103e-01	1.165438e-01	5.444657e-02	6.209725e-02
376           	-3.852204e-03	9.460428e-01	1.233544e-01	5.782497e-02	6.552938e-02
377           	-3.864957e-03	9.480784e-01	1.298475e-01	6.105880e-02	6.878871e-02
378           	-3.862499e-03	9.483911e-01	1.357420e-01	6.400849e-02	7.173349e-02
379           	-3.842694e-03	9.470604e-01	1.411254e-01	6.671998e-02	7.440537e-02
380           	-3.814589e-03	9.452564e-01	1.451619e-01	6.876636e-02	7.639554e-02
381           	-3.783435e-03	9.430460e-01	1.471616e-01	6.979739e-02	7.736426e-02
382           	-3.747552e-03	9.394090e-01	1.471578e-01	6.983137e-02	7.732647e-02
383           	-3.708281e-03	9.343005e-01	1.444023e-01	6.849288e-02	7.590944e-02
384           	-3.678109e-03	9.300607e-01	1.382496e-01	6.544671e-02	7.280292e-02
385           	-3.665999e-03	9.284139e-01	1.286208e-01	6.064440e-02	6.797639e-02
386           	-3.668271e-03	9.289131e-01	1.159825e-01	5.432299e-02	6.165954e-02
387           	-3.669806e-03	9.297844e-01	1.013075e-01	4.698397e-02	5.432358e-02
388           	-3.665098e-03	9.302004e-01	8.641805e-02	3.954393e-02	4.687412e-02
389           	-3.656211e-03	9.300996e-01	7.259035e-02	3.263897e-02	3.995139e-02
390           	-3.644395e-03	9.287914e-01	6.168767e-02	2.719944e-02	3.448823e-02
391           	-3.628550e-03	9.256555e-01	5.481778e-02	2.378034e-02	3.103744e-02
392           	-3.607275e-03	9.207594e-01	5.232648e-02	2.255597e-02	2.977052e-02
393           	-3.581574e-03	9.152088e-01	5.410379e-02	2.347032e-02	3.063347e-02
394           	-3.558403e-03	9.101379e-01	5.989855e-02	2.639087e-02	3.350768e-02
395           	-3.549911e-03	9.068354e-01	6.859476e-02	3.074747e-02	3.784729e-02
396           	-3.565999e-03	9.066057e-01	7.898583e-02	3.592692e-02	4.305891e-02
397           	-3.609131e-03	9.097797e-01	9.007571e-02	4.142872e-02	4.864699e-02
398           	-3.686005e-03	9.174878e-01	1.015763e-01	4.710215e-02	5.447416e-02
399           	-3.772951e-03	9.268034e-01	1.111421e-01	5.179809e-02	5.934399e-02
400           	-3.853417e-03	9.357772e-01	1.188754e-01	5.558431e-02	6.329114e-02
401           	-3.917754e-03	9.429458e-01	1.236661e-01	5.791530e-02	6.575081e-02
402           	-3.947988e-03	9.468335e-01	1.244980e-01	5.830102e-02	6.619700e-02
403           	-3.931275e-03	9.463439e-01	1.195325e-01	5.583496e-02	6.369751e-02
404           	-3.881677e-03	9.426982e-01	1.096642e-01	5.095045e-02	5.871380e-02
405           	-3.814054e-03	9.379731e-01	9.820634e-02	4.528911e-02	5.291722e-02
406           	-3.744237e-03	9.327698e-01	8.899709e-02	4.075431e-02	4.824278e-02
407           	-3.671311e-03	9.267474e-01	8.438983e-02	3.852360e-02	4.586623e-02
408           	-3.583070e-03	9.182824e-01	8.597604e-02	3.940495e-02	4.657109e-02
409           	-3.494650e-03	9.087799e-01	9.501336e-02	4.401203e-02	5.100133e-02
410           	-3.443346e-03	9.021996e-01	1.098687e-01	5.149101e-02	5.837770e-02
411           	-3.453072e-03	9.011012e-01	1.266221e-01	5.985795e-02	6.676410e-02
412           	-3.519506e-03	9.049660e-01	1.416753e-01	6.731813e-02	7.435714e-02
413           	-3.621511e-03	9.114406e-01	1.532691e-01	7.301306e-02	8.025608e-02
414           	-3.735013e-03	9.181077e-01	1.600111e-01	7.627055e-02	8.374058e-02
415           	-3.841443e-03	9.235041e-01	1.612050e-01	7.676108e-02	8.444397e-02
416           	-3.929910e-03	9.266589e-01	1.566208e-01	7.438051e-02	8.224032e-02
417           	-3.999083e-03	9.292104e-01	1.469638e-01	6.948280e-02	7.748096e-02
418           	-4.040594e-03	9.322576e-01	1.355173e-01	6.371807e-02	7.179926e-02
419           	-4.055984e-03	9.368086e-01	1.240390e-01	5.796352e-02	6.607549e-02
420           	-4.053522e-03	9.421001e-01	1.131928e-01	5.254289e-02	6.064993e-02
421           	-4.039209e-03	9.458515e-01	1.051344e-01	4.852801e-02	5.660643e-02
422           	-4.023482e-03	9.482056e-01	1.007557e-01	4.635435e-02	5.440132e-02
423           	-4.007177e-03	9.482327e-01	1.000109e-01	4.599828e-02	5.401263e-02
424           	-3.982251e-03	9.450314e-01	1.017615e-01	4.689850e-02	5.486300e-02
425           	-3.946289e-03	9.385246e-01	1.040807e-01	4.809408e-02	5.598666e-02
426           	-3.909987e-03	9.309876e-01	1.052723e-01	4.872614e-02	5.654612e-02
427           	-3.879329e-03	9.248861e-01	1.041177e-01	4.817953e-02	5.593819e-02
428           	-3.856712e-03	9.226496e-01	1.011660e-01	4.672630e-02	5.443972e-02
429           	-3.844760e-03	9.242264e-01	9.752406e-02	4.491727e-02	5.260679e-02
430           	-3.838818e-03	9.278299e-01	9.303442e-02	4.267839e-02	5.035603e-02
431           	-3.828368e-03	9.310105e-01	8.762710e-02	3.998518e-02	4.764192e-02
432           	-3.807354e-03	9.327656e-01	8.175146e-02	3.706837e-02	4.468308e-02
433           	-3.773949e-03	9.325023e-01	7.662369e-02	3.453790e-02	4.208579e-02
434           	-3.733797e-03	9.304254e-01	7.391695e-02	3.322468e-02	4.069227e-02
435           	-3.691667e-03	9.271384e-01	7.425674e-02	3.343670e-02	4.082004e-02
436           	-3.652640e-03	9.233079e-01	7.733129e-02	3.501300e-02	4.231828e-02
437           	-3.622781e-03	9.201433e-01	8.201229e-02	3.738337e-02	4.462893e-02
438           	-3.603619e-03	9.185293e-01	8.634764e-02	3.957020e-02	4.677744e-02
439           	-3.590610e-03	9.175883e-01	8.961359e-02	4.121618e-02	4.839740e-02
440           	-3.582672e-03	9.162047e-01	9.178395e-02	4.230931e-02	4.947465e-02
441           	-3.585850e-03	9.149824e-01	9.251840e-02	4.267335e-02	4.984505e-02
442           	-3.605155e-03	9.144351e-01	9.182580e-02	4.230774e-02	4.951805e-02
443           	-3.631605e-03	9.145929e-01	9.055768e-02	4.164724e-02	4.891045e-02
444           	-3.650857e-03	9.152521e-01	9.009415e-02	4.139622e-02	4.869793e-02
445           	-3.660515e-03	9.160062e-01	9.133950e-02	4.200923e-02	4.933026e-02
446           	-3.666995e-03	9.165726e-01	9.510061e-02	4.388331e-02	5.121730e-02
447           	-3.673322e-03	9.169551e-01	1.017587e-01	4.720600e-02	5.455265e-02
448           	-3.676072e-03	9.178689e-01	1.107266e-01	5.168721e-02	5.903936e-02
449           	-3.676830e-03	9.199867e-01	1.201850e-01	5.641568e-02	6.376934e-02
450           	-3.682030e-03	9.225884e-01	1.284983e-01	6.056713e-02	6.793119e-02
451           	-3.685889e-03	9.236534e-01	1.344376e-01	6.353290e-02	7.090468e-02
452           	-3.684442e-03	9.224557e-01	1.385291e-01	6.558012e-02	7.294900e-02
453           	-3.668183e-03	9.179803e-01	1.424370e-01	6.755034e-02	7.488670e-02
454           	-3.641472e-03	9.108467e-01	1.475144e-01	7.011573e-02	7.739868e-02
455           	-3.618164e-03	9.025866e-01	1.540665e-01	7.341506e-02	8.065139e-02
456           	-3.611268e-03	8.948265e-01	1.615817e-01	7.717960e-02	8.440213e-02
457           	-3.629835e-03	8.897976e-01	1.687465e-01	8.074342e-02	8.800309e-02
458           	-3.663777e-03	8.875259e-01	1.749752e-01	8.382383e-02	9.115139e-02
459           	-3.707874e-03	8.884837e-01	1.789879e-01	8.578610e-02	9.320184e-02
460           	-3.769500e-03	8.935346e-01	1.788658e-01	8.566340e-02	9.320240e-02
461           	-3.855512e-03	9.032613e-01	1.729555e-01	8.262225e-02	9.033327e-02
462           	-3.952869e-03	9.164243e-01	1.595778e-01	7.583602e-02	8.374176e-02
463           	-4.032930e-03	9.289370e-01	1.370678e-01	6.450098e-02	7.256684e-02
464           	-4.061069e-03	9.365914e-01	1.050202e-01	4.844902e-02	5.657116e-02
465           	-4.026153e-03	9.384580e-01	6.714226e-02	2.954497e-02	3.759728e-02
466           	-3.962765e-03	9.379379e-01	3.017838e-02	1.112642e-02	1.905195e-02
467           	-3.923181e-03	9.381172e-01	2.324161e-04	-3.806973e-03	4.039389e-03
468           	-3.915868e-03	9.389953e-01	-1.857696e-02	-1.320435e-02	-5.372614e-03
469           	-3.930203e-03	9.404164e-01	-2.418319e-02	-1.602180e-02	-8.161394e-03
470           	-3.964734e-03	9.433919e-01	-1.512803e-02	-1.152875e-02	-3.599279e-03
471           	-4.017663e-03	9.489243e-01	9.481374e-03	7.230237e-04	8.758350e-03
472           	-4.064656e-03	9.550443e-01	4.665783e-02	1.926426e-02	2.739357e-02
473           	-4.088541e-03	9.588210e-01	8.881791e-02	4.032042e-02	4.849750e-02
474           	-4.080820e-03	9.585141e-01	1.304512e-01	6.114477e-02	6.930641e-02
475           	-4.049385e-03	9.551291e-01	1.658652e-01	7.888320e-02	8.698197e-02
476           	-4.018059e-03	9.515467e-01	1.909428e-01	9.145332e-02	9.948944e-02
477           	-4.004328e-03	9.499833e-01	2.043761e-01	9.818372e-02	1.061924e-01
478           	-3.999850e-03	9.495120e-01	2.087756e-01	1.003880e-01	1.083877e-01
479           	-3.985652e-03	9.474696e-01	2.061051e-01	9.906689e-02	1.070382e-01
480           	-3.951868e-03	9.423992e-01	1.967237e-01	9.440997e-02	1.023137e-01
481           	-3.890848e-03	9.332496e-01	1.815198e-01	8.686905e-02	9.465074e-02
482           	-3.805630e-03	9.216578e-01	1.638458e-01	7.811729e-02	8.572855e-02
483           	-3.709835e-03	9.107292e-01	1.480322e-01	7.030628e-02	7.772595e-02
484           	-3.615333e-03	9.012136e-01	1.363979e-01	6.458361e-02	7.181427e-02
485           	-3.529237e-03	8.932500e-01	1.286009e-01	6.077123e-02	6.782970e-02
486           	-3.461666e-03	8.882434e-01	1.238364e-01	5.845652e-02	6.537985e-02
487           	-3.412245e-03	8.858105e-01	1.218844e-01	5.752995e-02	6.435444e-02
488           	-3.373843e-03	8.845536e-01	1.223595e-01	5.780591e-02	6.455360e-02
489           	-3.340917e-03	8.831974e-01	1.243319e-01	5.882502e-02	6.550686e-02
490           	-3.315455e-03	8.818643e-01	1.266548e-01	6.001196e-02	6.664288e-02
491           	-3.308260e-03	8.820240e-01	1.281078e-01	6.074565e-02	6.736217e-02
492           	-3.326202e-03	8.843507e-01	1.265359e-01	5.994175e-02	6.659415e-02
493           	-3.365053e-03	8.881590e-01	1.193444e-01	5.630715e-02	6.303725e-02
494           	-3.415698e-03	8.926518e-01	1.044688e-01	4.881868e-02	5.565008e-02
495           	-3.466081e-03	8.973761e-01	8.279513e-02	3.793148e-02	4.486364e-02
496           	-3.503462e-03	9.015599e-01	5.815136e-02	2.557222e-02	3.257914e-02
497           	-3.522904e-03	9.050080e-01	3.510628e-02	1.403023e-02	2.107604e-02
498           	-3.526123e-03	9.074121e-01	1.761867e-02	5.283214e-03	1.233546e-02
499           	-3.506418e-03	9.071992e-01	7.724876e-03	3.560200e-04	7.368856e-03
500           	-3.468174e-03	9.042517e-01	8.182529e-03	6.230907e-04	7.559438e-03
501           	-3.432598e-03	9.017910e-01	1.945613e-02	6.295468e-03	1.316066e-02
502           	-3.414555e-03	9.023234e-01	3.948534e-02	1.632811e-02	2.315722e-02
503           	-3.421337e-03	9.064921e-01	6.610525e-02	2.963129e-02	3.647396e-02
504           	-3.443157e-03	9.115847e-01	9.410843e-02	4.361106e-02	5.049737e-02
505           	-3.463051e-03	9.134972e-01	1.171064e-01	5.509016e-02	6.201626e-02
506           	-3.482241e-03	9.123004e-01	1.327205e-01	6.287799e-02	6.984247e-02
507           	-3.514358e-03	9.100368e-01	1.406804e-01	6.682584e-02	7.385455e-02
508           	-3.558555e-03	9.071003e-01	1.410151e-01	6.694902e-02	7.406613e-02
509           	-3.609330e-03	9.038020e-01	1.334793e-01	6.313032e-02	7.034898e-02
510           	-3.653212e-03	9.006385e-01	1.184607e-01	5.557716e-02	6.288358e-02
511           	-3.674167e-03	8.974257e-01	9.776150e-02	4.520659e-02	5.255492e-02
512           	-3.669404e-03	8.945707e-01	7.398632e-02	3.332376e-02	4.066256e-02
513           	-3.645674e-03	8.939043e-01	5.024171e-02	2.147518e-02	2.876653e-02
514           	-3.602004e-03	8.947237e-01	3.146504e-02	1.213051e-02	1.933452e-02
515           	-3.546879e-03	8.962723e-01	1.988747e-02	6.396858e-03	1.349062e-02
516           	-3.483818e-03	8.975392e-01	1.536961e-02	4.200987e-03	1.116862e-02
517           	-3.415899e-03	8.975957e-01	1.690436e-02	5.036283e-03	1.186808e-02
518           	-3.346001e-03	8.960088e-01	2.176820e-02	7.538101e-03	1.423010e-02
519           	-3.278225e-03	8.924297e-01	2.668862e-02	1.006609e-02	1.662254e-02
520           	-3.222844e-03	8.881714e-01	2.999518e-02	1.177474e-02	1.822043e-02
521           	-3.189529e-03	8.852573e-01	3.165079e-02	1.263587e-02	1.901492e-02
522           	-3.178367e-03	8.848453e-01	3.282744e-02	1.323535e-02	1.959209e-02
523           	-3.183133e-03	8.871554e-01	3.464424e-02	1.413899e-02	2.050525e-02
524           	-3.193567e-03	8.911159e-01	3.710589e-02	1.535938e-02	2.174651e-02
525           	-3.200697e-03	8.957700e-01	4.029920e-02	1.694890e-02	2.335030e-02
526           	-3.200013e-03	8.997785e-01	4.448266e-02	1.904132e-02	2.544134e-02
527           	-3.196112e-03	9.026186e-01	4.940239e-02	2.150508e-02	2.789731e-02
528           	-3.198129e-03	9.045295e-01	5.429640e-02	2.395007e-02	3.034633e-02
529           	-3.215366e-03	9.065634e-01	5.862090e-02	2.609509e-02	3.252582e-02
530           	-3.240017e-03	9.083221e-01	6.244083e-02	2.798040e-02	3.446043e-02
531           	-3.254329e-03	9.080405e-01	6.621076e-02	2.985105e-02	3.635971e-02
532           	-3.257713e-03	9.055073e-01	6.957711e-02	3.153084e-02	3.804627e-02
533           	-3.268373e-03	9.025957e-01	7.074551e-02	3.210438e-02	3.864113e-02
534           	-3.309107e-03	9.027656e-01	6.818791e-02	3.078485e-02	3.740306e-02
535           	-3.377201e-03	9.063490e-01	6.283284e-02	2.803922e-02	3.479362e-02
536           	-3.431042e-03	9.096961e-01	5.831316e-02	2.572554e-02	3.258762e-02
537           	-3.442528e-03	9.099965e-01	5.641532e-02	2.476513e-02	3.165019e-02
538           	-3.417618e-03	9.080743e-01	5.702193e-02	2.509335e-02	3.192858e-02
539           	-3.382906e-03	9.061963e-01	6.052855e-02	2.688137e-02	3.364718e-02
540           	-3.353237e-03	9.051947e-01	6.686278e-02	3.007815e-02	3.678463e-02
541           	-3.341906e-03	9.054275e-01	7.469597e-02	3.400608e-02	4.068989e-02
542           	-3.354879e-03	9.066938e-01	8.238915e-02	3.783970e-02	4.454945e-02
543           	-3.396938e-03	9.095441e-01	8.830989e-02	4.075801e-02	4.755188e-02
544           	-3.455111e-03	9.133452e-01	9.066306e-02	4.187642e-02	4.878664e-02
545           	-3.510640e-03	9.172250e-01	8.844793e-02	4.071333e-02	4.773461e-02
546           	-3.551419e-03	9.203171e-01	8.027018e-02	3.658367e-02	4.368651e-02
547           	-3.570214e-03	9.221309e-01	6.581452e-02	2.933705e-02	3.647748e-02
548           	-3.573088e-03	9.245825e-01	4.866743e-02	2.076063e-02	2.790680e-02
549           	-3.563779e-03	9.280686e-01	3.283453e-02	1.285348e-02	1.998104e-02
550           	-3.543221e-03	9.316026e-01	2.099044e-02	6.951997e-03	1.403844e-02
551           	-3.508963e-03	9.335953e-01	1.478728e-02	3.884675e-03	1.090260e-02
552           	-3.461612e-03	9.328059e-01	1.593397e-02	4.505370e-03	1.142859e-02
553           	-3.419484e-03	9.298982e-01	2.399353e-02	8.577282e-03	1.541625e-02
554           	-3.408044e-03	9.285621e-01	3.581306e-02	1.449849e-02	2.131458e-02
555           	-3.429761e-03	9.308707e-01	4.774959e-02	2.044503e-02	2.730456e-02
556           	-3.463328e-03	9.358794e-01	5.807214e-02	2.557274e-02	3.249940e-02
557           	-3.486643e-03	9.414617e-01	6.664199e-02	2.983435e-02	3.680764e-02
558           	-3.491684e-03	9.456008e-01	7.327613e-02	3.314638e-02	4.012975e-02
559           	-3.472967e-03	9.461503e-01	7.820996e-02	3.563201e-02	4.257795e-02
560           	-3.431110e-03	9.422681e-01	8.087806e-02	3.700792e-02	4.387014e-02
561           	-3.370279e-03	9.343976e-01	8.088033e-02	3.706989e-02	4.381045e-02
562           	-3.318772e-03	9.265797e-01	7.811743e-02	3.573994e-02	4.237749e-02
563           	-3.285798e-03	9.200457e-01	7.343067e-02	3.342954e-02	4.000113e-02
564           	-3.270309e-03	9.148816e-01	6.769290e-02	3.057614e-02	3.711676e-02
565           	-3.275899e-03	9.124079e-01	6.089862e-02	2.717341e-02	3.372521e-02
566           	-3.304253e-03	9.129434e-01	5.299427e-02	2.319288e-02	2.980139e-02
567           	-3.344300e-03	9.152849e-01	4.362782e-02	1.846961e-02	2.515821e-02
568           	-3.376471e-03	9.171305e-01	3.275344e-02	1.300025e-02	1.975319e-02
569           	-3.390810e-03	9.171596e-01	2.124951e-02	7.233945e-03	1.401557e-02
570           	-3.393373e-03	9.153353e-01	1.062203e-02	1.917640e-03	8.704387e-03
571           	-3.398049e-03	9.134593e-01	5.471756e-04	-3.124462e-03	3.671637e-03
572           	-3.421726e-03	9.141033e-01	-9.750583e-03	-8.297018e-03	-1.453565e-03
573           	-3.462136e-03	9.170996e-01	-1.980978e-02	-1.336702e-02	-6.442752e-03
574           	-3.507958e-03	9.209675e-01	-2.874068e-02	-1.787830e-02	-1.086238e-02
575           	-3.542759e-03	9.238570e-01	-3.496246e-02	-2.102399e-02	-1.393847e-02
576           	-3.565913e-03	9.263251e-01	-3.780706e-02	-2.246944e-02	-1.533762e-02
577           	-3.585708e-03	9.298378e-01	-3.728460e-02	-2.222801e-02	-1.505659e-02
578           	-3.606577e-03	9.341396e-01	-3.322583e-02	-2.021949e-02	-1.300634e-02
579           	-3.622216e-03	9.372918e-01	-2.659058e-02	-1.691751e-02	-9.673073e-03
580           	-3.613566e-03	9.363730e-01	-1.849366e-02	-1.286039e-02	-5.633262e-03
581           	-3.574746e-03	9.307516e-01	-8.181747e-03	-7.665620e-03	-5.161275e-04
582           	-3.528896e-03	9.238770e-01	4.380896e-03	-1.338448e-03	5.719344e-03
583           	-3.491431e-03	9.175362e-01	2.025777e-02	6.637452e-03	1.362031e-02
584           	-3.477600e-03	9.134280e-01	3.719691e-02	1.512086e-02	2.207606e-02
585           	-3.486966e-03	9.118624e-01	5.522938e-02	2.412772e-02	3.110166e-02
586           	-3.510137e-03	9.118584e-01	7.428349e-02	3.363161e-02	4.065188e-02
587           	-3.539252e-03	9.129281e-01	9.273167e-02	4.282658e-02	4.990509e-02
588           	-3.560449e-03	9.137032e-01	1.086301e-01	5.075461e-02	5.787551e-02
589           	-3.568999e-03	9.133586e-01	1.217861e-01	5.732404e-02	6.446204e-02
590           	-3.572141e-03	9.123664e-01	1.314290e-01	6.214238e-02	6.928666e-02
591           	-3.579881e-03	9.112218e-01	1.372629e-01	6.505159e-02	7.221135e-02
592           	-3.595368e-03	9.104155e-01	1.396685e-01	6.623887e-02	7.342960e-02
593           	-3.615187e-03	9.097529e-01	1.390766e-01	6.592312e-02	7.315350e-02
594           	-3.637747e-03	9.093112e-01	1.357352e-01	6.422985e-02	7.150535e-02
595           	-3.661221e-03	9.093653e-01	1.300592e-01	6.136838e-02	6.869082e-02
596           	-3.680915e-03	9.096875e-01	1.230676e-01	5.785288e-02	6.521471e-02
597           	-3.695150e-03	9.102620e-01	1.159521e-01	5.428092e-02	6.167122e-02
598           	-3.700704e-03	9.104841e-01	1.096539e-01	5.112624e-02	5.852764e-02
599           	-3.692999e-03	9.096102e-01	1.050904e-01	4.885222e-02	5.623821e-02
600           	-3.674844e-03	9.079326e-01	1.024398e-01	4.754504e-02	5.489473e-02
601           	-3.651234e-03	9.059813e-01	1.018948e-01	4.729617e-02	5.459864e-02
602           	-3.627164e-03	9.037537e-01	1.030580e-01	4.790185e-02	5.515617e-02
603           	-3.612312e-03	9.017539e-01	1.057524e-01	4.926391e-02	5.648853e-02
604           	-3.618421e-03	9.007767e-01	1.092914e-01	5.102730e-02	5.826415e-02
605           	-3.646168e-03	9.002119e-01	1.123401e-01	5.252386e-02	5.981620e-02
606           	-3.695384e-03	9.003020e-01	1.144580e-01	5.353363e-02	6.092440e-02
607           	-3.764862e-03	9.027650e-01	1.158933e-01	5.418179e-02	6.171151e-02
608           	-3.841250e-03	9.081717e-01	1.166722e-01	5.449486e-02	6.217736e-02
609           	-3.917292e-03	9.165917e-01	1.175505e-01	5.485794e-02	6.269253e-02
610           	-3.987047e-03	9.270235e-01	1.184188e-01	5.522236e-02	6.319645e-02
611           	-4.039888e-03	9.371564e-01	1.195450e-01	5.573261e-02	6.381239e-02
612           	-4.072489e-03	9.456056e-01	1.213587e-01	5.660685e-02	6.475183e-02
613           	-4.078486e-03	9.508950e-01	1.245296e-01	5.818630e-02	6.634327e-02
614           	-4.053005e-03	9.515113e-01	1.301990e-01	6.104649e-02	6.915250e-02
615           	-4.001575e-03	9.467014e-01	1.391277e-01	6.556225e-02	7.356540e-02
616           	-3.944788e-03	9.384365e-01	1.500206e-01	7.106552e-02	7.895510e-02
617           	-3.901843e-03	9.298004e-01	1.605822e-01	7.638928e-02	8.419296e-02
618           	-3.876752e-03	9.221981e-01	1.692993e-01	8.077290e-02	8.852640e-02
619           	-3.866472e-03	9.157992e-01	1.762761e-01	8.427156e-02	9.200450e-02
620           	-3.862549e-03	9.101422e-01	1.811853e-01	8.673009e-02	9.445519e-02
621           	-3.857532e-03	9.048123e-01	1.837379e-01	8.801141e-02	9.572647e-02
622           	-3.848222e-03	8.999757e-01	1.839170e-01	8.811029e-02	9.580674e-02
623           	-3.841265e-03	8.964236e-01	1.812165e-01	8.676701e-02	9.444954e-02
624           	-3.840329e-03	8.944193e-01	1.745578e-01	8.343856e-02	9.111922e-02
625           	-3.838278e-03	8.933334e-01	1.632521e-01	7.778778e-02	8.546433e-02
626           	-3.832355e-03	8.926873e-01	1.476471e-01	6.999120e-02	7.765591e-02
627           	-3.829025e-03	8.927641e-01	1.303067e-01	6.132430e-02	6.898235e-02
628           	-3.833550e-03	8.935243e-01	1.132187e-01	5.277580e-02	6.044290e-02
629           	-3.842223e-03	8.945001e-01	9.781210e-02	4.506383e-02	5.274827e-02
630           	-3.851539e-03	8.958247e-01	8.534242e-02	3.881967e-02	4.652275e-02
631           	-3.854621e-03	8.975528e-01	7.615933e-02	3.422504e-02	4.193428e-02
632           	-3.840827e-03	8.993172e-01	7.093221e-02	3.162528e-02	3.930693e-02
633           	-3.797246e-03	9.002396e-01	7.110775e-02	3.175663e-02	3.935112e-02
634           	-3.732003e-03	9.004053e-01	7.837573e-02	3.545586e-02	4.291987e-02
635           	-3.665733e-03	9.008015e-01	9.378352e-02	4.322603e-02	5.055749e-02
636           	-3.630260e-03	9.029888e-01	1.161204e-01	5.442996e-02	6.169048e-02
637           	-3.635623e-03	9.059817e-01	1.399821e-01	6.635542e-02	7.362667e-02
638           	-3.670142e-03	9.087831e-01	1.604747e-01	7.656721e-02	8.390750e-02
639           	-3.708503e-03	9.093802e-01	1.744548e-01	8.351892e-02	9.093593e-02
640           	-3.737356e-03	9.077005e-01	1.812515e-01	8.688838e-02	9.436310e-02
641           	-3.758981e-03	9.048396e-01	1.819095e-01	8.719578e-02	9.471374e-02
642           	-3.787045e-03	9.036588e-01	1.765269e-01	8.447642e-02	9.205051e-02
643           	-3.818853e-03	9.044849e-01	1.660177e-01	7.918999e-02	8.682769e-02
644           	-3.839864e-03	9.053381e-01	1.535503e-01	7.293531e-02	8.061503e-02
645           	-3.841091e-03	9.055827e-01	1.422847e-01	6.730127e-02	7.498345e-02
646           	-3.827843e-03	9.061981e-01	1.339889e-01	6.316662e-02	7.082231e-02
647           	-3.803839e-03	9.073809e-01	1.297035e-01	6.104790e-02	6.865557e-02
648           	-3.769100e-03	9.083722e-01	1.296554e-01	6.105858e-02	6.859678e-02
649           	-3.726636e-03	9.088241e-01	1.330142e-01	6.278048e-02	7.023375e-02
650           	-3.686673e-03	9.092636e-01	1.385536e-01	6.559015e-02	7.296350e-02
651           	-3.651542e-03	9.096141e-01	1.451435e-01	6.892018e-02	7.622327e-02
652           	-3.617212e-03	9.097954e-01	1.510982e-01	7.193187e-02	7.916630e-02
653           	-3.580553e-03	9.096566e-01	1.548170e-01	7.382796e-02	8.098906e-02
654           	-3.540870e-03	9.087515e-01	1.548050e-01	7.386163e-02	8.094337e-02
655           	-3.510416e-03	9.087970e-01	1.498338e-01	7.140648e-02	7.842731e-02
656           	-3.497830e-03	9.113152e-01	1.396934e-01	6.634886e-02	7.334452e-02
657           	-3.499003e-03	9.159358e-01	1.260412e-01	5.952160e-02	6.651961e-02
658           	-3.507182e-03	9.207268e-01	1.122009e-01	5.259328e-02	5.960765e-02
659           	-3.527355e-03	9.248536e-01	1.008156e-01	4.688043e-02	5.393514e-02
660           	-3.551768e-03	9.276566e-01	9.281712e-02	4.285679e-02	4.996033e-02
661           	-3.563505e-03	9.278951e-01	8.833296e-02	4.060297e-02	4.772998e-02
662           	-3.552090e-03	9.257346e-01	8.720064e-02	4.004823e-02	4.715241e-02
663           	-3.522505e-03	9.226571e-01	8.899899e-02	4.097699e-02	4.802200e-02
664           	-3.498207e-03	9.210696e-01	9.294482e-02	4.297420e-02	4.997062e-02
665           	-3.496824e-03	9.222415e-01	9.761158e-02	4.530897e-02	5.230261e-02
666           	-3.516203e-03	9.252511e-01	1.021138e-01	4.754068e-02	5.457309e-02
667           	-3.540992e-03	9.276425e-01	1.066589e-01	4.978848e-02	5.687046e-02
668           	-3.553284e-03	9.275490e-01	1.112228e-01	5.205810e-02	5.916467e-02
669           	-3.553816e-03	9.254959e-01	1.154450e-01	5.416871e-02	6.127634e-02
670           	-3.554496e-03	9.232149e-01	1.198385e-01	5.636473e-02	6.347373e-02
671           	-3.559315e-03	9.220878e-01	1.250691e-01	5.897521e-02	6.609384e-02
672           	-3.559516e-03	9.217106e-01	1.313294e-01	6.210520e-02	6.922423e-02
673           	-3.550857e-03	9.211084e-01	1.382363e-01	6.556729e-02	7.266900e-02
674           	-3.538357e-03	9.192620e-01	1.448090e-01	6.886615e-02	7.594287e-02
675           	-3.516620e-03	9.143306e-01	1.499292e-01	7.144798e-02	7.848122e-02
676           	-3.497351e-03	9.077118e-01	1.514653e-01	7.223528e-02	7.922998e-02
677           	-3.501109e-03	9.020865e-01	1.486646e-01	7.083119e-02	7.783341e-02
678           	-3.527064e-03	8.991242e-01	1.433386e-01	6.814223e-02	7.519636e-02
679           	-3.550440e-03	8.978036e-01	1.374156e-01	6.515738e-02	7.225826e-02
680           	-3.573079e-03	8.984421e-01	1.304517e-01	6.165276e-02	6.879892e-02
681           	-3.614497e-03	9.026299e-01	1.196971e-01	5.623405e-02	6.346305e-02
682           	-3.672837e-03	9.098620e-01	1.054904e-01	4.907235e-02	5.641803e-02
683           	-3.720330e-03	9.169178e-01	8.900155e-02	4.078044e-02	4.822110e-02
684           	-3.740944e-03	9.218881e-01	7.082816e-02	3.167314e-02	3.915502e-02
685           	-3.744852e-03	9.243985e-01	5.504091e-02	2.377560e-02	3.126531e-02
686           	-3.742447e-03	9.247469e-01	4.591493e-02	1.921502e-02	2.669991e-02
687           	-3.733994e-03	9.231007e-01	4.603771e-02	1.928486e-02	2.675285e-02
688           	-3.722125e-03	9.211244e-01	5.474314e-02	2.364945e-02	3.109370e-02
689           	-3.722825e-03	9.214603e-01	7.010762e-02	3.133099e-02	3.877664e-02
690           	-3.745028e-03	9.251100e-01	8.884071e-02	4.067533e-02	4.816538e-02
691           	-3.770573e-03	9.294031e-01	1.059802e-01	4.921951e-02	5.676066e-02
692           	-3.791414e-03	9.329775e-01	1.203381e-01	5.637765e-02	6.396047e-02
693           	-3.803180e-03	9.343579e-01	1.307036e-01	6.154863e-02	6.915499e-02
694           	-3.812232e-03	9.348062e-01	1.355397e-01	6.395762e-02	7.158208e-02
695           	-3.827380e-03	9.359493e-01	1.362083e-01	6.427677e-02	7.193153e-02
696           	-3.849597e-03	9.382348e-01	1.349709e-01	6.363583e-02	7.133502e-02
697           	-3.874623e-03	9.419020e-01	1.345860e-01	6.341837e-02	7.116762e-02
698           	-3.890263e-03	9.446210e-01	1.370508e-01	6.463513e-02	7.241565e-02
699           	-3.887385e-03	9.438580e-01	1.420636e-01	6.714439e-02	7.491916e-02
700           	-3.863201e-03	9.393790e-01	1.480079e-01	7.014077e-02	7.786717e-02
701           	-3.813655e-03	9.312113e-01	1.536398e-01	7.300625e-02	8.063356e-02
702           	-3.747665e-03	9.206662e-01	1.578603e-01	7.518250e-02	8.267783e-02
703           	-3.685244e-03	9.097775e-01	1.598634e-01	7.624645e-02	8.361694e-02
704           	-3.646721e-03	9.006613e-01	1.588666e-01	7.578658e-02	8.308002e-02
705           	-3.646601e-03	8.953876e-01	1.540032e-01	7.335501e-02	8.064821e-02
706           	-3.681996e-03	8.947640e-01	1.457101e-01	6.917307e-02	7.653706e-02
707           	-3.736343e-03	8.980072e-01	1.357824e-01	6.415488e-02	7.162756e-02
708           	-3.788123e-03	9.031522e-01	1.273495e-01	5.988663e-02	6.746287e-02
709           	-3.824254e-03	9.073867e-01	1.236507e-01	5.800110e-02	6.564961e-02
710           	-3.851983e-03	9.101800e-01	1.269527e-01	5.962436e-02	6.732832e-02
711           	-3.883604e-03	9.127650e-01	1.363316e-01	6.428220e-02	7.204941e-02
712           	-3.925139e-03	9.164299e-01	1.502367e-01	7.119322e-02	7.904350e-02
713           	-3.977637e-03	9.217852e-01	1.657851e-01	7.891492e-02	8.687019e-02
714           	-4.032943e-03	9.277151e-01	1.812107e-01	8.657240e-02	9.463828e-02
715           	-4.093664e-03	9.339713e-01	1.945618e-01	9.318722e-02	1.013746e-01
716           	-4.164413e-03	9.403890e-01	2.036443e-01	9.765774e-02	1.059866e-01
717           	-4.234364e-03	9.448094e-01	2.059429e-01	9.873709e-02	1.072058e-01
718           	-4.282099e-03	9.449733e-01	2.005956e-01	9.601569e-02	1.045799e-01
719           	-4.291448e-03	9.407794e-01	1.900264e-01	9.072176e-02	9.930465e-02
720           	-4.277132e-03	9.357966e-01	1.776551e-01	8.455040e-02	9.310467e-02
721           	-4.256101e-03	9.326402e-01	1.661446e-01	7.881622e-02	8.732842e-02
722           	-4.231937e-03	9.310592e-01	1.575717e-01	7.455391e-02	8.301778e-02
723           	-4.198315e-03	9.291868e-01	1.527327e-01	7.216801e-02	8.056464e-02
724           	-4.147734e-03	9.255758e-01	1.516693e-01	7.168692e-02	7.998238e-02
725           	-4.091474e-03	9.201625e-01	1.544148e-01	7.311593e-02	8.129888e-02
726           	-4.034639e-03	9.131397e-01	1.587106e-01	7.532066e-02	8.338993e-02
727           	-3.980104e-03	9.051201e-01	1.624307e-01	7.723524e-02	8.519545e-02
728           	-3.945673e-03	8.994774e-01	1.643441e-01	7.822636e-02	8.611771e-02
729           	-3.935467e-03	8.977881e-01	1.644302e-01	7.827964e-02	8.615058e-02
730           	-3.939912e-03	8.996190e-01	1.617614e-01	7.694080e-02	8.482063e-02
731           	-3.954213e-03	9.043743e-01	1.539428e-01	7.301720e-02	8.092562e-02
732           	-3.968910e-03	9.105552e-01	1.408827e-01	6.647244e-02	7.441026e-02
733           	-3.983232e-03	9.170745e-01	1.271678e-01	5.960066e-02	6.756713e-02
734           	-3.999899e-03	9.231114e-01	1.172715e-01	5.463585e-02	6.263565e-02
735           	-4.006133e-03	9.269265e-01	1.128024e-01	5.239507e-02	6.040734e-02
736           	-3.996931e-03	9.285591e-01	1.150366e-01	5.352138e-02	6.151524e-02
737           	-3.978595e-03	9.283956e-01	1.234742e-01	5.775851e-02	6.571570e-02
738           	-3.954960e-03	9.265815e-01	1.348360e-01	6.346303e-02	7.137294e-02
739           	-3.935063e-03	9.247861e-01	1.452236e-01	6.867675e-02	7.654687e-02
740           	-3.925213e-03	9.243163e-01	1.530039e-01	7.257676e-02	8.042718e-02
741           	-3.928071e-03	9.255668e-01	1.583858e-01	7.526483e-02	8.312097e-02
742           	-3.944556e-03	9.285756e-01	1.612487e-01	7.667980e-02	8.456891e-02
743           	-3.971961e-03	9.335695e-01	1.623992e-01	7.722764e-02	8.517156e-02
744           	-4.000101e-03	9.397999e-01	1.629439e-01	7.747186e-02	8.547206e-02
745           	-4.011518e-03	9.451116e-01	1.641867e-01	7.808181e-02	8.610485e-02
746           	-3.992005e-03	9.466673e-01	1.671101e-01	7.956306e-02	8.754707e-02
747           	-3.947002e-03	9.444423e-01	1.723825e-01	8.224427e-02	9.013827e-02
748           	-3.889204e-03	9.392542e-01	1.797404e-01	8.598097e-02	9.375938e-02
749           	-3.836692e-03	9.328683e-01	1.877683e-01	9.004746e-02	9.772084e-02
750           	-3.800301e-03	9.272566e-01	1.937439e-01	9.307163e-02	1.006722e-01
751           	-3.775498e-03	9.231628e-01	1.950283e-01	9.373867e-02	1.012897e-01
752           	-3.742552e-03	9.190192e-01	1.895831e-01	9.104900e-02	9.853410e-02
753           	-3.691584e-03	9.135411e-01	1.763626e-01	8.448973e-02	9.187290e-02
754           	-3.633791e-03	9.076544e-01	1.582971e-01	7.551478e-02	8.278237e-02
755           	-3.568536e-03	9.002004e-01	1.398983e-01	6.638062e-02	7.351769e-02
756           	-3.488540e-03	8.900970e-01	1.220330e-01	5.752797e-02	6.450505e-02
757           	-3.415112e-03	8.805727e-01	1.059952e-01	4.958250e-02	5.641272e-02
758           	-3.356930e-03	8.731246e-01	9.293284e-02	4.310949e-02	4.982335e-02
759           	-3.316421e-03	8.679991e-01	8.292860e-02	3.814788e-02	4.478072e-02
760           	-3.301022e-03	8.662056e-01	7.533899e-02	3.436847e-02	4.097052e-02
761           	-3.309976e-03	8.677913e-01	7.048182e-02	3.193093e-02	3.855089e-02
762           	-3.333837e-03	8.718029e-01	6.916112e-02	3.124672e-02	3.791440e-02
763           	-3.367794e-03	8.779150e-01	7.260167e-02	3.293304e-02	3.966863e-02
764           	-3.408804e-03	8.858854e-01	8.147032e-02	3.732635e-02	4.414396e-02
765           	-3.458197e-03	8.947522e-01	9.420086e-02	4.364223e-02	5.055863e-02
766           	-3.515007e-03	9.031610e-01	1.077743e-01	5.037217e-02	5.740218e-02
767           	-3.574508e-03	9.102957e-01	1.192477e-01	5.604932e-02	6.319834e-02
768           	-3.634876e-03	9.162844e-01	1.264452e-01	5.958771e-02	6.685746e-02
769           	-3.692621e-03	9.214614e-01	1.286360e-01	6.062537e-02	6.801061e-02
770           	-3.730844e-03	9.246074e-01	1.256333e-01	5.908581e-02	6.654750e-02
771           	-3.737071e-03	9.250561e-01	1.176531e-01	5.508947e-02	6.256361e-02
772           	-3.706505e-03	9.224285e-01	1.069699e-01	4.977844e-02	5.719145e-02
773           	-3.650076e-03	9.168236e-01	9.663585e-02	4.466785e-02	5.196800e-02
774           	-3.590773e-03	9.097240e-01	8.949692e-02	4.115768e-02	4.833923e-02
775           	-3.544130e-03	9.027544e-01	8.795825e-02	4.043499e-02	4.752325e-02
776           	-3.526554e-03	8.980151e-01	9.270357e-02	4.282523e-02	4.987834e-02
777           	-3.536263e-03	8.963958e-01	1.038437e-01	4.838557e-02	5.545809e-02
778           	-3.544099e-03	8.954263e-01	1.198515e-01	5.638164e-02	6.346984e-02
779           	-3.540227e-03	8.935885e-01	1.376745e-01	6.529702e-02	7.237747e-02
780           	-3.534878e-03	8.910425e-01	1.531785e-01	7.305439e-02	8.012415e-02
781           	-3.549610e-03	8.883295e-01	1.636730e-01	7.828690e-02	8.538611e-02
782           	-3.603806e-03	8.878565e-01	1.680845e-01	8.043843e-02	8.764604e-02
783           	-3.681011e-03	8.880710e-01	1.668492e-01	7.974357e-02	8.710559e-02
784           	-3.750677e-03	8.858825e-01	1.599336e-01	7.621610e-02	8.371746e-02
785           	-3.802933e-03	8.807965e-01	1.458583e-01	6.912622e-02	7.673208e-02
786           	-3.832386e-03	8.754854e-01	1.255748e-01	5.895504e-02	6.661981e-02
787           	-3.839899e-03	8.735624e-01	1.041429e-01	4.823157e-02	5.591137e-02
788           	-3.835959e-03	8.757809e-01	8.644776e-02	3.938792e-02	4.705984e-02
789           	-3.843419e-03	8.823395e-01	7.417561e-02	3.324438e-02	4.093122e-02
790           	-3.878988e-03	8.933582e-01	6.808074e-02	3.016138e-02	3.791936e-02
791           	-3.939786e-03	9.079386e-01	6.818138e-02	3.015090e-02	3.803048e-02
792           	-4.004312e-03	9.229822e-01	7.408505e-02	3.303822e-02	4.104684e-02
793           	-4.044955e-03	9.344549e-01	8.446506e-02	3.818757e-02	4.627748e-02
794           	-4.056044e-03	9.411663e-01	9.713264e-02	4.451028e-02	5.262237e-02
795           	-4.045542e-03	9.444417e-01	1.095282e-01	5.071858e-02	5.880966e-02
796           	-4.022798e-03	9.463126e-01	1.191336e-01	5.554400e-02	6.358960e-02
797           	-4.002561e-03	9.490217e-01	1.251452e-01	5.857005e-02	6.657517e-02
798           	-3.991676e-03	9.534872e-01	1.281655e-01	6.009107e-02	6.807442e-02
799           	-3.986368e-03	9.586421e-01	1.295613e-01	6.079430e-02	6.876704e-02
800           	-3.979270e-03	9.628613e-01	1.302740e-01	6.115771e-02	6.911625e-02
801           	-3.960518e-03	9.649247e-01	1.303135e-01	6.119625e-02	6.911729e-02
802           	-3.919824e-03	9.640941e-01	1.293384e-01	6.074938e-02	6.858903e-02
803           	-3.849945e-03	9.600452e-01	1.266893e-01	5.949470e-02	6.719459e-02
804           	-3.750014e-03	9.523456e-01	1.225187e-01	5.750934e-02	6.500937e-02
805           	-3.629975e-03	9.409874e-01	1.171595e-01	5.494979e-02	6.220974e-02
806           	-3.503389e-03	9.270707e-01	1.106801e-01	5.183667e-02	5.884345e-02
807           	-3.392649e-03	9.134461e-01	1.042227e-01	4.871871e-02	5.550401e-02
808           	-3.308712e-03	9.018342e-01	9.836450e-02	4.587354e-02	5.249096e-02
809           	-3.252836e-03	8.927127e-01	9.339967e-02	4.344700e-02	4.995267e-02
810           	-3.224347e-03	8.867576e-01	8.903199e-02	4.129165e-02	4.774034e-02
811           	-3.216208e-03	8.837814e-01	8.539940e-02	3.948349e-02	4.591591e-02
812           	-3.217558e-03	8.825690e-01	8.372742e-02	3.864615e-02	4.508127e-02
813           	-3.235399e-03	8.833819e-01	8.459081e-02	3.906001e-02	4.553080e-02
814           	-3.271685e-03	8.858526e-01	8.606197e-02	3.975930e-02	4.630267e-02
815           	-3.324091e-03	8.892322e-01	8.460162e-02	3.897672e-02	4.562490e-02
816           	-3.394585e-03	8.948652e-01	7.740936e-02	3.531010e-02	4.209927e-02
817           	-3.481228e-03	9.034410e-01	6.255621e-02	2.779688e-02	3.475933e-02
818           	-3.571997e-03	9.143478e-01	4.141920e-02	1.713760e-02	2.428159e-02
819           	-3.652318e-03	9.258058e-01	1.964451e-02	6.169936e-03	1.347457e-02
820           	-3.707327e-03	9.352955e-01	3.834522e-03	-1.790066e-03	5.624588e-03
821           	-3.729595e-03	9.421972e-01	-3.252871e-03	-5.356030e-03	2.103160e-03
822           	-3.719537e-03	9.467364e-01	-2.096156e-03	-4.767615e-03	2.671459e-03
823           	-3.687778e-03	9.490680e-01	6.751075e-03	-3.122400e-04	7.063315e-03
824           	-3.643303e-03	9.481209e-01	2.322808e-02	7.970735e-03	1.525734e-02
825           	-3.597405e-03	9.423608e-01	4.517556e-02	1.899038e-02	2.618518e-02
826           	-3.571651e-03	9.337293e-01	6.820781e-02	3.053225e-02	3.767556e-02
827           	-3.576243e-03	9.249509e-01	8.840468e-02	4.062610e-02	4.777858e-02
828           	-3.606891e-03	9.184126e-01	1.044865e-01	4.863636e-02	5.585014e-02
829           	-3.648516e-03	9.139517e-01	1.165097e-01	5.460634e-02	6.190338e-02
830           	-3.695070e-03	9.116931e-01	1.248483e-01	5.872908e-02	6.611922e-02
831           	-3.748120e-03	9.119756e-01	1.291258e-01	6.081477e-02	6.831101e-02
832           	-3.797445e-03	9.137792e-01	1.285356e-01	6.047038e-02	6.806526e-02
833           	-3.821950e-03	9.154277e-01	1.233396e-01	5.784784e-02	6.549174e-02
834           	-3.804489e-03	9.158236e-01	1.148906e-01	5.364082e-02	6.124979e-02
835           	-3.751640e-03	9.156621e-01	1.048663e-01	4.868150e-02	5.618478e-02
836           	-3.677081e-03	9.142359e-01	9.464158e-02	4.364371e-02	5.099787e-02
837           	-3.599608e-03	9.118220e-01	8.467961e-02	3.874020e-02	4.593941e-02
838           	-3.531560e-03	9.086153e-01	7.646075e-02	3.469882e-02	4.176194e-02
839           	-3.479626e-03	9.061933e-01	7.073536e-02	3.188806e-02	3.884731e-02
840           	-3.439800e-03	9.060978e-01	6.734390e-02	3.023215e-02	3.711175e-02
841           	-3.412246e-03	9.099821e-01	6.528498e-02	2.923024e-02	3.605473e-02
842           	-3.391951e-03	9.160952e-01	6.479042e-02	2.900326e-02	3.578716e-02
843           	-3.371396e-03	9.204695e-01	6.649465e-02	2.987593e-02	3.661872e-02
844           	-3.342961e-03	9.198550e-01	7.038360e-02	3.184884e-02	3.853476e-02
845           	-3.310452e-03	9.137489e-01	7.577891e-02	3.457900e-02	4.119991e-02
846           	-3.280057e-03	9.046617e-01	8.064062e-02	3.704025e-02	4.360037e-02
847           	-3.265131e-03	8.954632e-01	8.327358e-02	3.837166e-02	4.490192e-02
848           	-3.268600e-03	8.873612e-01	8.232459e-02	3.789369e-02	4.443089e-02
849           	-3.296656e-03	8.822609e-01	7.706014e-02	3.523341e-02	4.182672e-02
850           	-3.357911e-03	8.819107e-01	6.702862e-02	3.015640e-02	3.687222e-02
851           	-3.453179e-03	8.872353e-01	5.363758e-02	2.336561e-02	3.027197e-02
852           	-3.568343e-03	8.972421e-01	3.998683e-02	1.642507e-02	2.356176e-02
853           	-3.677802e-03	9.090459e-01	2.858828e-02	1.061634e-02	1.797194e-02
854           	-3.761850e-03	9.204813e-01	1.995154e-02	6.213921e-03	1.373762e-02
855           	-3.805892e-03	9.289446e-01	1.413056e-02	3.259389e-03	1.087117e-02
856           	-3.811837e-03	9.336716e-01	1.189582e-02	2.136073e-03	9.759748e-03
857           	-3.789364e-03	9.345791e-01	1.388885e-02	3.155060e-03	1.073379e-02
858           	-3.757343e-03	9.336445e-01	2.032488e-02	6.405098e-03	1.391978e-02
859           	-3.730256e-03	9.320399e-01	3.143012e-02	1.198480e-02	1.944531e-02
860           	-3.712217e-03	9.295650e-01	4.767572e-02	2.012564e-02	2.755008e-02
861           	-3.703825e-03	9.259812e-01	6.896440e-02	3.077837e-02	3.818602e-02
862           	-3.708903e-03	9.224838e-01	9.347393e-02	4.302806e-02	5.044587e-02
863           	-3.729928e-03	9.202967e-01	1.178189e-01	5.517954e-02	6.263940e-02
864           	-3.764612e-03	9.200304e-01	1.391548e-01	6.581278e-02	7.334200e-02
865           	-3.799345e-03	9.202121e-01	1.577579e-01	7.507962e-02	8.267831e-02
866           	-3.818704e-03	9.194665e-01	1.730035e-01	8.268305e-02	9.032045e-02
867           	-3.816643e-03	9.169427e-01	1.852906e-01	8.882868e-02	9.646196e-02
868           	-3.810844e-03	9.153480e-01	1.920954e-01	9.223687e-02	9.985856e-02
869           	-3.815255e-03	9.168852e-01	1.908981e-01	9.163379e-02	9.926430e-02
870           	-3.820364e-03	9.206206e-01	1.840833e-01	8.822127e-02	9.586200e-02
871           	-3.808244e-03	9.231037e-01	1.736331e-01	8.300831e-02	9.062480e-02
872           	-3.747432e-03	9.202530e-01	1.574381e-01	7.497161e-02	8.246647e-02
873           	-3.647576e-03	9.124186e-01	1.362265e-01	6.446570e-02	7.176085e-02
874           	-3.545044e-03	9.030939e-01	1.140349e-01	5.347240e-02	6.056249e-02
875           	-3.475969e-03	8.967662e-01	9.561462e-02	4.433134e-02	5.128328e-02
876           	-3.444191e-03	8.938742e-01	8.207924e-02	3.759543e-02	4.448381e-02
877           	-3.441014e-03	8.939570e-01	7.256892e-02	3.284345e-02	3.972548e-02
878           	-3.461875e-03	8.967971e-01	6.580946e-02	2.944285e-02	3.636660e-02
879           	-3.504314e-03	9.023894e-01	6.033885e-02	2.666511e-02	3.367374e-02
880           	-3.566769e-03	9.103936e-01	5.516077e-02	2.401362e-02	3.114715e-02
881           	-3.647007e-03	9.197876e-01	5.027330e-02	2.148964e-02	2.878366e-02
882           	-3.738993e-03	9.292862e-01	4.728307e-02	1.990254e-02	2.738053e-02
883           	-3.827446e-03	9.374098e-01	4.794334e-02	2.014422e-02	2.779912e-02
884           	-3.898436e-03	9.430055e-01	5.320914e-02	2.270614e-02	3.050301e-02
885           	-3.946679e-03	9.455714e-01	6.303355e-02	2.757010e-02	3.546346e-02
886           	-3.977177e-03	9.455879e-01	7.560030e-02	3.382297e-02	4.177733e-02
887           	-3.990152e-03	9.429449e-01	8.906650e-02	4.054310e-02	4.852340e-02
888           	-3.989557e-03	9.377146e-01	1.022446e-01	4.713272e-02	5.511183e-02
889           	-3.983431e-03	9.313995e-01	1.148952e-01	5.346415e-02	6.143102e-02
890           	-3.980106e-03	9.260531e-01	1.269624e-01	5.950110e-02	6.746131e-02
891           	-3.986757e-03	9.229660e-01	1.375970e-01	6.481173e-02	7.278524e-02
892           	-4.006658e-03	9.223600e-01	1.464510e-01	6.921886e-02	7.723217e-02
893           	-4.042439e-03	9.243865e-01	1.541693e-01	7.304220e-02	8.112708e-02
894           	-4.093262e-03	9.288606e-01	1.601338e-01	7.597364e-02	8.416017e-02
895           	-4.140403e-03	9.343707e-01	1.647156e-01	7.821739e-02	8.649820e-02
896           	-4.152255e-03	9.370069e-01	1.677263e-01	7.971090e-02	8.801541e-02
897           	-4.114770e-03	9.347498e-01	1.697575e-01	8.076398e-02	8.899352e-02
898           	-4.034738e-03	9.281154e-01	1.712328e-01	8.158167e-02	8.965115e-02
899           	-3.927886e-03	9.182984e-01	1.729956e-01	8.256990e-02	9.042568e-02
900           	-3.818669e-03	9.080610e-01	1.755283e-01	8.394546e-02	9.158280e-02
901           	-3.724193e-03	8.986838e-01	1.785638e-01	8.555769e-02	9.300607e-02
902           	-3.644499e-03	8.892311e-01	1.815092e-01	8.711010e-02	9.439909e-02
903           	-3.586535e-03	8.804215e-01	1.835424e-01	8.818465e-02	9.535772e-02
904           	-3.555976e-03	8.734030e-01	1.836625e-01	8.827528e-02	9.538723e-02
905           	-3.555702e-03	8.699967e-01	1.810746e-01	8.698160e-02	9.409300e-02
906           	-3.581119e-03	8.706464e-01	1.732536e-01	8.304568e-02	9.020792e-02
907           	-3.620596e-03	8.754152e-01	1.560672e-01	7.441298e-02	8.165417e-02
908           	-3.660950e-03	8.836807e-01	1.275205e-01	6.009928e-02	6.742118e-02
909           	-3.687582e-03	8.940861e-01	8.828040e-02	4.045262e-02	4.782778e-02
910           	-3.692842e-03	9.058963e-01	4.246423e-02	1.753927e-02	2.492496e-02
911           	-3.690286e-03	9.173178e-01	-8.703230e-04	-4.125448e-03	3.255125e-03
912           	-3.691439e-03	9.272677e-01	-3.510593e-02	-2.124440e-02	-1.386153e-02
913           	-3.695332e-03	9.355077e-01	-6.002516e-02	-3.370791e-02	-2.631725e-02
914           	-3.709330e-03	9.421922e-01	-7.446984e-02	-4.094425e-02	-3.352559e-02
915           	-3.723043e-03	9.470189e-01	-7.571729e-02	-4.158169e-02	-3.413560e-02
916           	-3.718546e-03	9.486081e-01	-6.214821e-02	-3.479265e-02	-2.735556e-02
917           	-3.694486e-03	9.468935e-01	-3.254360e-02	-1.996628e-02	-1.257731e-02
918           	-3.650308e-03	9.409582e-01	8.674963e-03	6.871735e-04	7.987789e-03
919           	-3.596533e-03	9.322336e-01	5.218798e-02	2.249745e-02	2.969052e-02
920           	-3.546318e-03	9.231898e-01	9.069340e-02	4.180038e-02	4.889302e-02
921           	-3.516691e-03	9.154442e-01	1.206223e-01	5.679448e-02	6.382787e-02
922           	-3.518627e-03	9.103212e-01	1.408959e-01	6.692933e-02	7.396658e-02
923           	-3.559698e-03	9.091110e-01	1.502004e-01	7.154052e-02	7.865992e-02
924           	-3.635130e-03	9.121756e-01	1.476701e-01	7.019990e-02	7.747016e-02
925           	-3.713572e-03	9.173971e-01	1.360507e-01	6.431177e-02	7.173891e-02
926           	-3.769094e-03	9.213134e-01	1.210637e-01	5.676278e-02	6.430096e-02
927           	-3.798924e-03	9.224585e-01	1.073083e-01	4.985522e-02	5.745307e-02
928           	-3.809506e-03	9.212740e-01	9.628598e-02	4.433348e-02	5.195250e-02
929           	-3.807327e-03	9.183789e-01	8.792198e-02	4.015366e-02	4.776832e-02
930           	-3.800541e-03	9.145173e-01	8.248562e-02	3.744227e-02	4.504335e-02
931           	-3.797372e-03	9.107992e-01	7.928926e-02	3.584726e-02	4.344200e-02
932           	-3.803238e-03	9.083340e-01	7.740389e-02	3.489871e-02	4.250518e-02
933           	-3.819475e-03	9.080385e-01	7.572948e-02	3.404527e-02	4.168422e-02
934           	-3.841957e-03	9.099086e-01	7.387826e-02	3.309717e-02	4.078109e-02
935           	-3.867308e-03	9.136650e-01	7.214431e-02	3.220485e-02	3.993946e-02
936           	-3.894206e-03	9.188436e-01	7.110418e-02	3.165788e-02	3.944629e-02
937           	-3.921381e-03	9.250639e-01	7.098754e-02	3.157239e-02	3.941515e-02
938           	-3.943667e-03	9.313980e-01	7.251083e-02	3.231175e-02	4.019908e-02
939           	-3.956750e-03	9.368769e-01	7.653907e-02	3.431278e-02	4.222628e-02
940           	-3.955928e-03	9.401544e-01	8.419948e-02	3.814381e-02	4.605567e-02
941           	-3.934050e-03	9.404311e-01	9.610009e-02	4.411600e-02	5.198410e-02
942           	-3.889359e-03	9.374859e-01	1.117448e-01	5.198306e-02	5.976178e-02
943           	-3.823779e-03	9.315721e-01	1.292289e-01	6.079068e-02	6.843824e-02
944           	-3.752128e-03	9.237865e-01	1.463839e-01	6.943984e-02	7.694410e-02
945           	-3.691899e-03	9.157839e-01	1.607568e-01	7.668649e-02	8.407029e-02
946           	-3.657212e-03	9.095845e-01	1.713785e-01	8.203203e-02	8.934646e-02
947           	-3.652902e-03	9.058266e-01	1.775616e-01	8.512791e-02	9.243372e-02
948           	-3.662366e-03	9.027993e-01	1.810560e-01	8.686564e-02	9.419037e-02
949           	-3.671810e-03	8.996208e-01	1.824626e-01	8.755949e-02	9.490311e-02
950           	-3.675060e-03	8.965415e-01	1.812161e-01	8.693301e-02	9.428313e-02
951           	-3.679267e-03	8.949751e-01	1.759675e-01	8.430447e-02	9.166300e-02
952           	-3.675793e-03	8.939106e-01	1.677416e-01	8.019499e-02	8.754658e-02
953           	-3.658149e-03	8.919461e-01	1.558006e-01	7.424217e-02	8.155846e-02
954           	-3.629028e-03	8.897044e-01	1.383989e-01	6.557041e-02	7.282847e-02
955           	-3.612618e-03	8.896958e-01	1.156936e-01	5.423418e-02	6.145942e-02
956           	-3.612227e-03	8.906986e-01	9.103089e-02	4.190322e-02	4.912767e-02
957           	-3.613926e-03	8.898062e-01	6.839411e-02	3.058313e-02	3.781098e-02
958           	-3.619487e-03	8.878308e-01	4.940230e-02	2.108166e-02	2.832064e-02
959           	-3.641993e-03	8.877042e-01	3.577293e-02	1.424447e-02	2.152846e-02
960           	-3.697142e-03	8.928583e-01	2.860563e-02	1.060567e-02	1.799996e-02
961           	-3.780719e-03	9.034780e-01	2.799654e-02	1.021755e-02	1.777899e-02
962           	-3.881303e-03	9.177738e-01	3.274069e-02	1.248904e-02	2.025165e-02
963           	-3.984483e-03	9.338793e-01	4.213423e-02	1.708263e-02	2.505160e-02
964           	-4.063415e-03	9.480327e-01	5.576385e-02	2.381851e-02	3.194534e-02
965           	-4.096201e-03	9.568060e-01	7.165089e-02	3.172924e-02	3.992164e-02
966           	-4.085248e-03	9.585491e-01	8.814445e-02	3.998698e-02	4.815747e-02
967           	-4.048527e-03	9.538677e-01	1.044333e-01	4.816810e-02	5.626515e-02
968           	-3.998461e-03	9.446282e-01	1.188331e-01	5.541807e-02	6.341500e-02
969           	-3.943231e-03	9.342834e-01	1.290347e-01	6.057412e-02	6.846058e-02
970           	-3.904781e-03	9.277175e-01	1.334610e-01	6.282574e-02	7.063530e-02
971           	-3.898940e-03	9.276361e-01	1.316403e-01	6.192122e-02	6.971910e-02
972           	-3.898332e-03	9.313575e-01	1.266081e-01	5.940573e-02	6.720239e-02
973           	-3.867232e-03	9.333956e-01	1.226098e-01	5.743765e-02	6.517211e-02
974           	-3.810367e-03	9.330414e-01	1.215167e-01	5.694796e-02	6.456869e-02
975           	-3.733055e-03	9.315573e-01	1.235963e-01	5.806511e-02	6.553122e-02
976           	-3.648734e-03	9.292185e-01	1.289476e-01	6.082508e-02	6.812254e-02
977           	-3.557654e-03	9.244133e-01	1.368469e-01	6.486578e-02	7.198109e-02
978           	-3.461389e-03	9.154075e-01	1.453309e-01	6.920407e-02	7.612685e-02
979           	-3.376825e-03	9.032790e-01	1.515262e-01	7.238629e-02	7.913994e-02
980           	-3.325777e-03	8.918172e-01	1.523671e-01	7.285777e-02	7.950932e-02
981           	-3.321514e-03	8.842017e-01	1.465178e-01	6.993737e-02	7.658040e-02
982           	-3.366976e-03	8.817405e-01	1.344285e-01	6.384725e-02	7.058121e-02
983           	-3.444141e-03	8.835388e-01	1.178646e-01	5.548815e-02	6.237643e-02
984           	-3.529806e-03	8.883685e-01	9.992441e-02	4.643240e-02	5.349201e-02
985           	-3.604968e-03	8.947135e-01	8.305996e-02	3.792501e-02	4.513495e-02
986           	-3.664515e-03	9.016810e-01	6.961604e-02	3.114351e-02	3.847254e-02
987           	-3.708671e-03	9.089062e-01	6.080609e-02	2.669438e-02	3.411172e-02
988           	-3.741536e-03	9.164648e-01	5.755488e-02	2.503591e-02	3.251898e-02
989           	-3.769136e-03	9.244711e-01	5.940844e-02	2.593509e-02	3.347336e-02
990           	-3.786355e-03	9.315478e-01	6.519695e-02	2.881212e-02	3.638483e-02
991           	-3.790230e-03	9.372191e-01	7.337749e-02	3.289851e-02	4.047897e-02
992           	-3.783138e-03	9.415144e-01	8.241310e-02	3.742341e-02	4.498969e-02
993           	-3.767799e-03	9.441875e-01	9.176804e-02	4.211622e-02	4.965182e-02
994           	-3.746380e-03	9.444012e-01	1.006199e-01	4.656359e-02	5.405635e-02
995           	-3.728395e-03	9.429350e-01	1.081146e-01	5.032889e-02	5.778568e-02
996           	-3.725700e-03	9.422253e-01	1.137284e-01	5.313848e-02	6.058988e-02
997           	-3.739463e-03	9.424563e-01	1.174103e-01	5.496567e-02	6.244459e-02
998           	-3.770209e-03	9.439467e-01	1.201246e-01	5.629211e-02	6.383253e-02
999           	-3.811349e-03	9.463584e-01	1.239283e-01	5.815278e-02	6.577548e-02
1000          	-3.855266e-03	9.493833e-01	1.299473e-01	6.111838e-02	6.882891e-02
