# Force coefficients
# liftDir     : (0.000000e+00 0.000000e+00 1.000000e+00)
# dragDir     : (0.000000e+00 1.000000e+00 0.000000e+00)
# pitchAxis   : (1.000000e+00 0.000000e+00 0.000000e+00)
# magUInf     : 6.277916e-01
# lRef        : 4.000000e+00
# Aref        : 2.562000e-02
# CofR        : (0.000000e+00 0.000000e+00 0.000000e+00)
# Time        	Cm            	Cd            	Cl            	Cl(f)         	Cl(r)         
1             	-1.378676e-04	3.166043e-02	-3.448436e-03	-1.862086e-03	-1.586351e-03
2             	-2.050798e-03	5.209189e-01	-6.222328e-02	-3.316244e-02	-2.906084e-02
3             	-3.034099e-03	9.280227e-01	-7.180302e-02	-3.893561e-02	-3.286741e-02
4             	-2.902805e-03	1.034169e+00	-4.402231e-02	-2.491396e-02	-1.910835e-02
5             	-2.364271e-03	9.828404e-01	-6.509413e-03	-5.618977e-03	-8.904358e-04
6             	-1.996293e-03	9.028528e-01	1.462166e-02	5.314536e-03	9.307123e-03
7             	-1.653239e-03	8.095159e-01	3.902859e-02	1.786105e-02	2.116753e-02
8             	-1.551799e-03	7.511338e-01	4.886161e-02	2.287901e-02	2.598260e-02
9             	-1.613146e-03	7.291316e-01	5.280079e-02	2.478725e-02	2.801354e-02
10            	-1.741391e-03	7.349196e-01	5.226238e-02	2.438980e-02	2.787258e-02
11            	-1.874708e-03	7.501624e-01	5.011039e-02	2.318049e-02	2.692990e-02
12            	-2.023037e-03	7.722440e-01	4.594996e-02	2.095195e-02	2.499802e-02
13            	-2.192681e-03	8.020745e-01	3.704977e-02	1.633220e-02	2.071756e-02
14            	-2.292913e-03	8.211578e-01	2.527525e-02	1.034471e-02	1.493054e-02
15            	-2.364068e-03	8.286844e-01	1.424975e-02	4.760805e-03	9.488941e-03
16            	-2.449996e-03	8.312332e-01	4.675425e-03	-1.122840e-04	4.787709e-03
17            	-2.551240e-03	8.320060e-01	-3.339388e-03	-4.220933e-03	8.815458e-04
18            	-2.654360e-03	8.315574e-01	-9.841638e-03	-7.575179e-03	-2.266459e-03
19            	-2.749707e-03	8.298537e-01	-1.393930e-02	-9.719359e-03	-4.219945e-03
20            	-2.839592e-03	8.280323e-01	-1.508916e-02	-1.038417e-02	-4.704987e-03
21            	-2.935646e-03	8.273092e-01	-1.269488e-02	-9.283085e-03	-3.411792e-03
22            	-3.027416e-03	8.278190e-01	-6.215894e-03	-6.135363e-03	-8.053068e-05
23            	-3.096521e-03	8.292443e-01	3.914585e-03	-1.139228e-03	5.053813e-03
24            	-3.140924e-03	8.316445e-01	1.665909e-02	5.188622e-03	1.147047e-02
25            	-3.171763e-03	8.348603e-01	3.099515e-02	1.232581e-02	1.866934e-02
26            	-3.198968e-03	8.388513e-01	4.622619e-02	1.991413e-02	2.631206e-02
27            	-3.226482e-03	8.430161e-01	6.068585e-02	2.711644e-02	3.356941e-02
28            	-3.258275e-03	8.477419e-01	7.208380e-02	3.278362e-02	3.930017e-02
29            	-3.292454e-03	8.527688e-01	8.064060e-02	3.702785e-02	4.361275e-02
30            	-3.321341e-03	8.572763e-01	8.691388e-02	4.013560e-02	4.677828e-02
31            	-3.342505e-03	8.607695e-01	9.153725e-02	4.242612e-02	4.911113e-02
32            	-3.351558e-03	8.624666e-01	9.457393e-02	4.393541e-02	5.063852e-02
33            	-3.349805e-03	8.618049e-01	9.623986e-02	4.477013e-02	5.146973e-02
34            	-3.346520e-03	8.594343e-01	9.715884e-02	4.523290e-02	5.192594e-02
35            	-3.346622e-03	8.562970e-01	9.837367e-02	4.584021e-02	5.253346e-02
36            	-3.345642e-03	8.531365e-01	1.012172e-01	4.726297e-02	5.395426e-02
37            	-3.344967e-03	8.501064e-01	1.070456e-01	5.017782e-02	5.686775e-02
38            	-3.350473e-03	8.475937e-01	1.168308e-01	5.506495e-02	6.176590e-02
39            	-3.369670e-03	8.467151e-01	1.305327e-01	6.189666e-02	6.863600e-02
40            	-3.402347e-03	8.476025e-01	1.476463e-01	7.042080e-02	7.722549e-02
41            	-3.448497e-03	8.508241e-01	1.675203e-01	8.031165e-02	8.720864e-02
42            	-3.499408e-03	8.559144e-01	1.878538e-01	9.042749e-02	9.742630e-02
43            	-3.549756e-03	8.624691e-01	2.081329e-01	1.005167e-01	1.076162e-01
44            	-3.597967e-03	8.702352e-01	2.274613e-01	1.101327e-01	1.173286e-01
45            	-3.638943e-03	8.780141e-01	2.440244e-01	1.183732e-01	1.256511e-01
46            	-3.655794e-03	8.830394e-01	2.557795e-01	1.242340e-01	1.315456e-01
47            	-3.645671e-03	8.839282e-01	2.634678e-01	1.280882e-01	1.353796e-01
48            	-3.617621e-03	8.820082e-01	2.679259e-01	1.303453e-01	1.375806e-01
49            	-3.578169e-03	8.778126e-01	2.695879e-01	1.312158e-01	1.383721e-01
50            	-3.540063e-03	8.731157e-01	2.689075e-01	1.309137e-01	1.379938e-01
51            	-3.508991e-03	8.686533e-01	2.670888e-01	1.300354e-01	1.370534e-01
52            	-3.482370e-03	8.643526e-01	2.651898e-01	1.291125e-01	1.360773e-01
53            	-3.465261e-03	8.606932e-01	2.640251e-01	1.285473e-01	1.354778e-01
54            	-3.470051e-03	8.590851e-01	2.629385e-01	1.279992e-01	1.349393e-01
55            	-3.494951e-03	8.598030e-01	2.608117e-01	1.269109e-01	1.339008e-01
56            	-3.529163e-03	8.620641e-01	2.569845e-01	1.249631e-01	1.320214e-01
57            	-3.562621e-03	8.649644e-01	2.509024e-01	1.218886e-01	1.290138e-01
58            	-3.584623e-03	8.672265e-01	2.422341e-01	1.175324e-01	1.247017e-01
59            	-3.590102e-03	8.683569e-01	2.316321e-01	1.122260e-01	1.194062e-01
60            	-3.578634e-03	8.681468e-01	2.203145e-01	1.065786e-01	1.137359e-01
61            	-3.545428e-03	8.658481e-01	2.086580e-01	1.007836e-01	1.078744e-01
62            	-3.492266e-03	8.611190e-01	1.967916e-01	9.490351e-02	1.018880e-01
63            	-3.434101e-03	8.548056e-01	1.852662e-01	8.919901e-02	9.606721e-02
64            	-3.388814e-03	8.486489e-01	1.742846e-01	8.375350e-02	9.053112e-02
65            	-3.368047e-03	8.446676e-01	1.642274e-01	7.874567e-02	8.548177e-02
66            	-3.376455e-03	8.442591e-01	1.562277e-01	7.473739e-02	8.149030e-02
67            	-3.418005e-03	8.483213e-01	1.516017e-01	7.238282e-02	7.921883e-02
68            	-3.485366e-03	8.559864e-01	1.512412e-01	7.213523e-02	7.910596e-02
69            	-3.560008e-03	8.650576e-01	1.551314e-01	7.400570e-02	8.112571e-02
70            	-3.629394e-03	8.738142e-01	1.625132e-01	7.762721e-02	8.488599e-02
71            	-3.691427e-03	8.819316e-01	1.720290e-01	8.232309e-02	8.970595e-02
72            	-3.747900e-03	8.891722e-01	1.825531e-01	8.752865e-02	9.502445e-02
73            	-3.794894e-03	8.951093e-01	1.932474e-01	9.282879e-02	1.004186e-01
74            	-3.821449e-03	8.992369e-01	2.039418e-01	9.814944e-02	1.057923e-01
75            	-3.822865e-03	9.013646e-01	2.134359e-01	1.028951e-01	1.105408e-01
76            	-3.813808e-03	9.035955e-01	2.186672e-01	1.055198e-01	1.131474e-01
77            	-3.808316e-03	9.072905e-01	2.174899e-01	1.049367e-01	1.125533e-01
78            	-3.781846e-03	9.077101e-01	2.125593e-01	1.024978e-01	1.100615e-01
79            	-3.714869e-03	9.020417e-01	2.070053e-01	9.978778e-02	1.072175e-01
80            	-3.620340e-03	8.927450e-01	2.035755e-01	9.816739e-02	1.054081e-01
81            	-3.530223e-03	8.848528e-01	2.037669e-01	9.835321e-02	1.054137e-01
82            	-3.464985e-03	8.813560e-01	2.075842e-01	1.003271e-01	1.072571e-01
83            	-3.419650e-03	8.811557e-01	2.141685e-01	1.036646e-01	1.105039e-01
84            	-3.397682e-03	8.839024e-01	2.214092e-01	1.073069e-01	1.141023e-01
85            	-3.400032e-03	8.884506e-01	2.264060e-01	1.098030e-01	1.166030e-01
86            	-3.416671e-03	8.929002e-01	2.263140e-01	1.097403e-01	1.165737e-01
87            	-3.431532e-03	8.950842e-01	2.188338e-01	1.059854e-01	1.128485e-01
88            	-3.438960e-03	8.959392e-01	2.033331e-01	9.822760e-02	1.051055e-01
89            	-3.430419e-03	8.962407e-01	1.812083e-01	8.717374e-02	9.403458e-02
90            	-3.400912e-03	8.958099e-01	1.566480e-01	7.492308e-02	8.172491e-02
91            	-3.354481e-03	8.949972e-01	1.338887e-01	6.358987e-02	7.029883e-02
92            	-3.302704e-03	8.945147e-01	1.150682e-01	5.423140e-02	6.083681e-02
93            	-3.251777e-03	8.942386e-01	1.033264e-01	4.841141e-02	5.491496e-02
94            	-3.192622e-03	8.926333e-01	1.003873e-01	4.700102e-02	5.338626e-02
95            	-3.139165e-03	8.909105e-01	1.055798e-01	4.965071e-02	5.592904e-02
96            	-3.101386e-03	8.889313e-01	1.151787e-01	5.448794e-02	6.069071e-02
97            	-3.077604e-03	8.861480e-01	1.259002e-01	5.987250e-02	6.602770e-02
98            	-3.068764e-03	8.830695e-01	1.349463e-01	6.440440e-02	7.054193e-02
99            	-3.070771e-03	8.805007e-01	1.395958e-01	6.672712e-02	7.286867e-02
100           	-3.076832e-03	8.778869e-01	1.391163e-01	6.648134e-02	7.263500e-02
101           	-3.080283e-03	8.744987e-01	1.336975e-01	6.376846e-02	6.992903e-02
102           	-3.077473e-03	8.706339e-01	1.257914e-01	5.981821e-02	6.597315e-02
103           	-3.074091e-03	8.668232e-01	1.174698e-01	5.566083e-02	6.180901e-02
104           	-3.073883e-03	8.637963e-01	1.099718e-01	5.191200e-02	5.805977e-02
105           	-3.078167e-03	8.618905e-01	1.037318e-01	4.878773e-02	5.494406e-02
106           	-3.093295e-03	8.619196e-01	9.846720e-02	4.614030e-02	5.232689e-02
107           	-3.128579e-03	8.646489e-01	9.374890e-02	4.374587e-02	5.000303e-02
108           	-3.189565e-03	8.699212e-01	8.883001e-02	4.122544e-02	4.760457e-02
109           	-3.263763e-03	8.751759e-01	8.333990e-02	3.840619e-02	4.493371e-02
110           	-3.334020e-03	8.780334e-01	7.828307e-02	3.580751e-02	4.247555e-02
111           	-3.398017e-03	8.785567e-01	7.458847e-02	3.389622e-02	4.069225e-02
112           	-3.459327e-03	8.775143e-01	7.375367e-02	3.341751e-02	4.033616e-02
113           	-3.515641e-03	8.755180e-01	7.818466e-02	3.557669e-02	4.260797e-02
114           	-3.563173e-03	8.735389e-01	9.011297e-02	4.149331e-02	4.861966e-02
115           	-3.606344e-03	8.729680e-01	1.080782e-01	5.043276e-02	5.764545e-02
116           	-3.649122e-03	8.734104e-01	1.279601e-01	6.033093e-02	6.762918e-02
117           	-3.690964e-03	8.743882e-01	1.470283e-01	6.982317e-02	7.720510e-02
118           	-3.725471e-03	8.757357e-01	1.625894e-01	7.756925e-02	8.502019e-02
119           	-3.751911e-03	8.782221e-01	1.740146e-01	8.325540e-02	9.075922e-02
120           	-3.767325e-03	8.818220e-01	1.825412e-01	8.750328e-02	9.503793e-02
121           	-3.764807e-03	8.855158e-01	1.890051e-01	9.073774e-02	9.826736e-02
122           	-3.737194e-03	8.881730e-01	1.942271e-01	9.337638e-02	1.008508e-01
123           	-3.683597e-03	8.894987e-01	1.986427e-01	9.563775e-02	1.030049e-01
124           	-3.606025e-03	8.890671e-01	2.018238e-01	9.730590e-02	1.045179e-01
125           	-3.518488e-03	8.877592e-01	2.030593e-01	9.801115e-02	1.050481e-01
126           	-3.434080e-03	8.859699e-01	2.020311e-01	9.758146e-02	1.044496e-01
127           	-3.360396e-03	8.841244e-01	1.982804e-01	9.577982e-02	1.025006e-01
128           	-3.294218e-03	8.828864e-01	1.912228e-01	9.231718e-02	9.890562e-02
129           	-3.236527e-03	8.838305e-01	1.800794e-01	8.680316e-02	9.327622e-02
130           	-3.188532e-03	8.875416e-01	1.668253e-01	8.022412e-02	8.660119e-02
131           	-3.162064e-03	8.935087e-01	1.545356e-01	7.410572e-02	8.042985e-02
132           	-3.163883e-03	9.003890e-01	1.437820e-01	6.872713e-02	7.505490e-02
133           	-3.198768e-03	9.077618e-01	1.343180e-01	6.396025e-02	7.035779e-02
134           	-3.262377e-03	9.158889e-01	1.266926e-01	6.008393e-02	6.660868e-02
135           	-3.342927e-03	9.242636e-01	1.214471e-01	5.738062e-02	6.406648e-02
136           	-3.426478e-03	9.311371e-01	1.182388e-01	5.569292e-02	6.254588e-02
137           	-3.507951e-03	9.354194e-01	1.157872e-01	5.438563e-02	6.140153e-02
138           	-3.588292e-03	9.371268e-01	1.131869e-01	5.300517e-02	6.018175e-02
139           	-3.657817e-03	9.352445e-01	1.105008e-01	5.159257e-02	5.890820e-02
140           	-3.703181e-03	9.301842e-01	1.079160e-01	5.025483e-02	5.766120e-02
141           	-3.734063e-03	9.246410e-01	1.051189e-01	4.882538e-02	5.629351e-02
142           	-3.756065e-03	9.197465e-01	1.028494e-01	4.766861e-02	5.518074e-02
143           	-3.768973e-03	9.152977e-01	1.028271e-01	4.764459e-02	5.518253e-02
144           	-3.771037e-03	9.104134e-01	1.062146e-01	4.933626e-02	5.687833e-02
145           	-3.778151e-03	9.067769e-01	1.128565e-01	5.265009e-02	6.020639e-02
146           	-3.798412e-03	9.050165e-01	1.217169e-01	5.706005e-02	6.465687e-02
147           	-3.836936e-03	9.062719e-01	1.312239e-01	6.177504e-02	6.944891e-02
148           	-3.885034e-03	9.098212e-01	1.390330e-01	6.563149e-02	7.340155e-02
149           	-3.921101e-03	9.135469e-01	1.434534e-01	6.780558e-02	7.564778e-02
150           	-3.945001e-03	9.172504e-01	1.437912e-01	6.795060e-02	7.584061e-02
151           	-3.960936e-03	9.201337e-01	1.409078e-01	6.649294e-02	7.441482e-02
152           	-3.970341e-03	9.212796e-01	1.387432e-01	6.540128e-02	7.334196e-02
153           	-3.980145e-03	9.217229e-01	1.401790e-01	6.610936e-02	7.406965e-02
154           	-3.995902e-03	9.222477e-01	1.458805e-01	6.894434e-02	7.693614e-02
155           	-4.010880e-03	9.226125e-01	1.553117e-01	7.364498e-02	8.166674e-02
156           	-4.027097e-03	9.221927e-01	1.663091e-01	7.912745e-02	8.718165e-02
157           	-4.045572e-03	9.217212e-01	1.758864e-01	8.389762e-02	9.198876e-02
158           	-4.063844e-03	9.222775e-01	1.821487e-01	8.701052e-02	9.513821e-02
159           	-4.083884e-03	9.248249e-01	1.844534e-01	8.814283e-02	9.631060e-02
160           	-4.101092e-03	9.286703e-01	1.830450e-01	8.742141e-02	9.562360e-02
161           	-4.103596e-03	9.317523e-01	1.783451e-01	8.506896e-02	9.327615e-02
162           	-4.074546e-03	9.303988e-01	1.709462e-01	8.139854e-02	8.954763e-02
163           	-4.016130e-03	9.239653e-01	1.610475e-01	7.650764e-02	8.453990e-02
164           	-3.950067e-03	9.155183e-01	1.513093e-01	7.170460e-02	7.960473e-02
165           	-3.897986e-03	9.082255e-01	1.460173e-01	6.911067e-02	7.690665e-02
166           	-3.867476e-03	9.030230e-01	1.469138e-01	6.958945e-02	7.732440e-02
167           	-3.853360e-03	8.991690e-01	1.535235e-01	7.290840e-02	8.061512e-02
168           	-3.838777e-03	8.947020e-01	1.653668e-01	7.884460e-02	8.652216e-02
169           	-3.817776e-03	8.893119e-01	1.814993e-01	8.693187e-02	9.456743e-02
170           	-3.798336e-03	8.847004e-01	2.000253e-01	9.621432e-02	1.038110e-01
171           	-3.792874e-03	8.832159e-01	2.189962e-01	1.057052e-01	1.132910e-01
172           	-3.800184e-03	8.860035e-01	2.370878e-01	1.147437e-01	1.223441e-01
173           	-3.811096e-03	8.918289e-01	2.520976e-01	1.222377e-01	1.298599e-01
174           	-3.810807e-03	8.980760e-01	2.618838e-01	1.271311e-01	1.347527e-01
175           	-3.788912e-03	9.017744e-01	2.658525e-01	1.291373e-01	1.367152e-01
176           	-3.742687e-03	9.004537e-01	2.638497e-01	1.281822e-01	1.356675e-01
177           	-3.688561e-03	8.950883e-01	2.549884e-01	1.238056e-01	1.311828e-01
178           	-3.652189e-03	8.890999e-01	2.385859e-01	1.156408e-01	1.229451e-01
179           	-3.641073e-03	8.852094e-01	2.137447e-01	1.032313e-01	1.105134e-01
180           	-3.631867e-03	8.819811e-01	1.815379e-01	8.713708e-02	9.440082e-02
181           	-3.597850e-03	8.782374e-01	1.455110e-01	6.915766e-02	7.635336e-02
182           	-3.533378e-03	8.743421e-01	1.078930e-01	5.041311e-02	5.747987e-02
183           	-3.462123e-03	8.716892e-01	7.236249e-02	3.271912e-02	3.964337e-02
184           	-3.420039e-03	8.723468e-01	4.204041e-02	1.760017e-02	2.444024e-02
185           	-3.423500e-03	8.770746e-01	2.010948e-02	6.631238e-03	1.347824e-02
186           	-3.474060e-03	8.864231e-01	8.445131e-03	7.485056e-04	7.696626e-03
187           	-3.564335e-03	8.997492e-01	8.015634e-03	4.434814e-04	7.572152e-03
188           	-3.675205e-03	9.148510e-01	1.752175e-02	5.085671e-03	1.243608e-02
189           	-3.770092e-03	9.276801e-01	3.615134e-02	1.430558e-02	2.184576e-02
190           	-3.816423e-03	9.341245e-01	6.268480e-02	2.752598e-02	3.515882e-02
191           	-3.805728e-03	9.324296e-01	9.220457e-02	4.229656e-02	4.990801e-02
192           	-3.766884e-03	9.259177e-01	1.209792e-01	5.672274e-02	6.425651e-02
193           	-3.725569e-03	9.160207e-01	1.467978e-01	6.967333e-02	7.712446e-02
194           	-3.707087e-03	9.057307e-01	1.654525e-01	7.901916e-02	8.643334e-02
195           	-3.720223e-03	8.972708e-01	1.750542e-01	8.380687e-02	9.124731e-02
196           	-3.758266e-03	8.908689e-01	1.774445e-01	8.496397e-02	9.248050e-02
197           	-3.812720e-03	8.865324e-01	1.745464e-01	8.346046e-02	9.108591e-02
198           	-3.874701e-03	8.862402e-01	1.688649e-01	8.055777e-02	8.830717e-02
199           	-3.928923e-03	8.892893e-01	1.627137e-01	7.742794e-02	8.528579e-02
200           	-3.960838e-03	8.931199e-01	1.580739e-01	7.507611e-02	8.299779e-02
201           	-3.963681e-03	8.963730e-01	1.552653e-01	7.366898e-02	8.159634e-02
202           	-3.939559e-03	8.988306e-01	1.537604e-01	7.294066e-02	8.081978e-02
203           	-3.898779e-03	9.012077e-01	1.527482e-01	7.247531e-02	8.027287e-02
204           	-3.849048e-03	9.032606e-01	1.519773e-01	7.213959e-02	7.983768e-02
205           	-3.808305e-03	9.058090e-01	1.513240e-01	7.185372e-02	7.947033e-02
206           	-3.789894e-03	9.093005e-01	1.515732e-01	7.199671e-02	7.957650e-02
207           	-3.801875e-03	9.140246e-01	1.533064e-01	7.285134e-02	8.045509e-02
208           	-3.834018e-03	9.185519e-01	1.556239e-01	7.397794e-02	8.164598e-02
209           	-3.869645e-03	9.213098e-01	1.565740e-01	7.441736e-02	8.215665e-02
210           	-3.906727e-03	9.236034e-01	1.550756e-01	7.363106e-02	8.144451e-02
211           	-3.952970e-03	9.273421e-01	1.515278e-01	7.181091e-02	7.971685e-02
212           	-4.002644e-03	9.325769e-01	1.477529e-01	6.987380e-02	7.787908e-02
213           	-4.037979e-03	9.376978e-01	1.456863e-01	6.880516e-02	7.688112e-02
214           	-4.045336e-03	9.398359e-01	1.468318e-01	6.937054e-02	7.746121e-02
215           	-4.025345e-03	9.378386e-01	1.519350e-01	7.194215e-02	7.999284e-02
216           	-3.982072e-03	9.324872e-01	1.607394e-01	7.638763e-02	8.435177e-02
217           	-3.925502e-03	9.261822e-01	1.721711e-01	8.216006e-02	9.001106e-02
218           	-3.868422e-03	9.210067e-01	1.837731e-01	8.801812e-02	9.575497e-02
219           	-3.818066e-03	9.176470e-01	1.935737e-01	9.296879e-02	1.006049e-01
220           	-3.781628e-03	9.165536e-01	1.998704e-01	9.615355e-02	1.037168e-01
221           	-3.757943e-03	9.185174e-01	2.016516e-01	9.706784e-02	1.045837e-01
222           	-3.727934e-03	9.225872e-01	1.985029e-01	9.552350e-02	1.029794e-01
223           	-3.663148e-03	9.252374e-01	1.901678e-01	9.142073e-02	9.874703e-02
224           	-3.555248e-03	9.237687e-01	1.754448e-01	8.416715e-02	9.127765e-02
225           	-3.426560e-03	9.194209e-01	1.557947e-01	7.447078e-02	8.132390e-02
226           	-3.304313e-03	9.136764e-01	1.334228e-01	6.340711e-02	7.001573e-02
227           	-3.202937e-03	9.072118e-01	1.108721e-01	5.223312e-02	5.863900e-02
228           	-3.126764e-03	9.000223e-01	9.087165e-02	4.230906e-02	4.856259e-02
229           	-3.067202e-03	8.923781e-01	7.417417e-02	3.401989e-02	4.015429e-02
230           	-3.018021e-03	8.854358e-01	6.167861e-02	2.782128e-02	3.385733e-02
231           	-2.987187e-03	8.808114e-01	5.559440e-02	2.481001e-02	3.078439e-02
232           	-2.966275e-03	8.765161e-01	5.695499e-02	2.551122e-02	3.144377e-02
233           	-2.957817e-03	8.735323e-01	6.516851e-02	2.962644e-02	3.554207e-02
234           	-2.965747e-03	8.728734e-01	7.864556e-02	3.635703e-02	4.228852e-02
235           	-2.989495e-03	8.749806e-01	9.583261e-02	4.492681e-02	5.090580e-02
236           	-3.025863e-03	8.787806e-01	1.146810e-01	5.431463e-02	6.036635e-02
237           	-3.071382e-03	8.826978e-01	1.324818e-01	6.316952e-02	6.931228e-02
238           	-3.113485e-03	8.842952e-01	1.460914e-01	6.993220e-02	7.615917e-02
239           	-3.155408e-03	8.836497e-01	1.537297e-01	7.370943e-02	8.002025e-02
240           	-3.204332e-03	8.817314e-01	1.545435e-01	7.406742e-02	8.047609e-02
241           	-3.263954e-03	8.796313e-01	1.485202e-01	7.099613e-02	7.752404e-02
242           	-3.327998e-03	8.784890e-01	1.361435e-01	6.474377e-02	7.139976e-02
243           	-3.390764e-03	8.794951e-01	1.193734e-01	5.629594e-02	6.307747e-02
244           	-3.451055e-03	8.829062e-01	9.974092e-02	4.641941e-02	5.332152e-02
245           	-3.503609e-03	8.868752e-01	8.032386e-02	3.665832e-02	4.366554e-02
246           	-3.555584e-03	8.913702e-01	6.425547e-02	2.857215e-02	3.568332e-02
247           	-3.619025e-03	8.975354e-01	5.442830e-02	2.359513e-02	3.083317e-02
248           	-3.693679e-03	9.055601e-01	5.372092e-02	2.316678e-02	3.055414e-02
249           	-3.762386e-03	9.132986e-01	6.460705e-02	2.854114e-02	3.606591e-02
250           	-3.806272e-03	9.181843e-01	8.701032e-02	3.969889e-02	4.731143e-02
251           	-3.827074e-03	9.201172e-01	1.182464e-01	5.529614e-02	6.295029e-02
252           	-3.842687e-03	9.203759e-01	1.525021e-01	7.240836e-02	8.009374e-02
253           	-3.861012e-03	9.178282e-01	1.825001e-01	8.738903e-02	9.511105e-02
254           	-3.877329e-03	9.128339e-01	2.039125e-01	9.807893e-02	1.058336e-01
255           	-3.895051e-03	9.072678e-01	2.161167e-01	1.041633e-01	1.119534e-01
256           	-3.928740e-03	9.041754e-01	2.200867e-01	1.061146e-01	1.139721e-01
257           	-3.959576e-03	9.032680e-01	2.175521e-01	1.048165e-01	1.127356e-01
258           	-3.956441e-03	9.016060e-01	2.112546e-01	1.016709e-01	1.095838e-01
259           	-3.913514e-03	8.978728e-01	2.037880e-01	9.798050e-02	1.058075e-01
260           	-3.845328e-03	8.922335e-01	1.959158e-01	9.411257e-02	1.018032e-01
261           	-3.767421e-03	8.856297e-01	1.880927e-01	9.027893e-02	9.781377e-02
262           	-3.686861e-03	8.783303e-01	1.807232e-01	8.667475e-02	9.404847e-02
263           	-3.614033e-03	8.714550e-01	1.737122e-01	8.324208e-02	9.047015e-02
264           	-3.555983e-03	8.662612e-01	1.666125e-01	7.975026e-02	8.686222e-02
265           	-3.518992e-03	8.639367e-01	1.591949e-01	7.607844e-02	8.311642e-02
266           	-3.506376e-03	8.646696e-01	1.507896e-01	7.188845e-02	7.890120e-02
267           	-3.520332e-03	8.687325e-01	1.405633e-01	6.676131e-02	7.380197e-02
268           	-3.554187e-03	8.751162e-01	1.281370e-01	6.051430e-02	6.762267e-02
269           	-3.596192e-03	8.821234e-01	1.148047e-01	5.380615e-02	6.099853e-02
270           	-3.640848e-03	8.891900e-01	1.016821e-01	4.720019e-02	5.448189e-02
271           	-3.684731e-03	8.958385e-01	8.983578e-02	4.123316e-02	4.860262e-02
272           	-3.724085e-03	9.021235e-01	7.992739e-02	3.623961e-02	4.368778e-02
273           	-3.749916e-03	9.072200e-01	7.309205e-02	3.279611e-02	4.029594e-02
274           	-3.754882e-03	9.102087e-01	7.091098e-02	3.170061e-02	3.921037e-02
275           	-3.743908e-03	9.112996e-01	7.560615e-02	3.405917e-02	4.154698e-02
276           	-3.727001e-03	9.114061e-01	8.827518e-02	4.041059e-02	4.786459e-02
277           	-3.717377e-03	9.127062e-01	1.073498e-01	4.995753e-02	5.739228e-02
278           	-3.721537e-03	9.151338e-01	1.285600e-01	6.055847e-02	6.800155e-02
279           	-3.741562e-03	9.180636e-01	1.496634e-01	7.109015e-02	7.857328e-02
280           	-3.774194e-03	9.204875e-01	1.698918e-01	8.117170e-02	8.872008e-02
281           	-3.814663e-03	9.216633e-01	1.872971e-01	8.983388e-02	9.746320e-02
282           	-3.861976e-03	9.222974e-01	1.989891e-01	9.563260e-02	1.033565e-01
283           	-3.920144e-03	9.235979e-01	2.038746e-01	9.801714e-02	1.058574e-01
284           	-3.968192e-03	9.252457e-01	2.030630e-01	9.756332e-02	1.054997e-01
285           	-3.968250e-03	9.234632e-01	1.974150e-01	9.473927e-02	1.026758e-01
286           	-3.903733e-03	9.155908e-01	1.877481e-01	8.997030e-02	9.777777e-02
287           	-3.824730e-03	9.069154e-01	1.775483e-01	8.494942e-02	9.259888e-02
288           	-3.776743e-03	9.009649e-01	1.707611e-01	8.160379e-02	8.915728e-02
289           	-3.774889e-03	8.992431e-01	1.673905e-01	7.992034e-02	8.747012e-02
290           	-3.805863e-03	8.999409e-01	1.656956e-01	7.904192e-02	8.665365e-02
291           	-3.845065e-03	8.998844e-01	1.640688e-01	7.818935e-02	8.587948e-02
292           	-3.874584e-03	8.973149e-01	1.607810e-01	7.651594e-02	8.426511e-02
293           	-3.884900e-03	8.915250e-01	1.537558e-01	7.299299e-02	8.076278e-02
294           	-3.887514e-03	8.848683e-01	1.423188e-01	6.727190e-02	7.504693e-02
295           	-3.897519e-03	8.803828e-01	1.282769e-01	6.024092e-02	6.803596e-02
296           	-3.922363e-03	8.795478e-01	1.139914e-01	5.307334e-02	6.091807e-02
297           	-3.955570e-03	8.816334e-01	1.013627e-01	4.672580e-02	5.463694e-02
298           	-3.981991e-03	8.848802e-01	9.212490e-02	4.208046e-02	5.004444e-02
299           	-3.995843e-03	8.879060e-01	8.691136e-02	3.945984e-02	4.745152e-02
300           	-3.995743e-03	8.902180e-01	8.621385e-02	3.911118e-02	4.710267e-02
301           	-3.984100e-03	8.919895e-01	9.046042e-02	4.124611e-02	4.921431e-02
302           	-3.960527e-03	8.929520e-01	1.006880e-01	4.638349e-02	5.430454e-02
303           	-3.936466e-03	8.940749e-01	1.161846e-01	5.415581e-02	6.202874e-02
304           	-3.920915e-03	8.959225e-01	1.347088e-01	6.343348e-02	7.127531e-02
305           	-3.910957e-03	8.980366e-01	1.544535e-01	7.331578e-02	8.113770e-02
306           	-3.908245e-03	9.007286e-01	1.739246e-01	8.305403e-02	9.087052e-02
307           	-3.911168e-03	9.040201e-01	1.910823e-01	9.162999e-02	9.945233e-02
308           	-3.914005e-03	9.073504e-01	2.041110e-01	9.814149e-02	1.059695e-01
309           	-3.909502e-03	9.102836e-01	2.123423e-01	1.022616e-01	1.100806e-01
310           	-3.900577e-03	9.135703e-01	2.153547e-01	1.037768e-01	1.115779e-01
311           	-3.883532e-03	9.165052e-01	2.126202e-01	1.024266e-01	1.101936e-01
312           	-3.861606e-03	9.196841e-01	2.054193e-01	9.884802e-02	1.065712e-01
313           	-3.833327e-03	9.224647e-01	1.971371e-01	9.473521e-02	1.024019e-01
314           	-3.785502e-03	9.224748e-01	1.896342e-01	9.103159e-02	9.860260e-02
315           	-3.704632e-03	9.167513e-01	1.827521e-01	8.767140e-02	9.508067e-02
316           	-3.598674e-03	9.058307e-01	1.765110e-01	8.465684e-02	9.185419e-02
317           	-3.500313e-03	8.942436e-01	1.716519e-01	8.232564e-02	8.932626e-02
318           	-3.440270e-03	8.874581e-01	1.676357e-01	8.037760e-02	8.725814e-02
319           	-3.416200e-03	8.855447e-01	1.625852e-01	7.787639e-02	8.470879e-02
320           	-3.425769e-03	8.866471e-01	1.541582e-01	7.365331e-02	8.050485e-02
321           	-3.464024e-03	8.886447e-01	1.396012e-01	6.633659e-02	7.326464e-02
322           	-3.525617e-03	8.912929e-01	1.177665e-01	5.535764e-02	6.240888e-02
323           	-3.585319e-03	8.939260e-01	9.142131e-02	4.212534e-02	4.929597e-02
324           	-3.626019e-03	8.964356e-01	6.649524e-02	2.962160e-02	3.687364e-02
325           	-3.626650e-03	8.973044e-01	4.866183e-02	2.070426e-02	2.795756e-02
326           	-3.590597e-03	8.970477e-01	3.955647e-02	1.618764e-02	2.336883e-02
327           	-3.539951e-03	8.963981e-01	3.904462e-02	1.598236e-02	2.306226e-02
328           	-3.504867e-03	8.966741e-01	4.563996e-02	1.931511e-02	2.632485e-02
329           	-3.494685e-03	8.981454e-01	5.887987e-02	2.594525e-02	3.293462e-02
330           	-3.516257e-03	9.013903e-01	7.769866e-02	3.533307e-02	4.236559e-02
331           	-3.562859e-03	9.057737e-01	1.000856e-01	4.647994e-02	5.360566e-02
332           	-3.614050e-03	9.097688e-01	1.233719e-01	5.807191e-02	6.530001e-02
333           	-3.651964e-03	9.124319e-01	1.434499e-01	6.807297e-02	7.537689e-02
334           	-3.682188e-03	9.147689e-01	1.582161e-01	7.542584e-02	8.279021e-02
335           	-3.713061e-03	9.177403e-01	1.662766e-01	7.942522e-02	8.685134e-02
336           	-3.744573e-03	9.212855e-01	1.682255e-01	8.036820e-02	8.785734e-02
337           	-3.770512e-03	9.245348e-01	1.651391e-01	7.879903e-02	8.634006e-02
338           	-3.779841e-03	9.260885e-01	1.578709e-01	7.515562e-02	8.271530e-02
339           	-3.768299e-03	9.255786e-01	1.475172e-01	6.999028e-02	7.752688e-02
340           	-3.727332e-03	9.225997e-01	1.348986e-01	6.372195e-02	7.117662e-02
341           	-3.648278e-03	9.161803e-01	1.214531e-01	5.707826e-02	6.437482e-02
342           	-3.552625e-03	9.068831e-01	1.092299e-01	5.106232e-02	5.816758e-02
343           	-3.477424e-03	8.974060e-01	9.952299e-02	4.628407e-02	5.323892e-02
344           	-3.446399e-03	8.905785e-01	9.357375e-02	4.334048e-02	5.023327e-02
345           	-3.454556e-03	8.866795e-01	9.184450e-02	4.246769e-02	4.937681e-02
346           	-3.492180e-03	8.855804e-01	9.459196e-02	4.380380e-02	5.078816e-02
347           	-3.550373e-03	8.871207e-01	1.015086e-01	4.720394e-02	5.430469e-02
348           	-3.614041e-03	8.894279e-01	1.122918e-01	5.253188e-02	5.975997e-02
349           	-3.674646e-03	8.911567e-01	1.266522e-01	5.965147e-02	6.700076e-02
350           	-3.733634e-03	8.927319e-01	1.427438e-01	6.763825e-02	7.510552e-02
351           	-3.800462e-03	8.959604e-01	1.572482e-01	7.482362e-02	8.242454e-02
352           	-3.860975e-03	8.991373e-01	1.678496e-01	8.006381e-02	8.778576e-02
353           	-3.897814e-03	9.002445e-01	1.753068e-01	8.375561e-02	9.155124e-02
354           	-3.915366e-03	9.004409e-01	1.801716e-01	8.617045e-02	9.400118e-02
355           	-3.915999e-03	9.015765e-01	1.808913e-01	8.652964e-02	9.436164e-02
356           	-3.900163e-03	9.041118e-01	1.773057e-01	8.475269e-02	9.255301e-02
357           	-3.862130e-03	9.065895e-01	1.707882e-01	8.153199e-02	8.925625e-02
358           	-3.804300e-03	9.072037e-01	1.624209e-01	7.740615e-02	8.501475e-02
359           	-3.741703e-03	9.063041e-01	1.506665e-01	7.159156e-02	7.907497e-02
360           	-3.686583e-03	9.039783e-01	1.364523e-01	6.453955e-02	7.191272e-02
361           	-3.643529e-03	9.012015e-01	1.210829e-01	5.689791e-02	6.418497e-02
362           	-3.607711e-03	8.988547e-01	1.058699e-01	4.932722e-02	5.654264e-02
363           	-3.573128e-03	8.967197e-01	9.105213e-02	4.195294e-02	4.909920e-02
364           	-3.546261e-03	8.953313e-01	7.805203e-02	3.547975e-02	4.257227e-02
365           	-3.529633e-03	8.951926e-01	6.825477e-02	3.059775e-02	3.765702e-02
366           	-3.522534e-03	8.954261e-01	6.284274e-02	2.789884e-02	3.494391e-02
367           	-3.530210e-03	8.958276e-01	6.285198e-02	2.789578e-02	3.495620e-02
368           	-3.559901e-03	8.976350e-01	6.854775e-02	3.071397e-02	3.783378e-02
369           	-3.618824e-03	9.023917e-01	8.039278e-02	3.657756e-02	4.381521e-02
370           	-3.694488e-03	9.095377e-01	9.579293e-02	4.420198e-02	5.159095e-02
371           	-3.756071e-03	9.154799e-01	1.106973e-01	5.159258e-02	5.910472e-02
372           	-3.793094e-03	9.183567e-01	1.230243e-01	5.771904e-02	6.530523e-02
373           	-3.820856e-03	9.185908e-01	1.314930e-01	6.192566e-02	6.956737e-02
374           	-3.854720e-03	9.168577e-01	1.331809e-01	6.273573e-02	7.044517e-02
375           	-3.903803e-03	9.145886e-01	1.261353e-01	5.916385e-02	6.697145e-02
376           	-3.961272e-03	9.130978e-01	1.128354e-01	5.245644e-02	6.037898e-02
377           	-4.013266e-03	9.118420e-01	9.783089e-02	4.490218e-02	5.292871e-02
378           	-4.048994e-03	9.108314e-01	8.500938e-02	3.845569e-02	4.655368e-02
379           	-4.067766e-03	9.105583e-01	7.629991e-02	3.408219e-02	4.221772e-02
380           	-4.068677e-03	9.110313e-01	7.361690e-02	3.273977e-02	4.087712e-02
381           	-4.050287e-03	9.118727e-01	7.849727e-02	3.519835e-02	4.329892e-02
382           	-4.017398e-03	9.131697e-01	9.108715e-02	4.152618e-02	4.956097e-02
383           	-3.981336e-03	9.159700e-01	1.101205e-01	5.107892e-02	5.904159e-02
384           	-3.957664e-03	9.217797e-01	1.330690e-01	6.257684e-02	7.049216e-02
385           	-3.960387e-03	9.317758e-01	1.568230e-01	7.445112e-02	8.237190e-02
386           	-3.973434e-03	9.426843e-01	1.769946e-01	8.452385e-02	9.247072e-02
387           	-3.972443e-03	9.510624e-01	1.914511e-01	9.175313e-02	9.969801e-02
388           	-3.939383e-03	9.545329e-01	1.996624e-01	9.589182e-02	1.037706e-01
389           	-3.865538e-03	9.509248e-01	2.000210e-01	9.614497e-02	1.038760e-01
390           	-3.762463e-03	9.416830e-01	1.913653e-01	9.192020e-02	9.944512e-02
391           	-3.652242e-03	9.304445e-01	1.745322e-01	8.361388e-02	9.091837e-02
392           	-3.555528e-03	9.202178e-01	1.514847e-01	7.218682e-02	7.929787e-02
393           	-3.491303e-03	9.125877e-01	1.266581e-01	5.983776e-02	6.682036e-02
394           	-3.465633e-03	9.077176e-01	1.037960e-01	4.843237e-02	5.536364e-02
395           	-3.467587e-03	9.047308e-01	8.552281e-02	3.929382e-02	4.622899e-02
396           	-3.483098e-03	9.031052e-01	7.360816e-02	3.332098e-02	4.028718e-02
397           	-3.499621e-03	9.019399e-01	6.637176e-02	2.968626e-02	3.668550e-02
398           	-3.508683e-03	9.005149e-01	6.291317e-02	2.794790e-02	3.496527e-02
399           	-3.507980e-03	8.990087e-01	6.154537e-02	2.726471e-02	3.428067e-02
400           	-3.507064e-03	8.985145e-01	6.107515e-02	2.703051e-02	3.404464e-02
401           	-3.502043e-03	8.995719e-01	5.781398e-02	2.540495e-02	3.240904e-02
402           	-3.503828e-03	9.024631e-01	5.062562e-02	2.180898e-02	2.881664e-02
403           	-3.511360e-03	9.054058e-01	4.252140e-02	1.774934e-02	2.477206e-02
404           	-3.530554e-03	9.079283e-01	3.777497e-02	1.535693e-02	2.241804e-02
405           	-3.572345e-03	9.110747e-01	4.011279e-02	1.648405e-02	2.362874e-02
406           	-3.640720e-03	9.153481e-01	5.023095e-02	2.147475e-02	2.875620e-02
407           	-3.731955e-03	9.208191e-01	6.794292e-02	3.023951e-02	3.770342e-02
408           	-3.836280e-03	9.273635e-01	8.911537e-02	4.072141e-02	4.839397e-02
409           	-3.944663e-03	9.340591e-01	1.096478e-01	5.087924e-02	5.876857e-02
410           	-4.046292e-03	9.399722e-01	1.262748e-01	5.909109e-02	6.718368e-02
411           	-4.121835e-03	9.442463e-01	1.370133e-01	6.438480e-02	7.262847e-02
412           	-4.158828e-03	9.464678e-01	1.412079e-01	6.644513e-02	7.476279e-02
413           	-4.146701e-03	9.467443e-01	1.381978e-01	6.495221e-02	7.324561e-02
414           	-4.095671e-03	9.461665e-01	1.292206e-01	6.051461e-02	6.870595e-02
415           	-4.033615e-03	9.460408e-01	1.184059e-01	5.516932e-02	6.323655e-02
416           	-3.969863e-03	9.454794e-01	1.092068e-01	5.063352e-02	5.857324e-02
417           	-3.902980e-03	9.426480e-01	1.039460e-01	4.807000e-02	5.587596e-02
418           	-3.831810e-03	9.358532e-01	1.038037e-01	4.807005e-02	5.573367e-02
419           	-3.759053e-03	9.257330e-01	1.077600e-01	5.012096e-02	5.763907e-02
420           	-3.693654e-03	9.156627e-01	1.139769e-01	5.329478e-02	6.068208e-02
421           	-3.639578e-03	9.088745e-01	1.212689e-01	5.699489e-02	6.427405e-02
422           	-3.608541e-03	9.075454e-01	1.292061e-01	6.099452e-02	6.821161e-02
423           	-3.614202e-03	9.133816e-01	1.365193e-01	6.464544e-02	7.187384e-02
424           	-3.649749e-03	9.249645e-01	1.424701e-01	6.758528e-02	7.488478e-02
425           	-3.682052e-03	9.369065e-01	1.476524e-01	7.014412e-02	7.750823e-02
426           	-3.696374e-03	9.462392e-01	1.524304e-01	7.251881e-02	7.991156e-02
427           	-3.709809e-03	9.562236e-01	1.570667e-01	7.482352e-02	8.224314e-02
428           	-3.729254e-03	9.679212e-01	1.616824e-01	7.711193e-02	8.457044e-02
429           	-3.737932e-03	9.774909e-01	1.659400e-01	7.923208e-02	8.670795e-02
430           	-3.724837e-03	9.815543e-01	1.691017e-01	8.082603e-02	8.827570e-02
431           	-3.692485e-03	9.795007e-01	1.697624e-01	8.118870e-02	8.857367e-02
432           	-3.642441e-03	9.715589e-01	1.657274e-01	7.922127e-02	8.650615e-02
433           	-3.579106e-03	9.589714e-01	1.554505e-01	7.414617e-02	8.130438e-02
434           	-3.504304e-03	9.442771e-01	1.409231e-01	6.695725e-02	7.396586e-02
435           	-3.416739e-03	9.296298e-01	1.262657e-01	5.971613e-02	6.654961e-02
436           	-3.332190e-03	9.178345e-01	1.129345e-01	5.313505e-02	5.979943e-02
437           	-3.270859e-03	9.106269e-01	1.013327e-01	4.739551e-02	5.393723e-02
438           	-3.241424e-03	9.078877e-01	9.256362e-02	4.304039e-02	4.952324e-02
439           	-3.240774e-03	9.079661e-01	8.612197e-02	3.982021e-02	4.630176e-02
440           	-3.266261e-03	9.097357e-01	8.078803e-02	3.712776e-02	4.366028e-02
441           	-3.323583e-03	9.125532e-01	7.493475e-02	3.414379e-02	4.079096e-02
442           	-3.426837e-03	9.176309e-01	6.689313e-02	3.001973e-02	3.687340e-02
443           	-3.561821e-03	9.240983e-01	5.707029e-02	2.497333e-02	3.209697e-02
444           	-3.696465e-03	9.294618e-01	4.670453e-02	1.965580e-02	2.704873e-02
445           	-3.814523e-03	9.328623e-01	3.687602e-02	1.462349e-02	2.225254e-02
446           	-3.911860e-03	9.351450e-01	2.967871e-02	1.092749e-02	1.875122e-02
447           	-3.990851e-03	9.371360e-01	2.694628e-02	9.482288e-03	1.746399e-02
448           	-4.047145e-03	9.385637e-01	2.927603e-02	1.059087e-02	1.868516e-02
449           	-4.069758e-03	9.381630e-01	3.705775e-02	1.445912e-02	2.259863e-02
450           	-4.056734e-03	9.354976e-01	5.081383e-02	2.135018e-02	2.946365e-02
451           	-4.014811e-03	9.309519e-01	7.029430e-02	3.113234e-02	3.916196e-02
452           	-3.964286e-03	9.270327e-01	9.471532e-02	4.339337e-02	5.132194e-02
453           	-3.920035e-03	9.247731e-01	1.206818e-01	5.642085e-02	6.426092e-02
454           	-3.878004e-03	9.233934e-01	1.453498e-01	6.879689e-02	7.655290e-02
455           	-3.835175e-03	9.212934e-01	1.654278e-01	7.887875e-02	8.654910e-02
456           	-3.795003e-03	9.182284e-01	1.800484e-01	8.622919e-02	9.381919e-02
457           	-3.767076e-03	9.151186e-01	1.878560e-01	9.016091e-02	9.769507e-02
458           	-3.753288e-03	9.130102e-01	1.877965e-01	9.014498e-02	9.765155e-02
459           	-3.740347e-03	9.113681e-01	1.823515e-01	8.743540e-02	9.491610e-02
460           	-3.714979e-03	9.087586e-01	1.742898e-01	8.342993e-02	9.085988e-02
461           	-3.676068e-03	9.047350e-01	1.648128e-01	7.873032e-02	8.608245e-02
462           	-3.625108e-03	8.989838e-01	1.550552e-01	7.390249e-02	8.115271e-02
463           	-3.568959e-03	8.921866e-01	1.465678e-01	6.971496e-02	7.685288e-02
464           	-3.520867e-03	8.864640e-01	1.398919e-01	6.642506e-02	7.346680e-02
465           	-3.481829e-03	8.823373e-01	1.350307e-01	6.403350e-02	7.099716e-02
466           	-3.449211e-03	8.803682e-01	1.308521e-01	6.197682e-02	6.887525e-02
467           	-3.417498e-03	8.803598e-01	1.258906e-01	5.952780e-02	6.636279e-02
468           	-3.382016e-03	8.808909e-01	1.187335e-01	5.598474e-02	6.274877e-02
469           	-3.348827e-03	8.814877e-01	1.084480e-01	5.087517e-02	5.757282e-02
470           	-3.327477e-03	8.818646e-01	9.612035e-02	4.473270e-02	5.138765e-02
471           	-3.323777e-03	8.821565e-01	8.236322e-02	3.785783e-02	4.450539e-02
472           	-3.337277e-03	8.835864e-01	6.792959e-02	3.062752e-02	3.730207e-02
473           	-3.362197e-03	8.865450e-01	5.386834e-02	2.357197e-02	3.029637e-02
474           	-3.396347e-03	8.906699e-01	4.117837e-02	1.719284e-02	2.398553e-02
475           	-3.441080e-03	8.953939e-01	3.118654e-02	1.215219e-02	1.903435e-02
476           	-3.497603e-03	9.005003e-01	2.520643e-02	9.105613e-03	1.610082e-02
477           	-3.564433e-03	9.058611e-01	2.391669e-02	8.393913e-03	1.552278e-02
478           	-3.637107e-03	9.112236e-01	2.765519e-02	1.019049e-02	1.746470e-02
479           	-3.712828e-03	9.161903e-01	3.672074e-02	1.464754e-02	2.207320e-02
480           	-3.784723e-03	9.202265e-01	5.124367e-02	2.183711e-02	2.940656e-02
481           	-3.842892e-03	9.225729e-01	6.978190e-02	3.104806e-02	3.873384e-02
482           	-3.888261e-03	9.232553e-01	9.053209e-02	4.137778e-02	4.915430e-02
483           	-3.930577e-03	9.231911e-01	1.113229e-01	5.173088e-02	5.959203e-02
484           	-3.973180e-03	9.224564e-01	1.308441e-01	6.144888e-02	6.939524e-02
485           	-4.021868e-03	9.223518e-01	1.483892e-01	7.017273e-02	7.821646e-02
486           	-4.087645e-03	9.247079e-01	1.633708e-01	7.759775e-02	8.577304e-02
487           	-4.156619e-03	9.280329e-01	1.752128e-01	8.344978e-02	9.176302e-02
488           	-4.200966e-03	9.284507e-01	1.836217e-01	8.760991e-02	9.601184e-02
489           	-4.201809e-03	9.239149e-01	1.885046e-01	9.005051e-02	9.845413e-02
490           	-4.176080e-03	9.176408e-01	1.898783e-01	9.076307e-02	9.911523e-02
491           	-4.143834e-03	9.124089e-01	1.891516e-01	9.043198e-02	9.871965e-02
492           	-4.108659e-03	9.082643e-01	1.881974e-01	8.999004e-02	9.820736e-02
493           	-4.072546e-03	9.048099e-01	1.873485e-01	8.960170e-02	9.774679e-02
494           	-4.043378e-03	9.025763e-01	1.858061e-01	8.885967e-02	9.694642e-02
495           	-4.025481e-03	9.019004e-01	1.833547e-01	8.765185e-02	9.570281e-02
496           	-4.014006e-03	9.025358e-01	1.797505e-01	8.586127e-02	9.388928e-02
497           	-3.996266e-03	9.031563e-01	1.747973e-01	8.340239e-02	9.139493e-02
498           	-3.966933e-03	9.037088e-01	1.688205e-01	8.044334e-02	8.837720e-02
499           	-3.921090e-03	9.034729e-01	1.628812e-01	7.751950e-02	8.536168e-02
500           	-3.858415e-03	9.023344e-01	1.581346e-01	7.520887e-02	8.292570e-02
501           	-3.788441e-03	9.014860e-01	1.562823e-01	7.435270e-02	8.192959e-02
502           	-3.722170e-03	9.018582e-01	1.588242e-01	7.568995e-02	8.313429e-02
503           	-3.664989e-03	9.035678e-01	1.664375e-01	7.955376e-02	8.688374e-02
504           	-3.618842e-03	9.061721e-01	1.783477e-01	8.555502e-02	9.279270e-02
505           	-3.573405e-03	9.074229e-01	1.920309e-01	9.244204e-02	9.958885e-02
506           	-3.531080e-03	9.062395e-01	2.042276e-01	9.858270e-02	1.056449e-01
507           	-3.496777e-03	9.027764e-01	2.121319e-01	1.025692e-01	1.095627e-01
508           	-3.478612e-03	8.986291e-01	2.143865e-01	1.037147e-01	1.106719e-01
509           	-3.482906e-03	8.950501e-01	2.108017e-01	1.019179e-01	1.088837e-01
510           	-3.513184e-03	8.926587e-01	2.007695e-01	9.687154e-02	1.038979e-01
511           	-3.565702e-03	8.916888e-01	1.828847e-01	8.787664e-02	9.500804e-02
512           	-3.624601e-03	8.913982e-01	1.577378e-01	7.524429e-02	8.249349e-02
513           	-3.663936e-03	8.909827e-01	1.302852e-01	6.147867e-02	6.880654e-02
514           	-3.677324e-03	8.903520e-01	1.040758e-01	4.836058e-02	5.571523e-02
515           	-3.672346e-03	8.902887e-01	8.204837e-02	3.735184e-02	4.469653e-02
516           	-3.662542e-03	8.914789e-01	6.764972e-02	3.016232e-02	3.748740e-02
517           	-3.653588e-03	8.935940e-01	6.077089e-02	2.673186e-02	3.403903e-02
518           	-3.643105e-03	8.958236e-01	5.996069e-02	2.633724e-02	3.362345e-02
519           	-3.633915e-03	8.984060e-01	6.469467e-02	2.871342e-02	3.598125e-02
520           	-3.634568e-03	9.029439e-01	7.533614e-02	3.403350e-02	4.130264e-02
521           	-3.653183e-03	9.094183e-01	9.035771e-02	4.152567e-02	4.883204e-02
522           	-3.683329e-03	9.150380e-01	1.049333e-01	4.878334e-02	5.615000e-02
523           	-3.720240e-03	9.183065e-01	1.151101e-01	5.383481e-02	6.127529e-02
524           	-3.764623e-03	9.199495e-01	1.207858e-01	5.662825e-02	6.415750e-02
525           	-3.817826e-03	9.211883e-01	1.230286e-01	5.769650e-02	6.533215e-02
526           	-3.869201e-03	9.212643e-01	1.231532e-01	5.770740e-02	6.544580e-02
527           	-3.907681e-03	9.192873e-01	1.225782e-01	5.738144e-02	6.519680e-02
528           	-3.937233e-03	9.169597e-01	1.222604e-01	5.719295e-02	6.506742e-02
529           	-3.968056e-03	9.166205e-01	1.230560e-01	5.755992e-02	6.549604e-02
530           	-4.002908e-03	9.188145e-01	1.257769e-01	5.888556e-02	6.689138e-02
531           	-4.029943e-03	9.216846e-01	1.310334e-01	6.148677e-02	6.954666e-02
532           	-4.040460e-03	9.242272e-01	1.383673e-01	6.514317e-02	7.322409e-02
533           	-4.036097e-03	9.260274e-01	1.461604e-01	6.904408e-02	7.711628e-02
534           	-4.015516e-03	9.253220e-01	1.527448e-01	7.235688e-02	8.038792e-02
535           	-3.992871e-03	9.238886e-01	1.570450e-01	7.452963e-02	8.251537e-02
536           	-3.971688e-03	9.230357e-01	1.590895e-01	7.557307e-02	8.351644e-02
537           	-3.947399e-03	9.224213e-01	1.595620e-01	7.583360e-02	8.372840e-02
538           	-3.887033e-03	9.194281e-01	1.601649e-01	7.619543e-02	8.396950e-02
539           	-3.776451e-03	9.127850e-01	1.618113e-01	7.712919e-02	8.468209e-02
540           	-3.641010e-03	9.052840e-01	1.635306e-01	7.812428e-02	8.540630e-02
541           	-3.505193e-03	8.988852e-01	1.641252e-01	7.855740e-02	8.556778e-02
542           	-3.386521e-03	8.944860e-01	1.630372e-01	7.813207e-02	8.490511e-02
543           	-3.296589e-03	8.926863e-01	1.586936e-01	7.605021e-02	8.264339e-02
544           	-3.242590e-03	8.936937e-01	1.488367e-01	7.117575e-02	7.766093e-02
545           	-3.219049e-03	8.968145e-01	1.314257e-01	6.249378e-02	6.893188e-02
546           	-3.213234e-03	9.007003e-01	1.066725e-01	5.012300e-02	5.654947e-02
547           	-3.203546e-03	9.037384e-01	7.782042e-02	3.570666e-02	4.211375e-02
548           	-3.176237e-03	9.051108e-01	4.932674e-02	2.148713e-02	2.783961e-02
549           	-3.136190e-03	9.060647e-01	2.544020e-02	9.583912e-03	1.585629e-02
550           	-3.091150e-03	9.065748e-01	9.719557e-03	1.768629e-03	7.950928e-03
551           	-3.054383e-03	9.070249e-01	3.630854e-03	-1.238956e-03	4.869811e-03
552           	-3.036874e-03	9.078350e-01	7.268764e-03	5.975081e-04	6.671256e-03
553           	-3.037705e-03	9.082185e-01	2.076227e-02	7.343429e-03	1.341884e-02
554           	-3.063014e-03	9.082505e-01	4.193867e-02	1.790632e-02	2.403235e-02
555           	-3.110165e-03	9.076447e-01	6.505841e-02	2.941904e-02	3.563937e-02
556           	-3.167825e-03	9.058805e-01	8.517113e-02	3.941774e-02	4.575339e-02
557           	-3.229876e-03	9.030881e-01	9.966036e-02	4.660031e-02	5.306006e-02
558           	-3.294629e-03	8.991298e-01	1.081354e-01	5.077305e-02	5.736231e-02
559           	-3.358382e-03	8.941314e-01	1.106472e-01	5.196524e-02	5.868200e-02
560           	-3.426943e-03	8.900994e-01	1.077653e-01	5.045572e-02	5.730960e-02
561           	-3.504866e-03	8.892679e-01	1.016496e-01	4.731992e-02	5.432965e-02
562           	-3.577335e-03	8.908276e-01	9.443027e-02	4.363780e-02	5.079247e-02
563           	-3.630815e-03	8.926353e-01	8.647863e-02	3.960850e-02	4.687013e-02
564           	-3.662074e-03	8.945343e-01	7.620549e-02	3.444067e-02	4.176482e-02
565           	-3.669793e-03	8.961943e-01	6.326357e-02	2.796199e-02	3.530158e-02
566           	-3.656479e-03	8.980340e-01	5.022589e-02	2.145647e-02	2.876943e-02
567           	-3.624919e-03	8.990264e-01	4.073298e-02	1.674157e-02	2.399141e-02
568           	-3.585594e-03	8.986028e-01	3.643599e-02	1.463240e-02	2.180359e-02
569           	-3.567789e-03	8.984724e-01	3.759045e-02	1.522744e-02	2.236301e-02
570           	-3.580202e-03	8.991295e-01	4.247673e-02	1.765816e-02	2.481857e-02
571           	-3.610073e-03	8.998384e-01	4.994165e-02	2.136075e-02	2.858090e-02
572           	-3.659303e-03	9.028228e-01	5.892970e-02	2.580555e-02	3.312415e-02
573           	-3.715332e-03	9.078143e-01	6.885036e-02	3.070985e-02	3.814051e-02
574           	-3.770028e-03	9.143512e-01	7.911972e-02	3.578983e-02	4.332989e-02
575           	-3.813534e-03	9.208875e-01	8.966057e-02	4.101675e-02	4.864382e-02
576           	-3.840742e-03	9.261594e-01	9.971560e-02	4.601706e-02	5.369854e-02
577           	-3.853866e-03	9.303147e-01	1.096929e-01	5.099261e-02	5.870034e-02
578           	-3.854145e-03	9.331715e-01	1.197565e-01	5.602412e-02	6.373241e-02
579           	-3.837315e-03	9.336986e-01	1.304190e-01	6.137218e-02	6.904680e-02
580           	-3.806325e-03	9.323514e-01	1.428677e-01	6.762752e-02	7.524017e-02
581           	-3.766210e-03	9.294522e-01	1.573183e-01	7.489296e-02	8.242538e-02
582           	-3.722065e-03	9.245109e-01	1.725498e-01	8.255285e-02	8.999698e-02
583           	-3.688798e-03	9.187167e-01	1.866894e-01	8.965589e-02	9.703349e-02
584           	-3.677230e-03	9.136990e-01	1.987354e-01	9.569045e-02	1.030449e-01
585           	-3.692200e-03	9.111098e-01	2.062010e-01	9.940829e-02	1.067927e-01
586           	-3.733005e-03	9.116065e-01	2.076110e-01	1.000725e-01	1.075385e-01
587           	-3.795398e-03	9.146162e-01	2.022379e-01	9.732355e-02	1.049143e-01
588           	-3.858253e-03	9.181301e-01	1.897457e-01	9.101461e-02	9.873112e-02
589           	-3.887922e-03	9.187473e-01	1.722065e-01	8.221533e-02	8.999118e-02
590           	-3.870051e-03	9.154528e-01	1.530753e-01	7.266759e-02	8.040770e-02
591           	-3.826476e-03	9.096122e-01	1.352455e-01	6.379628e-02	7.144924e-02
592           	-3.767446e-03	9.012756e-01	1.199476e-01	5.620633e-02	6.374122e-02
593           	-3.699138e-03	8.913334e-01	1.071803e-01	4.989101e-02	5.728928e-02
594           	-3.634363e-03	8.813681e-01	9.614982e-02	4.444055e-02	5.170927e-02
595           	-3.595014e-03	8.735601e-01	8.697588e-02	3.989293e-02	4.708295e-02
596           	-3.596988e-03	8.693481e-01	8.113877e-02	3.697240e-02	4.416637e-02
597           	-3.634677e-03	8.687122e-01	8.002419e-02	3.637742e-02	4.364677e-02
598           	-3.693509e-03	8.708785e-01	8.449739e-02	3.855519e-02	4.594221e-02
599           	-3.758941e-03	8.752358e-01	9.449534e-02	4.348873e-02	5.100661e-02
600           	-3.827527e-03	8.814555e-01	1.092975e-01	5.082122e-02	5.847628e-02
601           	-3.910641e-03	8.897117e-01	1.275363e-01	5.985752e-02	6.767880e-02
602           	-4.005164e-03	8.986902e-01	1.480118e-01	7.000073e-02	7.801106e-02
603           	-4.103296e-03	9.080083e-01	1.691830e-01	8.048819e-02	8.869478e-02
604           	-4.187784e-03	9.158428e-01	1.886971e-01	9.016078e-02	9.853634e-02
605           	-4.250420e-03	9.216676e-01	2.044500e-01	9.797458e-02	1.064754e-01
606           	-4.275803e-03	9.234580e-01	2.156948e-01	1.035716e-01	1.121232e-01
607           	-4.263582e-03	9.211478e-01	2.222494e-01	1.068611e-01	1.153883e-01
608           	-4.224263e-03	9.164621e-01	2.248198e-01	1.081856e-01	1.166341e-01
609           	-4.164578e-03	9.104086e-01	2.237873e-01	1.077291e-01	1.160582e-01
610           	-4.099695e-03	9.043019e-01	2.204376e-01	1.061191e-01	1.143185e-01
611           	-4.040006e-03	8.987806e-01	2.168402e-01	1.043801e-01	1.124601e-01
612           	-3.987438e-03	8.943654e-01	2.158324e-01	1.039288e-01	1.119036e-01
613           	-3.940330e-03	8.915611e-01	2.203764e-01	1.062479e-01	1.141285e-01
614           	-3.886446e-03	8.887481e-01	2.322568e-01	1.122420e-01	1.200148e-01
615           	-3.818609e-03	8.850973e-01	2.492129e-01	1.207878e-01	1.284251e-01
616           	-3.722481e-03	8.777897e-01	2.670119e-01	1.297835e-01	1.372284e-01
617           	-3.615406e-03	8.680924e-01	2.812228e-01	1.369960e-01	1.442268e-01
618           	-3.535978e-03	8.607207e-01	2.859601e-01	1.394440e-01	1.465160e-01
619           	-3.486473e-03	8.552247e-01	2.789785e-01	1.360028e-01	1.429757e-01
620           	-3.462011e-03	8.508253e-01	2.578966e-01	1.254863e-01	1.324103e-01
621           	-3.457362e-03	8.485762e-01	2.239600e-01	1.085226e-01	1.154374e-01
622           	-3.460305e-03	8.485941e-01	1.818597e-01	8.746955e-02	9.439016e-02
623           	-3.453055e-03	8.490080e-01	1.394889e-01	6.629140e-02	7.319751e-02
624           	-3.429397e-03	8.486391e-01	1.033782e-01	4.825972e-02	5.511851e-02
625           	-3.397372e-03	8.482302e-01	7.672811e-02	3.496668e-02	4.176143e-02
626           	-3.374454e-03	8.485251e-01	6.183208e-02	2.754159e-02	3.429049e-02
627           	-3.377129e-03	8.512832e-01	5.929245e-02	2.626909e-02	3.302335e-02
628           	-3.421001e-03	8.589287e-01	6.854489e-02	3.085145e-02	3.769345e-02
629           	-3.518497e-03	8.725830e-01	8.846767e-02	4.071534e-02	4.775233e-02
630           	-3.669287e-03	8.903844e-01	1.154487e-01	5.405508e-02	6.139366e-02
631           	-3.842227e-03	9.071786e-01	1.435895e-01	6.795255e-02	7.563700e-02
632           	-4.000232e-03	9.193755e-01	1.688274e-01	8.041346e-02	8.841392e-02
633           	-4.122250e-03	9.259930e-01	1.917142e-01	9.173485e-02	9.997935e-02
634           	-4.198541e-03	9.267789e-01	2.132888e-01	1.024458e-01	1.108429e-01
635           	-4.235424e-03	9.236079e-01	2.327820e-01	1.121556e-01	1.206264e-01
636           	-4.253151e-03	9.201418e-01	2.478006e-01	1.196472e-01	1.281535e-01
637           	-4.266564e-03	9.188262e-01	2.570618e-01	1.242644e-01	1.327975e-01
638           	-4.276773e-03	9.201482e-01	2.609947e-01	1.262206e-01	1.347741e-01
639           	-4.271961e-03	9.221095e-01	2.608233e-01	1.261397e-01	1.346836e-01
640           	-4.247066e-03	9.228491e-01	2.579652e-01	1.247355e-01	1.332297e-01
641           	-4.202090e-03	9.219132e-01	2.527501e-01	1.221730e-01	1.305771e-01
642           	-4.137615e-03	9.193349e-01	2.443599e-01	1.180423e-01	1.263176e-01
643           	-4.055630e-03	9.150618e-01	2.309516e-01	1.114202e-01	1.195314e-01
644           	-3.967923e-03	9.099893e-01	2.120939e-01	1.020791e-01	1.100149e-01
645           	-3.893271e-03	9.062339e-01	1.891886e-01	9.070101e-02	9.848755e-02
646           	-3.839920e-03	9.056670e-01	1.628269e-01	7.757355e-02	8.525339e-02
647           	-3.813005e-03	9.087598e-01	1.373368e-01	6.485540e-02	7.248141e-02
648           	-3.805904e-03	9.139588e-01	1.175804e-01	5.498430e-02	6.259610e-02
649           	-3.808771e-03	9.188846e-01	1.050494e-01	4.871593e-02	5.633347e-02
650           	-3.803327e-03	9.212165e-01	1.009097e-01	4.665153e-02	5.425818e-02
651           	-3.766248e-03	9.200313e-01	1.073129e-01	4.989018e-02	5.742268e-02
652           	-3.694291e-03	9.167369e-01	1.267711e-01	5.969125e-02	6.707983e-02
653           	-3.607647e-03	9.135115e-01	1.530463e-01	7.291553e-02	8.013082e-02
654           	-3.515794e-03	9.097708e-01	1.767481e-01	8.485826e-02	9.188985e-02
655           	-3.435955e-03	9.064621e-01	1.922498e-01	9.268892e-02	9.956083e-02
656           	-3.376749e-03	9.037605e-01	1.995799e-01	9.641323e-02	1.031667e-01
657           	-3.343399e-03	9.018935e-01	1.989195e-01	9.611633e-02	1.028031e-01
658           	-3.336286e-03	9.009854e-01	1.899659e-01	9.164665e-02	9.831922e-02
659           	-3.346231e-03	9.004635e-01	1.729200e-01	8.311378e-02	8.980624e-02
660           	-3.357854e-03	9.000246e-01	1.500049e-01	7.164461e-02	7.836031e-02
661           	-3.356050e-03	8.990280e-01	1.240258e-01	5.865685e-02	6.536895e-02
662           	-3.328785e-03	8.962861e-01	1.015229e-01	4.743266e-02	5.409023e-02
663           	-3.283178e-03	8.927960e-01	8.589945e-02	3.966655e-02	4.623290e-02
664           	-3.227618e-03	8.889267e-01	7.775001e-02	3.564739e-02	4.210263e-02
665           	-3.182869e-03	8.861646e-01	7.738607e-02	3.551016e-02	4.187590e-02
666           	-3.155171e-03	8.842217e-01	8.327213e-02	3.848089e-02	4.479124e-02
667           	-3.137870e-03	8.817905e-01	9.403066e-02	4.387746e-02	5.015320e-02
668           	-3.140125e-03	8.791534e-01	1.080695e-01	5.089460e-02	5.717485e-02
669           	-3.177590e-03	8.780372e-01	1.223760e-01	5.801039e-02	6.436557e-02
670           	-3.251960e-03	8.789007e-01	1.331617e-01	6.332888e-02	6.983279e-02
671           	-3.351164e-03	8.813723e-01	1.390164e-01	6.615704e-02	7.285937e-02
672           	-3.461772e-03	8.847487e-01	1.401075e-01	6.659199e-02	7.351553e-02
673           	-3.579937e-03	8.891655e-01	1.358566e-01	6.434835e-02	7.150823e-02
674           	-3.687691e-03	8.940189e-01	1.250343e-01	5.882945e-02	6.620484e-02
675           	-3.764332e-03	8.985624e-01	1.097289e-01	5.110010e-02	5.862877e-02
676           	-3.816304e-03	9.028621e-01	9.233496e-02	4.235118e-02	4.998379e-02
677           	-3.850307e-03	9.060887e-01	7.604959e-02	3.417449e-02	4.187510e-02
678           	-3.863599e-03	9.071070e-01	6.375957e-02	2.801619e-02	3.574339e-02
679           	-3.856868e-03	9.058003e-01	5.706039e-02	2.467333e-02	3.238707e-02
680           	-3.837533e-03	9.033584e-01	5.681778e-02	2.457136e-02	3.224642e-02
681           	-3.816222e-03	9.018010e-01	6.447745e-02	2.842250e-02	3.605495e-02
682           	-3.796307e-03	9.014167e-01	7.911581e-02	3.576160e-02	4.335421e-02
683           	-3.775355e-03	9.009386e-01	9.923989e-02	4.584459e-02	5.339530e-02
684           	-3.760021e-03	9.017040e-01	1.230866e-01	5.778328e-02	6.530333e-02
685           	-3.759224e-03	9.042410e-01	1.471555e-01	6.981853e-02	7.733698e-02
686           	-3.782773e-03	9.092755e-01	1.693902e-01	8.091234e-02	8.847789e-02
687           	-3.819092e-03	9.156809e-01	1.894830e-01	9.092243e-02	9.856062e-02
688           	-3.853663e-03	9.222863e-01	2.069773e-01	9.963497e-02	1.073423e-01
689           	-3.874748e-03	9.283124e-01	2.239444e-01	1.080975e-01	1.158470e-01
690           	-3.871381e-03	9.330005e-01	2.398468e-01	1.160520e-01	1.237948e-01
691           	-3.833391e-03	9.353515e-01	2.513916e-01	1.218624e-01	1.295292e-01
692           	-3.759610e-03	9.344857e-01	2.542224e-01	1.233516e-01	1.308708e-01
693           	-3.661801e-03	9.300523e-01	2.460995e-01	1.193879e-01	1.267115e-01
694           	-3.559096e-03	9.227463e-01	2.260322e-01	1.094570e-01	1.165752e-01
695           	-3.461280e-03	9.131432e-01	1.954359e-01	9.425668e-02	1.011792e-01
696           	-3.379003e-03	9.029427e-01	1.565006e-01	7.487130e-02	8.162931e-02
697           	-3.304789e-03	8.930200e-01	1.101878e-01	5.178909e-02	5.839867e-02
698           	-3.240301e-03	8.862865e-01	5.974587e-02	2.663263e-02	3.311324e-02
699           	-3.206701e-03	8.843503e-01	8.346925e-03	9.667611e-04	7.380164e-03
700           	-3.225896e-03	8.882676e-01	-4.012124e-02	-2.328652e-02	-1.683472e-02
701           	-3.279512e-03	8.953566e-01	-7.920802e-02	-4.288352e-02	-3.632450e-02
702           	-3.350285e-03	9.047446e-01	-1.069531e-01	-5.682682e-02	-5.012625e-02
703           	-3.405582e-03	9.139141e-01	-1.200039e-01	-6.340752e-02	-5.659635e-02
704           	-3.444939e-03	9.229936e-01	-1.176521e-01	-6.227100e-02	-5.538112e-02
705           	-3.461330e-03	9.307432e-01	-9.997230e-02	-5.344748e-02	-4.652482e-02
706           	-3.440118e-03	9.337815e-01	-7.005095e-02	-3.846559e-02	-3.158536e-02
707           	-3.390475e-03	9.312367e-01	-3.002453e-02	-1.840274e-02	-1.162179e-02
708           	-3.347087e-03	9.251181e-01	1.291326e-02	3.109541e-03	9.803715e-03
709           	-3.345789e-03	9.191110e-01	5.182672e-02	2.256757e-02	2.925915e-02
710           	-3.379874e-03	9.150679e-01	8.097518e-02	3.710771e-02	4.386746e-02
711           	-3.435718e-03	9.134987e-01	1.008630e-01	4.699579e-02	5.386723e-02
712           	-3.507930e-03	9.146288e-01	1.126495e-01	5.281684e-02	5.983270e-02
713           	-3.583435e-03	9.185770e-01	1.155838e-01	5.420847e-02	6.137534e-02
714           	-3.653640e-03	9.249354e-01	1.110009e-01	5.184681e-02	5.915409e-02
715           	-3.719521e-03	9.335853e-01	1.013632e-01	4.696208e-02	5.440112e-02
716           	-3.777392e-03	9.421355e-01	8.960716e-02	4.102619e-02	4.858097e-02
717           	-3.820769e-03	9.484889e-01	7.775414e-02	3.505630e-02	4.269784e-02
718           	-3.838070e-03	9.507699e-01	6.718292e-02	2.975339e-02	3.742953e-02
719           	-3.822853e-03	9.482204e-01	5.842965e-02	2.539197e-02	3.303768e-02
720           	-3.777089e-03	9.421892e-01	5.168603e-02	2.206593e-02	2.962010e-02
721           	-3.709842e-03	9.351763e-01	4.762206e-02	2.010119e-02	2.752087e-02
722           	-3.634975e-03	9.290787e-01	4.644499e-02	1.958752e-02	2.685747e-02
723           	-3.565507e-03	9.244425e-01	4.793105e-02	2.040002e-02	2.753103e-02
724           	-3.511114e-03	9.218370e-01	5.210346e-02	2.254061e-02	2.956284e-02
725           	-3.476600e-03	9.212631e-01	5.931830e-02	2.618255e-02	3.313575e-02
726           	-3.457432e-03	9.219267e-01	6.918372e-02	3.113443e-02	3.804929e-02
727           	-3.445450e-03	9.222703e-01	8.043248e-02	3.677079e-02	4.366169e-02
728           	-3.434899e-03	9.211064e-01	9.130502e-02	4.221761e-02	4.908741e-02
729           	-3.422823e-03	9.178942e-01	1.007017e-01	4.692803e-02	5.377367e-02
730           	-3.416248e-03	9.130250e-01	1.076042e-01	5.038585e-02	5.721835e-02
731           	-3.430308e-03	9.087243e-01	1.102728e-01	5.170609e-02	5.856670e-02
732           	-3.477113e-03	9.084124e-01	1.079521e-01	5.049894e-02	5.745317e-02
733           	-3.528319e-03	9.108073e-01	1.036855e-01	4.831441e-02	5.537105e-02
734           	-3.541807e-03	9.109940e-01	9.977030e-02	4.634334e-02	5.342696e-02
735           	-3.501899e-03	9.070777e-01	9.645888e-02	4.472754e-02	5.173134e-02
736           	-3.445733e-03	9.024870e-01	9.409534e-02	4.360194e-02	5.049340e-02
737           	-3.403183e-03	8.997005e-01	9.422122e-02	4.370743e-02	5.051379e-02
738           	-3.384750e-03	8.988526e-01	9.743003e-02	4.533026e-02	5.209976e-02
739           	-3.385546e-03	8.982003e-01	1.031432e-01	4.818607e-02	5.495716e-02
740           	-3.405035e-03	8.972337e-01	1.109945e-01	5.209223e-02	5.890230e-02
741           	-3.445133e-03	8.962697e-01	1.205815e-01	5.684564e-02	6.373590e-02
742           	-3.507678e-03	8.967021e-01	1.310294e-01	6.200704e-02	6.902240e-02
743           	-3.584490e-03	8.990962e-01	1.409949e-01	6.691294e-02	7.408192e-02
744           	-3.660835e-03	9.030828e-01	1.491594e-01	7.091888e-02	7.824055e-02
745           	-3.723327e-03	9.069506e-01	1.547093e-01	7.363133e-02	8.107798e-02
746           	-3.767500e-03	9.093688e-01	1.571690e-01	7.481700e-02	8.235200e-02
747           	-3.795419e-03	9.107370e-01	1.566567e-01	7.453295e-02	8.212379e-02
748           	-3.808557e-03	9.113678e-01	1.539132e-01	7.314806e-02	8.076517e-02
749           	-3.802388e-03	9.107514e-01	1.487764e-01	7.058582e-02	7.819060e-02
750           	-3.780747e-03	9.089244e-01	1.421858e-01	6.731215e-02	7.487364e-02
751           	-3.749182e-03	9.061343e-01	1.348229e-01	6.366225e-02	7.116061e-02
752           	-3.711447e-03	9.024962e-01	1.272119e-01	5.989450e-02	6.731739e-02
753           	-3.677484e-03	8.993260e-01	1.194470e-01	5.604601e-02	6.340098e-02
754           	-3.651088e-03	8.974014e-01	1.103958e-01	5.154681e-02	5.884899e-02
755           	-3.627985e-03	8.967600e-01	9.941106e-02	4.607755e-02	5.333352e-02
756           	-3.608341e-03	8.976922e-01	8.587792e-02	3.933062e-02	4.654730e-02
757           	-3.588319e-03	9.000874e-01	7.154174e-02	3.218255e-02	3.935919e-02
758           	-3.561519e-03	9.033357e-01	5.913884e-02	2.600790e-02	3.313094e-02
759           	-3.517732e-03	9.063272e-01	5.195417e-02	2.245936e-02	2.949482e-02
760           	-3.455539e-03	9.084195e-01	5.009129e-02	2.159011e-02	2.850118e-02
761           	-3.385258e-03	9.098806e-01	5.323963e-02	2.323456e-02	3.000508e-02
762           	-3.330231e-03	9.115576e-01	6.070507e-02	2.702230e-02	3.368277e-02
763           	-3.286989e-03	9.130724e-01	7.064486e-02	3.203544e-02	3.860942e-02
764           	-3.256959e-03	9.142105e-01	8.147958e-02	3.748283e-02	4.399675e-02
765           	-3.243062e-03	9.153456e-01	9.174887e-02	4.263137e-02	4.911750e-02
766           	-3.250458e-03	9.175470e-01	1.000995e-01	4.679931e-02	5.330022e-02
767           	-3.280301e-03	9.208273e-01	1.062030e-01	4.982117e-02	5.638178e-02
768           	-3.325426e-03	9.237380e-01	1.111699e-01	5.225951e-02	5.891036e-02
769           	-3.369831e-03	9.249340e-01	1.160290e-01	5.464469e-02	6.138435e-02
770           	-3.382800e-03	9.228084e-01	1.207714e-01	5.700289e-02	6.376849e-02
771           	-3.356303e-03	9.169320e-01	1.246775e-01	5.898244e-02	6.569504e-02
772           	-3.315883e-03	9.091705e-01	1.252235e-01	5.929586e-02	6.592763e-02
773           	-3.299650e-03	9.025115e-01	1.207432e-01	5.707194e-02	6.367124e-02
774           	-3.324229e-03	8.976411e-01	1.118505e-01	5.260102e-02	5.924948e-02
775           	-3.383495e-03	8.943261e-01	1.016097e-01	4.742137e-02	5.418836e-02
776           	-3.448640e-03	8.911185e-01	9.249800e-02	4.280036e-02	4.969764e-02
777           	-3.490079e-03	8.871105e-01	8.526259e-02	3.914122e-02	4.612137e-02
778           	-3.504625e-03	8.836422e-01	8.004624e-02	3.651849e-02	4.352775e-02
779           	-3.514576e-03	8.836336e-01	7.579106e-02	3.438096e-02	4.141011e-02
780           	-3.533077e-03	8.882002e-01	7.298854e-02	3.296119e-02	4.002735e-02
781           	-3.561966e-03	8.963555e-01	7.209916e-02	3.248762e-02	3.961155e-02
782           	-3.593027e-03	9.061617e-01	7.337925e-02	3.309660e-02	4.028265e-02
783           	-3.613985e-03	9.150615e-01	7.739886e-02	3.508544e-02	4.231341e-02
784           	-3.620066e-03	9.213347e-01	8.443979e-02	3.859983e-02	4.583996e-02
785           	-3.615411e-03	9.244171e-01	9.425875e-02	4.351397e-02	5.074479e-02
786           	-3.611092e-03	9.254867e-01	1.061438e-01	4.946080e-02	5.668298e-02
787           	-3.614526e-03	9.257845e-01	1.185147e-01	5.564284e-02	6.287189e-02
788           	-3.630723e-03	9.265315e-01	1.297863e-01	6.126243e-02	6.852388e-02
789           	-3.658616e-03	9.280869e-01	1.390236e-01	6.585319e-02	7.317042e-02
790           	-3.685686e-03	9.293715e-01	1.451851e-01	6.890684e-02	7.627821e-02
791           	-3.698365e-03	9.287718e-01	1.476066e-01	7.010491e-02	7.750165e-02
792           	-3.687916e-03	9.250405e-01	1.458482e-01	6.923619e-02	7.661202e-02
793           	-3.652678e-03	9.184481e-01	1.399602e-01	6.632742e-02	7.363278e-02
794           	-3.602292e-03	9.106021e-01	1.303623e-01	6.157888e-02	6.878346e-02
795           	-3.556513e-03	9.036656e-01	1.174194e-01	5.515321e-02	6.226623e-02
796           	-3.529805e-03	8.993660e-01	1.023618e-01	4.765108e-02	5.471069e-02
797           	-3.525423e-03	8.982438e-01	8.578609e-02	3.936762e-02	4.641847e-02
798           	-3.537367e-03	8.997679e-01	6.717695e-02	3.005111e-02	3.712584e-02
799           	-3.556529e-03	9.033080e-01	4.669424e-02	1.979059e-02	2.690365e-02
800           	-3.567779e-03	9.076164e-01	2.724704e-02	1.005574e-02	1.719130e-02
801           	-3.566761e-03	9.119762e-01	1.276761e-02	2.817046e-03	9.950568e-03
802           	-3.558424e-03	9.165160e-01	3.989160e-03	-1.563843e-03	5.553004e-03
803           	-3.548395e-03	9.208222e-01	2.295551e-04	-3.433617e-03	3.663172e-03
804           	-3.521239e-03	9.228206e-01	3.407989e-03	-1.817245e-03	5.225234e-03
805           	-3.478848e-03	9.227839e-01	1.375047e-02	3.396390e-03	1.035409e-02
806           	-3.449501e-03	9.227065e-01	2.993517e-02	1.151808e-02	1.841709e-02
807           	-3.449827e-03	9.231731e-01	4.807034e-02	2.058535e-02	2.748500e-02
808           	-3.468551e-03	9.231084e-01	6.335693e-02	2.820991e-02	3.514701e-02
809           	-3.499067e-03	9.229248e-01	7.330362e-02	3.315275e-02	4.015088e-02
810           	-3.544673e-03	9.237840e-01	7.789276e-02	3.540171e-02	4.249106e-02
811           	-3.612678e-03	9.272482e-01	7.765779e-02	3.521622e-02	4.244157e-02
812           	-3.686766e-03	9.332908e-01	7.384212e-02	3.323429e-02	4.060782e-02
813           	-3.734553e-03	9.389655e-01	6.862115e-02	3.057602e-02	3.804513e-02
814           	-3.744415e-03	9.427730e-01	6.441976e-02	2.846546e-02	3.595429e-02
815           	-3.724734e-03	9.452415e-01	6.245481e-02	2.750267e-02	3.495214e-02
816           	-3.686418e-03	9.462901e-01	6.237936e-02	2.750326e-02	3.487610e-02
817           	-3.639968e-03	9.453946e-01	6.362761e-02	2.817384e-02	3.545377e-02
818           	-3.581606e-03	9.408751e-01	6.606405e-02	2.945042e-02	3.661363e-02
819           	-3.505697e-03	9.316265e-01	6.927573e-02	3.113217e-02	3.814356e-02
820           	-3.419270e-03	9.192712e-01	7.245136e-02	3.280641e-02	3.964495e-02
821           	-3.335545e-03	9.063392e-01	7.472609e-02	3.402750e-02	4.069859e-02
822           	-3.260651e-03	8.940700e-01	7.545040e-02	3.446455e-02	4.098585e-02
823           	-3.197883e-03	8.830055e-01	7.367836e-02	3.364130e-02	4.003707e-02
824           	-3.152407e-03	8.741252e-01	6.973137e-02	3.171328e-02	3.801809e-02
825           	-3.126887e-03	8.675991e-01	6.436705e-02	2.905664e-02	3.531041e-02
826           	-3.127616e-03	8.646790e-01	5.844545e-02	2.609511e-02	3.235034e-02
827           	-3.148913e-03	8.650048e-01	5.357501e-02	2.363859e-02	2.993642e-02
828           	-3.190239e-03	8.687657e-01	5.080223e-02	2.221088e-02	2.859135e-02
829           	-3.252394e-03	8.764152e-01	5.104392e-02	2.226957e-02	2.877436e-02
830           	-3.324345e-03	8.872816e-01	5.479838e-02	2.407485e-02	3.072354e-02
831           	-3.394715e-03	8.999733e-01	6.126982e-02	2.724019e-02	3.402962e-02
832           	-3.465410e-03	9.140185e-01	6.814493e-02	3.060706e-02	3.753788e-02
833           	-3.529831e-03	9.285805e-01	7.401516e-02	3.347775e-02	4.053741e-02
834           	-3.579360e-03	9.423342e-01	7.836661e-02	3.560394e-02	4.276266e-02
835           	-3.611370e-03	9.535758e-01	8.110085e-02	3.693906e-02	4.416180e-02
836           	-3.615991e-03	9.599661e-01	8.310326e-02	3.793564e-02	4.516762e-02
837           	-3.579766e-03	9.589175e-01	8.553714e-02	3.918880e-02	4.634834e-02
838           	-3.514744e-03	9.511127e-01	8.858890e-02	4.077971e-02	4.780920e-02
839           	-3.463484e-03	9.410987e-01	9.221318e-02	4.264311e-02	4.957007e-02
840           	-3.452752e-03	9.337890e-01	9.650455e-02	4.479952e-02	5.170502e-02
841           	-3.483357e-03	9.312722e-01	1.020796e-01	4.755646e-02	5.452318e-02
842           	-3.538647e-03	9.325429e-01	1.092922e-01	5.110746e-02	5.818476e-02
843           	-3.602041e-03	9.354183e-01	1.183801e-01	5.558799e-02	6.279207e-02
844           	-3.671774e-03	9.391765e-01	1.290168e-01	6.083665e-02	6.818019e-02
845           	-3.745707e-03	9.429348e-01	1.396448e-01	6.607668e-02	7.356809e-02
846           	-3.807079e-03	9.446931e-01	1.485312e-01	7.045853e-02	7.807269e-02
847           	-3.840840e-03	9.427962e-01	1.555635e-01	7.394092e-02	8.162260e-02
848           	-3.840195e-03	9.361864e-01	1.603332e-01	7.632639e-02	8.400678e-02
849           	-3.807696e-03	9.257398e-01	1.619766e-01	7.718060e-02	8.479599e-02
850           	-3.765091e-03	9.156106e-01	1.599248e-01	7.619730e-02	8.372748e-02
851           	-3.733045e-03	9.080715e-01	1.556804e-01	7.410713e-02	8.157322e-02
852           	-3.719641e-03	9.034442e-01	1.503955e-01	7.147812e-02	7.891740e-02
853           	-3.727235e-03	9.010759e-01	1.442385e-01	6.839200e-02	7.584647e-02
854           	-3.750740e-03	9.008955e-01	1.369974e-01	6.474797e-02	7.224945e-02
855           	-3.781674e-03	9.033641e-01	1.289453e-01	6.069097e-02	6.825432e-02
856           	-3.816289e-03	9.089396e-01	1.208490e-01	5.660822e-02	6.424079e-02
857           	-3.840457e-03	9.155697e-01	1.131005e-01	5.270980e-02	6.039072e-02
858           	-3.838638e-03	9.204470e-01	1.064223e-01	4.937251e-02	5.704978e-02
859           	-3.807408e-03	9.216212e-01	1.009748e-01	4.667999e-02	5.429481e-02
860           	-3.747363e-03	9.189273e-01	9.593511e-02	4.422019e-02	5.171492e-02
861           	-3.662813e-03	9.130603e-01	9.103719e-02	4.185578e-02	4.918141e-02
862           	-3.564992e-03	9.059028e-01	8.661779e-02	3.974390e-02	4.687389e-02
863           	-3.461022e-03	8.981988e-01	8.367447e-02	3.837621e-02	4.529826e-02
864           	-3.365261e-03	8.916758e-01	8.369293e-02	3.848120e-02	4.521172e-02
865           	-3.280671e-03	8.863804e-01	8.664100e-02	4.003983e-02	4.660117e-02
866           	-3.197173e-03	8.802410e-01	9.151286e-02	4.255926e-02	4.895360e-02
867           	-3.121102e-03	8.730240e-01	9.678679e-02	4.527229e-02	5.151450e-02
868           	-3.061210e-03	8.650681e-01	1.006753e-01	4.727643e-02	5.339885e-02
869           	-3.026107e-03	8.570941e-01	1.017220e-01	4.783487e-02	5.388709e-02
870           	-3.027825e-03	8.509570e-01	9.946870e-02	4.670652e-02	5.276217e-02
871           	-3.073504e-03	8.482913e-01	9.360514e-02	4.372906e-02	4.987607e-02
872           	-3.156241e-03	8.501114e-01	8.491089e-02	3.929920e-02	4.561169e-02
873           	-3.255738e-03	8.553374e-01	7.603964e-02	3.476408e-02	4.127556e-02
874           	-3.351230e-03	8.617187e-01	7.010391e-02	3.170072e-02	3.840318e-02
875           	-3.434462e-03	8.683788e-01	6.922569e-02	3.117838e-02	3.804731e-02
876           	-3.503015e-03	8.753620e-01	7.410980e-02	3.355189e-02	4.055791e-02
877           	-3.561842e-03	8.828487e-01	8.390441e-02	3.839037e-02	4.551405e-02
878           	-3.605474e-03	8.881330e-01	9.733533e-02	4.506219e-02	5.227314e-02
879           	-3.636244e-03	8.895548e-01	1.143985e-01	5.356301e-02	6.083550e-02
880           	-3.661128e-03	8.873139e-01	1.336677e-01	6.317272e-02	7.049497e-02
881           	-3.687763e-03	8.834015e-01	1.520379e-01	7.233116e-02	7.970669e-02
882           	-3.717260e-03	8.795203e-01	1.674026e-01	7.998405e-02	8.741857e-02
883           	-3.746395e-03	8.767442e-01	1.787287e-01	8.561794e-02	9.311073e-02
884           	-3.774657e-03	8.756147e-01	1.867987e-01	8.962471e-02	9.717403e-02
885           	-3.801923e-03	8.762077e-01	1.922673e-01	9.233173e-02	9.993558e-02
886           	-3.825832e-03	8.779519e-01	1.951535e-01	9.375093e-02	1.014026e-01
887           	-3.845221e-03	8.803757e-01	1.953300e-01	9.381978e-02	1.015102e-01
888           	-3.859842e-03	8.826643e-01	1.919349e-01	9.210761e-02	9.982729e-02
889           	-3.870304e-03	8.843422e-01	1.827358e-01	8.749761e-02	9.523821e-02
890           	-3.884520e-03	8.866727e-01	1.670692e-01	7.965008e-02	8.741912e-02
891           	-3.902063e-03	8.905719e-01	1.492601e-01	7.072801e-02	7.853213e-02
892           	-3.910013e-03	8.948808e-01	1.356778e-01	6.392887e-02	7.174889e-02
893           	-3.887575e-03	8.971523e-01	1.284319e-01	6.032836e-02	6.810351e-02
894           	-3.834390e-03	8.969038e-01	1.264241e-01	5.937768e-02	6.704646e-02
895           	-3.771372e-03	8.958284e-01	1.289875e-01	6.072239e-02	6.826513e-02
896           	-3.697677e-03	8.928314e-01	1.349156e-01	6.376012e-02	7.115547e-02
897           	-3.602925e-03	8.863484e-01	1.444336e-01	6.861386e-02	7.581971e-02
898           	-3.500198e-03	8.774192e-01	1.572562e-01	7.512791e-02	8.212830e-02
899           	-3.421548e-03	8.702523e-01	1.711513e-01	8.215411e-02	8.899720e-02
900           	-3.381678e-03	8.680871e-01	1.851674e-01	8.920203e-02	9.596539e-02
901           	-3.381617e-03	8.724212e-01	1.988064e-01	9.602160e-02	1.027848e-01
902           	-3.414454e-03	8.825408e-01	2.117256e-01	1.024483e-01	1.092772e-01
903           	-3.462024e-03	8.959491e-01	2.237698e-01	1.084229e-01	1.153469e-01
904           	-3.505045e-03	9.084434e-01	2.335699e-01	1.132799e-01	1.202900e-01
905           	-3.526526e-03	9.162337e-01	2.397752e-01	1.163611e-01	1.234141e-01
906           	-3.525121e-03	9.184368e-01	2.414632e-01	1.172065e-01	1.242567e-01
907           	-3.509839e-03	9.161598e-01	2.374668e-01	1.152235e-01	1.222432e-01
908           	-3.499180e-03	9.121091e-01	2.251228e-01	1.090622e-01	1.160606e-01
909           	-3.506483e-03	9.082391e-01	2.040951e-01	9.854107e-02	1.055540e-01
910           	-3.516684e-03	9.025156e-01	1.749499e-01	8.395825e-02	9.099162e-02
911           	-3.516721e-03	8.936120e-01	1.415084e-01	6.723750e-02	7.427094e-02
912           	-3.521958e-03	8.861336e-01	1.098282e-01	5.139213e-02	5.843604e-02
913           	-3.544258e-03	8.829720e-01	8.335261e-02	3.813205e-02	4.522056e-02
914           	-3.581837e-03	8.844836e-01	6.290583e-02	2.787108e-02	3.503475e-02
915           	-3.622146e-03	8.883980e-01	4.756084e-02	2.015827e-02	2.740256e-02
916           	-3.653676e-03	8.932521e-01	3.820033e-02	1.544649e-02	2.275384e-02
917           	-3.673794e-03	8.985288e-01	3.584168e-02	1.424705e-02	2.159463e-02
918           	-3.693706e-03	9.048685e-01	4.069056e-02	1.665157e-02	2.403898e-02
919           	-3.720043e-03	9.125184e-01	5.168160e-02	2.212076e-02	2.956084e-02
920           	-3.756480e-03	9.212587e-01	6.763280e-02	3.005992e-02	3.757288e-02
921           	-3.801835e-03	9.302212e-01	8.741470e-02	3.990552e-02	4.750919e-02
922           	-3.848287e-03	9.372294e-01	1.086285e-01	5.046594e-02	5.816252e-02
923           	-3.883504e-03	9.407817e-01	1.291812e-01	6.070709e-02	6.847410e-02
924           	-3.901373e-03	9.405539e-01	1.463697e-01	6.928348e-02	7.708623e-02
925           	-3.910035e-03	9.386189e-01	1.581041e-01	7.514201e-02	8.296208e-02
926           	-3.916146e-03	9.368978e-01	1.644352e-01	7.830147e-02	8.613376e-02
927           	-3.922089e-03	9.365496e-01	1.651211e-01	7.863847e-02	8.648264e-02
928           	-3.919215e-03	9.372766e-01	1.596755e-01	7.591855e-02	8.375698e-02
929           	-3.897615e-03	9.380479e-01	1.493073e-01	7.075606e-02	7.855129e-02
930           	-3.857478e-03	9.378459e-01	1.363135e-01	6.429929e-02	7.201425e-02
931           	-3.808882e-03	9.358027e-01	1.230955e-01	5.773887e-02	6.535664e-02
932           	-3.762236e-03	9.311418e-01	1.110886e-01	5.178208e-02	5.930655e-02
933           	-3.721091e-03	9.238611e-01	1.010133e-01	4.678556e-02	5.422774e-02
934           	-3.685221e-03	9.150144e-01	9.314068e-02	4.288512e-02	5.025556e-02
935           	-3.656919e-03	9.066292e-01	8.760893e-02	4.014754e-02	4.746138e-02
936           	-3.642249e-03	9.006261e-01	8.507373e-02	3.889462e-02	4.617911e-02
937           	-3.646254e-03	8.977549e-01	8.653790e-02	3.962270e-02	4.691520e-02
938           	-3.667606e-03	8.980032e-01	9.315611e-02	4.291045e-02	5.024566e-02
939           	-3.685886e-03	8.989008e-01	1.057151e-01	4.917168e-02	5.654345e-02
940           	-3.686743e-03	8.992335e-01	1.230009e-01	5.781371e-02	6.518720e-02
941           	-3.672343e-03	8.989145e-01	1.414508e-01	6.705306e-02	7.439775e-02
942           	-3.654743e-03	8.982711e-01	1.577311e-01	7.521083e-02	8.252031e-02
943           	-3.643841e-03	8.970860e-01	1.698523e-01	8.128231e-02	8.857000e-02
944           	-3.655525e-03	8.969839e-01	1.764549e-01	8.457194e-02	9.188299e-02
945           	-3.695769e-03	8.986694e-01	1.777082e-01	8.515831e-02	9.254985e-02
946           	-3.752878e-03	9.014524e-01	1.740069e-01	8.325059e-02	9.075635e-02
947           	-3.802044e-03	9.040506e-01	1.668189e-01	7.960740e-02	8.721149e-02
948           	-3.818073e-03	9.055312e-01	1.584238e-01	7.539385e-02	8.302999e-02
949           	-3.800264e-03	9.062357e-01	1.508172e-01	7.160834e-02	7.920887e-02
950           	-3.765432e-03	9.077853e-01	1.454725e-01	6.897081e-02	7.650167e-02
951           	-3.724215e-03	9.101743e-01	1.430336e-01	6.779261e-02	7.524104e-02
952           	-3.676386e-03	9.125687e-01	1.434325e-01	6.803988e-02	7.539265e-02
953           	-3.618906e-03	9.137170e-01	1.454495e-01	6.910586e-02	7.634367e-02
954           	-3.542765e-03	9.115322e-01	1.482629e-01	7.058868e-02	7.767421e-02
955           	-3.451244e-03	9.056244e-01	1.506621e-01	7.187979e-02	7.878228e-02
956           	-3.371779e-03	8.988891e-01	1.502249e-01	7.174069e-02	7.848425e-02
957           	-3.336226e-03	8.947714e-01	1.439189e-01	6.862321e-02	7.529567e-02
958           	-3.367322e-03	8.960906e-01	1.301611e-01	6.171322e-02	6.844786e-02
959           	-3.457093e-03	9.021891e-01	1.095266e-01	5.130619e-02	5.822038e-02
960           	-3.581043e-03	9.106573e-01	8.441179e-02	3.862485e-02	4.578694e-02
961           	-3.707525e-03	9.188048e-01	5.888675e-02	2.573585e-02	3.315090e-02
962           	-3.806047e-03	9.240140e-01	3.691776e-02	1.465283e-02	2.226493e-02
963           	-3.868285e-03	9.257385e-01	2.037004e-02	6.316736e-03	1.405331e-02
964           	-3.899967e-03	9.247545e-01	1.014963e-02	1.174847e-03	8.974780e-03
965           	-3.910200e-03	9.223951e-01	8.868681e-03	5.241404e-04	8.344541e-03
966           	-3.915383e-03	9.212406e-01	2.007204e-02	6.120636e-03	1.395140e-02
967           	-3.928048e-03	9.230262e-01	4.246880e-02	1.730635e-02	2.516245e-02
968           	-3.954590e-03	9.282415e-01	7.251938e-02	3.230510e-02	4.021428e-02
969           	-4.006490e-03	9.375817e-01	1.075515e-01	4.976925e-02	5.778223e-02
970           	-4.068878e-03	9.474417e-01	1.445523e-01	6.820726e-02	7.634502e-02
971           	-4.119365e-03	9.551861e-01	1.812155e-01	8.648838e-02	9.472711e-02
972           	-4.141658e-03	9.593001e-01	2.138442e-01	1.027804e-01	1.110637e-01
973           	-4.125592e-03	9.585498e-01	2.391064e-01	1.154276e-01	1.236788e-01
974           	-4.067755e-03	9.522578e-01	2.563000e-01	1.240822e-01	1.322177e-01
975           	-3.961225e-03	9.406177e-01	2.659277e-01	1.290026e-01	1.369251e-01
976           	-3.825001e-03	9.268425e-01	2.695712e-01	1.309606e-01	1.386106e-01
977           	-3.705610e-03	9.165868e-01	2.704592e-01	1.315240e-01	1.389352e-01
978           	-3.632616e-03	9.120596e-01	2.693052e-01	1.310200e-01	1.382852e-01
979           	-3.602714e-03	9.120615e-01	2.635665e-01	1.281805e-01	1.353860e-01
980           	-3.594702e-03	9.131161e-01	2.510243e-01	1.219174e-01	1.291068e-01
981           	-3.590105e-03	9.126060e-01	2.310718e-01	1.119458e-01	1.191260e-01
982           	-3.572404e-03	9.095722e-01	2.053232e-01	9.908922e-02	1.062340e-01
983           	-3.536401e-03	9.043362e-01	1.756729e-01	8.430006e-02	9.137286e-02
984           	-3.479453e-03	8.968073e-01	1.397492e-01	6.639514e-02	7.335404e-02
985           	-3.412031e-03	8.884187e-01	9.631961e-02	4.474778e-02	5.157184e-02
986           	-3.354646e-03	8.822865e-01	5.539718e-02	2.434395e-02	3.105324e-02
987           	-3.311781e-03	8.788190e-01	2.094854e-02	7.162488e-03	1.378605e-02
988           	-3.287171e-03	8.776769e-01	-5.635603e-03	-6.104973e-03	4.693701e-04
989           	-3.273010e-03	8.775864e-01	-2.304003e-02	-1.479302e-02	-8.247003e-03
990           	-3.254948e-03	8.765222e-01	-3.062488e-02	-1.856739e-02	-1.205749e-02
991           	-3.237988e-03	8.743408e-01	-2.843947e-02	-1.745772e-02	-1.098175e-02
992           	-3.248642e-03	8.737065e-01	-1.849011e-02	-1.249370e-02	-5.996415e-03
993           	-3.304798e-03	8.766199e-01	-3.535676e-03	-5.072636e-03	1.536960e-03
994           	-3.406500e-03	8.840371e-01	1.367782e-02	3.432409e-03	1.024541e-02
995           	-3.532896e-03	8.943713e-01	3.132827e-02	1.213124e-02	1.919703e-02
996           	-3.653319e-03	9.048753e-01	4.966398e-02	2.117867e-02	2.848531e-02
997           	-3.753408e-03	9.148267e-01	6.920507e-02	3.084913e-02	3.835594e-02
998           	-3.829729e-03	9.239304e-01	9.106211e-02	4.170133e-02	4.936078e-02
999           	-3.883716e-03	9.319427e-01	1.155157e-01	5.387414e-02	6.164157e-02
1000          	-3.924207e-03	9.385856e-01	1.407358e-01	6.644367e-02	7.429208e-02
