# Force coefficients
# liftDir     : (0.000000e+00 0.000000e+00 1.000000e+00)
# dragDir     : (0.000000e+00 1.000000e+00 0.000000e+00)
# pitchAxis   : (1.000000e+00 0.000000e+00 0.000000e+00)
# magUInf     : 7.847395e-02
# lRef        : 4.000000e+00
# Aref        : 2.562000e-02
# CofR        : (0.000000e+00 0.000000e+00 0.000000e+00)
# Time        	Cm            	Cd            	Cl            	Cl(f)         	Cl(r)         
1             	-1.104953e-03	2.537416e-01	-2.763494e-02	-1.492242e-02	-1.271252e-02
2             	-3.364213e-03	8.863693e-01	-1.128333e-01	-5.978087e-02	-5.305245e-02
3             	-3.809313e-03	1.120243e+00	-1.043848e-01	-5.600173e-02	-4.838311e-02
4             	-3.171581e-03	1.091441e+00	-5.629966e-02	-3.132141e-02	-2.497825e-02
5             	-2.453873e-03	9.983901e-01	-3.713546e-03	-4.310646e-03	5.971005e-04
6             	-2.068791e-03	9.321821e-01	2.053841e-02	8.200414e-03	1.233800e-02
7             	-1.778209e-03	8.693129e-01	4.438640e-02	2.041499e-02	2.397141e-02
8             	-1.748509e-03	8.433929e-01	4.402387e-02	2.026343e-02	2.376044e-02
9             	-1.897729e-03	8.542573e-01	3.304166e-02	1.462310e-02	1.841856e-02
10            	-2.049181e-03	8.718377e-01	2.150464e-02	8.703137e-03	1.280150e-02
11            	-2.165760e-03	8.864238e-01	1.374200e-02	4.705238e-03	9.036758e-03
12            	-2.270030e-03	8.991506e-01	8.530380e-03	1.995160e-03	6.535219e-03
13            	-2.349652e-03	9.094099e-01	4.328391e-03	-1.854559e-04	4.513847e-03
14            	-2.396276e-03	9.153054e-01	4.692891e-04	-2.161632e-03	2.630921e-03
15            	-2.391011e-03	9.099330e-01	-3.656177e-03	-4.219100e-03	5.629221e-04
16            	-2.389025e-03	9.100808e-01	-5.922166e-03	-5.350108e-03	-5.720583e-04
17            	-2.397661e-03	9.092412e-01	-7.643530e-03	-6.219426e-03	-1.424104e-03
18            	-2.423299e-03	9.099022e-01	-9.841780e-03	-7.344189e-03	-2.497591e-03
19            	-2.461170e-03	9.115700e-01	-1.268713e-02	-8.804736e-03	-3.882396e-03
20            	-2.506248e-03	9.138392e-01	-1.589358e-02	-1.045304e-02	-5.440542e-03
21            	-2.553403e-03	9.163293e-01	-1.872284e-02	-1.191482e-02	-6.808015e-03
22            	-2.598751e-03	9.187445e-01	-2.029063e-02	-1.274407e-02	-7.546566e-03
23            	-2.642984e-03	9.208884e-01	-1.974559e-02	-1.251578e-02	-7.229809e-03
24            	-2.682592e-03	9.228818e-01	-1.690810e-02	-1.113664e-02	-5.771460e-03
25            	-2.715738e-03	9.247798e-01	-1.265051e-02	-9.040995e-03	-3.609519e-03
26            	-2.746359e-03	9.267237e-01	-7.675444e-03	-6.584081e-03	-1.091363e-03
27            	-2.776430e-03	9.289724e-01	-2.602054e-03	-4.077457e-03	1.475403e-03
28            	-2.806278e-03	9.316858e-01	2.079118e-03	-1.766719e-03	3.845837e-03
29            	-2.833099e-03	9.345186e-01	5.915874e-03	1.248374e-04	5.791036e-03
30            	-2.854072e-03	9.369189e-01	8.929325e-03	1.610591e-03	7.318734e-03
31            	-2.866584e-03	9.383844e-01	1.106814e-02	2.667484e-03	8.400652e-03
32            	-2.870245e-03	9.388227e-01	1.228720e-02	3.273354e-03	9.013844e-03
33            	-2.867153e-03	9.384182e-01	1.269198e-02	3.478839e-03	9.213146e-03
34            	-2.858165e-03	9.372533e-01	1.228740e-02	3.285533e-03	9.001862e-03
35            	-2.845691e-03	9.356151e-01	1.130145e-02	2.805034e-03	8.496416e-03
36            	-2.832471e-03	9.336910e-01	1.039081e-02	2.362935e-03	8.027877e-03
37            	-2.821187e-03	9.317862e-01	1.000375e-02	2.180691e-03	7.823064e-03
38            	-2.812851e-03	9.299417e-01	1.047830e-02	2.426298e-03	8.052001e-03
39            	-2.808825e-03	9.283637e-01	1.190172e-02	3.142033e-03	8.759684e-03
40            	-2.809273e-03	9.271056e-01	1.417761e-02	4.279531e-03	9.898076e-03
41            	-2.817533e-03	9.266735e-01	1.700463e-02	5.684783e-03	1.131985e-02
42            	-2.837944e-03	9.277963e-01	1.975492e-02	7.039518e-03	1.271541e-02
43            	-2.871596e-03	9.313121e-01	2.175561e-02	8.006210e-03	1.374940e-02
44            	-2.908203e-03	9.361549e-01	2.258797e-02	8.385782e-03	1.420219e-02
45            	-2.936156e-03	9.406061e-01	2.275612e-02	8.441904e-03	1.431422e-02
46            	-2.954796e-03	9.442484e-01	2.298321e-02	8.536807e-03	1.444640e-02
47            	-2.965127e-03	9.467084e-01	2.355323e-02	8.811486e-03	1.474174e-02
48            	-2.970111e-03	9.482047e-01	2.439259e-02	9.226184e-03	1.516641e-02
49            	-2.972044e-03	9.489671e-01	2.533613e-02	9.696022e-03	1.564011e-02
50            	-2.972241e-03	9.490771e-01	2.616996e-02	1.011274e-02	1.605722e-02
51            	-2.971321e-03	9.484597e-01	2.684848e-02	1.045292e-02	1.639556e-02
52            	-2.967870e-03	9.468455e-01	2.728559e-02	1.067492e-02	1.661066e-02
53            	-2.962712e-03	9.442840e-01	2.734027e-02	1.070742e-02	1.663285e-02
54            	-2.959339e-03	9.413886e-01	2.692736e-02	1.050434e-02	1.642302e-02
55            	-2.960780e-03	9.388181e-01	2.616282e-02	1.012063e-02	1.604219e-02
56            	-2.968877e-03	9.370935e-01	2.520603e-02	9.634137e-03	1.557189e-02
57            	-2.984214e-03	9.364808e-01	2.422174e-02	9.126656e-03	1.509508e-02
58            	-3.003982e-03	9.368168e-01	2.333857e-02	8.665303e-03	1.467327e-02
59            	-3.026714e-03	9.378222e-01	2.264452e-02	8.295545e-03	1.434897e-02
60            	-3.049481e-03	9.390527e-01	2.229123e-02	8.096137e-03	1.419510e-02
61            	-3.070218e-03	9.401536e-01	2.242891e-02	8.144236e-03	1.428467e-02
62            	-3.089205e-03	9.412235e-01	2.323525e-02	8.528420e-03	1.470683e-02
63            	-3.109743e-03	9.430582e-01	2.456315e-02	9.171834e-03	1.539132e-02
64            	-3.135455e-03	9.464841e-01	2.635415e-02	1.004162e-02	1.631253e-02
65            	-3.165932e-03	9.514860e-01	2.852924e-02	1.109869e-02	1.743055e-02
66            	-3.199590e-03	9.577256e-01	3.085838e-02	1.222960e-02	1.862878e-02
67            	-3.231061e-03	9.641178e-01	3.300028e-02	1.326908e-02	1.973120e-02
68            	-3.256094e-03	9.696738e-01	3.456572e-02	1.402676e-02	2.053895e-02
69            	-3.274424e-03	9.741233e-01	3.536276e-02	1.440695e-02	2.095580e-02
70            	-3.286413e-03	9.774248e-01	3.544544e-02	1.443631e-02	2.100913e-02
71            	-3.293025e-03	9.795967e-01	3.514034e-02	1.427714e-02	2.086320e-02
72            	-3.295457e-03	9.807311e-01	3.467092e-02	1.404000e-02	2.063092e-02
73            	-3.294603e-03	9.808926e-01	3.414793e-02	1.377936e-02	2.036857e-02
74            	-3.289259e-03	9.799367e-01	3.370333e-02	1.356240e-02	2.014092e-02
75            	-3.272221e-03	9.767999e-01	3.337840e-02	1.341698e-02	1.996142e-02
76            	-3.245479e-03	9.718434e-01	3.344518e-02	1.347711e-02	1.996807e-02
77            	-3.213285e-03	9.655500e-01	3.405036e-02	1.381190e-02	2.023847e-02
78            	-3.183280e-03	9.591370e-01	3.528382e-02	1.445863e-02	2.082519e-02
79            	-3.161790e-03	9.537373e-01	3.726687e-02	1.547165e-02	2.179523e-02
80            	-3.151884e-03	9.499979e-01	3.987361e-02	1.678492e-02	2.308869e-02
81            	-3.147967e-03	9.475283e-01	4.290366e-02	1.830386e-02	2.459980e-02
82            	-3.140659e-03	9.451157e-01	4.627788e-02	1.999828e-02	2.627960e-02
83            	-3.124345e-03	9.420556e-01	4.988638e-02	2.181885e-02	2.806754e-02
84            	-3.103147e-03	9.388159e-01	5.278182e-02	2.328776e-02	2.949405e-02
85            	-3.081220e-03	9.360827e-01	5.387433e-02	2.385595e-02	3.001839e-02
86            	-3.062469e-03	9.343459e-01	5.246388e-02	2.316947e-02	2.929441e-02
87            	-3.046236e-03	9.335855e-01	4.868137e-02	2.129445e-02	2.738692e-02
88            	-3.033539e-03	9.338185e-01	4.307080e-02	1.850186e-02	2.456894e-02
89            	-3.019738e-03	9.341269e-01	3.622389e-02	1.509221e-02	2.113168e-02
90            	-2.999177e-03	9.332422e-01	2.923263e-02	1.161714e-02	1.761549e-02
91            	-2.971530e-03	9.306375e-01	2.324963e-02	8.653286e-03	1.459635e-02
92            	-2.947147e-03	9.275602e-01	1.865821e-02	6.381959e-03	1.227625e-02
93            	-2.932588e-03	9.248216e-01	1.542085e-02	4.777839e-03	1.064302e-02
94            	-2.928763e-03	9.226106e-01	1.358578e-02	3.864126e-03	9.721653e-03
95            	-2.932604e-03	9.208663e-01	1.367678e-02	3.905785e-03	9.770993e-03
96            	-2.939347e-03	9.194000e-01	1.586979e-02	4.995548e-03	1.087424e-02
97            	-2.946664e-03	9.180725e-01	1.987107e-02	6.988870e-03	1.288220e-02
98            	-2.954000e-03	9.169629e-01	2.525593e-02	9.673966e-03	1.558197e-02
99            	-2.962310e-03	9.162652e-01	3.130490e-02	1.269014e-02	1.861476e-02
100           	-2.970276e-03	9.157784e-01	3.704633e-02	1.555289e-02	2.149344e-02
101           	-2.976111e-03	9.151674e-01	4.179241e-02	1.792009e-02	2.387231e-02
102           	-2.979451e-03	9.141817e-01	4.540620e-02	1.972365e-02	2.568255e-02
103           	-2.984876e-03	9.134938e-01	4.787412e-02	2.095218e-02	2.692194e-02
104           	-2.997155e-03	9.138370e-01	4.962779e-02	2.181674e-02	2.781105e-02
105           	-3.018396e-03	9.155581e-01	5.124975e-02	2.260648e-02	2.864327e-02
106           	-3.047945e-03	9.186284e-01	5.315937e-02	2.353174e-02	2.962763e-02
107           	-3.083933e-03	9.228261e-01	5.562767e-02	2.472990e-02	3.089777e-02
108           	-3.123258e-03	9.277911e-01	5.871140e-02	2.623244e-02	3.247896e-02
109           	-3.161013e-03	9.328761e-01	6.244608e-02	2.806203e-02	3.438405e-02
110           	-3.193251e-03	9.375589e-01	6.673503e-02	3.017426e-02	3.656077e-02
111           	-3.219690e-03	9.417583e-01	7.121613e-02	3.238838e-02	3.882776e-02
112           	-3.243876e-03	9.458975e-01	7.527638e-02	3.439431e-02	4.088207e-02
113           	-3.269398e-03	9.504418e-01	7.830079e-02	3.588100e-02	4.241979e-02
114           	-3.301048e-03	9.560590e-01	7.956789e-02	3.648290e-02	4.308499e-02
115           	-3.339388e-03	9.629318e-01	7.871216e-02	3.601669e-02	4.269547e-02
116           	-3.383241e-03	9.709064e-01	7.572189e-02	3.447771e-02	4.124419e-02
117           	-3.425222e-03	9.787594e-01	7.104736e-02	3.209846e-02	3.894890e-02
118           	-3.466271e-03	9.866710e-01	6.504135e-02	2.905440e-02	3.598694e-02
119           	-3.504609e-03	9.942381e-01	5.832826e-02	2.565952e-02	3.266874e-02
120           	-3.535959e-03	1.000604e+00	5.166558e-02	2.229683e-02	2.936875e-02
121           	-3.555239e-03	1.004822e+00	4.595239e-02	1.942095e-02	2.653143e-02
122           	-3.559338e-03	1.006268e+00	4.187255e-02	1.737694e-02	2.449561e-02
123           	-3.551911e-03	1.005982e+00	4.051197e-02	1.670407e-02	2.380790e-02
124           	-3.535314e-03	1.003256e+00	4.122288e-02	1.707613e-02	2.414675e-02
125           	-3.508138e-03	9.988195e-01	4.299124e-02	1.798748e-02	2.500376e-02
126           	-3.464272e-03	9.930918e-01	4.345795e-02	1.826470e-02	2.519325e-02
127           	-3.407993e-03	9.868580e-01	4.109109e-02	1.713755e-02	2.395354e-02
128           	-3.344886e-03	9.804394e-01	3.488860e-02	1.409941e-02	2.078919e-02
129           	-3.286872e-03	9.758254e-01	2.510856e-02	9.267410e-03	1.584115e-02
130           	-3.226781e-03	9.707159e-01	1.175252e-02	2.649481e-03	9.103043e-03
131           	-3.182982e-03	9.671042e-01	1.015285e-03	-2.675340e-03	3.690624e-03
132           	-3.145378e-03	9.632105e-01	-5.141757e-03	-5.716257e-03	5.744995e-04
133           	-3.100231e-03	9.577512e-01	-8.228098e-03	-7.214279e-03	-1.013818e-03
134           	-3.042608e-03	9.502224e-01	-8.791298e-03	-7.438257e-03	-1.353041e-03
135           	-2.979537e-03	9.410276e-01	-6.267503e-03	-6.113288e-03	-1.542144e-04
136           	-2.931427e-03	9.330122e-01	1.592224e-04	-2.851816e-03	3.011038e-03
137           	-2.913997e-03	9.282416e-01	1.203007e-02	3.101038e-03	8.929033e-03
138           	-2.940700e-03	9.287314e-01	2.832718e-02	1.122289e-02	1.710429e-02
139           	-3.006462e-03	9.339741e-01	4.582195e-02	1.990451e-02	2.591744e-02
140           	-3.093637e-03	9.421322e-01	6.180190e-02	2.780731e-02	3.399459e-02
141           	-3.190466e-03	9.514470e-01	7.563232e-02	3.462569e-02	4.100663e-02
142           	-3.277716e-03	9.600898e-01	8.634553e-02	3.989505e-02	4.645048e-02
143           	-3.337731e-03	9.659030e-01	9.362759e-02	4.347606e-02	5.015153e-02
144           	-3.366362e-03	9.683696e-01	9.795278e-02	4.561003e-02	5.234275e-02
145           	-3.367590e-03	9.680303e-01	9.967314e-02	4.646898e-02	5.320416e-02
146           	-3.346628e-03	9.653921e-01	9.894636e-02	4.612655e-02	5.281981e-02
147           	-3.311797e-03	9.616117e-01	9.586992e-02	4.462316e-02	5.124676e-02
148           	-3.275394e-03	9.582771e-01	9.096775e-02	4.220848e-02	4.875927e-02
149           	-3.250129e-03	9.568453e-01	8.527169e-02	3.938572e-02	4.588598e-02
150           	-3.244173e-03	9.578968e-01	7.991534e-02	3.671350e-02	4.320185e-02
151           	-3.255215e-03	9.608346e-01	7.513443e-02	3.431200e-02	4.082243e-02
152           	-3.276511e-03	9.646750e-01	7.081115e-02	3.212907e-02	3.868209e-02
153           	-3.297864e-03	9.680642e-01	6.708330e-02	3.024379e-02	3.683951e-02
154           	-3.314158e-03	9.704808e-01	6.370669e-02	2.853919e-02	3.516750e-02
155           	-3.321868e-03	9.714952e-01	6.076627e-02	2.706127e-02	3.370500e-02
156           	-3.319752e-03	9.710404e-01	5.832765e-02	2.584407e-02	3.248358e-02
157           	-3.310017e-03	9.695830e-01	5.622962e-02	2.480479e-02	3.142483e-02
158           	-3.294656e-03	9.676082e-01	5.401264e-02	2.371167e-02	3.030098e-02
159           	-3.273345e-03	9.651805e-01	5.150200e-02	2.247766e-02	2.902435e-02
160           	-3.246788e-03	9.622337e-01	4.850249e-02	2.100446e-02	2.749803e-02
161           	-3.218932e-03	9.590171e-01	4.502623e-02	1.929418e-02	2.573205e-02
162           	-3.194766e-03	9.559772e-01	4.136448e-02	1.748747e-02	2.387700e-02
163           	-3.177355e-03	9.534835e-01	3.791925e-02	1.578227e-02	2.213698e-02
164           	-3.167549e-03	9.517323e-01	3.500126e-02	1.433308e-02	2.066818e-02
165           	-3.167502e-03	9.512026e-01	3.301976e-02	1.334238e-02	1.967738e-02
166           	-3.178095e-03	9.522347e-01	3.227616e-02	1.295999e-02	1.931618e-02
167           	-3.197934e-03	9.548439e-01	3.286076e-02	1.323244e-02	1.962831e-02
168           	-3.221693e-03	9.582947e-01	3.461283e-02	1.408472e-02	2.052811e-02
169           	-3.241821e-03	9.612726e-01	3.716849e-02	1.534242e-02	2.182607e-02
170           	-3.255364e-03	9.632577e-01	4.009492e-02	1.679209e-02	2.330282e-02
171           	-3.263144e-03	9.643637e-01	4.280087e-02	1.813729e-02	2.466358e-02
172           	-3.267728e-03	9.650393e-01	4.469356e-02	1.907905e-02	2.561451e-02
173           	-3.272056e-03	9.658236e-01	4.523203e-02	1.934396e-02	2.588807e-02
174           	-3.278069e-03	9.671561e-01	4.416473e-02	1.880430e-02	2.536043e-02
175           	-3.284642e-03	9.689579e-01	4.146704e-02	1.744888e-02	2.401816e-02
176           	-3.288571e-03	9.708004e-01	3.756869e-02	1.549577e-02	2.207291e-02
177           	-3.286930e-03	9.720874e-01	3.338771e-02	1.340692e-02	1.998078e-02
178           	-3.279731e-03	9.726305e-01	2.978685e-02	1.161369e-02	1.817316e-02
179           	-3.267289e-03	9.721170e-01	2.754836e-02	1.050689e-02	1.704147e-02
180           	-3.251538e-03	9.703341e-01	2.715365e-02	1.032529e-02	1.682836e-02
181           	-3.236355e-03	9.674813e-01	2.854711e-02	1.103720e-02	1.750991e-02
182           	-3.227124e-03	9.643386e-01	3.137355e-02	1.245965e-02	1.891390e-02
183           	-3.227363e-03	9.615718e-01	3.481875e-02	1.418201e-02	2.063674e-02
184           	-3.237251e-03	9.599461e-01	3.813451e-02	1.583001e-02	2.230451e-02
185           	-3.254929e-03	9.600024e-01	4.115432e-02	1.732223e-02	2.383209e-02
186           	-3.277232e-03	9.619136e-01	4.343216e-02	1.843885e-02	2.499331e-02
187           	-3.294185e-03	9.645265e-01	4.433375e-02	1.887269e-02	2.546106e-02
188           	-3.300419e-03	9.671670e-01	4.356232e-02	1.848074e-02	2.508158e-02
189           	-3.293232e-03	9.690977e-01	4.061217e-02	1.701285e-02	2.359932e-02
190           	-3.270715e-03	9.693192e-01	3.525966e-02	1.435912e-02	2.090055e-02
191           	-3.233414e-03	9.670129e-01	2.841011e-02	1.097164e-02	1.743847e-02
192           	-3.187923e-03	9.624891e-01	2.180887e-02	7.716511e-03	1.409236e-02
193           	-3.143176e-03	9.568481e-01	1.692922e-02	5.321435e-03	1.160779e-02
194           	-3.105533e-03	9.512423e-01	1.449668e-02	4.142805e-03	1.035387e-02
195           	-3.076848e-03	9.462148e-01	1.475810e-02	4.302203e-03	1.045590e-02
196           	-3.059809e-03	9.423278e-01	1.800419e-02	5.942287e-03	1.206191e-02
197           	-3.059454e-03	9.403411e-01	2.439760e-02	9.139344e-03	1.525825e-02
198           	-3.079733e-03	9.410131e-01	3.291925e-02	1.337989e-02	1.953936e-02
199           	-3.115336e-03	9.438628e-01	4.166570e-02	1.771751e-02	2.394818e-02
200           	-3.154426e-03	9.474833e-01	4.907626e-02	2.138370e-02	2.769256e-02
201           	-3.188659e-03	9.508735e-01	5.450518e-02	2.406393e-02	3.044125e-02
202           	-3.216025e-03	9.537644e-01	5.802781e-02	2.579788e-02	3.222993e-02
203           	-3.237609e-03	9.562589e-01	5.993469e-02	2.672974e-02	3.320496e-02
204           	-3.255430e-03	9.586322e-01	6.038728e-02	2.693821e-02	3.344907e-02
205           	-3.270082e-03	9.610477e-01	5.936954e-02	2.641469e-02	3.295485e-02
206           	-3.280555e-03	9.634541e-01	5.703688e-02	2.523789e-02	3.179900e-02
207           	-3.285758e-03	9.656638e-01	5.394367e-02	2.368608e-02	3.025759e-02
208           	-3.286102e-03	9.675563e-01	5.083823e-02	2.213301e-02	2.870521e-02
209           	-3.283319e-03	9.691344e-01	4.835547e-02	2.089441e-02	2.746105e-02
210           	-3.279682e-03	9.704854e-01	4.687864e-02	2.015964e-02	2.671900e-02
211           	-3.277081e-03	9.716176e-01	4.655559e-02	2.000071e-02	2.655488e-02
212           	-3.279781e-03	9.729845e-01	4.719251e-02	2.031647e-02	2.687603e-02
213           	-3.286853e-03	9.742714e-01	4.816123e-02	2.079376e-02	2.736747e-02
214           	-3.295708e-03	9.752926e-01	4.865317e-02	2.103088e-02	2.762229e-02
215           	-3.302103e-03	9.757305e-01	4.819037e-02	2.079308e-02	2.739729e-02
216           	-3.306749e-03	9.759141e-01	4.668321e-02	2.003486e-02	2.664835e-02
217           	-3.310118e-03	9.760481e-01	4.440216e-02	1.889096e-02	2.551120e-02
218           	-3.311174e-03	9.760375e-01	4.186841e-02	1.762303e-02	2.424538e-02
219           	-3.309019e-03	9.757951e-01	3.971784e-02	1.654990e-02	2.316794e-02
220           	-3.303846e-03	9.753354e-01	3.852969e-02	1.596100e-02	2.256869e-02
221           	-3.296509e-03	9.746930e-01	3.868805e-02	1.604752e-02	2.264053e-02
222           	-3.288030e-03	9.738980e-01	4.042622e-02	1.692508e-02	2.350114e-02
223           	-3.280343e-03	9.730600e-01	4.370842e-02	1.857387e-02	2.513455e-02
224           	-3.274525e-03	9.722026e-01	4.800664e-02	2.072879e-02	2.727784e-02
225           	-3.270931e-03	9.713506e-01	5.256855e-02	2.301334e-02	2.955521e-02
226           	-3.268825e-03	9.705338e-01	5.629447e-02	2.487841e-02	3.141606e-02
227           	-3.268044e-03	9.698357e-01	5.847067e-02	2.596729e-02	3.250338e-02
228           	-3.268085e-03	9.692805e-01	5.887049e-02	2.616716e-02	3.270333e-02
229           	-3.268072e-03	9.687686e-01	5.759410e-02	2.552898e-02	3.206512e-02
230           	-3.267320e-03	9.683617e-01	5.475707e-02	2.411121e-02	3.064585e-02
231           	-3.264841e-03	9.681255e-01	5.063614e-02	2.205323e-02	2.858291e-02
232           	-3.259878e-03	9.681502e-01	4.590037e-02	1.969031e-02	2.621006e-02
233           	-3.254111e-03	9.685629e-01	4.171582e-02	1.760380e-02	2.411202e-02
234           	-3.248114e-03	9.691141e-01	3.879516e-02	1.614946e-02	2.264569e-02
235           	-3.242347e-03	9.696829e-01	3.732504e-02	1.542017e-02	2.190487e-02
236           	-3.237085e-03	9.702346e-01	3.715516e-02	1.534050e-02	2.181467e-02
237           	-3.232508e-03	9.707392e-01	3.803394e-02	1.578446e-02	2.224948e-02
238           	-3.228910e-03	9.711471e-01	3.959783e-02	1.657000e-02	2.302782e-02
239           	-3.226164e-03	9.714557e-01	4.157798e-02	1.756283e-02	2.401515e-02
240           	-3.224497e-03	9.717210e-01	4.373801e-02	1.864451e-02	2.509350e-02
241           	-3.224081e-03	9.719288e-01	4.580478e-02	1.967831e-02	2.612647e-02
242           	-3.224907e-03	9.720714e-01	4.741197e-02	2.048108e-02	2.693089e-02
243           	-3.226531e-03	9.721237e-01	4.829152e-02	2.091923e-02	2.737229e-02
244           	-3.229190e-03	9.722247e-01	4.836818e-02	2.095490e-02	2.741328e-02
245           	-3.232059e-03	9.723368e-01	4.762777e-02	2.058183e-02	2.704594e-02
246           	-3.234253e-03	9.723755e-01	4.622036e-02	1.987593e-02	2.634443e-02
247           	-3.235218e-03	9.722779e-01	4.441572e-02	1.897264e-02	2.544308e-02
248           	-3.234982e-03	9.720484e-01	4.251959e-02	1.802481e-02	2.449478e-02
249           	-3.234303e-03	9.717931e-01	4.078514e-02	1.715827e-02	2.362687e-02
250           	-3.233548e-03	9.715672e-01	3.937969e-02	1.645630e-02	2.292339e-02
251           	-3.233229e-03	9.714393e-01	3.840901e-02	1.597127e-02	2.243773e-02
252           	-3.232817e-03	9.713448e-01	3.791362e-02	1.572399e-02	2.218963e-02
253           	-3.232765e-03	9.713198e-01	3.789312e-02	1.571379e-02	2.217932e-02
254           	-3.233354e-03	9.713755e-01	3.833186e-02	1.593258e-02	2.239928e-02
255           	-3.234820e-03	9.715251e-01	3.917450e-02	1.635243e-02	2.282207e-02
256           	-3.237403e-03	9.718145e-01	4.031018e-02	1.691769e-02	2.339249e-02
257           	-3.240753e-03	9.721434e-01	4.162604e-02	1.757227e-02	2.405378e-02
258           	-3.244777e-03	9.725307e-01	4.295788e-02	1.823416e-02	2.472371e-02
259           	-3.248839e-03	9.729059e-01	4.419043e-02	1.884638e-02	2.534406e-02
260           	-3.252476e-03	9.732192e-01	4.528701e-02	1.939103e-02	2.589598e-02
261           	-3.255457e-03	9.734466e-01	4.625920e-02	1.987415e-02	2.638506e-02
262           	-3.257682e-03	9.735766e-01	4.714006e-02	2.031235e-02	2.682771e-02
263           	-3.259042e-03	9.735779e-01	4.797599e-02	2.072896e-02	2.724704e-02
264           	-3.259454e-03	9.734452e-01	4.880539e-02	2.114324e-02	2.766215e-02
265           	-3.258817e-03	9.731560e-01	4.966107e-02	2.157172e-02	2.808935e-02
266           	-3.257101e-03	9.727084e-01	5.055595e-02	2.202087e-02	2.853508e-02
267           	-3.254472e-03	9.721352e-01	5.150030e-02	2.249568e-02	2.900462e-02
268           	-3.251173e-03	9.714690e-01	5.251636e-02	2.300701e-02	2.950935e-02
269           	-3.247455e-03	9.707392e-01	5.360870e-02	2.355690e-02	3.005181e-02
270           	-3.243545e-03	9.699592e-01	5.474904e-02	2.413098e-02	3.061807e-02
271           	-3.239538e-03	9.691578e-01	5.591474e-02	2.471783e-02	3.119691e-02
272           	-3.235743e-03	9.683866e-01	5.701734e-02	2.527293e-02	3.174441e-02
273           	-3.232189e-03	9.676651e-01	5.798842e-02	2.576202e-02	3.222640e-02
274           	-3.229106e-03	9.670359e-01	5.874680e-02	2.614429e-02	3.260250e-02
275           	-3.225925e-03	9.664355e-01	5.931147e-02	2.642981e-02	3.288166e-02
276           	-3.222419e-03	9.658387e-01	5.968624e-02	2.662070e-02	3.306554e-02
277           	-3.218558e-03	9.652379e-01	5.987065e-02	2.671677e-02	3.315388e-02
278           	-3.214386e-03	9.646319e-01	5.985867e-02	2.671495e-02	3.314372e-02
279           	-3.209905e-03	9.640103e-01	5.964100e-02	2.661060e-02	3.303041e-02
280           	-3.204716e-03	9.633367e-01	5.918885e-02	2.638971e-02	3.279914e-02
281           	-3.199446e-03	9.626795e-01	5.851851e-02	2.605981e-02	3.245870e-02
282           	-3.194317e-03	9.620581e-01	5.767344e-02	2.564240e-02	3.203104e-02
283           	-3.189333e-03	9.614618e-01	5.670250e-02	2.516192e-02	3.154058e-02
284           	-3.184144e-03	9.608405e-01	5.561010e-02	2.462091e-02	3.098920e-02
285           	-3.179114e-03	9.602245e-01	5.442578e-02	2.403378e-02	3.039200e-02
286           	-3.174436e-03	9.596324e-01	5.316626e-02	2.340869e-02	2.975756e-02
287           	-3.170210e-03	9.590810e-01	5.183618e-02	2.274788e-02	2.908830e-02
288           	-3.166449e-03	9.585683e-01	5.043822e-02	2.205266e-02	2.838556e-02
289           	-3.163168e-03	9.581016e-01	4.897404e-02	2.132385e-02	2.765019e-02
290           	-3.160354e-03	9.576847e-01	4.744661e-02	2.056295e-02	2.688366e-02
291           	-3.158077e-03	9.573295e-01	4.587694e-02	1.978039e-02	2.609654e-02
292           	-3.155997e-03	9.570002e-01	4.423514e-02	1.896157e-02	2.527357e-02
293           	-3.154338e-03	9.567204e-01	4.257819e-02	1.813476e-02	2.444343e-02
294           	-3.152946e-03	9.564729e-01	4.089799e-02	1.729605e-02	2.360194e-02
295           	-3.151798e-03	9.562521e-01	3.921066e-02	1.645353e-02	2.275713e-02
296           	-3.150916e-03	9.560579e-01	3.753518e-02	1.561667e-02	2.191851e-02
297           	-3.150337e-03	9.558937e-01	3.588827e-02	1.479380e-02	2.109447e-02
298           	-3.150093e-03	9.557637e-01	3.428148e-02	1.399065e-02	2.029083e-02
299           	-3.150215e-03	9.556735e-01	3.272369e-02	1.321163e-02	1.951206e-02
300           	-3.150715e-03	9.556281e-01	3.121995e-02	1.245926e-02	1.876069e-02
301           	-3.151605e-03	9.556321e-01	2.977237e-02	1.173458e-02	1.803779e-02
302           	-3.152874e-03	9.556922e-01	2.838149e-02	1.103787e-02	1.734362e-02
303           	-3.154493e-03	9.558048e-01	2.705041e-02	1.037071e-02	1.667970e-02
304           	-3.156419e-03	9.559697e-01	2.577795e-02	9.732556e-03	1.604539e-02
305           	-3.158605e-03	9.561858e-01	2.456373e-02	9.123258e-03	1.544047e-02
306           	-3.161013e-03	9.564509e-01	2.340827e-02	8.543120e-03	1.486515e-02
307           	-3.163576e-03	9.567609e-01	2.231432e-02	7.993586e-03	1.432074e-02
308           	-3.166232e-03	9.571109e-01	2.128382e-02	7.475678e-03	1.380814e-02
309           	-3.168903e-03	9.574893e-01	2.032076e-02	6.991475e-03	1.332928e-02
310           	-3.171595e-03	9.579057e-01	1.942155e-02	6.539178e-03	1.288237e-02
311           	-3.174198e-03	9.583405e-01	1.859148e-02	6.121541e-03	1.246994e-02
312           	-3.176666e-03	9.587872e-01	1.782882e-02	5.737744e-03	1.209108e-02
313           	-3.178968e-03	9.592415e-01	1.713141e-02	5.386739e-03	1.174468e-02
314           	-3.181083e-03	9.596996e-01	1.649447e-02	5.066150e-03	1.142832e-02
315           	-3.182833e-03	9.601342e-01	1.592771e-02	4.781023e-03	1.114669e-02
316           	-3.184313e-03	9.605560e-01	1.541315e-02	4.522263e-03	1.089089e-02
317           	-3.185585e-03	9.609755e-01	1.493947e-02	4.284149e-03	1.065532e-02
318           	-3.186674e-03	9.613978e-01	1.448850e-02	4.057575e-03	1.043092e-02
319           	-3.187614e-03	9.618252e-01	1.406527e-02	3.845023e-03	1.022025e-02
320           	-3.188358e-03	9.622506e-01	1.366682e-02	3.645053e-03	1.002177e-02
321           	-3.188861e-03	9.626648e-01	1.328736e-02	3.454821e-03	9.832543e-03
322           	-3.189091e-03	9.630607e-01	1.292191e-02	3.271864e-03	9.650047e-03
323           	-3.189027e-03	9.634339e-01	1.256635e-02	3.094149e-03	9.472202e-03
324           	-3.188655e-03	9.637759e-01	1.221825e-02	2.920472e-03	9.297782e-03
325           	-3.188026e-03	9.640958e-01	1.187317e-02	2.748559e-03	9.124611e-03
326           	-3.187173e-03	9.643951e-01	1.153296e-02	2.579309e-03	8.953654e-03
327           	-3.186119e-03	9.646735e-01	1.119947e-02	2.413618e-03	8.785855e-03
328           	-3.184896e-03	9.649324e-01	1.087553e-02	2.252867e-03	8.622659e-03
329           	-3.183531e-03	9.651731e-01	1.056420e-02	2.098568e-03	8.465630e-03
330           	-3.182048e-03	9.653964e-01	1.026956e-02	1.952733e-03	8.316828e-03
331           	-3.180460e-03	9.656033e-01	9.995076e-03	1.817078e-03	8.177998e-03
332           	-3.178798e-03	9.657963e-01	9.743701e-03	1.693053e-03	8.050648e-03
333           	-3.177082e-03	9.659778e-01	9.518479e-03	1.582158e-03	7.936321e-03
334           	-3.175328e-03	9.661490e-01	9.323671e-03	1.486507e-03	7.837164e-03
335           	-3.173546e-03	9.663105e-01	9.162315e-03	1.407612e-03	7.754703e-03
336           	-3.171745e-03	9.664629e-01	9.036632e-03	1.346571e-03	7.690061e-03
337           	-3.169958e-03	9.666092e-01	8.948020e-03	1.304053e-03	7.643968e-03
338           	-3.168195e-03	9.667508e-01	8.898168e-03	1.280889e-03	7.617280e-03
339           	-3.166475e-03	9.668889e-01	8.888784e-03	1.277917e-03	7.610867e-03
340           	-3.164822e-03	9.670261e-01	8.922188e-03	1.296272e-03	7.625916e-03
341           	-3.163245e-03	9.671638e-01	9.001286e-03	1.337398e-03	7.663888e-03
342           	-3.161694e-03	9.672935e-01	9.130279e-03	1.403446e-03	7.726833e-03
343           	-3.160281e-03	9.674326e-01	9.309476e-03	1.494457e-03	7.815019e-03
344           	-3.158916e-03	9.675658e-01	9.542549e-03	1.612359e-03	7.930190e-03
345           	-3.157836e-03	9.677310e-01	9.839815e-03	1.762072e-03	8.077743e-03
346           	-3.156801e-03	9.678923e-01	1.019811e-02	1.942256e-03	8.255857e-03
347           	-3.155798e-03	9.680456e-01	1.061310e-02	2.150753e-03	8.462350e-03
348           	-3.154833e-03	9.681892e-01	1.107931e-02	2.384824e-03	8.694490e-03
349           	-3.153926e-03	9.683253e-01	1.159070e-02	2.641422e-03	8.949273e-03
350           	-3.153099e-03	9.684573e-01	1.214041e-02	2.917107e-03	9.223305e-03
351           	-3.152315e-03	9.685835e-01	1.271851e-02	3.206943e-03	9.511572e-03
352           	-3.151648e-03	9.687120e-01	1.331964e-02	3.508170e-03	9.811466e-03
353           	-3.151105e-03	9.688456e-01	1.393609e-02	3.816941e-03	1.011915e-02
354           	-3.150666e-03	9.689830e-01	1.456081e-02	4.129737e-03	1.043107e-02
355           	-3.150351e-03	9.691254e-01	1.519006e-02	4.444677e-03	1.074538e-02
356           	-3.150034e-03	9.692606e-01	1.581487e-02	4.757403e-03	1.105747e-02
357           	-3.149752e-03	9.693908e-01	1.643465e-02	5.067571e-03	1.136707e-02
358           	-3.149495e-03	9.695158e-01	1.704588e-02	5.373447e-03	1.167244e-02
359           	-3.149252e-03	9.696350e-01	1.764512e-02	5.673308e-03	1.197181e-02
360           	-3.149006e-03	9.697471e-01	1.822956e-02	5.965776e-03	1.226379e-02
361           	-3.148742e-03	9.698511e-01	1.879685e-02	6.249685e-03	1.254717e-02
362           	-3.148446e-03	9.699461e-01	1.934504e-02	6.524073e-03	1.282097e-02
363           	-3.148111e-03	9.700319e-01	1.987207e-02	6.787926e-03	1.308415e-02
364           	-3.147733e-03	9.701089e-01	2.037637e-02	7.040450e-03	1.333592e-02
365           	-3.147311e-03	9.701774e-01	2.085628e-02	7.280829e-03	1.357545e-02
366           	-3.146845e-03	9.702381e-01	2.131053e-02	7.508422e-03	1.380211e-02
367           	-3.146337e-03	9.702916e-01	2.173769e-02	7.722510e-03	1.401518e-02
368           	-3.145788e-03	9.703387e-01	2.213659e-02	7.922509e-03	1.421408e-02
369           	-3.145201e-03	9.703801e-01	2.250609e-02	8.107845e-03	1.439825e-02
370           	-3.144580e-03	9.704165e-01	2.284513e-02	8.277983e-03	1.456714e-02
371           	-3.143926e-03	9.704482e-01	2.315290e-02	8.432524e-03	1.472038e-02
372           	-3.143245e-03	9.704756e-01	2.342906e-02	8.571288e-03	1.485778e-02
373           	-3.142542e-03	9.704991e-01	2.367341e-02	8.694161e-03	1.497924e-02
374           	-3.141821e-03	9.705190e-01	2.388614e-02	8.801249e-03	1.508489e-02
375           	-3.141089e-03	9.705357e-01	2.406777e-02	8.892797e-03	1.517498e-02
376           	-3.140361e-03	9.705505e-01	2.421897e-02	8.969124e-03	1.524985e-02
377           	-3.139620e-03	9.705615e-01	2.434300e-02	9.031878e-03	1.531112e-02
378           	-3.138898e-03	9.705714e-01	2.443846e-02	9.080333e-03	1.535813e-02
379           	-3.138196e-03	9.705800e-01	2.450839e-02	9.116001e-03	1.539239e-02
380           	-3.137522e-03	9.705881e-01	2.455402e-02	9.139488e-03	1.541453e-02
381           	-3.136888e-03	9.705967e-01	2.457634e-02	9.151282e-03	1.542506e-02
382           	-3.136302e-03	9.706065e-01	2.457631e-02	9.151854e-03	1.542446e-02
383           	-3.135758e-03	9.706171e-01	2.455560e-02	9.142044e-03	1.541356e-02
384           	-3.135290e-03	9.706307e-01	2.451249e-02	9.120954e-03	1.539153e-02
385           	-3.134884e-03	9.706463e-01	2.445113e-02	9.090682e-03	1.536045e-02
386           	-3.134526e-03	9.706630e-01	2.437425e-02	9.052602e-03	1.532165e-02
387           	-3.134256e-03	9.706834e-01	2.428122e-02	9.006354e-03	1.527487e-02
388           	-3.134045e-03	9.707060e-01	2.417639e-02	8.954151e-03	1.522224e-02
389           	-3.133914e-03	9.707318e-01	2.406016e-02	8.896168e-03	1.516400e-02
390           	-3.133864e-03	9.707604e-01	2.393470e-02	8.833488e-03	1.510122e-02
391           	-3.133892e-03	9.707917e-01	2.380271e-02	8.767465e-03	1.503525e-02
392           	-3.133994e-03	9.708252e-01	2.366679e-02	8.699402e-03	1.496739e-02
393           	-3.134170e-03	9.708608e-01	2.352894e-02	8.630301e-03	1.489864e-02
394           	-3.134419e-03	9.708984e-01	2.339115e-02	8.561158e-03	1.483000e-02
395           	-3.134739e-03	9.709382e-01	2.325495e-02	8.492734e-03	1.476221e-02
396           	-3.135129e-03	9.709800e-01	2.312178e-02	8.425761e-03	1.469602e-02
397           	-3.135581e-03	9.710234e-01	2.299293e-02	8.360885e-03	1.463205e-02
398           	-3.136090e-03	9.710679e-01	2.286940e-02	8.298609e-03	1.457079e-02
399           	-3.136651e-03	9.711133e-01	2.275186e-02	8.239281e-03	1.451258e-02
400           	-3.137255e-03	9.711593e-01	2.264109e-02	8.183290e-03	1.445780e-02
401           	-3.137893e-03	9.712053e-01	2.253735e-02	8.130782e-03	1.440657e-02
402           	-3.138557e-03	9.712510e-01	2.244097e-02	8.081926e-03	1.435904e-02
403           	-3.139239e-03	9.712961e-01	2.235198e-02	8.036753e-03	1.431523e-02
404           	-3.139930e-03	9.713399e-01	2.227031e-02	7.995224e-03	1.427508e-02
405           	-3.140619e-03	9.713821e-01	2.219581e-02	7.957285e-03	1.423852e-02
406           	-3.141298e-03	9.714222e-01	2.212831e-02	7.922858e-03	1.420545e-02
407           	-3.141959e-03	9.714598e-01	2.206729e-02	7.891685e-03	1.417560e-02
408           	-3.142595e-03	9.714949e-01	2.201218e-02	7.863495e-03	1.414869e-02
409           	-3.143201e-03	9.715268e-01	2.196243e-02	7.838013e-03	1.412441e-02
410           	-3.143767e-03	9.715555e-01	2.191736e-02	7.814914e-03	1.410245e-02
411           	-3.144293e-03	9.715811e-01	2.187630e-02	7.793855e-03	1.408244e-02
412           	-3.144773e-03	9.716037e-01	2.183861e-02	7.774533e-03	1.406408e-02
413           	-3.145204e-03	9.716229e-01	2.180361e-02	7.756603e-03	1.404701e-02
414           	-3.145584e-03	9.716390e-01	2.177080e-02	7.739814e-03	1.403098e-02
415           	-3.145907e-03	9.716518e-01	2.173974e-02	7.723964e-03	1.401578e-02
416           	-3.146171e-03	9.716611e-01	2.170968e-02	7.708670e-03	1.400101e-02
417           	-3.146376e-03	9.716670e-01	2.167983e-02	7.693540e-03	1.398629e-02
418           	-3.146524e-03	9.716697e-01	2.164936e-02	7.678158e-03	1.397121e-02
419           	-3.146640e-03	9.716707e-01	2.161831e-02	7.662513e-03	1.395579e-02
420           	-3.146696e-03	9.716693e-01	2.158469e-02	7.645648e-03	1.393904e-02
421           	-3.146688e-03	9.716648e-01	2.154746e-02	7.627040e-03	1.392042e-02
422           	-3.146624e-03	9.716574e-01	2.150543e-02	7.606091e-03	1.389934e-02
423           	-3.146509e-03	9.716473e-01	2.145776e-02	7.582370e-03	1.387539e-02
424           	-3.146347e-03	9.716352e-01	2.140400e-02	7.555652e-03	1.384835e-02
425           	-3.146148e-03	9.716219e-01	2.134361e-02	7.525657e-03	1.381795e-02
426           	-3.145917e-03	9.716081e-01	2.127668e-02	7.492423e-03	1.378426e-02
427           	-3.145657e-03	9.715941e-01	2.120362e-02	7.456155e-03	1.374747e-02
428           	-3.145372e-03	9.715803e-01	2.112526e-02	7.417257e-03	1.370800e-02
429           	-3.145066e-03	9.715667e-01	2.104235e-02	7.376108e-03	1.366624e-02
430           	-3.144744e-03	9.715535e-01	2.095576e-02	7.333138e-03	1.362263e-02
431           	-3.144408e-03	9.715409e-01	2.086621e-02	7.288695e-03	1.357751e-02
432           	-3.144064e-03	9.715286e-01	2.077413e-02	7.243002e-03	1.353113e-02
433           	-3.143718e-03	9.715171e-01	2.067991e-02	7.196237e-03	1.348367e-02
434           	-3.143375e-03	9.715065e-01	2.058382e-02	7.148538e-03	1.343529e-02
435           	-3.143040e-03	9.714971e-01	2.048601e-02	7.099964e-03	1.338604e-02
436           	-3.142714e-03	9.714888e-01	2.038672e-02	7.050646e-03	1.333607e-02
437           	-3.142382e-03	9.714804e-01	2.028730e-02	7.001267e-03	1.328603e-02
438           	-3.142062e-03	9.714729e-01	2.018793e-02	6.951905e-03	1.323603e-02
439           	-3.141762e-03	9.714669e-01	2.008868e-02	6.902578e-03	1.318610e-02
440           	-3.141480e-03	9.714624e-01	1.999016e-02	6.853598e-03	1.313656e-02
441           	-3.141214e-03	9.714594e-01	1.989331e-02	6.805441e-03	1.308787e-02
442           	-3.140960e-03	9.714570e-01	1.979922e-02	6.758649e-03	1.304057e-02
443           	-3.140719e-03	9.714552e-01	1.970872e-02	6.713643e-03	1.299508e-02
444           	-3.140491e-03	9.714538e-01	1.962234e-02	6.670678e-03	1.295166e-02
445           	-3.140279e-03	9.714529e-01	1.954009e-02	6.629767e-03	1.291032e-02
446           	-3.140080e-03	9.714523e-01	1.946213e-02	6.590985e-03	1.287115e-02
447           	-3.139896e-03	9.714523e-01	1.938820e-02	6.554204e-03	1.283400e-02
448           	-3.139723e-03	9.714527e-01	1.931809e-02	6.519321e-03	1.279877e-02
449           	-3.139560e-03	9.714536e-01	1.925148e-02	6.486181e-03	1.276530e-02
450           	-3.139403e-03	9.714548e-01	1.918811e-02	6.454654e-03	1.273346e-02
451           	-3.139249e-03	9.714561e-01	1.912772e-02	6.424612e-03	1.270311e-02
452           	-3.139089e-03	9.714571e-01	1.907053e-02	6.396173e-03	1.267435e-02
453           	-3.138922e-03	9.714577e-01	1.901664e-02	6.369398e-03	1.264724e-02
454           	-3.138741e-03	9.714574e-01	1.896630e-02	6.344409e-03	1.262189e-02
455           	-3.138545e-03	9.714562e-01	1.891986e-02	6.321386e-03	1.259848e-02
456           	-3.138334e-03	9.714539e-01	1.887759e-02	6.300463e-03	1.257713e-02
457           	-3.138108e-03	9.714504e-01	1.883952e-02	6.281652e-03	1.255787e-02
458           	-3.137872e-03	9.714463e-01	1.880730e-02	6.265780e-03	1.254152e-02
459           	-3.137615e-03	9.714412e-01	1.877971e-02	6.252241e-03	1.252747e-02
460           	-3.137334e-03	9.714345e-01	1.875588e-02	6.240608e-03	1.251528e-02
461           	-3.137030e-03	9.714262e-01	1.873516e-02	6.230549e-03	1.250461e-02
462           	-3.136700e-03	9.714161e-01	1.871699e-02	6.221794e-03	1.249519e-02
463           	-3.136343e-03	9.714040e-01	1.870081e-02	6.214060e-03	1.248675e-02
464           	-3.135959e-03	9.713898e-01	1.868609e-02	6.207087e-03	1.247900e-02
465           	-3.135545e-03	9.713733e-01	1.867231e-02	6.200612e-03	1.247170e-02
466           	-3.135099e-03	9.713545e-01	1.865907e-02	6.194437e-03	1.246464e-02
467           	-3.134625e-03	9.713334e-01	1.864573e-02	6.188240e-03	1.245749e-02
468           	-3.134121e-03	9.713101e-01	1.863163e-02	6.181693e-03	1.244993e-02
469           	-3.133589e-03	9.712849e-01	1.861620e-02	6.174510e-03	1.244169e-02
470           	-3.133029e-03	9.712578e-01	1.859887e-02	6.166403e-03	1.243246e-02
471           	-3.132445e-03	9.712287e-01	1.857901e-02	6.157059e-03	1.242195e-02
472           	-3.131840e-03	9.711979e-01	1.855613e-02	6.146224e-03	1.240990e-02
473           	-3.131216e-03	9.711658e-01	1.852980e-02	6.133682e-03	1.239611e-02
474           	-3.130576e-03	9.711325e-01	1.849981e-02	6.119328e-03	1.238048e-02
475           	-3.129923e-03	9.710982e-01	1.846573e-02	6.102944e-03	1.236279e-02
476           	-3.129258e-03	9.710630e-01	1.842731e-02	6.084397e-03	1.234291e-02
477           	-3.128585e-03	9.710272e-01	1.838438e-02	6.063607e-03	1.232078e-02
478           	-3.127907e-03	9.709909e-01	1.833660e-02	6.040394e-03	1.229621e-02
479           	-3.127229e-03	9.709545e-01	1.828385e-02	6.014695e-03	1.226915e-02
480           	-3.126553e-03	9.709184e-01	1.822613e-02	5.986510e-03	1.223962e-02
481           	-3.125882e-03	9.708826e-01	1.816340e-02	5.955820e-03	1.220758e-02
482           	-3.125219e-03	9.708475e-01	1.809588e-02	5.922721e-03	1.217316e-02
483           	-3.124567e-03	9.708133e-01	1.802383e-02	5.887346e-03	1.213648e-02
484           	-3.123927e-03	9.707800e-01	1.794769e-02	5.849917e-03	1.209777e-02
485           	-3.123301e-03	9.707482e-01	1.786795e-02	5.810672e-03	1.205727e-02
486           	-3.122693e-03	9.707177e-01	1.778525e-02	5.769930e-03	1.201532e-02
487           	-3.122106e-03	9.706888e-01	1.770022e-02	5.728005e-03	1.197222e-02
488           	-3.121539e-03	9.706616e-01	1.761350e-02	5.685212e-03	1.192829e-02
489           	-3.120995e-03	9.706361e-01	1.752568e-02	5.641844e-03	1.188383e-02
490           	-3.120475e-03	9.706123e-01	1.743747e-02	5.598258e-03	1.183921e-02
491           	-3.119977e-03	9.705901e-01	1.734956e-02	5.554801e-03	1.179476e-02
492           	-3.119504e-03	9.705695e-01	1.726252e-02	5.511756e-03	1.175076e-02
493           	-3.119053e-03	9.705505e-01	1.717691e-02	5.469403e-03	1.170751e-02
494           	-3.118622e-03	9.705328e-01	1.709327e-02	5.428014e-03	1.166526e-02
495           	-3.118213e-03	9.705167e-01	1.701208e-02	5.387828e-03	1.162425e-02
496           	-3.117822e-03	9.705017e-01	1.693379e-02	5.349072e-03	1.158472e-02
497           	-3.117452e-03	9.704887e-01	1.685749e-02	5.311291e-03	1.154620e-02
498           	-3.117092e-03	9.704762e-01	1.678469e-02	5.275251e-03	1.150944e-02
499           	-3.116737e-03	9.704641e-01	1.671576e-02	5.241145e-03	1.147462e-02
500           	-3.116387e-03	9.704522e-01	1.665043e-02	5.208826e-03	1.144160e-02
501           	-3.116043e-03	9.704405e-01	1.658823e-02	5.178071e-03	1.141016e-02
502           	-3.115705e-03	9.704291e-01	1.652868e-02	5.148637e-03	1.138005e-02
503           	-3.115371e-03	9.704178e-01	1.647139e-02	5.120325e-03	1.135107e-02
504           	-3.115025e-03	9.704062e-01	1.641800e-02	5.093976e-03	1.132403e-02
505           	-3.114693e-03	9.703946e-01	1.636671e-02	5.068665e-03	1.129805e-02
506           	-3.114373e-03	9.703830e-01	1.631642e-02	5.043837e-03	1.127258e-02
507           	-3.114056e-03	9.703709e-01	1.626656e-02	5.019222e-03	1.124733e-02
508           	-3.113733e-03	9.703581e-01	1.621671e-02	4.994620e-03	1.122209e-02
509           	-3.113398e-03	9.703440e-01	1.616646e-02	4.969830e-03	1.119663e-02
510           	-3.113047e-03	9.703285e-01	1.611529e-02	4.944599e-03	1.117069e-02
511           	-3.112679e-03	9.703115e-01	1.606277e-02	4.918707e-03	1.114407e-02
512           	-3.112296e-03	9.702931e-01	1.600839e-02	4.891898e-03	1.111649e-02
513           	-3.111897e-03	9.702735e-01	1.595162e-02	4.863912e-03	1.108770e-02
514           	-3.111483e-03	9.702529e-01	1.589203e-02	4.834530e-03	1.105750e-02
515           	-3.111057e-03	9.702314e-01	1.582922e-02	4.803551e-03	1.102566e-02
516           	-3.110617e-03	9.702090e-01	1.576286e-02	4.770811e-03	1.099205e-02
517           	-3.110165e-03	9.701859e-01	1.569272e-02	4.736198e-03	1.095653e-02
518           	-3.109701e-03	9.701622e-01	1.561864e-02	4.699620e-03	1.091902e-02
519           	-3.109226e-03	9.701381e-01	1.554052e-02	4.661036e-03	1.087949e-02
520           	-3.108743e-03	9.701139e-01	1.545831e-02	4.620410e-03	1.083790e-02
521           	-3.108251e-03	9.700896e-01	1.537209e-02	4.577796e-03	1.079430e-02
522           	-3.107754e-03	9.700652e-01	1.528198e-02	4.533234e-03	1.074874e-02
523           	-3.107249e-03	9.700401e-01	1.518408e-02	4.484790e-03	1.069929e-02
524           	-3.106726e-03	9.700148e-01	1.508093e-02	4.433740e-03	1.064719e-02
525           	-3.106192e-03	9.699899e-01	1.497415e-02	4.380882e-03	1.059326e-02
526           	-3.105657e-03	9.699657e-01	1.486446e-02	4.326572e-03	1.053789e-02
527           	-3.105130e-03	9.699424e-01	1.475219e-02	4.270965e-03	1.048122e-02
528           	-3.104611e-03	9.699202e-01	1.463754e-02	4.214157e-03	1.042338e-02
529           	-3.104103e-03	9.698993e-01	1.452073e-02	4.156261e-03	1.036447e-02
530           	-3.103604e-03	9.698796e-01	1.440205e-02	4.097422e-03	1.030463e-02
531           	-3.103115e-03	9.698613e-01	1.428193e-02	4.037850e-03	1.024408e-02
532           	-3.102634e-03	9.698442e-01	1.416084e-02	3.977784e-03	1.018305e-02
533           	-3.102163e-03	9.698285e-01	1.403928e-02	3.917480e-03	1.012180e-02
534           	-3.101690e-03	9.698136e-01	1.391820e-02	3.857411e-03	1.006079e-02
535           	-3.101232e-03	9.697999e-01	1.379769e-02	3.797614e-03	1.000008e-02
536           	-3.100792e-03	9.697877e-01	1.367812e-02	3.738267e-03	9.939851e-03
537           	-3.100369e-03	9.697769e-01	1.355994e-02	3.679599e-03	9.880337e-03
538           	-3.099959e-03	9.697674e-01	1.344350e-02	3.621790e-03	9.821708e-03
539           	-3.099561e-03	9.697588e-01	1.332905e-02	3.564962e-03	9.764083e-03
540           	-3.099173e-03	9.697510e-01	1.321666e-02	3.509156e-03	9.707502e-03
541           	-3.098794e-03	9.697439e-01	1.310634e-02	3.454374e-03	9.651962e-03
542           	-3.098424e-03	9.697374e-01	1.299800e-02	3.400576e-03	9.597424e-03
543           	-3.098073e-03	9.697321e-01	1.289137e-02	3.347611e-03	9.543758e-03
544           	-3.097711e-03	9.697267e-01	1.278670e-02	3.295641e-03	9.491063e-03
545           	-3.097350e-03	9.697214e-01	1.268392e-02	3.244613e-03	9.439312e-03
546           	-3.096993e-03	9.697164e-01	1.258284e-02	3.194428e-03	9.388415e-03
547           	-3.096653e-03	9.697122e-01	1.248334e-02	3.145017e-03	9.338323e-03
548           	-3.096296e-03	9.697078e-01	1.238568e-02	3.096545e-03	9.289137e-03
549           	-3.095948e-03	9.697036e-01	1.228977e-02	3.048935e-03	9.240832e-03
550           	-3.095582e-03	9.696988e-01	1.219565e-02	3.002243e-03	9.193407e-03
551           	-3.095213e-03	9.696936e-01	1.210326e-02	2.956417e-03	9.146843e-03
552           	-3.094855e-03	9.696886e-01	1.201239e-02	2.911338e-03	9.101048e-03
553           	-3.094479e-03	9.696831e-01	1.192314e-02	2.867093e-03	9.056050e-03
554           	-3.094096e-03	9.696771e-01	1.183540e-02	2.823605e-03	9.011798e-03
555           	-3.093722e-03	9.696712e-01	1.174901e-02	2.780781e-03	8.968225e-03
556           	-3.093327e-03	9.696646e-01	1.166400e-02	2.738674e-03	8.925329e-03
557           	-3.092925e-03	9.696574e-01	1.158026e-02	2.697204e-03	8.883055e-03
558           	-3.092530e-03	9.696503e-01	1.149753e-02	2.656233e-03	8.841294e-03
559           	-3.092116e-03	9.696426e-01	1.141593e-02	2.615849e-03	8.800081e-03
560           	-3.091694e-03	9.696344e-01	1.133525e-02	2.575930e-03	8.759317e-03
561           	-3.091278e-03	9.696263e-01	1.125526e-02	2.536353e-03	8.718910e-03
562           	-3.090844e-03	9.696178e-01	1.117614e-02	2.497226e-03	8.678913e-03
563           	-3.090402e-03	9.696089e-01	1.109762e-02	2.458405e-03	8.639210e-03
564           	-3.089969e-03	9.696002e-01	1.101942e-02	2.419741e-03	8.599678e-03
565           	-3.089517e-03	9.695912e-01	1.094182e-02	2.381394e-03	8.560428e-03
566           	-3.089071e-03	9.695823e-01	1.086436e-02	2.343106e-03	8.521249e-03
567           	-3.088609e-03	9.695729e-01	1.078725e-02	2.305016e-03	8.482233e-03
568           	-3.088142e-03	9.695633e-01	1.071009e-02	2.266905e-03	8.443188e-03
569           	-3.087685e-03	9.695543e-01	1.063261e-02	2.228618e-03	8.403989e-03
570           	-3.087215e-03	9.695451e-01	1.055530e-02	2.190436e-03	8.364867e-03
571           	-3.086754e-03	9.695364e-01	1.047777e-02	2.152132e-03	8.325641e-03
572           	-3.086281e-03	9.695275e-01	1.040051e-02	2.113974e-03	8.286535e-03
573           	-3.085818e-03	9.695191e-01	1.032306e-02	2.075710e-03	8.247346e-03
574           	-3.085345e-03	9.695106e-01	1.024602e-02	2.037667e-03	8.208357e-03
575           	-3.084885e-03	9.695029e-01	1.016897e-02	1.999598e-03	8.169368e-03
576           	-3.084428e-03	9.694957e-01	1.009237e-02	1.961759e-03	8.130615e-03
577           	-3.083972e-03	9.694889e-01	1.001649e-02	1.924275e-03	8.092219e-03
578           	-3.083518e-03	9.694825e-01	9.941410e-03	1.887187e-03	8.054223e-03
579           	-3.083067e-03	9.694764e-01	9.867179e-03	1.850522e-03	8.016657e-03
580           	-3.082621e-03	9.694708e-01	9.793859e-03	1.814309e-03	7.979550e-03
581           	-3.082179e-03	9.694656e-01	9.721523e-03	1.778583e-03	7.942941e-03
582           	-3.081743e-03	9.694609e-01	9.650243e-03	1.743379e-03	7.906864e-03
583           	-3.081311e-03	9.694568e-01	9.580108e-03	1.708742e-03	7.871365e-03
584           	-3.080884e-03	9.694526e-01	9.513546e-03	1.675888e-03	7.837657e-03
585           	-3.080468e-03	9.694487e-01	9.449140e-03	1.644102e-03	7.805038e-03
586           	-3.080062e-03	9.694454e-01	9.386005e-03	1.612941e-03	7.773064e-03
587           	-3.079661e-03	9.694428e-01	9.323864e-03	1.582271e-03	7.741593e-03
588           	-3.079264e-03	9.694407e-01	9.262752e-03	1.552112e-03	7.710640e-03
589           	-3.078868e-03	9.694389e-01	9.202867e-03	1.522565e-03	7.680302e-03
590           	-3.078475e-03	9.694373e-01	9.144390e-03	1.493720e-03	7.650670e-03
591           	-3.078083e-03	9.694357e-01	9.087494e-03	1.465664e-03	7.621830e-03
592           	-3.077692e-03	9.694341e-01	9.032259e-03	1.438438e-03	7.593821e-03
593           	-3.077301e-03	9.694323e-01	8.978727e-03	1.412062e-03	7.566665e-03
594           	-3.076911e-03	9.694304e-01	8.926865e-03	1.386522e-03	7.540344e-03
595           	-3.076521e-03	9.694283e-01	8.876625e-03	1.361792e-03	7.514833e-03
596           	-3.076130e-03	9.694261e-01	8.827896e-03	1.337818e-03	7.490078e-03
597           	-3.075737e-03	9.694237e-01	8.780572e-03	1.314549e-03	7.466023e-03
598           	-3.075343e-03	9.694210e-01	8.734513e-03	1.291913e-03	7.442599e-03
599           	-3.074946e-03	9.694182e-01	8.689609e-03	1.269859e-03	7.419750e-03
600           	-3.074545e-03	9.694150e-01	8.645729e-03	1.248320e-03	7.397410e-03
601           	-3.074141e-03	9.694115e-01	8.602785e-03	1.227251e-03	7.375534e-03
602           	-3.073734e-03	9.694077e-01	8.560685e-03	1.206609e-03	7.354076e-03
603           	-3.073323e-03	9.694036e-01	8.519373e-03	1.186364e-03	7.333009e-03
604           	-3.072907e-03	9.693990e-01	8.478756e-03	1.166471e-03	7.312285e-03
605           	-3.072488e-03	9.693941e-01	8.438783e-03	1.146903e-03	7.291880e-03
606           	-3.072065e-03	9.693887e-01	8.399368e-03	1.127619e-03	7.271749e-03
607           	-3.071638e-03	9.693830e-01	8.360449e-03	1.108586e-03	7.251863e-03
608           	-3.071208e-03	9.693777e-01	8.320564e-03	1.089074e-03	7.231490e-03
609           	-3.070767e-03	9.693720e-01	8.280411e-03	1.069438e-03	7.210973e-03
610           	-3.070318e-03	9.693656e-01	8.240507e-03	1.049936e-03	7.190571e-03
611           	-3.069863e-03	9.693584e-01	8.200974e-03	1.030624e-03	7.170349e-03
612           	-3.069406e-03	9.693506e-01	8.161653e-03	1.011421e-03	7.150232e-03
613           	-3.068948e-03	9.693425e-01	8.122341e-03	9.922223e-04	7.130119e-03
614           	-3.068491e-03	9.693341e-01	8.082794e-03	9.729065e-04	7.109888e-03
615           	-3.068033e-03	9.693257e-01	8.042862e-03	9.533982e-04	7.089464e-03
616           	-3.067575e-03	9.693173e-01	8.002418e-03	9.336339e-04	7.068785e-03
617           	-3.067118e-03	9.693090e-01	7.961436e-03	9.136003e-04	7.047836e-03
618           	-3.066661e-03	9.693007e-01	7.919900e-03	8.932891e-04	7.026611e-03
619           	-3.066205e-03	9.692924e-01	7.877880e-03	8.727355e-04	7.005145e-03
620           	-3.065750e-03	9.692842e-01	7.835442e-03	8.519715e-04	6.983471e-03
621           	-3.065297e-03	9.692760e-01	7.792707e-03	8.310569e-04	6.961650e-03
622           	-3.064846e-03	9.692677e-01	7.749749e-03	8.100287e-04	6.939720e-03
623           	-3.064398e-03	9.692596e-01	7.706684e-03	7.889441e-04	6.917740e-03
624           	-3.063953e-03	9.692514e-01	7.663560e-03	7.678271e-04	6.895733e-03
625           	-3.063511e-03	9.692434e-01	7.620464e-03	7.467208e-04	6.873743e-03
626           	-3.063073e-03	9.692355e-01	7.577429e-03	7.256410e-04	6.851788e-03
627           	-3.062639e-03	9.692277e-01	7.534513e-03	7.046173e-04	6.829896e-03
628           	-3.062209e-03	9.692201e-01	7.491729e-03	6.836555e-04	6.808074e-03
629           	-3.061782e-03	9.692126e-01	7.449127e-03	6.627813e-04	6.786346e-03
630           	-3.061359e-03	9.692053e-01	7.406719e-03	6.419999e-04	6.764719e-03
631           	-3.060940e-03	9.691981e-01	7.364553e-03	6.213369e-04	6.743216e-03
632           	-3.060523e-03	9.691911e-01	7.322646e-03	6.008000e-04	6.721846e-03
633           	-3.060109e-03	9.691841e-01	7.281060e-03	5.804206e-04	6.700639e-03
634           	-3.059698e-03	9.691773e-01	7.239808e-03	5.602060e-04	6.679602e-03
635           	-3.059289e-03	9.691705e-01	7.198950e-03	5.401863e-04	6.658764e-03
636           	-3.058882e-03	9.691637e-01	7.158493e-03	5.203646e-04	6.638128e-03
637           	-3.058476e-03	9.691569e-01	7.118492e-03	5.007699e-04	6.617723e-03
638           	-3.058072e-03	9.691501e-01	7.078961e-03	4.814080e-04	6.597553e-03
639           	-3.057669e-03	9.691433e-01	7.039921e-03	4.622912e-04	6.577630e-03
640           	-3.057268e-03	9.691363e-01	7.001343e-03	4.434040e-04	6.557939e-03
641           	-3.056866e-03	9.691292e-01	6.963223e-03	4.247453e-04	6.538478e-03
642           	-3.056465e-03	9.691220e-01	6.925512e-03	4.062911e-04	6.519221e-03
643           	-3.056063e-03	9.691146e-01	6.888184e-03	3.880292e-04	6.500155e-03
644           	-3.055661e-03	9.691070e-01	6.851167e-03	3.699230e-04	6.481244e-03
645           	-3.055258e-03	9.690992e-01	6.814414e-03	3.519494e-04	6.462464e-03
646           	-3.054853e-03	9.690911e-01	6.777817e-03	3.340554e-04	6.443762e-03
647           	-3.054448e-03	9.690828e-01	6.741316e-03	3.162106e-04	6.425106e-03
648           	-3.054040e-03	9.690743e-01	6.704805e-03	2.983620e-04	6.406443e-03
649           	-3.053631e-03	9.690655e-01	6.668220e-03	2.804792e-04	6.387741e-03
650           	-3.053220e-03	9.690564e-01	6.631472e-03	2.625163e-04	6.368955e-03
651           	-3.052806e-03	9.690471e-01	6.594496e-03	2.444417e-04	6.350054e-03
652           	-3.052391e-03	9.690375e-01	6.557211e-03	2.262144e-04	6.330996e-03
653           	-3.051974e-03	9.690276e-01	6.519557e-03	2.078046e-04	6.311752e-03
654           	-3.051554e-03	9.690181e-01	6.480270e-03	1.885807e-04	6.291689e-03
655           	-3.051129e-03	9.690077e-01	6.441227e-03	1.694841e-04	6.271743e-03
656           	-3.050702e-03	9.689975e-01	6.400884e-03	1.497401e-04	6.251144e-03
657           	-3.050272e-03	9.689864e-01	6.360848e-03	1.301521e-04	6.230696e-03
658           	-3.049842e-03	9.689757e-01	6.319393e-03	1.098544e-04	6.209538e-03
659           	-3.049411e-03	9.689643e-01	6.278128e-03	8.965321e-05	6.188475e-03
660           	-3.048982e-03	9.689529e-01	6.236601e-03	6.931887e-05	6.167282e-03
661           	-3.048555e-03	9.689417e-01	6.194408e-03	4.864882e-05	6.145759e-03
662           	-3.048131e-03	9.689306e-01	6.151410e-03	2.757403e-05	6.123836e-03
663           	-3.047708e-03	9.689197e-01	6.107614e-03	6.099391e-06	6.101514e-03
664           	-3.047284e-03	9.689088e-01	6.063078e-03	-1.574508e-05	6.078824e-03
665           	-3.046861e-03	9.688979e-01	6.017898e-03	-3.791179e-05	6.055810e-03
666           	-3.046437e-03	9.688870e-01	5.972160e-03	-6.035698e-05	6.032517e-03
667           	-3.046014e-03	9.688760e-01	5.925934e-03	-8.304699e-05	6.008981e-03
668           	-3.045591e-03	9.688650e-01	5.879267e-03	-1.059577e-04	5.985225e-03
669           	-3.045170e-03	9.688540e-01	5.832178e-03	-1.290808e-04	5.961259e-03
670           	-3.044749e-03	9.688430e-01	5.784685e-03	-1.524068e-04	5.937092e-03
671           	-3.044330e-03	9.688320e-01	5.736807e-03	-1.759269e-04	5.912734e-03
672           	-3.043913e-03	9.688211e-01	5.688562e-03	-1.996320e-04	5.888194e-03
673           	-3.043496e-03	9.688104e-01	5.639962e-03	-2.235154e-04	5.863477e-03
674           	-3.043081e-03	9.687996e-01	5.591031e-03	-2.475653e-04	5.838597e-03
675           	-3.042666e-03	9.687890e-01	5.541761e-03	-2.717858e-04	5.813547e-03
676           	-3.042253e-03	9.687785e-01	5.492168e-03	-2.961684e-04	5.788337e-03
677           	-3.041839e-03	9.687681e-01	5.442265e-03	-3.207066e-04	5.762972e-03
678           	-3.041426e-03	9.687577e-01	5.392060e-03	-3.453959e-04	5.737456e-03
679           	-3.041013e-03	9.687474e-01	5.341548e-03	-3.702391e-04	5.711787e-03
680           	-3.040600e-03	9.687371e-01	5.290753e-03	-3.952235e-04	5.685976e-03
681           	-3.040187e-03	9.687268e-01	5.239676e-03	-4.203484e-04	5.660025e-03
682           	-3.039773e-03	9.687164e-01	5.188364e-03	-4.455910e-04	5.633955e-03
683           	-3.039358e-03	9.687059e-01	5.136837e-03	-4.709399e-04	5.607777e-03
684           	-3.038943e-03	9.686954e-01	5.085139e-03	-4.963741e-04	5.581513e-03
685           	-3.038527e-03	9.686848e-01	5.033275e-03	-5.218897e-04	5.555165e-03
686           	-3.038110e-03	9.686742e-01	4.981275e-03	-5.474730e-04	5.528748e-03
687           	-3.037692e-03	9.686635e-01	4.929128e-03	-5.731281e-04	5.502257e-03
688           	-3.037273e-03	9.686527e-01	4.876837e-03	-5.988544e-04	5.475691e-03
689           	-3.036852e-03	9.686418e-01	4.824370e-03	-6.246670e-04	5.449037e-03
690           	-3.036429e-03	9.686309e-01	4.771732e-03	-6.505633e-04	5.422295e-03
691           	-3.036005e-03	9.686198e-01	4.718888e-03	-6.765606e-04	5.395449e-03
692           	-3.035578e-03	9.686087e-01	4.665837e-03	-7.026595e-04	5.368497e-03
693           	-3.035150e-03	9.685975e-01	4.612550e-03	-7.288748e-04	5.341425e-03
694           	-3.034719e-03	9.685861e-01	4.559026e-03	-7.552067e-04	5.314232e-03
695           	-3.034287e-03	9.685747e-01	4.505209e-03	-7.816827e-04	5.286892e-03
696           	-3.033853e-03	9.685631e-01	4.451080e-03	-8.083126e-04	5.259393e-03
697           	-3.033416e-03	9.685514e-01	4.396580e-03	-8.351258e-04	5.231706e-03
698           	-3.032977e-03	9.685396e-01	4.341669e-03	-8.621425e-04	5.203812e-03
699           	-3.032536e-03	9.685277e-01	4.286279e-03	-8.893967e-04	5.175676e-03
700           	-3.032093e-03	9.685156e-01	4.230389e-03	-9.168984e-04	5.147287e-03
701           	-3.031648e-03	9.685035e-01	4.173934e-03	-9.446805e-04	5.118615e-03
702           	-3.031201e-03	9.684913e-01	4.116919e-03	-9.727412e-04	5.089661e-03
703           	-3.030752e-03	9.684790e-01	4.059324e-03	-1.001090e-03	5.060415e-03
704           	-3.030303e-03	9.684667e-01	4.001178e-03	-1.029714e-03	5.030892e-03
705           	-3.029852e-03	9.684544e-01	3.942486e-03	-1.058609e-03	5.001095e-03
706           	-3.029400e-03	9.684420e-01	3.883314e-03	-1.087743e-03	4.971057e-03
707           	-3.028947e-03	9.684296e-01	3.823703e-03	-1.117095e-03	4.940799e-03
708           	-3.028493e-03	9.684173e-01	3.763729e-03	-1.146629e-03	4.910358e-03
709           	-3.028039e-03	9.684050e-01	3.703407e-03	-1.176335e-03	4.879742e-03
710           	-3.027584e-03	9.683928e-01	3.642788e-03	-1.206190e-03	4.848978e-03
711           	-3.027128e-03	9.683806e-01	3.581897e-03	-1.236180e-03	4.818077e-03
712           	-3.026672e-03	9.683685e-01	3.520803e-03	-1.266271e-03	4.787074e-03
713           	-3.026216e-03	9.683564e-01	3.459506e-03	-1.296463e-03	4.755969e-03
714           	-3.025759e-03	9.683444e-01	3.398063e-03	-1.326728e-03	4.724790e-03
715           	-3.025302e-03	9.683324e-01	3.336470e-03	-1.357066e-03	4.693537e-03
716           	-3.024844e-03	9.683205e-01	3.274773e-03	-1.387458e-03	4.662230e-03
717           	-3.024386e-03	9.683086e-01	3.212969e-03	-1.417901e-03	4.630870e-03
718           	-3.023927e-03	9.682967e-01	3.151093e-03	-1.448381e-03	4.599474e-03
719           	-3.023468e-03	9.682849e-01	3.089129e-03	-1.478903e-03	4.568032e-03
720           	-3.023008e-03	9.682731e-01	3.027107e-03	-1.509454e-03	4.536561e-03
721           	-3.022542e-03	9.682609e-01	2.965616e-03	-1.539734e-03	4.505350e-03
722           	-3.022080e-03	9.682492e-01	2.903196e-03	-1.570482e-03	4.473678e-03
723           	-3.021617e-03	9.682377e-01	2.840607e-03	-1.601313e-03	4.441920e-03
724           	-3.021152e-03	9.682261e-01	2.778078e-03	-1.632114e-03	4.410191e-03
725           	-3.020682e-03	9.682141e-01	2.716217e-03	-1.662573e-03	4.378791e-03
726           	-3.020214e-03	9.682023e-01	2.653485e-03	-1.693471e-03	4.346957e-03
727           	-3.019742e-03	9.681903e-01	2.591198e-03	-1.724143e-03	4.315341e-03
728           	-3.019272e-03	9.681786e-01	2.528036e-03	-1.755254e-03	4.283290e-03
729           	-3.018796e-03	9.681667e-01	2.465371e-03	-1.786111e-03	4.251482e-03
730           	-3.018323e-03	9.681549e-01	2.401904e-03	-1.817371e-03	4.219275e-03
731           	-3.017844e-03	9.681429e-01	2.339066e-03	-1.848311e-03	4.187376e-03
732           	-3.017366e-03	9.681310e-01	2.275587e-03	-1.879573e-03	4.155160e-03
733           	-3.016887e-03	9.681191e-01	2.212299e-03	-1.910737e-03	4.123037e-03
734           	-3.016402e-03	9.681067e-01	2.150127e-03	-1.941339e-03	4.091465e-03
735           	-3.015919e-03	9.680946e-01	2.087529e-03	-1.972154e-03	4.059684e-03
736           	-3.015435e-03	9.680825e-01	2.025339e-03	-2.002766e-03	4.028104e-03
737           	-3.014950e-03	9.680704e-01	1.963737e-03	-2.033081e-03	3.996818e-03
738           	-3.014462e-03	9.680582e-01	1.902719e-03	-2.063103e-03	3.965822e-03
739           	-3.013973e-03	9.680458e-01	1.842163e-03	-2.092892e-03	3.935055e-03
740           	-3.013478e-03	9.680329e-01	1.782610e-03	-2.122173e-03	3.904783e-03
741           	-3.012984e-03	9.680203e-01	1.722346e-03	-2.151811e-03	3.874157e-03
742           	-3.012488e-03	9.680077e-01	1.662075e-03	-2.181450e-03	3.843525e-03
743           	-3.011989e-03	9.679950e-01	1.601874e-03	-2.211052e-03	3.812926e-03
744           	-3.011482e-03	9.679815e-01	1.542333e-03	-2.240316e-03	3.782649e-03
745           	-3.010976e-03	9.679681e-01	1.481680e-03	-2.270135e-03	3.751816e-03
746           	-3.010463e-03	9.679543e-01	1.421313e-03	-2.299807e-03	3.721119e-03
747           	-3.009950e-03	9.679407e-01	1.359749e-03	-2.330076e-03	3.689825e-03
748           	-3.009432e-03	9.679266e-01	1.298530e-03	-2.360167e-03	3.658697e-03
749           	-3.008914e-03	9.679126e-01	1.236172e-03	-2.390828e-03	3.627000e-03
750           	-3.008390e-03	9.678982e-01	1.174229e-03	-2.421276e-03	3.595505e-03
751           	-3.007863e-03	9.678835e-01	1.111889e-03	-2.451919e-03	3.563808e-03
752           	-3.007337e-03	9.678690e-01	1.048332e-03	-2.483171e-03	3.531503e-03
753           	-3.006806e-03	9.678543e-01	9.853278e-04	-2.514142e-03	3.499470e-03
754           	-3.006276e-03	9.678396e-01	9.214397e-04	-2.545556e-03	3.466996e-03
755           	-3.005741e-03	9.678246e-01	8.582283e-04	-2.576627e-03	3.434855e-03
756           	-3.005204e-03	9.678094e-01	7.948602e-04	-2.607774e-03	3.402634e-03
757           	-3.004669e-03	9.677946e-01	7.303893e-04	-2.639474e-03	3.369863e-03
758           	-3.004129e-03	9.677796e-01	6.666455e-04	-2.670807e-03	3.337452e-03
759           	-3.003588e-03	9.677644e-01	6.027607e-04	-2.702208e-03	3.304968e-03
760           	-3.003048e-03	9.677496e-01	5.378198e-04	-2.734138e-03	3.271958e-03
761           	-3.002503e-03	9.677344e-01	4.735703e-04	-2.765718e-03	3.239288e-03
762           	-3.001957e-03	9.677190e-01	4.091705e-04	-2.797371e-03	3.206542e-03
763           	-3.001408e-03	9.677036e-01	3.443549e-04	-2.829231e-03	3.173585e-03
764           	-3.000858e-03	9.676882e-01	2.791706e-04	-2.861273e-03	3.140443e-03
765           	-3.000306e-03	9.676727e-01	2.136594e-04	-2.893476e-03	3.107136e-03
766           	-2.999752e-03	9.676572e-01	1.479380e-04	-2.925784e-03	3.073721e-03
767           	-2.999197e-03	9.676415e-01	8.205906e-05	-2.958168e-03	3.040227e-03
768           	-2.998641e-03	9.676258e-01	1.612359e-05	-2.990579e-03	3.006702e-03
769           	-2.998083e-03	9.676099e-01	-4.984175e-05	-3.023004e-03	2.973162e-03
770           	-2.997524e-03	9.675939e-01	-1.157736e-04	-3.055411e-03	2.939637e-03
771           	-2.996963e-03	9.675778e-01	-1.816836e-04	-3.087805e-03	2.906122e-03
772           	-2.996402e-03	9.675616e-01	-2.475222e-04	-3.120163e-03	2.872641e-03
773           	-2.995838e-03	9.675454e-01	-3.133254e-04	-3.152501e-03	2.839176e-03
774           	-2.995273e-03	9.675290e-01	-3.790813e-04	-3.184814e-03	2.805733e-03
775           	-2.994707e-03	9.675126e-01	-4.448529e-04	-3.217133e-03	2.772280e-03
776           	-2.994138e-03	9.674961e-01	-5.106409e-04	-3.249459e-03	2.738818e-03
777           	-2.993568e-03	9.674795e-01	-5.764858e-04	-3.281811e-03	2.705325e-03
778           	-2.992996e-03	9.674628e-01	-6.423776e-04	-3.314185e-03	2.671807e-03
779           	-2.992422e-03	9.674460e-01	-7.083690e-04	-3.346607e-03	2.638238e-03
780           	-2.991846e-03	9.674291e-01	-7.744634e-04	-3.379078e-03	2.604615e-03
781           	-2.991268e-03	9.674120e-01	-8.407022e-04	-3.411620e-03	2.570917e-03
782           	-2.990689e-03	9.673947e-01	-9.070879e-04	-3.444232e-03	2.537145e-03
783           	-2.990107e-03	9.673774e-01	-9.736387e-04	-3.476926e-03	2.503287e-03
784           	-2.989523e-03	9.673599e-01	-1.040391e-03	-3.509719e-03	2.469328e-03
785           	-2.988938e-03	9.673422e-01	-1.107370e-03	-3.542623e-03	2.435253e-03
786           	-2.988352e-03	9.673245e-01	-1.174633e-03	-3.575668e-03	2.401035e-03
787           	-2.987763e-03	9.673067e-01	-1.242186e-03	-3.608856e-03	2.366671e-03
788           	-2.987174e-03	9.672888e-01	-1.310108e-03	-3.642228e-03	2.332120e-03
789           	-2.986582e-03	9.672707e-01	-1.378344e-03	-3.675754e-03	2.297410e-03
790           	-2.985989e-03	9.672526e-01	-1.446979e-03	-3.709478e-03	2.262499e-03
791           	-2.985393e-03	9.672343e-01	-1.515879e-03	-3.743333e-03	2.227454e-03
792           	-2.984796e-03	9.672159e-01	-1.585106e-03	-3.777349e-03	2.192242e-03
793           	-2.984196e-03	9.671974e-01	-1.654508e-03	-3.811449e-03	2.156942e-03
794           	-2.983594e-03	9.671787e-01	-1.724109e-03	-3.845648e-03	2.121539e-03
795           	-2.982990e-03	9.671600e-01	-1.793796e-03	-3.879888e-03	2.086092e-03
796           	-2.982384e-03	9.671411e-01	-1.863556e-03	-3.914162e-03	2.050606e-03
797           	-2.981776e-03	9.671221e-01	-1.933357e-03	-3.948454e-03	2.015098e-03
798           	-2.981166e-03	9.671029e-01	-2.003178e-03	-3.982755e-03	1.979577e-03
799           	-2.980555e-03	9.670836e-01	-2.073051e-03	-4.017080e-03	1.944029e-03
800           	-2.979942e-03	9.670642e-01	-2.142988e-03	-4.051436e-03	1.908447e-03
801           	-2.979327e-03	9.670447e-01	-2.213062e-03	-4.085858e-03	1.872796e-03
802           	-2.978711e-03	9.670251e-01	-2.283280e-03	-4.120351e-03	1.837071e-03
803           	-2.978094e-03	9.670055e-01	-2.353736e-03	-4.154962e-03	1.801226e-03
804           	-2.977474e-03	9.669857e-01	-2.424407e-03	-4.189678e-03	1.765271e-03
805           	-2.976854e-03	9.669659e-01	-2.495355e-03	-4.224531e-03	1.729176e-03
806           	-2.976232e-03	9.669459e-01	-2.566566e-03	-4.259515e-03	1.692949e-03
807           	-2.975608e-03	9.669260e-01	-2.638082e-03	-4.294649e-03	1.656567e-03
808           	-2.974983e-03	9.669059e-01	-2.709887e-03	-4.329927e-03	1.620039e-03
809           	-2.974356e-03	9.668858e-01	-2.782004e-03	-4.365359e-03	1.583354e-03
810           	-2.973729e-03	9.668656e-01	-2.854383e-03	-4.400920e-03	1.546537e-03
811           	-2.973099e-03	9.668454e-01	-2.927040e-03	-4.436619e-03	1.509579e-03
812           	-2.972469e-03	9.668250e-01	-2.999929e-03	-4.472433e-03	1.472505e-03
813           	-2.971837e-03	9.668047e-01	-3.073054e-03	-4.508364e-03	1.435310e-03
814           	-2.971205e-03	9.667842e-01	-3.146373e-03	-4.544391e-03	1.398018e-03
815           	-2.970571e-03	9.667637e-01	-3.219871e-03	-4.580506e-03	1.360635e-03
816           	-2.969935e-03	9.667431e-01	-3.293527e-03	-4.616699e-03	1.323172e-03
817           	-2.969299e-03	9.667224e-01	-3.367331e-03	-4.652964e-03	1.285634e-03
818           	-2.968661e-03	9.667016e-01	-3.441279e-03	-4.689301e-03	1.248022e-03
819           	-2.968022e-03	9.666807e-01	-3.515356e-03	-4.725700e-03	1.210344e-03
820           	-2.967382e-03	9.666597e-01	-3.589582e-03	-4.762173e-03	1.172591e-03
821           	-2.966741e-03	9.666386e-01	-3.663905e-03	-4.798693e-03	1.134788e-03
822           	-2.966098e-03	9.666174e-01	-3.738420e-03	-4.835309e-03	1.096888e-03
823           	-2.965455e-03	9.665961e-01	-3.813021e-03	-4.871966e-03	1.058944e-03
824           	-2.964810e-03	9.665748e-01	-3.887891e-03	-4.908756e-03	1.020865e-03
825           	-2.964164e-03	9.665533e-01	-3.962866e-03	-4.945597e-03	9.827311e-04
826           	-2.963517e-03	9.665317e-01	-4.038197e-03	-4.982615e-03	9.444180e-04
827           	-2.962868e-03	9.665101e-01	-4.113682e-03	-5.019709e-03	9.060269e-04
828           	-2.962218e-03	9.664883e-01	-4.189578e-03	-5.057007e-03	8.674290e-04
829           	-2.961567e-03	9.664665e-01	-4.265669e-03	-5.094401e-03	8.287321e-04
830           	-2.960914e-03	9.664445e-01	-4.342244e-03	-5.132036e-03	7.897920e-04
831           	-2.960261e-03	9.664225e-01	-4.419066e-03	-5.169794e-03	7.507279e-04
832           	-2.959607e-03	9.664004e-01	-4.496375e-03	-5.207794e-03	7.114192e-04
833           	-2.958952e-03	9.663782e-01	-4.573934e-03	-5.245918e-03	6.719848e-04
834           	-2.958296e-03	9.663559e-01	-4.651906e-03	-5.284249e-03	6.323425e-04
835           	-2.957639e-03	9.663336e-01	-4.730081e-03	-5.322679e-03	5.925984e-04
836           	-2.956981e-03	9.663111e-01	-4.808578e-03	-5.361270e-03	5.526918e-04
837           	-2.956322e-03	9.662886e-01	-4.887304e-03	-5.399974e-03	5.126702e-04
838           	-2.955662e-03	9.662660e-01	-4.966313e-03	-5.438819e-03	4.725053e-04
839           	-2.955000e-03	9.662433e-01	-5.045577e-03	-5.477789e-03	4.322122e-04
840           	-2.954338e-03	9.662206e-01	-5.125102e-03	-5.516889e-03	3.917865e-04
841           	-2.953665e-03	9.661982e-01	-5.207356e-03	-5.557343e-03	3.499867e-04
842           	-2.952996e-03	9.661748e-01	-5.288730e-03	-5.597361e-03	3.086303e-04
843           	-2.952325e-03	9.661514e-01	-5.369305e-03	-5.636977e-03	2.676722e-04
844           	-2.951654e-03	9.661281e-01	-5.449567e-03	-5.676438e-03	2.268710e-04
845           	-2.950985e-03	9.661049e-01	-5.529962e-03	-5.715966e-03	1.860043e-04
846           	-2.950317e-03	9.660818e-01	-5.610645e-03	-5.755640e-03	1.449948e-04
847           	-2.949649e-03	9.660586e-01	-5.691750e-03	-5.795524e-03	1.037740e-04
848           	-2.948980e-03	9.660354e-01	-5.773203e-03	-5.835581e-03	6.237831e-05
849           	-2.948309e-03	9.660122e-01	-5.854996e-03	-5.875807e-03	2.081080e-05
850           	-2.947637e-03	9.659888e-01	-5.937020e-03	-5.916147e-03	-2.087353e-05
851           	-2.946954e-03	9.659659e-01	-6.021816e-03	-5.957862e-03	-6.395411e-05
852           	-2.946274e-03	9.659419e-01	-6.105639e-03	-5.999094e-03	-1.065450e-04
853           	-2.945593e-03	9.659179e-01	-6.188600e-03	-6.039893e-03	-1.487070e-04
854           	-2.944912e-03	9.658940e-01	-6.271260e-03	-6.080542e-03	-1.907185e-04
855           	-2.944232e-03	9.658702e-01	-6.354091e-03	-6.121277e-03	-2.328138e-04
856           	-2.943553e-03	9.658465e-01	-6.437278e-03	-6.162192e-03	-2.750861e-04
857           	-2.942865e-03	9.658235e-01	-6.523503e-03	-6.204616e-03	-3.188866e-04
858           	-2.942180e-03	9.657993e-01	-6.608944e-03	-6.246652e-03	-3.622921e-04
859           	-2.941492e-03	9.657752e-01	-6.693636e-03	-6.288310e-03	-4.053259e-04
860           	-2.940804e-03	9.657513e-01	-6.778070e-03	-6.329839e-03	-4.482316e-04
861           	-2.940116e-03	9.657275e-01	-6.862613e-03	-6.371422e-03	-4.911910e-04
862           	-2.939428e-03	9.657038e-01	-6.947400e-03	-6.413128e-03	-5.342726e-04
863           	-2.938739e-03	9.656801e-01	-7.032524e-03	-6.455001e-03	-5.775235e-04
864           	-2.938048e-03	9.656563e-01	-7.117907e-03	-6.497002e-03	-6.209051e-04
865           	-2.937356e-03	9.656324e-01	-7.203536e-03	-6.539123e-03	-6.644125e-04
866           	-2.936651e-03	9.656090e-01	-7.291988e-03	-6.582645e-03	-7.093425e-04
867           	-2.935949e-03	9.655844e-01	-7.379404e-03	-6.625651e-03	-7.537531e-04
868           	-2.935244e-03	9.655597e-01	-7.465891e-03	-6.668190e-03	-7.977015e-04
869           	-2.934530e-03	9.655357e-01	-7.554790e-03	-6.711925e-03	-8.428655e-04
870           	-2.933820e-03	9.655106e-01	-7.642654e-03	-6.755147e-03	-8.875066e-04
871           	-2.933111e-03	9.654856e-01	-7.729819e-03	-6.798020e-03	-9.317986e-04
872           	-2.932393e-03	9.654614e-01	-7.819698e-03	-6.842242e-03	-9.774559e-04
873           	-2.931681e-03	9.654363e-01	-7.908776e-03	-6.886069e-03	-1.022707e-03
874           	-2.930968e-03	9.654113e-01	-7.997246e-03	-6.929591e-03	-1.067655e-03
875           	-2.930255e-03	9.653865e-01	-8.085778e-03	-6.973144e-03	-1.112634e-03
876           	-2.929533e-03	9.653625e-01	-8.177343e-03	-7.018204e-03	-1.159139e-03
877           	-2.928815e-03	9.653374e-01	-8.268068e-03	-7.062849e-03	-1.205219e-03
878           	-2.928095e-03	9.653123e-01	-8.357996e-03	-7.107093e-03	-1.250903e-03
879           	-2.927374e-03	9.652874e-01	-8.447718e-03	-7.151233e-03	-1.296485e-03
880           	-2.926654e-03	9.652626e-01	-8.537544e-03	-7.195426e-03	-1.342118e-03
881           	-2.925935e-03	9.652378e-01	-8.627683e-03	-7.239776e-03	-1.387907e-03
882           	-2.925215e-03	9.652130e-01	-8.718164e-03	-7.284297e-03	-1.433867e-03
883           	-2.924494e-03	9.651882e-01	-8.809029e-03	-7.329008e-03	-1.480021e-03
884           	-2.923771e-03	9.651633e-01	-8.900222e-03	-7.373883e-03	-1.526340e-03
885           	-2.923039e-03	9.651391e-01	-8.994598e-03	-7.420338e-03	-1.574261e-03
886           	-2.922309e-03	9.651136e-01	-9.087935e-03	-7.466277e-03	-1.621659e-03
887           	-2.921578e-03	9.650881e-01	-9.180445e-03	-7.511800e-03	-1.668644e-03
888           	-2.920847e-03	9.650629e-01	-9.272787e-03	-7.557241e-03	-1.715546e-03
889           	-2.920110e-03	9.650387e-01	-9.368262e-03	-7.604241e-03	-1.764021e-03
890           	-2.919378e-03	9.650135e-01	-9.462820e-03	-7.650788e-03	-1.812032e-03
891           	-2.918646e-03	9.649885e-01	-9.556711e-03	-7.697001e-03	-1.859710e-03
892           	-2.917914e-03	9.649638e-01	-9.650523e-03	-7.743175e-03	-1.907348e-03
893           	-2.917182e-03	9.649393e-01	-9.744554e-03	-7.789459e-03	-1.955095e-03
894           	-2.916451e-03	9.649150e-01	-9.838855e-03	-7.835878e-03	-2.002976e-03
895           	-2.915719e-03	9.648908e-01	-9.933394e-03	-7.882416e-03	-2.050978e-03
896           	-2.914985e-03	9.648666e-01	-1.002803e-02	-7.928998e-03	-2.099028e-03
897           	-2.914249e-03	9.648424e-01	-1.012268e-02	-7.975588e-03	-2.147090e-03
898           	-2.913511e-03	9.648180e-01	-1.021723e-02	-8.022127e-03	-2.195106e-03
899           	-2.912771e-03	9.647937e-01	-1.031169e-02	-8.068614e-03	-2.243073e-03
900           	-2.912030e-03	9.647693e-01	-1.040604e-02	-8.115051e-03	-2.290991e-03
901           	-2.911288e-03	9.647450e-01	-1.050040e-02	-8.161487e-03	-2.338911e-03
902           	-2.910536e-03	9.647214e-01	-1.059778e-02	-8.209426e-03	-2.388355e-03
903           	-2.909788e-03	9.646965e-01	-1.069395e-02	-8.256764e-03	-2.437188e-03
904           	-2.909039e-03	9.646716e-01	-1.078916e-02	-8.303617e-03	-2.485540e-03
905           	-2.908280e-03	9.646479e-01	-1.088713e-02	-8.351844e-03	-2.535285e-03
906           	-2.907528e-03	9.646230e-01	-1.098394e-02	-8.399498e-03	-2.584441e-03
907           	-2.906768e-03	9.645993e-01	-1.108298e-02	-8.448258e-03	-2.634722e-03
908           	-2.906014e-03	9.645747e-01	-1.118052e-02	-8.496272e-03	-2.684244e-03
909           	-2.905261e-03	9.645503e-01	-1.127711e-02	-8.543814e-03	-2.733292e-03
910           	-2.904500e-03	9.645273e-01	-1.137649e-02	-8.592743e-03	-2.783744e-03
911           	-2.903746e-03	9.645032e-01	-1.147462e-02	-8.641054e-03	-2.833561e-03
912           	-2.902993e-03	9.644793e-01	-1.157174e-02	-8.688861e-03	-2.882874e-03
913           	-2.902241e-03	9.644557e-01	-1.166847e-02	-8.736477e-03	-2.931996e-03
914           	-2.901489e-03	9.644324e-01	-1.176508e-02	-8.784030e-03	-2.981052e-03
915           	-2.900738e-03	9.644092e-01	-1.186167e-02	-8.831572e-03	-3.030096e-03
916           	-2.899986e-03	9.643860e-01	-1.195824e-02	-8.879105e-03	-3.079132e-03
917           	-2.899223e-03	9.643637e-01	-1.205779e-02	-8.928117e-03	-3.129671e-03
918           	-2.898464e-03	9.643400e-01	-1.215579e-02	-8.976359e-03	-3.179430e-03
919           	-2.897704e-03	9.643162e-01	-1.225247e-02	-9.023939e-03	-3.228531e-03
920           	-2.896944e-03	9.642926e-01	-1.234855e-02	-9.071221e-03	-3.277333e-03
921           	-2.896175e-03	9.642702e-01	-1.244758e-02	-9.119964e-03	-3.327613e-03
922           	-2.895416e-03	9.642466e-01	-1.254532e-02	-9.168074e-03	-3.377242e-03
923           	-2.894647e-03	9.642239e-01	-1.264593e-02	-9.217611e-03	-3.428318e-03
924           	-2.893886e-03	9.642002e-01	-1.274354e-02	-9.265657e-03	-3.477885e-03
925           	-2.893125e-03	9.641768e-01	-1.283999e-02	-9.313122e-03	-3.526872e-03
926           	-2.892355e-03	9.641547e-01	-1.293934e-02	-9.362023e-03	-3.577314e-03
927           	-2.891594e-03	9.641314e-01	-1.303840e-02	-9.410795e-03	-3.627607e-03
928           	-2.890835e-03	9.641089e-01	-1.313536e-02	-9.458517e-03	-3.676846e-03
929           	-2.890065e-03	9.640877e-01	-1.323499e-02	-9.507558e-03	-3.727428e-03
930           	-2.889305e-03	9.640649e-01	-1.333401e-02	-9.556311e-03	-3.777702e-03
931           	-2.888544e-03	9.640428e-01	-1.343071e-02	-9.603899e-03	-3.826811e-03
932           	-2.887773e-03	9.640216e-01	-1.353058e-02	-9.653065e-03	-3.877519e-03
933           	-2.887011e-03	9.639996e-01	-1.362769e-02	-9.700856e-03	-3.926835e-03
934           	-2.886249e-03	9.639774e-01	-1.372429e-02	-9.748395e-03	-3.975897e-03
935           	-2.885476e-03	9.639569e-01	-1.382223e-02	-9.796593e-03	-4.025642e-03
936           	-2.884713e-03	9.639349e-01	-1.391941e-02	-9.844416e-03	-4.074990e-03
937           	-2.883951e-03	9.639133e-01	-1.401513e-02	-9.891517e-03	-4.123616e-03
938           	-2.883174e-03	9.638933e-01	-1.411217e-02	-9.939258e-03	-4.172910e-03
939           	-2.882409e-03	9.638718e-01	-1.420871e-02	-9.986763e-03	-4.221945e-03
940           	-2.881629e-03	9.638517e-01	-1.430698e-02	-1.003512e-02	-4.271860e-03
941           	-2.880860e-03	9.638305e-01	-1.440337e-02	-1.008254e-02	-4.320824e-03
942           	-2.880088e-03	9.638095e-01	-1.449820e-02	-1.012919e-02	-4.369013e-03
943           	-2.879304e-03	9.637901e-01	-1.459560e-02	-1.017710e-02	-4.418493e-03
944           	-2.878532e-03	9.637695e-01	-1.469140e-02	-1.022423e-02	-4.467170e-03
945           	-2.877746e-03	9.637503e-01	-1.478930e-02	-1.027240e-02	-4.516906e-03
946           	-2.876970e-03	9.637299e-01	-1.488519e-02	-1.031956e-02	-4.565624e-03
947           	-2.876195e-03	9.637101e-01	-1.497995e-02	-1.036617e-02	-4.613779e-03
948           	-2.875419e-03	9.636907e-01	-1.507387e-02	-1.041235e-02	-4.661514e-03
949           	-2.874644e-03	9.636719e-01	-1.516765e-02	-1.045847e-02	-4.709181e-03
950           	-2.873869e-03	9.636534e-01	-1.526115e-02	-1.050444e-02	-4.756705e-03
951           	-2.873094e-03	9.636354e-01	-1.535473e-02	-1.055046e-02	-4.804270e-03
952           	-2.872315e-03	9.636175e-01	-1.544795e-02	-1.059629e-02	-4.851660e-03
953           	-2.871535e-03	9.636000e-01	-1.554105e-02	-1.064206e-02	-4.898992e-03
954           	-2.870752e-03	9.635827e-01	-1.563381e-02	-1.068766e-02	-4.946151e-03
955           	-2.869967e-03	9.635659e-01	-1.572633e-02	-1.073313e-02	-4.993196e-03
956           	-2.869180e-03	9.635494e-01	-1.581849e-02	-1.077842e-02	-5.040064e-03
957           	-2.868390e-03	9.635333e-01	-1.591033e-02	-1.082355e-02	-5.086772e-03
958           	-2.867598e-03	9.635176e-01	-1.600179e-02	-1.086849e-02	-5.133299e-03
959           	-2.866803e-03	9.635024e-01	-1.609296e-02	-1.091328e-02	-5.179677e-03
960           	-2.866004e-03	9.634876e-01	-1.618374e-02	-1.095787e-02	-5.225866e-03
961           	-2.865202e-03	9.634733e-01	-1.627407e-02	-1.100223e-02	-5.271830e-03
962           	-2.864397e-03	9.634594e-01	-1.636389e-02	-1.104634e-02	-5.317548e-03
963           	-2.863586e-03	9.634460e-01	-1.645318e-02	-1.109018e-02	-5.363005e-03
964           	-2.862771e-03	9.634330e-01	-1.654174e-02	-1.113364e-02	-5.408099e-03
965           	-2.861951e-03	9.634205e-01	-1.662956e-02	-1.117673e-02	-5.452829e-03
966           	-2.861124e-03	9.634084e-01	-1.671658e-02	-1.121941e-02	-5.497165e-03
967           	-2.860291e-03	9.633968e-01	-1.680282e-02	-1.126170e-02	-5.541120e-03
968           	-2.859452e-03	9.633856e-01	-1.688826e-02	-1.130358e-02	-5.584677e-03
969           	-2.858606e-03	9.633749e-01	-1.697288e-02	-1.134505e-02	-5.627835e-03
970           	-2.857752e-03	9.633647e-01	-1.705675e-02	-1.138613e-02	-5.670626e-03
971           	-2.856890e-03	9.633549e-01	-1.713997e-02	-1.142688e-02	-5.713096e-03
972           	-2.856019e-03	9.633457e-01	-1.722259e-02	-1.146731e-02	-5.755274e-03
973           	-2.855139e-03	9.633371e-01	-1.730462e-02	-1.150745e-02	-5.797171e-03
974           	-2.854249e-03	9.633290e-01	-1.738600e-02	-1.154725e-02	-5.838749e-03
975           	-2.853347e-03	9.633214e-01	-1.746669e-02	-1.158669e-02	-5.879999e-03
976           	-2.852433e-03	9.633145e-01	-1.754680e-02	-1.162583e-02	-5.920967e-03
977           	-2.851505e-03	9.633082e-01	-1.762629e-02	-1.166465e-02	-5.961642e-03
978           	-2.850565e-03	9.633027e-01	-1.770540e-02	-1.170326e-02	-6.002134e-03
979           	-2.849612e-03	9.632977e-01	-1.778386e-02	-1.174154e-02	-6.042319e-03
980           	-2.848644e-03	9.632933e-01	-1.786165e-02	-1.177947e-02	-6.082180e-03
981           	-2.847660e-03	9.632895e-01	-1.793868e-02	-1.181700e-02	-6.121680e-03
982           	-2.846661e-03	9.632861e-01	-1.801497e-02	-1.185415e-02	-6.160825e-03
983           	-2.845647e-03	9.632831e-01	-1.809058e-02	-1.189094e-02	-6.199643e-03
984           	-2.844615e-03	9.632805e-01	-1.816541e-02	-1.192732e-02	-6.238089e-03
985           	-2.843566e-03	9.632784e-01	-1.823948e-02	-1.196331e-02	-6.276174e-03
986           	-2.842497e-03	9.632765e-01	-1.831261e-02	-1.199880e-02	-6.313810e-03
987           	-2.841410e-03	9.632749e-01	-1.838493e-02	-1.203387e-02	-6.351053e-03
988           	-2.840301e-03	9.632734e-01	-1.845659e-02	-1.206860e-02	-6.387994e-03
989           	-2.839172e-03	9.632722e-01	-1.852767e-02	-1.210301e-02	-6.424662e-03
990           	-2.838020e-03	9.632711e-01	-1.859847e-02	-1.213726e-02	-6.461216e-03
991           	-2.836845e-03	9.632700e-01	-1.866900e-02	-1.217134e-02	-6.497654e-03
992           	-2.835649e-03	9.632691e-01	-1.873951e-02	-1.220540e-02	-6.534107e-03
993           	-2.834428e-03	9.632680e-01	-1.881005e-02	-1.223945e-02	-6.570596e-03
994           	-2.833182e-03	9.632667e-01	-1.888125e-02	-1.227381e-02	-6.607445e-03
995           	-2.831910e-03	9.632652e-01	-1.895306e-02	-1.230844e-02	-6.644618e-03
996           	-2.830612e-03	9.632636e-01	-1.902616e-02	-1.234369e-02	-6.682467e-03
997           	-2.829285e-03	9.632615e-01	-1.910050e-02	-1.237954e-02	-6.720967e-03
998           	-2.827931e-03	9.632590e-01	-1.917686e-02	-1.241636e-02	-6.760502e-03
999           	-2.826532e-03	9.632565e-01	-1.925475e-02	-1.245391e-02	-6.800841e-03
1000          	-2.825114e-03	9.632529e-01	-1.933588e-02	-1.249305e-02	-6.842827e-03
