# Force coefficients
# liftDir     : (0.000000e+00 0.000000e+00 1.000000e+00)
# dragDir     : (0.000000e+00 1.000000e+00 0.000000e+00)
# pitchAxis   : (1.000000e+00 0.000000e+00 0.000000e+00)
# magUInf     : 1.569479e-01
# lRef        : 4.000000e+00
# Aref        : 2.562000e-02
# CofR        : (0.000000e+00 0.000000e+00 0.000000e+00)
# Time        	Cm            	Cd            	Cl            	Cl(f)         	Cl(r)         
1             	-5.555356e-04	1.275751e-01	-1.389503e-02	-7.503049e-03	-6.391977e-03
2             	-2.697489e-03	7.073898e-01	-8.820445e-02	-4.679972e-02	-4.140474e-02
3             	-3.404892e-03	1.013465e+00	-8.665227e-02	-4.673103e-02	-3.992124e-02
4             	-3.006849e-03	1.052856e+00	-4.924771e-02	-2.763070e-02	-2.161701e-02
5             	-2.378061e-03	9.854487e-01	-4.771720e-03	-4.763921e-03	-7.799460e-06
6             	-2.011193e-03	9.183297e-01	1.651057e-02	6.244093e-03	1.026648e-02
7             	-1.715947e-03	8.464191e-01	3.804909e-02	1.730860e-02	2.074049e-02
8             	-1.672104e-03	8.063479e-01	4.051046e-02	1.858313e-02	2.192733e-02
9             	-1.796397e-03	8.004061e-01	3.501255e-02	1.570988e-02	1.930267e-02
10            	-1.946966e-03	8.119547e-01	2.751894e-02	1.181250e-02	1.570643e-02
11            	-2.075428e-03	8.263225e-01	2.168834e-02	8.768744e-03	1.291960e-02
12            	-2.195777e-03	8.423858e-01	1.670901e-02	6.158727e-03	1.055028e-02
13            	-2.305348e-03	8.590092e-01	1.121794e-02	3.303622e-03	7.914318e-03
14            	-2.390859e-03	8.729799e-01	3.458759e-03	-6.614792e-04	4.120238e-03
15            	-2.414084e-03	8.784346e-01	-2.933799e-03	-3.880983e-03	9.471840e-04
16            	-2.431403e-03	8.780835e-01	-8.573857e-03	-6.718331e-03	-1.855525e-03
17            	-2.470762e-03	8.779335e-01	-1.441825e-02	-9.679886e-03	-4.738361e-03
18            	-2.531295e-03	8.792093e-01	-2.021324e-02	-1.263791e-02	-7.575323e-03
19            	-2.607351e-03	8.818121e-01	-2.486908e-02	-1.504189e-02	-9.827190e-03
20            	-2.690175e-03	8.852109e-01	-2.709215e-02	-1.623625e-02	-1.085590e-02
21            	-2.775185e-03	8.890328e-01	-2.610999e-02	-1.583018e-02	-1.027981e-02
22            	-2.865846e-03	8.937821e-01	-2.166315e-02	-1.369742e-02	-7.965726e-03
23            	-2.955026e-03	8.992022e-01	-1.460337e-02	-1.025671e-02	-4.346661e-03
24            	-3.031772e-03	9.046019e-01	-6.716821e-03	-6.390183e-03	-3.266383e-04
25            	-3.081891e-03	9.085701e-01	1.943080e-04	-2.984737e-03	3.179045e-03
26            	-3.104251e-03	9.107298e-01	5.629374e-03	-2.895639e-04	5.918938e-03
27            	-3.103712e-03	9.111998e-01	1.006876e-02	1.930670e-03	8.138094e-03
28            	-3.087667e-03	9.106944e-01	1.315997e-02	3.492320e-03	9.667654e-03
29            	-3.069506e-03	9.102619e-01	1.481272e-02	4.336852e-03	1.047586e-02
30            	-3.055729e-03	9.104166e-01	1.556412e-02	4.726332e-03	1.083779e-02
31            	-3.049250e-03	9.109565e-01	1.607981e-02	4.990654e-03	1.108915e-02
32            	-3.046816e-03	9.112574e-01	1.693533e-02	5.420850e-03	1.151448e-02
33            	-3.042155e-03	9.102175e-01	1.853712e-02	6.226406e-03	1.231072e-02
34            	-3.034980e-03	9.076849e-01	2.107738e-02	7.503707e-03	1.357367e-02
35            	-3.031348e-03	9.045263e-01	2.427961e-02	9.108459e-03	1.517115e-02
36            	-3.037758e-03	9.019631e-01	2.760061e-02	1.076255e-02	1.683806e-02
37            	-3.055817e-03	9.009089e-01	3.072497e-02	1.230667e-02	1.841830e-02
38            	-3.085450e-03	9.019744e-01	3.390027e-02	1.386468e-02	2.003558e-02
39            	-3.121689e-03	9.050715e-01	3.705977e-02	1.540819e-02	2.165157e-02
40            	-3.161895e-03	9.096237e-01	3.995655e-02	1.681638e-02	2.314017e-02
41            	-3.207060e-03	9.150969e-01	4.218136e-02	1.788362e-02	2.429774e-02
42            	-3.258069e-03	9.209475e-01	4.354423e-02	1.851405e-02	2.503018e-02
43            	-3.310056e-03	9.259544e-01	4.412249e-02	1.875119e-02	2.537130e-02
44            	-3.353951e-03	9.285997e-01	4.419018e-02	1.874114e-02	2.544904e-02
45            	-3.385434e-03	9.282068e-01	4.438190e-02	1.880552e-02	2.557638e-02
46            	-3.408584e-03	9.256685e-01	4.481684e-02	1.899984e-02	2.581700e-02
47            	-3.429674e-03	9.224109e-01	4.548629e-02	1.931347e-02	2.617282e-02
48            	-3.452661e-03	9.196765e-01	4.656234e-02	1.982851e-02	2.673383e-02
49            	-3.478939e-03	9.183859e-01	4.863446e-02	2.083829e-02	2.779617e-02
50            	-3.507359e-03	9.187617e-01	5.217119e-02	2.257824e-02	2.959296e-02
51            	-3.537704e-03	9.211025e-01	5.728277e-02	2.510368e-02	3.217909e-02
52            	-3.567315e-03	9.253466e-01	6.351538e-02	2.819038e-02	3.532501e-02
53            	-3.589750e-03	9.300507e-01	6.988322e-02	3.135186e-02	3.853136e-02
54            	-3.593306e-03	9.328447e-01	7.530896e-02	3.406117e-02	4.124779e-02
55            	-3.570094e-03	9.321368e-01	7.950196e-02	3.618089e-02	4.332107e-02
56            	-3.522454e-03	9.277775e-01	8.271625e-02	3.783567e-02	4.488058e-02
57            	-3.462051e-03	9.211845e-01	8.556005e-02	3.931797e-02	4.624208e-02
58            	-3.412979e-03	9.152464e-01	8.776812e-02	4.047108e-02	4.729704e-02
59            	-3.374406e-03	9.101946e-01	8.938834e-02	4.131977e-02	4.806858e-02
60            	-3.348118e-03	9.067186e-01	9.082504e-02	4.206440e-02	4.876064e-02
61            	-3.337783e-03	9.058169e-01	9.196324e-02	4.264384e-02	4.931940e-02
62            	-3.334425e-03	9.067164e-01	9.204618e-02	4.268866e-02	4.935751e-02
63            	-3.320513e-03	9.068299e-01	9.046051e-02	4.190974e-02	4.855077e-02
64            	-3.280735e-03	9.039829e-01	8.728658e-02	4.036256e-02	4.692403e-02
65            	-3.212910e-03	8.976073e-01	8.305627e-02	3.831522e-02	4.474104e-02
66            	-3.129241e-03	8.892261e-01	7.793280e-02	3.583716e-02	4.209564e-02
67            	-3.042990e-03	8.803616e-01	7.171289e-02	3.281346e-02	3.889944e-02
68            	-2.964626e-03	8.720709e-01	6.441226e-02	2.924150e-02	3.517076e-02
69            	-2.902480e-03	8.651381e-01	5.626910e-02	2.523207e-02	3.103703e-02
70            	-2.863111e-03	8.603746e-01	4.723389e-02	2.075383e-02	2.648005e-02
71            	-2.845672e-03	8.574637e-01	3.671811e-02	1.551338e-02	2.120473e-02
72            	-2.848398e-03	8.558044e-01	2.254226e-02	8.422730e-03	1.411953e-02
73            	-2.873650e-03	8.557125e-01	3.417485e-03	-1.164907e-03	4.582392e-03
74            	-2.923479e-03	8.579773e-01	-2.116854e-02	-1.350775e-02	-7.660790e-03
75            	-2.994215e-03	8.634438e-01	-4.815435e-02	-2.707139e-02	-2.108296e-02
76            	-3.080927e-03	8.722330e-01	-7.549258e-02	-4.082722e-02	-3.466536e-02
77            	-3.171995e-03	8.833897e-01	-1.002943e-01	-5.331914e-02	-4.697515e-02
78            	-3.255202e-03	8.954545e-01	-1.194197e-01	-6.296503e-02	-5.645463e-02
79            	-3.327650e-03	9.082805e-01	-1.309422e-01	-6.879875e-02	-6.214345e-02
80            	-3.389284e-03	9.224149e-01	-1.332742e-01	-7.002640e-02	-6.324783e-02
81            	-3.430717e-03	9.366978e-01	-1.241591e-01	-6.551027e-02	-5.864883e-02
82            	-3.460195e-03	9.515671e-01	-9.887063e-02	-5.289551e-02	-4.597512e-02
83            	-3.484137e-03	9.650222e-01	-5.705161e-02	-3.200994e-02	-2.504167e-02
84            	-3.516556e-03	9.752359e-01	-4.661249e-03	-5.847180e-03	1.185931e-03
85            	-3.562568e-03	9.816087e-01	4.935989e-02	2.111738e-02	2.824251e-02
86            	-3.616909e-03	9.844468e-01	9.770431e-02	4.523525e-02	5.246907e-02
87            	-3.666647e-03	9.841475e-01	1.334682e-01	6.306746e-02	7.040076e-02
88            	-3.706822e-03	9.823225e-01	1.531538e-01	7.287008e-02	8.028372e-02
89            	-3.747587e-03	9.800951e-01	1.562355e-01	7.437018e-02	8.186535e-02
90            	-3.788922e-03	9.776261e-01	1.409631e-01	6.669265e-02	7.427049e-02
91            	-3.828528e-03	9.774780e-01	1.086285e-01	5.048573e-02	5.814278e-02
92            	-3.820445e-03	9.750108e-01	6.445915e-02	2.840913e-02	3.605002e-02
93            	-3.721215e-03	9.646946e-01	1.969386e-02	6.125713e-03	1.356814e-02
94            	-3.585360e-03	9.528218e-01	-9.805186e-03	-8.487953e-03	-1.317233e-03
95            	-3.463285e-03	9.424725e-01	-2.619252e-02	-1.655955e-02	-9.632976e-03
96            	-3.340208e-03	9.320239e-01	-3.499537e-02	-2.083789e-02	-1.415748e-02
97            	-3.245587e-03	9.235218e-01	-3.750913e-02	-2.200015e-02	-1.550898e-02
98            	-3.199510e-03	9.183284e-01	-3.425710e-02	-2.032806e-02	-1.392904e-02
99            	-3.212427e-03	9.173020e-01	-2.619248e-02	-1.630867e-02	-9.883815e-03
100           	-3.277080e-03	9.211599e-01	-1.525197e-02	-1.090306e-02	-4.348904e-03
101           	-3.348186e-03	9.262070e-01	-4.242655e-03	-5.469513e-03	1.226858e-03
102           	-3.394709e-03	9.300552e-01	6.346352e-03	-2.215330e-04	6.567885e-03
103           	-3.422419e-03	9.333671e-01	1.764570e-02	5.400431e-03	1.224527e-02
104           	-3.435433e-03	9.369352e-01	3.077088e-02	1.195001e-02	1.882087e-02
105           	-3.446425e-03	9.421034e-01	4.587303e-02	1.949009e-02	2.638294e-02
106           	-3.458569e-03	9.482812e-01	6.096516e-02	2.702401e-02	3.394115e-02
107           	-3.466381e-03	9.537074e-01	7.445623e-02	3.376173e-02	4.069449e-02
108           	-3.469531e-03	9.577327e-01	8.548173e-02	3.927133e-02	4.621040e-02
109           	-3.467380e-03	9.598529e-01	9.306068e-02	4.306296e-02	4.999772e-02
110           	-3.461576e-03	9.603562e-01	9.636107e-02	4.471896e-02	5.164211e-02
111           	-3.454494e-03	9.597987e-01	9.366844e-02	4.337973e-02	5.028872e-02
112           	-3.450008e-03	9.586781e-01	8.209424e-02	3.759711e-02	4.449713e-02
113           	-3.449631e-03	9.577415e-01	6.342662e-02	2.826368e-02	3.516294e-02
114           	-3.456947e-03	9.579740e-01	4.393517e-02	1.851064e-02	2.542453e-02
115           	-3.476319e-03	9.601852e-01	2.705122e-02	1.004929e-02	1.700193e-02
116           	-3.504919e-03	9.635765e-01	1.570315e-02	4.346655e-03	1.135649e-02
117           	-3.526725e-03	9.654116e-01	1.199375e-02	2.470150e-03	9.523599e-03
118           	-3.529292e-03	9.642916e-01	1.548327e-02	4.212344e-03	1.127093e-02
119           	-3.510924e-03	9.596624e-01	2.556189e-02	9.270018e-03	1.629187e-02
120           	-3.481885e-03	9.525301e-01	3.872902e-02	1.588263e-02	2.284640e-02
121           	-3.457677e-03	9.449729e-01	4.935908e-02	2.122186e-02	2.813722e-02
122           	-3.447371e-03	9.383072e-01	5.377844e-02	2.344185e-02	3.033659e-02
123           	-3.454876e-03	9.337509e-01	5.106280e-02	2.207653e-02	2.898628e-02
124           	-3.479614e-03	9.326640e-01	4.241294e-02	1.772685e-02	2.468608e-02
125           	-3.514739e-03	9.353739e-01	3.112082e-02	1.204567e-02	1.907515e-02
126           	-3.548078e-03	9.406028e-01	2.103632e-02	6.970081e-03	1.406624e-02
127           	-3.573962e-03	9.469709e-01	1.455619e-02	3.704133e-03	1.085206e-02
128           	-3.590930e-03	9.535363e-01	1.217310e-02	2.495618e-03	9.677478e-03
129           	-3.595908e-03	9.592831e-01	1.399319e-02	3.400687e-03	1.059250e-02
130           	-3.591396e-03	9.635131e-01	1.872360e-02	5.770404e-03	1.295319e-02
131           	-3.580357e-03	9.661074e-01	2.389189e-02	8.365589e-03	1.552630e-02
132           	-3.567105e-03	9.675627e-01	2.757917e-02	1.022248e-02	1.735669e-02
133           	-3.554998e-03	9.680494e-01	2.819500e-02	1.054250e-02	1.765250e-02
134           	-3.543834e-03	9.676656e-01	2.608237e-02	9.497351e-03	1.658502e-02
135           	-3.533841e-03	9.665664e-01	2.202079e-02	7.476555e-03	1.454424e-02
136           	-3.526075e-03	9.651787e-01	1.757473e-02	5.261288e-03	1.231344e-02
137           	-3.517854e-03	9.629297e-01	1.447729e-02	3.720794e-03	1.075650e-02
138           	-3.507453e-03	9.596769e-01	1.397286e-02	3.478975e-03	1.049388e-02
139           	-3.497333e-03	9.560321e-01	1.648489e-02	4.745113e-03	1.173978e-02
140           	-3.485959e-03	9.524817e-01	2.132220e-02	7.175139e-03	1.414706e-02
141           	-3.476535e-03	9.501954e-01	2.672578e-02	9.886356e-03	1.683943e-02
142           	-3.468599e-03	9.498138e-01	3.194052e-02	1.250166e-02	1.943886e-02
143           	-3.462861e-03	9.516864e-01	3.694448e-02	1.500938e-02	2.193510e-02
144           	-3.458246e-03	9.553164e-01	4.141510e-02	1.724930e-02	2.416579e-02
145           	-3.455080e-03	9.600365e-01	4.532118e-02	1.920551e-02	2.611567e-02
146           	-3.452464e-03	9.648978e-01	4.791059e-02	2.050283e-02	2.740776e-02
147           	-3.443798e-03	9.675077e-01	4.880164e-02	2.095702e-02	2.784462e-02
148           	-3.426212e-03	9.659628e-01	4.715025e-02	2.014891e-02	2.700134e-02
149           	-3.405202e-03	9.609282e-01	4.302194e-02	1.810577e-02	2.491617e-02
150           	-3.389483e-03	9.540624e-01	3.685681e-02	1.503892e-02	2.181789e-02
151           	-3.387199e-03	9.474549e-01	2.921449e-02	1.122005e-02	1.799445e-02
152           	-3.398424e-03	9.418730e-01	2.111527e-02	7.159210e-03	1.395606e-02
153           	-3.420055e-03	9.377141e-01	1.379023e-02	3.475061e-03	1.031517e-02
154           	-3.448315e-03	9.348715e-01	8.014358e-03	5.588638e-04	7.455494e-03
155           	-3.485898e-03	9.337880e-01	3.841928e-03	-1.564934e-03	5.406862e-03
156           	-3.539416e-03	9.352601e-01	1.001419e-03	-3.038707e-03	4.040126e-03
157           	-3.612230e-03	9.397778e-01	-9.590269e-04	-4.091743e-03	3.132717e-03
158           	-3.705009e-03	9.474901e-01	-2.412430e-03	-4.911224e-03	2.498794e-03
159           	-3.802087e-03	9.566924e-01	-3.197688e-03	-5.400930e-03	2.203243e-03
160           	-3.883368e-03	9.651579e-01	-2.865176e-03	-5.315956e-03	2.450780e-03
161           	-3.942007e-03	9.726127e-01	-8.161716e-04	-4.350093e-03	3.533922e-03
162           	-3.969132e-03	9.784622e-01	3.467460e-03	-2.235402e-03	5.702862e-03
163           	-3.958621e-03	9.822185e-01	1.031370e-02	1.198229e-03	9.115470e-03
164           	-3.910643e-03	9.834287e-01	1.931950e-02	5.749106e-03	1.357039e-02
165           	-3.831177e-03	9.818093e-01	3.002559e-02	1.118162e-02	1.884397e-02
166           	-3.737350e-03	9.778932e-01	4.182515e-02	1.717523e-02	2.464993e-02
167           	-3.653643e-03	9.730056e-01	5.332631e-02	2.300951e-02	3.031680e-02
168           	-3.598549e-03	9.685294e-01	6.284047e-02	2.782169e-02	3.501878e-02
169           	-3.570785e-03	9.649130e-01	6.936805e-02	3.111324e-02	3.825481e-02
170           	-3.557073e-03	9.616962e-01	7.273354e-02	3.280970e-02	3.992384e-02
171           	-3.549549e-03	9.596669e-01	7.274099e-02	3.282095e-02	3.992004e-02
172           	-3.541968e-03	9.590146e-01	7.060136e-02	3.175871e-02	3.884265e-02
173           	-3.532659e-03	9.602068e-01	6.761785e-02	3.027627e-02	3.734159e-02
174           	-3.520597e-03	9.633716e-01	6.440086e-02	2.867983e-02	3.572103e-02
175           	-3.500472e-03	9.675716e-01	6.073444e-02	2.686675e-02	3.386769e-02
176           	-3.464482e-03	9.708015e-01	5.701063e-02	2.504083e-02	3.196980e-02
177           	-3.399922e-03	9.689398e-01	5.364937e-02	2.342476e-02	3.022461e-02
178           	-3.310370e-03	9.610956e-01	5.014459e-02	2.176193e-02	2.838267e-02
179           	-3.217089e-03	9.495609e-01	4.578802e-02	1.967692e-02	2.611110e-02
180           	-3.140552e-03	9.375466e-01	3.999312e-02	1.685601e-02	2.313711e-02
181           	-3.092651e-03	9.274456e-01	3.292862e-02	1.337166e-02	1.955696e-02
182           	-3.074000e-03	9.202037e-01	2.548951e-02	9.670757e-03	1.581876e-02
183           	-3.080210e-03	9.159642e-01	1.860019e-02	6.219887e-03	1.238031e-02
184           	-3.106602e-03	9.145773e-01	1.288341e-02	3.335104e-03	9.548308e-03
185           	-3.154941e-03	9.160351e-01	8.463436e-03	1.076777e-03	7.386659e-03
186           	-3.227823e-03	9.203197e-01	4.880325e-03	-7.876605e-04	5.667986e-03
187           	-3.323495e-03	9.270951e-01	1.445516e-03	-2.600737e-03	4.046252e-03
188           	-3.436503e-03	9.358988e-01	-2.115420e-03	-4.494212e-03	2.378793e-03
189           	-3.553387e-03	9.456520e-01	-5.453036e-03	-6.279905e-03	8.268688e-04
190           	-3.657269e-03	9.549802e-01	-7.702210e-03	-7.508373e-03	-1.938362e-04
191           	-3.741166e-03	9.635723e-01	-8.257031e-03	-7.869681e-03	-3.873497e-04
192           	-3.804446e-03	9.715038e-01	-6.913125e-03	-7.261008e-03	3.478830e-04
193           	-3.849507e-03	9.788893e-01	-3.790635e-03	-5.744824e-03	1.954189e-03
194           	-3.877052e-03	9.853996e-01	9.197953e-04	-3.417154e-03	4.336949e-03
195           	-3.885484e-03	9.900114e-01	6.778681e-03	-4.961438e-04	7.274825e-03
196           	-3.877445e-03	9.925249e-01	1.398763e-02	3.116369e-03	1.087126e-02
197           	-3.854964e-03	9.927831e-01	2.296188e-02	7.625977e-03	1.533590e-02
198           	-3.825266e-03	9.905213e-01	3.249333e-02	1.242140e-02	2.007193e-02
199           	-3.791731e-03	9.863289e-01	4.194731e-02	1.718193e-02	2.476539e-02
200           	-3.755261e-03	9.806984e-01	5.082707e-02	2.165827e-02	2.916880e-02
201           	-3.716713e-03	9.741796e-01	5.864194e-02	2.560425e-02	3.303768e-02
202           	-3.682394e-03	9.680438e-01	6.486468e-02	2.874995e-02	3.611474e-02
203           	-3.656822e-03	9.634362e-01	6.934948e-02	3.101792e-02	3.833156e-02
204           	-3.639810e-03	9.608435e-01	7.217479e-02	3.244758e-02	3.972720e-02
205           	-3.626203e-03	9.598877e-01	7.369690e-02	3.322224e-02	4.047465e-02
206           	-3.608218e-03	9.595761e-01	7.436213e-02	3.357285e-02	4.078928e-02
207           	-3.578848e-03	9.592450e-01	7.473912e-02	3.379071e-02	4.094841e-02
208           	-3.533456e-03	9.585554e-01	7.453791e-02	3.373550e-02	4.080241e-02
209           	-3.469268e-03	9.564004e-01	7.358123e-02	3.332134e-02	4.025988e-02
210           	-3.391124e-03	9.516950e-01	7.195336e-02	3.258555e-02	3.936780e-02
211           	-3.310123e-03	9.444250e-01	7.004944e-02	3.171459e-02	3.833484e-02
212           	-3.245468e-03	9.368570e-01	6.788467e-02	3.069687e-02	3.718780e-02
213           	-3.210495e-03	9.310197e-01	6.537170e-02	2.947536e-02	3.589635e-02
214           	-3.205710e-03	9.272546e-01	6.235686e-02	2.797272e-02	3.438414e-02
215           	-3.228087e-03	9.256628e-01	5.861024e-02	2.607703e-02	3.253321e-02
216           	-3.275300e-03	9.262170e-01	5.391120e-02	2.368030e-02	3.023090e-02
217           	-3.343036e-03	9.291108e-01	4.826441e-02	2.078917e-02	2.747524e-02
218           	-3.417968e-03	9.335981e-01	4.220897e-02	1.768652e-02	2.452245e-02
219           	-3.488459e-03	9.385663e-01	3.648127e-02	1.475218e-02	2.172909e-02
220           	-3.552398e-03	9.434986e-01	3.139794e-02	1.214657e-02	1.925137e-02
221           	-3.610793e-03	9.481286e-01	2.686115e-02	9.819781e-03	1.704137e-02
222           	-3.664683e-03	9.523730e-01	2.278659e-02	7.728614e-03	1.505798e-02
223           	-3.714551e-03	9.563491e-01	1.923272e-02	5.901806e-03	1.333091e-02
224           	-3.759767e-03	9.602020e-01	1.641049e-02	4.445481e-03	1.196501e-02
225           	-3.798616e-03	9.641246e-01	1.472683e-02	3.564798e-03	1.116203e-02
226           	-3.829078e-03	9.682548e-01	1.453924e-02	3.440539e-03	1.109870e-02
227           	-3.847934e-03	9.725554e-01	1.647904e-02	4.391588e-03	1.208745e-02
228           	-3.853277e-03	9.768261e-01	2.058876e-02	6.441102e-03	1.414766e-02
229           	-3.843476e-03	9.804617e-01	2.645151e-02	9.382281e-03	1.706923e-02
230           	-3.818695e-03	9.826700e-01	3.328208e-02	1.282234e-02	2.045973e-02
231           	-3.781067e-03	9.827405e-01	4.014165e-02	1.628976e-02	2.385189e-02
232           	-3.733691e-03	9.805171e-01	4.624479e-02	1.938871e-02	2.685609e-02
233           	-3.678091e-03	9.761108e-01	5.118103e-02	2.191243e-02	2.926861e-02
234           	-3.620687e-03	9.702981e-01	5.474889e-02	2.375376e-02	3.099513e-02
235           	-3.568262e-03	9.640699e-01	5.705677e-02	2.496013e-02	3.209665e-02
236           	-3.523041e-03	9.582173e-01	5.836338e-02	2.565865e-02	3.270473e-02
237           	-3.484996e-03	9.531219e-01	5.910217e-02	2.606609e-02	3.303608e-02
238           	-3.452643e-03	9.488745e-01	5.975249e-02	2.642360e-02	3.332889e-02
239           	-3.424571e-03	9.456504e-01	6.092444e-02	2.703765e-02	3.388679e-02
240           	-3.396070e-03	9.431811e-01	6.268120e-02	2.794453e-02	3.473667e-02
241           	-3.369351e-03	9.421504e-01	6.450906e-02	2.888518e-02	3.562388e-02
242           	-3.348752e-03	9.428555e-01	6.535664e-02	2.932957e-02	3.602707e-02
243           	-3.338786e-03	9.451399e-01	6.443099e-02	2.887671e-02	3.555428e-02
244           	-3.340213e-03	9.482705e-01	6.141129e-02	2.736543e-02	3.404586e-02
245           	-3.350271e-03	9.516566e-01	5.700654e-02	2.515300e-02	3.185354e-02
246           	-3.367553e-03	9.549921e-01	5.163816e-02	2.245153e-02	2.918663e-02
247           	-3.392439e-03	9.581889e-01	4.578857e-02	1.950185e-02	2.628672e-02
248           	-3.423785e-03	9.612114e-01	4.007132e-02	1.661187e-02	2.345944e-02
249           	-3.460662e-03	9.640304e-01	3.481471e-02	1.394669e-02	2.086802e-02
250           	-3.502503e-03	9.666700e-01	3.003794e-02	1.151647e-02	1.852147e-02
251           	-3.547967e-03	9.690583e-01	2.553976e-02	9.221912e-03	1.631785e-02
252           	-3.595063e-03	9.707634e-01	2.133704e-02	7.073459e-03	1.426358e-02
253           	-3.641903e-03	9.716167e-01	1.734802e-02	5.032107e-03	1.231591e-02
254           	-3.685367e-03	9.713421e-01	1.361801e-02	3.123638e-03	1.049437e-02
255           	-3.726328e-03	9.701286e-01	1.038573e-02	1.466539e-03	8.919194e-03
256           	-3.760946e-03	9.682020e-01	7.982615e-03	2.303613e-04	7.752254e-03
257           	-3.786299e-03	9.660210e-01	6.833340e-03	-3.696293e-04	7.202969e-03
258           	-3.801303e-03	9.641901e-01	7.411316e-03	-9.564530e-05	7.506961e-03
259           	-3.806335e-03	9.632922e-01	1.005699e-02	1.222163e-03	8.834832e-03
260           	-3.803758e-03	9.632024e-01	1.453811e-02	3.465297e-03	1.107281e-02
261           	-3.793434e-03	9.637263e-01	2.075094e-02	6.582037e-03	1.416890e-02
262           	-3.775412e-03	9.645134e-01	2.816615e-02	1.030766e-02	1.785849e-02
263           	-3.749587e-03	9.650745e-01	3.611686e-02	1.430884e-02	2.180802e-02
264           	-3.716372e-03	9.650764e-01	4.388778e-02	1.822752e-02	2.566026e-02
265           	-3.676686e-03	9.642495e-01	5.103720e-02	2.184192e-02	2.919529e-02
266           	-3.632926e-03	9.626854e-01	5.724630e-02	2.499022e-02	3.225608e-02
267           	-3.587780e-03	9.605948e-01	6.238425e-02	2.760434e-02	3.477990e-02
268           	-3.544134e-03	9.582900e-01	6.644426e-02	2.967800e-02	3.676626e-02
269           	-3.503034e-03	9.560571e-01	6.944446e-02	3.121920e-02	3.822527e-02
270           	-3.461681e-03	9.538161e-01	7.129320e-02	3.218492e-02	3.910828e-02
271           	-3.420693e-03	9.517858e-01	7.233439e-02	3.274650e-02	3.958789e-02
272           	-3.382787e-03	9.502010e-01	7.286767e-02	3.305105e-02	3.981662e-02
273           	-3.349107e-03	9.489956e-01	7.252963e-02	3.291571e-02	3.961392e-02
274           	-3.320705e-03	9.481737e-01	7.109163e-02	3.222511e-02	3.886652e-02
275           	-3.298573e-03	9.477825e-01	6.837748e-02	3.089017e-02	3.748731e-02
276           	-3.284275e-03	9.478708e-01	6.433284e-02	2.888215e-02	3.545069e-02
277           	-3.280477e-03	9.485741e-01	5.897262e-02	2.620583e-02	3.276679e-02
278           	-3.288370e-03	9.499070e-01	5.241427e-02	2.291877e-02	2.949551e-02
279           	-3.308865e-03	9.519619e-01	4.494570e-02	1.916399e-02	2.578172e-02
280           	-3.344879e-03	9.547649e-01	3.679889e-02	1.505457e-02	2.174433e-02
281           	-3.391359e-03	9.579448e-01	2.885508e-02	1.103618e-02	1.781890e-02
282           	-3.437125e-03	9.606765e-01	2.204331e-02	7.584529e-03	1.445878e-02
283           	-3.483655e-03	9.629982e-01	1.625666e-02	4.644677e-03	1.161199e-02
284           	-3.530991e-03	9.649015e-01	1.152310e-02	2.230562e-03	9.292543e-03
285           	-3.577896e-03	9.662660e-01	7.919179e-03	3.816937e-04	7.537485e-03
286           	-3.623764e-03	9.672188e-01	5.206742e-03	-1.020393e-03	6.227135e-03
287           	-3.667049e-03	9.677209e-01	3.585404e-03	-1.874347e-03	5.459751e-03
288           	-3.709914e-03	9.681756e-01	3.122420e-03	-2.148704e-03	5.271124e-03
289           	-3.748932e-03	9.687806e-01	3.744294e-03	-1.876785e-03	5.621079e-03
290           	-3.781382e-03	9.697260e-01	5.385709e-03	-1.088528e-03	6.474237e-03
291           	-3.805717e-03	9.711342e-01	7.992631e-03	1.905983e-04	7.802033e-03
292           	-3.821150e-03	9.729008e-01	1.154976e-02	1.953732e-03	9.596032e-03
293           	-3.826529e-03	9.746822e-01	1.609708e-02	4.222012e-03	1.187507e-02
294           	-3.820322e-03	9.760347e-01	2.159837e-02	6.978861e-03	1.461950e-02
295           	-3.801051e-03	9.764949e-01	2.800776e-02	1.020283e-02	1.780493e-02
296           	-3.768917e-03	9.757853e-01	3.506944e-02	1.376580e-02	2.130364e-02
297           	-3.726763e-03	9.739729e-01	4.243307e-02	1.748977e-02	2.494330e-02
298           	-3.679291e-03	9.712953e-01	4.980427e-02	2.122284e-02	2.858142e-02
299           	-3.635197e-03	9.683945e-01	5.672988e-02	2.472974e-02	3.200013e-02
300           	-3.593389e-03	9.653461e-01	6.317619e-02	2.799470e-02	3.518148e-02
301           	-3.552317e-03	9.621642e-01	6.904308e-02	3.096922e-02	3.807386e-02
302           	-3.507991e-03	9.586449e-01	7.404686e-02	3.351544e-02	4.053142e-02
303           	-3.464550e-03	9.553184e-01	7.806891e-02	3.556991e-02	4.249900e-02
304           	-3.419655e-03	9.519297e-01	8.058968e-02	3.687518e-02	4.371449e-02
305           	-3.375007e-03	9.487207e-01	8.134798e-02	3.729898e-02	4.404900e-02
306           	-3.332969e-03	9.459651e-01	8.008955e-02	3.671180e-02	4.337774e-02
307           	-3.297257e-03	9.438952e-01	7.618064e-02	3.479306e-02	4.138758e-02
308           	-3.270611e-03	9.427499e-01	6.971025e-02	3.158451e-02	3.812574e-02
309           	-3.254636e-03	9.425559e-01	6.119284e-02	2.734178e-02	3.385105e-02
310           	-3.249790e-03	9.431576e-01	5.146204e-02	2.248123e-02	2.898081e-02
311           	-3.255893e-03	9.443224e-01	4.157996e-02	1.753409e-02	2.404587e-02
312           	-3.271793e-03	9.458129e-01	3.242741e-02	1.294191e-02	1.948550e-02
313           	-3.296908e-03	9.475581e-01	2.447977e-02	8.942975e-03	1.553679e-02
314           	-3.330609e-03	9.495378e-01	1.796993e-02	5.654354e-03	1.231557e-02
315           	-3.372040e-03	9.517518e-01	1.296070e-02	3.108309e-03	9.852389e-03
316           	-3.419901e-03	9.542042e-01	9.418049e-03	1.289124e-03	8.128925e-03
317           	-3.471955e-03	9.566685e-01	7.217477e-03	1.367836e-04	7.080693e-03
318           	-3.525334e-03	9.589428e-01	6.011863e-03	-5.194021e-04	6.531265e-03
319           	-3.580042e-03	9.610193e-01	5.824736e-03	-6.676743e-04	6.492410e-03
320           	-3.632713e-03	9.628491e-01	6.250049e-03	-5.076884e-04	6.757738e-03
321           	-3.680832e-03	9.644758e-01	7.115634e-03	-1.230151e-04	7.238649e-03
322           	-3.722302e-03	9.660896e-01	8.366775e-03	4.610854e-04	7.905690e-03
323           	-3.757144e-03	9.681475e-01	1.010626e-02	1.295985e-03	8.810272e-03
324           	-3.783507e-03	9.706089e-01	1.253877e-02	2.485877e-03	1.005289e-02
325           	-3.798992e-03	9.732140e-01	1.594361e-02	4.172812e-03	1.177080e-02
326           	-3.801909e-03	9.754753e-01	2.024885e-02	6.322518e-03	1.392634e-02
327           	-3.790426e-03	9.768900e-01	2.544829e-02	8.933720e-03	1.651457e-02
328           	-3.764023e-03	9.771716e-01	3.169856e-02	1.208526e-02	1.961330e-02
329           	-3.723779e-03	9.760860e-01	3.887982e-02	1.571613e-02	2.316369e-02
330           	-3.674025e-03	9.737367e-01	4.662217e-02	1.963706e-02	2.698511e-02
331           	-3.620645e-03	9.704775e-01	5.449099e-02	2.362485e-02	3.086614e-02
332           	-3.568028e-03	9.666738e-01	6.203203e-02	2.744799e-02	3.458404e-02
333           	-3.518281e-03	9.625773e-01	6.883690e-02	3.090017e-02	3.793673e-02
334           	-3.471214e-03	9.583382e-01	7.459004e-02	3.382381e-02	4.076624e-02
335           	-3.426262e-03	9.540719e-01	7.900495e-02	3.607621e-02	4.292873e-02
336           	-3.382938e-03	9.498984e-01	8.193297e-02	3.758354e-02	4.434942e-02
337           	-3.340835e-03	9.458155e-01	8.300438e-02	3.816135e-02	4.484302e-02
338           	-3.300755e-03	9.419854e-01	8.176732e-02	3.758291e-02	4.418442e-02
339           	-3.264653e-03	9.386832e-01	7.771442e-02	3.559256e-02	4.212186e-02
340           	-3.235221e-03	9.363144e-01	7.049056e-02	3.201006e-02	3.848050e-02
341           	-3.215130e-03	9.351340e-01	6.021208e-02	2.689091e-02	3.332117e-02
342           	-3.205040e-03	9.350727e-01	4.817793e-02	2.088393e-02	2.729401e-02
343           	-3.204817e-03	9.357290e-01	3.591917e-02	1.475477e-02	2.116440e-02
344           	-3.213523e-03	9.367003e-01	2.460200e-02	9.087477e-03	1.551452e-02
345           	-3.230441e-03	9.378531e-01	1.484699e-02	4.193053e-03	1.065393e-02
346           	-3.255288e-03	9.392274e-01	6.896790e-03	1.931067e-04	6.703684e-03
347           	-3.287962e-03	9.409364e-01	8.427474e-04	-2.866589e-03	3.709336e-03
348           	-3.328232e-03	9.431107e-01	-3.179850e-03	-4.918157e-03	1.738307e-03
349           	-3.370505e-03	9.454176e-01	-5.279873e-03	-6.010442e-03	7.305687e-04
350           	-3.421312e-03	9.480774e-01	-5.591997e-03	-6.217311e-03	6.253136e-04
351           	-3.478672e-03	9.509882e-01	-4.297942e-03	-5.627643e-03	1.329701e-03
352           	-3.537541e-03	9.538476e-01	-2.057041e-03	-4.566062e-03	2.509021e-03
353           	-3.594304e-03	9.565549e-01	6.371851e-04	-3.275712e-03	3.912897e-03
354           	-3.648275e-03	9.593898e-01	3.500487e-03	-1.898031e-03	5.398519e-03
355           	-3.696788e-03	9.625021e-01	6.474251e-03	-4.596625e-04	6.933913e-03
356           	-3.736769e-03	9.658287e-01	9.550157e-03	1.038309e-03	8.511848e-03
357           	-3.765237e-03	9.691678e-01	1.282947e-02	2.649497e-03	1.017997e-02
358           	-3.779512e-03	9.721951e-01	1.651408e-02	4.477528e-03	1.203655e-02
359           	-3.777393e-03	9.744803e-01	2.082376e-02	6.634485e-03	1.418927e-02
360           	-3.760455e-03	9.756568e-01	2.570985e-02	9.094469e-03	1.661538e-02
361           	-3.727163e-03	9.754350e-01	3.156980e-02	1.205774e-02	1.951206e-02
362           	-3.681339e-03	9.737694e-01	3.835278e-02	1.549505e-02	2.285773e-02
363           	-3.628519e-03	9.708732e-01	4.583097e-02	1.928697e-02	2.654401e-02
364           	-3.574136e-03	9.670883e-01	5.361755e-02	2.323464e-02	3.038291e-02
365           	-3.522063e-03	9.628561e-01	6.120258e-02	2.707923e-02	3.412335e-02
366           	-3.473595e-03	9.584372e-01	6.807827e-02	3.056554e-02	3.751273e-02
367           	-3.428374e-03	9.539919e-01	7.377768e-02	3.346047e-02	4.031722e-02
368           	-3.385851e-03	9.496823e-01	7.804062e-02	3.563446e-02	4.240616e-02
369           	-3.344553e-03	9.454181e-01	8.048307e-02	3.689698e-02	4.358609e-02
370           	-3.304163e-03	9.412183e-01	8.081244e-02	3.710206e-02	4.371039e-02
371           	-3.265436e-03	9.372503e-01	7.863049e-02	3.604981e-02	4.258068e-02
372           	-3.230130e-03	9.338102e-01	7.348130e-02	3.351052e-02	3.997078e-02
373           	-3.200702e-03	9.312816e-01	6.512604e-02	2.936232e-02	3.576372e-02
374           	-3.179304e-03	9.298559e-01	5.398576e-02	2.381358e-02	3.017219e-02
375           	-3.167591e-03	9.292775e-01	4.091047e-02	1.728765e-02	2.362283e-02
376           	-3.165279e-03	9.295177e-01	2.809316e-02	1.088130e-02	1.721186e-02
377           	-3.171160e-03	9.301511e-01	1.643524e-02	5.046461e-03	1.138878e-02
378           	-3.185650e-03	9.311130e-01	6.321901e-03	-2.469964e-05	6.346600e-03
379           	-3.208320e-03	9.324085e-01	-2.055258e-03	-4.235949e-03	2.180691e-03
380           	-3.239055e-03	9.341737e-01	-8.628683e-03	-7.553396e-03	-1.075287e-03
381           	-3.277114e-03	9.364490e-01	-1.339650e-02	-9.975365e-03	-3.421136e-03
382           	-3.322602e-03	9.391481e-01	-1.613647e-02	-1.139084e-02	-4.745631e-03
383           	-3.374922e-03	9.422209e-01	-1.702910e-02	-1.188947e-02	-5.139628e-03
384           	-3.432127e-03	9.455132e-01	-1.637817e-02	-1.162121e-02	-4.756956e-03
385           	-3.492318e-03	9.489196e-01	-1.442236e-02	-1.070350e-02	-3.718861e-03
386           	-3.550929e-03	9.522157e-01	-1.171738e-02	-9.409618e-03	-2.307760e-03
387           	-3.604587e-03	9.553961e-01	-8.708285e-03	-7.958730e-03	-7.495557e-04
388           	-3.654405e-03	9.588453e-01	-5.189993e-03	-6.249402e-03	1.059409e-03
389           	-3.696699e-03	9.624683e-01	-1.360294e-03	-4.376846e-03	3.016552e-03
390           	-3.727614e-03	9.660127e-01	2.690533e-03	-2.382347e-03	5.072880e-03
391           	-3.743868e-03	9.691835e-01	6.980195e-03	-2.537710e-04	7.233966e-03
392           	-3.743239e-03	9.716338e-01	1.160010e-02	2.056810e-03	9.543289e-03
393           	-3.727674e-03	9.730473e-01	1.642170e-02	4.483176e-03	1.193852e-02
394           	-3.697818e-03	9.732504e-01	2.180900e-02	7.206683e-03	1.460232e-02
395           	-3.655083e-03	9.720638e-01	2.796461e-02	1.032722e-02	1.763739e-02
396           	-3.605551e-03	9.696512e-01	3.475298e-02	1.377094e-02	2.098204e-02
397           	-3.554604e-03	9.663328e-01	4.190499e-02	1.739789e-02	2.450710e-02
398           	-3.505325e-03	9.624275e-01	4.900628e-02	2.099782e-02	2.800847e-02
399           	-3.459200e-03	9.582940e-01	5.557929e-02	2.433044e-02	3.124884e-02
400           	-3.415858e-03	9.540688e-01	6.117913e-02	2.717371e-02	3.400542e-02
401           	-3.374969e-03	9.499380e-01	6.552715e-02	2.938861e-02	3.613854e-02
402           	-3.335299e-03	9.458285e-01	6.826932e-02	3.079936e-02	3.746996e-02
403           	-3.296363e-03	9.417262e-01	6.912077e-02	3.126402e-02	3.785675e-02
404           	-3.258798e-03	9.377374e-01	6.781053e-02	3.064647e-02	3.716407e-02
405           	-3.223879e-03	9.340773e-01	6.400533e-02	2.877879e-02	3.522655e-02
406           	-3.193549e-03	9.310399e-01	5.747436e-02	2.554363e-02	3.193073e-02
407           	-3.169793e-03	9.288738e-01	4.835164e-02	2.100603e-02	2.734561e-02
408           	-3.155019e-03	9.276009e-01	3.700524e-02	1.534760e-02	2.165764e-02
409           	-3.149343e-03	9.271088e-01	2.487597e-02	9.288642e-03	1.558733e-02
410           	-3.151031e-03	9.272402e-01	1.348128e-02	3.589610e-03	9.891672e-03
411           	-3.161525e-03	9.279046e-01	3.142131e-03	-1.590460e-03	4.732591e-03
412           	-3.180728e-03	9.290838e-01	-5.893195e-03	-6.127326e-03	2.341308e-04
413           	-3.208008e-03	9.307423e-01	-1.343022e-02	-9.923117e-03	-3.507102e-03
414           	-3.242449e-03	9.329638e-01	-1.941721e-02	-1.295105e-02	-6.466155e-03
415           	-3.284015e-03	9.356391e-01	-2.358288e-02	-1.507546e-02	-8.507425e-03
416           	-3.332367e-03	9.387683e-01	-2.599079e-02	-1.632776e-02	-9.663029e-03
417           	-3.385951e-03	9.422079e-01	-2.673865e-02	-1.675528e-02	-9.983376e-03
418           	-3.442391e-03	9.457727e-01	-2.600739e-02	-1.644609e-02	-9.561306e-03
419           	-3.499073e-03	9.493122e-01	-2.404054e-02	-1.551935e-02	-8.521199e-03
420           	-3.553927e-03	9.527834e-01	-2.100557e-02	-1.405671e-02	-6.948860e-03
421           	-3.605339e-03	9.562981e-01	-1.722458e-02	-1.221763e-02	-5.006952e-03
422           	-3.650221e-03	9.598414e-01	-1.296409e-02	-1.013226e-02	-2.831822e-03
423           	-3.684888e-03	9.632529e-01	-8.428592e-03	-7.899184e-03	-5.294078e-04
424           	-3.706424e-03	9.663623e-01	-3.757093e-03	-5.584970e-03	1.827877e-03
425           	-3.713190e-03	9.689718e-01	1.047643e-03	-3.189368e-03	4.237012e-03
426           	-3.705169e-03	9.708790e-01	6.049326e-03	-6.805059e-04	6.729832e-03
427           	-3.685960e-03	9.718497e-01	1.112399e-02	1.876034e-03	9.247955e-03
428           	-3.656620e-03	9.717756e-01	1.661370e-02	4.650232e-03	1.196347e-02
429           	-3.618268e-03	9.705369e-01	2.268757e-02	7.725515e-03	1.496205e-02
430           	-3.575749e-03	9.683478e-01	2.921097e-02	1.102974e-02	1.818124e-02
431           	-3.532327e-03	9.654238e-01	3.590267e-02	1.441901e-02	2.148366e-02
432           	-3.489683e-03	9.620361e-01	4.238347e-02	1.770205e-02	2.468142e-02
433           	-3.448407e-03	9.584372e-01	4.823255e-02	2.066787e-02	2.756468e-02
434           	-3.408149e-03	9.547087e-01	5.310163e-02	2.314267e-02	2.995897e-02
435           	-3.368980e-03	9.509733e-01	5.678431e-02	2.502317e-02	3.176113e-02
436           	-3.330316e-03	9.471741e-01	5.898862e-02	2.616399e-02	3.282462e-02
437           	-3.292404e-03	9.433301e-01	5.949657e-02	2.645588e-02	3.304069e-02
438           	-3.256192e-03	9.395632e-01	5.810912e-02	2.579837e-02	3.231075e-02
439           	-3.223083e-03	9.360786e-01	5.465462e-02	2.410423e-02	3.055039e-02
440           	-3.194835e-03	9.331210e-01	4.904721e-02	2.132877e-02	2.771844e-02
441           	-3.173238e-03	9.309217e-01	4.145969e-02	1.755661e-02	2.390308e-02
442           	-3.160219e-03	9.294846e-01	3.205554e-02	1.286755e-02	1.918799e-02
443           	-3.156011e-03	9.288404e-01	2.187867e-02	7.783324e-03	1.409535e-02
444           	-3.159301e-03	9.289282e-01	1.205505e-02	2.868225e-03	9.186827e-03
445           	-3.170271e-03	9.296183e-01	2.965221e-03	-1.687661e-03	4.652882e-03
446           	-3.188919e-03	9.308330e-01	-5.156653e-03	-5.767245e-03	6.105924e-04
447           	-3.214826e-03	9.325360e-01	-1.215321e-02	-9.291430e-03	-2.861778e-03
448           	-3.247799e-03	9.348062e-01	-1.791054e-02	-1.220307e-02	-5.707471e-03
449           	-3.285782e-03	9.373957e-01	-2.236441e-02	-1.446799e-02	-7.896425e-03
450           	-3.328854e-03	9.402610e-01	-2.537674e-02	-1.601722e-02	-9.359517e-03
451           	-3.375734e-03	9.432842e-01	-2.691004e-02	-1.683075e-02	-1.007929e-02
452           	-3.424600e-03	9.463325e-01	-2.700545e-02	-1.692733e-02	-1.007813e-02
453           	-3.473402e-03	9.492852e-01	-2.575125e-02	-1.634902e-02	-9.402221e-03
454           	-3.520019e-03	9.520738e-01	-2.330239e-02	-1.517121e-02	-8.131177e-03
455           	-3.564497e-03	9.549308e-01	-1.968757e-02	-1.340828e-02	-6.279289e-03
456           	-3.603356e-03	9.577878e-01	-1.528174e-02	-1.124423e-02	-4.037514e-03
457           	-3.633226e-03	9.605253e-01	-1.040807e-02	-8.837259e-03	-1.570808e-03
458           	-3.652094e-03	9.630604e-01	-5.308588e-03	-6.306388e-03	9.978007e-04
459           	-3.659186e-03	9.652841e-01	-1.104013e-04	-3.714387e-03	3.603986e-03
460           	-3.655041e-03	9.670510e-01	5.147503e-03	-1.081289e-03	6.228792e-03
461           	-3.641222e-03	9.682189e-01	1.050279e-02	1.610174e-03	8.892618e-03
462           	-3.621844e-03	9.686401e-01	1.579131e-02	4.273811e-03	1.151750e-02
463           	-3.596236e-03	9.682238e-01	2.129809e-02	7.052809e-03	1.424528e-02
464           	-3.566308e-03	9.669876e-01	2.696798e-02	9.917683e-03	1.705030e-02
465           	-3.533589e-03	9.650335e-01	3.267243e-02	1.280262e-02	1.986980e-02
466           	-3.499088e-03	9.626029e-01	3.814351e-02	1.557267e-02	2.257084e-02
467           	-3.463092e-03	9.597772e-01	4.313417e-02	1.810399e-02	2.503018e-02
468           	-3.426008e-03	9.567056e-01	4.738633e-02	2.026716e-02	2.711917e-02
469           	-3.388704e-03	9.534989e-01	5.076858e-02	2.199559e-02	2.877300e-02
470           	-3.351117e-03	9.501254e-01	5.306094e-02	2.317936e-02	2.988159e-02
471           	-3.314072e-03	9.466290e-01	5.409304e-02	2.373245e-02	3.036059e-02
472           	-3.278695e-03	9.431020e-01	5.375838e-02	2.360049e-02	3.015788e-02
473           	-3.246187e-03	9.396956e-01	5.193446e-02	2.272104e-02	2.921342e-02
474           	-3.217766e-03	9.365877e-01	4.854485e-02	2.105466e-02	2.749019e-02
475           	-3.194748e-03	9.339697e-01	4.356992e-02	1.859021e-02	2.497971e-02
476           	-3.178587e-03	9.319194e-01	3.682218e-02	1.523250e-02	2.158968e-02
477           	-3.170092e-03	9.306331e-01	2.882194e-02	1.124088e-02	1.758106e-02
478           	-3.168861e-03	9.301917e-01	2.039080e-02	7.026540e-03	1.336426e-02
479           	-3.175220e-03	9.304846e-01	1.192796e-02	2.788759e-03	9.139200e-03
480           	-3.189060e-03	9.313638e-01	3.805078e-03	-1.286521e-03	5.091599e-03
481           	-3.209470e-03	9.326928e-01	-3.679957e-03	-5.049448e-03	1.369491e-03
482           	-3.235620e-03	9.344535e-01	-1.029577e-02	-8.383504e-03	-1.912264e-03
483           	-3.266212e-03	9.364780e-01	-1.582607e-02	-1.117925e-02	-4.646824e-03
484           	-3.299776e-03	9.386569e-01	-2.017991e-02	-1.338973e-02	-6.790179e-03
485           	-3.336491e-03	9.409702e-01	-2.315334e-02	-1.491316e-02	-8.240178e-03
486           	-3.375557e-03	9.433368e-01	-2.461883e-02	-1.568497e-02	-8.933857e-03
487           	-3.415653e-03	9.456581e-01	-2.452030e-02	-1.567580e-02	-8.844498e-03
488           	-3.455032e-03	9.478311e-01	-2.289724e-02	-1.490365e-02	-7.993587e-03
489           	-3.491998e-03	9.498711e-01	-1.991532e-02	-1.344966e-02	-6.465664e-03
490           	-3.526447e-03	9.519567e-01	-1.567948e-02	-1.136619e-02	-4.313294e-03
491           	-3.555765e-03	9.540760e-01	-1.065755e-02	-8.884539e-03	-1.773010e-03
492           	-3.577993e-03	9.561641e-01	-5.264743e-03	-6.210364e-03	9.456212e-04
493           	-3.592105e-03	9.581493e-01	1.783469e-04	-3.502931e-03	3.681278e-03
494           	-3.598218e-03	9.599627e-01	5.477228e-03	-8.596044e-04	6.336832e-03
495           	-3.597168e-03	9.614827e-01	1.055172e-02	1.678692e-03	8.873028e-03
496           	-3.590247e-03	9.626331e-01	1.538676e-02	4.103132e-03	1.128363e-02
497           	-3.580027e-03	9.632541e-01	1.983183e-02	6.335888e-03	1.349594e-02
498           	-3.565192e-03	9.633186e-01	2.412516e-02	8.497390e-03	1.562777e-02
499           	-3.545996e-03	9.627697e-01	2.827552e-02	1.059177e-02	1.768376e-02
500           	-3.522645e-03	9.616214e-01	3.224288e-02	1.259880e-02	1.964409e-02
501           	-3.495397e-03	9.599484e-01	3.593301e-02	1.447111e-02	2.146190e-02
502           	-3.464742e-03	9.578526e-01	3.924368e-02	1.615710e-02	2.308658e-02
503           	-3.431435e-03	9.553905e-01	4.205353e-02	1.759533e-02	2.445820e-02
504           	-3.397062e-03	9.527037e-01	4.433829e-02	1.877208e-02	2.556621e-02
505           	-3.362104e-03	9.497683e-01	4.597246e-02	1.962413e-02	2.634834e-02
506           	-3.327797e-03	9.466501e-01	4.686298e-02	2.010369e-02	2.675929e-02
507           	-3.295490e-03	9.434585e-01	4.691533e-02	2.016218e-02	2.675316e-02
508           	-3.266223e-03	9.403225e-01	4.603428e-02	1.975092e-02	2.628336e-02
509           	-3.240866e-03	9.373777e-01	4.409828e-02	1.880827e-02	2.529000e-02
510           	-3.219996e-03	9.346594e-01	4.076064e-02	1.716032e-02	2.360032e-02
511           	-3.204531e-03	9.324224e-01	3.606896e-02	1.482995e-02	2.123901e-02
512           	-3.194867e-03	9.309332e-01	3.032764e-02	1.196895e-02	1.835869e-02
513           	-3.192519e-03	9.302742e-01	2.348271e-02	8.548837e-03	1.493388e-02
514           	-3.197436e-03	9.303751e-01	1.594039e-02	4.772761e-03	1.116763e-02
515           	-3.208696e-03	9.310433e-01	8.197797e-03	8.902026e-04	7.307595e-03
516           	-3.224993e-03	9.320734e-01	7.525112e-04	-2.848738e-03	3.601249e-03
517           	-3.245128e-03	9.333150e-01	-5.982181e-03	-6.236218e-03	2.540373e-04
518           	-3.268526e-03	9.347455e-01	-1.170276e-02	-9.119905e-03	-2.582854e-03
519           	-3.293916e-03	9.362229e-01	-1.621623e-02	-1.140203e-02	-4.814200e-03
520           	-3.321391e-03	9.377682e-01	-1.929502e-02	-1.296890e-02	-6.326117e-03
521           	-3.350331e-03	9.393531e-01	-2.077613e-02	-1.373840e-02	-7.037732e-03
522           	-3.379715e-03	9.409202e-01	-2.056100e-02	-1.366021e-02	-6.900784e-03
523           	-3.408183e-03	9.424047e-01	-1.866607e-02	-1.274122e-02	-5.924850e-03
524           	-3.434414e-03	9.437949e-01	-1.527635e-02	-1.107259e-02	-4.203759e-03
525           	-3.458470e-03	9.452369e-01	-1.059393e-02	-8.755433e-03	-1.838493e-03
526           	-3.479011e-03	9.467311e-01	-5.185972e-03	-6.071997e-03	8.860248e-04
527           	-3.495243e-03	9.482405e-01	4.065072e-04	-3.291989e-03	3.698497e-03
528           	-3.507005e-03	9.497395e-01	5.793400e-03	-6.103044e-04	6.403705e-03
529           	-3.514751e-03	9.511962e-01	1.073736e-02	1.853931e-03	8.883433e-03
530           	-3.519259e-03	9.525776e-01	1.514201e-02	4.051747e-03	1.109027e-02
531           	-3.521699e-03	9.537485e-01	1.883156e-02	5.894083e-03	1.293748e-02
532           	-3.521727e-03	9.546735e-01	2.196647e-02	7.461506e-03	1.450496e-02
533           	-3.518152e-03	9.553041e-01	2.465221e-02	8.807952e-03	1.584426e-02
534           	-3.510668e-03	9.555598e-01	2.693538e-02	9.957021e-03	1.697836e-02
535           	-3.498781e-03	9.553783e-01	2.888244e-02	1.094244e-02	1.794000e-02
536           	-3.482329e-03	9.547211e-01	3.055950e-02	1.179742e-02	1.876208e-02
537           	-3.462188e-03	9.536509e-01	3.203992e-02	1.255777e-02	1.948215e-02
538           	-3.438311e-03	9.521276e-01	3.339321e-02	1.325829e-02	2.013491e-02
539           	-3.411853e-03	9.501842e-01	3.469175e-02	1.393402e-02	2.075773e-02
540           	-3.384425e-03	9.478632e-01	3.596634e-02	1.459875e-02	2.136760e-02
541           	-3.357769e-03	9.452781e-01	3.718164e-02	1.523305e-02	2.194859e-02
542           	-3.333318e-03	9.425577e-01	3.821409e-02	1.577373e-02	2.244037e-02
543           	-3.312003e-03	9.398273e-01	3.887158e-02	1.612379e-02	2.274779e-02
544           	-3.294331e-03	9.372036e-01	3.893940e-02	1.617537e-02	2.276403e-02
545           	-3.280611e-03	9.347868e-01	3.820135e-02	1.582006e-02	2.238128e-02
546           	-3.271396e-03	9.327054e-01	3.638222e-02	1.491971e-02	2.146250e-02
547           	-3.266652e-03	9.310834e-01	3.335970e-02	1.341320e-02	1.994650e-02
548           	-3.266482e-03	9.300564e-01	2.899669e-02	1.123186e-02	1.776483e-02
549           	-3.270786e-03	9.297153e-01	2.337642e-02	8.417425e-03	1.495900e-02
550           	-3.278850e-03	9.299949e-01	1.693726e-02	5.189781e-03	1.174748e-02
551           	-3.289638e-03	9.306979e-01	1.033964e-02	1.880180e-03	8.459456e-03
552           	-3.302304e-03	9.316273e-01	4.213743e-03	-1.195432e-03	5.409175e-03
553           	-3.316169e-03	9.326647e-01	-9.698261e-04	-3.801082e-03	2.831256e-03
554           	-3.330441e-03	9.337437e-01	-4.945264e-03	-5.803073e-03	8.578094e-04
555           	-3.344848e-03	9.349051e-01	-7.589207e-03	-7.139452e-03	-4.497556e-04
556           	-3.357899e-03	9.360554e-01	-8.882688e-03	-7.799243e-03	-1.083444e-03
557           	-3.370353e-03	9.373082e-01	-8.738938e-03	-7.739822e-03	-9.991166e-04
558           	-3.381730e-03	9.385936e-01	-7.043414e-03	-6.903437e-03	-1.399776e-04
559           	-3.391699e-03	9.397836e-01	-3.804207e-03	-5.293803e-03	1.489595e-03
560           	-3.400263e-03	9.407723e-01	6.068131e-04	-3.096856e-03	3.703669e-03
561           	-3.408194e-03	9.416809e-01	5.665899e-03	-5.752451e-04	6.241144e-03
562           	-3.415872e-03	9.425630e-01	1.060665e-02	1.887455e-03	8.719199e-03
563           	-3.423144e-03	9.434521e-01	1.499962e-02	4.076664e-03	1.092295e-02
564           	-3.429301e-03	9.442511e-01	1.848117e-02	5.811287e-03	1.266989e-02
565           	-3.434172e-03	9.449923e-01	2.121037e-02	7.171012e-03	1.403936e-02
566           	-3.437310e-03	9.456414e-01	2.332881e-02	8.227093e-03	1.510171e-02
567           	-3.438165e-03	9.461188e-01	2.487453e-02	8.999102e-03	1.587543e-02
568           	-3.436213e-03	9.463808e-01	2.584643e-02	9.487004e-03	1.635943e-02
569           	-3.431917e-03	9.463927e-01	2.623985e-02	9.688007e-03	1.655184e-02
570           	-3.423814e-03	9.460346e-01	2.627440e-02	9.713386e-03	1.656101e-02
571           	-3.412913e-03	9.453438e-01	2.616641e-02	9.670290e-03	1.649612e-02
572           	-3.400090e-03	9.443351e-01	2.612227e-02	9.661045e-03	1.646122e-02
573           	-3.386587e-03	9.430691e-01	2.629622e-02	9.761525e-03	1.653470e-02
574           	-3.373544e-03	9.416047e-01	2.676137e-02	1.000714e-02	1.675423e-02
575           	-3.361982e-03	9.400394e-01	2.748668e-02	1.038136e-02	1.710532e-02
576           	-3.352512e-03	9.384622e-01	2.833716e-02	1.081607e-02	1.752109e-02
577           	-3.345386e-03	9.369625e-01	2.907861e-02	1.119392e-02	1.788469e-02
578           	-3.340535e-03	9.356289e-01	2.954302e-02	1.143098e-02	1.811205e-02
579           	-3.337618e-03	9.344997e-01	2.957648e-02	1.145062e-02	1.812586e-02
580           	-3.336335e-03	9.335998e-01	2.905125e-02	1.118929e-02	1.786196e-02
581           	-3.336496e-03	9.329703e-01	2.785467e-02	1.059084e-02	1.726383e-02
582           	-3.337878e-03	9.326637e-01	2.592722e-02	9.625732e-03	1.630149e-02
583           	-3.340161e-03	9.326893e-01	2.333937e-02	8.329526e-03	1.500985e-02
584           	-3.342684e-03	9.329794e-01	2.038861e-02	6.851623e-03	1.353699e-02
585           	-3.345252e-03	9.334391e-01	1.741480e-02	5.362149e-03	1.205265e-02
586           	-3.347774e-03	9.339775e-01	1.473271e-02	4.018583e-03	1.071413e-02
587           	-3.350203e-03	9.345398e-01	1.254193e-02	2.920764e-03	9.621169e-03
588           	-3.352468e-03	9.350873e-01	1.090734e-02	2.101203e-03	8.806140e-03
589           	-3.354411e-03	9.355964e-01	9.820455e-03	1.555817e-03	8.264638e-03
590           	-3.356069e-03	9.361263e-01	9.236446e-03	1.262154e-03	7.974291e-03
591           	-3.357576e-03	9.366843e-01	9.236889e-03	1.260869e-03	7.976020e-03
592           	-3.359397e-03	9.372540e-01	1.002058e-02	1.650894e-03	8.369689e-03
593           	-3.362023e-03	9.377291e-01	1.148069e-02	2.378320e-03	9.102367e-03
594           	-3.365372e-03	9.381212e-01	1.328397e-02	3.276612e-03	1.000736e-02
595           	-3.368770e-03	9.384437e-01	1.500286e-02	4.132659e-03	1.087020e-02
596           	-3.371750e-03	9.387242e-01	1.643353e-02	4.845014e-03	1.158851e-02
597           	-3.374133e-03	9.389847e-01	1.753394e-02	5.392835e-03	1.214110e-02
598           	-3.375825e-03	9.392191e-01	1.833937e-02	5.793860e-03	1.254551e-02
599           	-3.376759e-03	9.394234e-01	1.889044e-02	6.068464e-03	1.282198e-02
600           	-3.376718e-03	9.395600e-01	1.921165e-02	6.229105e-03	1.298254e-02
601           	-3.375478e-03	9.395874e-01	1.931218e-02	6.280613e-03	1.303157e-02
602           	-3.373051e-03	9.394800e-01	1.925844e-02	6.256171e-03	1.300227e-02
603           	-3.369489e-03	9.392036e-01	1.915753e-02	6.209274e-03	1.294825e-02
604           	-3.365540e-03	9.388377e-01	1.909449e-02	6.181705e-03	1.291279e-02
605           	-3.361674e-03	9.384303e-01	1.912570e-02	6.201175e-03	1.292452e-02
606           	-3.358005e-03	9.379948e-01	1.926790e-02	6.275944e-03	1.299195e-02
607           	-3.354568e-03	9.375398e-01	1.951380e-02	6.402330e-03	1.311147e-02
608           	-3.351417e-03	9.370716e-01	1.983787e-02	6.567515e-03	1.327035e-02
609           	-3.348676e-03	9.366118e-01	2.019118e-02	6.746913e-03	1.344426e-02
610           	-3.346463e-03	9.361910e-01	2.050742e-02	6.907246e-03	1.360017e-02
611           	-3.344804e-03	9.358314e-01	2.071644e-02	7.013418e-03	1.370303e-02
612           	-3.343651e-03	9.355478e-01	2.075714e-02	7.034917e-03	1.372222e-02
613           	-3.342893e-03	9.353409e-01	2.058378e-02	6.948999e-03	1.363479e-02
614           	-3.342362e-03	9.352180e-01	2.017631e-02	6.745791e-03	1.343052e-02
615           	-3.341847e-03	9.351693e-01	1.955145e-02	6.433877e-03	1.311757e-02
616           	-3.341257e-03	9.351791e-01	1.876742e-02	6.042454e-03	1.272497e-02
617           	-3.340568e-03	9.352267e-01	1.790946e-02	5.614160e-03	1.229530e-02
618           	-3.339804e-03	9.352876e-01	1.705565e-02	5.188020e-03	1.186763e-02
619           	-3.339075e-03	9.353600e-01	1.626615e-02	4.794002e-03	1.147215e-02
620           	-3.338444e-03	9.354426e-01	1.556977e-02	4.446441e-03	1.112333e-02
621           	-3.337926e-03	9.355217e-01	1.499039e-02	4.157271e-03	1.083312e-02
622           	-3.337527e-03	9.356194e-01	1.451272e-02	3.918835e-03	1.059389e-02
623           	-3.337242e-03	9.357568e-01	1.412876e-02	3.727139e-03	1.040162e-02
624           	-3.337059e-03	9.359176e-01	1.389891e-02	3.612396e-03	1.028651e-02
625           	-3.336968e-03	9.360695e-01	1.386823e-02	3.597149e-03	1.027108e-02
626           	-3.336933e-03	9.361994e-01	1.399796e-02	3.662047e-03	1.033591e-02
627           	-3.336988e-03	9.363218e-01	1.420841e-02	3.767217e-03	1.044119e-02
628           	-3.336965e-03	9.364289e-01	1.443476e-02	3.880415e-03	1.055434e-02
629           	-3.336751e-03	9.365139e-01	1.464695e-02	3.986726e-03	1.066023e-02
630           	-3.336277e-03	9.365717e-01	1.482948e-02	4.078461e-03	1.075101e-02
631           	-3.335467e-03	9.365949e-01	1.496984e-02	4.149455e-03	1.082039e-02
632           	-3.334356e-03	9.365836e-01	1.506907e-02	4.200177e-03	1.086889e-02
633           	-3.332973e-03	9.365410e-01	1.512807e-02	4.231060e-03	1.089701e-02
634           	-3.331360e-03	9.364702e-01	1.515045e-02	4.243863e-03	1.090658e-02
635           	-3.329585e-03	9.363773e-01	1.514214e-02	4.241484e-03	1.090065e-02
636           	-3.327737e-03	9.362721e-01	1.511201e-02	4.228266e-03	1.088374e-02
637           	-3.325863e-03	9.361570e-01	1.506163e-02	4.204949e-03	1.085668e-02
638           	-3.323980e-03	9.360339e-01	1.499280e-02	4.172418e-03	1.082038e-02
639           	-3.322097e-03	9.359041e-01	1.490529e-02	4.130547e-03	1.077474e-02
640           	-3.320204e-03	9.357677e-01	1.479567e-02	4.077630e-03	1.071804e-02
641           	-3.318321e-03	9.356278e-01	1.466422e-02	4.013787e-03	1.065043e-02
642           	-3.316505e-03	9.354939e-01	1.450866e-02	3.937827e-03	1.057084e-02
643           	-3.314784e-03	9.353700e-01	1.432531e-02	3.847873e-03	1.047744e-02
644           	-3.313156e-03	9.352591e-01	1.410266e-02	3.738172e-03	1.036448e-02
645           	-3.311644e-03	9.351651e-01	1.384766e-02	3.612188e-03	1.023548e-02
646           	-3.310259e-03	9.350913e-01	1.356348e-02	3.471480e-03	1.009200e-02
647           	-3.309011e-03	9.350416e-01	1.325829e-02	3.320133e-03	9.938156e-03
648           	-3.307884e-03	9.350135e-01	1.294232e-02	3.163277e-03	9.779044e-03
649           	-3.306851e-03	9.350024e-01	1.262622e-02	3.006258e-03	9.619960e-03
650           	-3.305891e-03	9.350042e-01	1.231968e-02	2.853949e-03	9.465731e-03
651           	-3.304981e-03	9.350145e-01	1.203024e-02	2.710139e-03	9.320101e-03
652           	-3.304102e-03	9.350301e-01	1.176287e-02	2.577333e-03	9.185538e-03
653           	-3.303232e-03	9.350479e-01	1.152030e-02	2.456918e-03	9.063383e-03
654           	-3.302349e-03	9.350656e-01	1.130449e-02	2.349895e-03	8.954594e-03
655           	-3.301433e-03	9.350802e-01	1.111760e-02	2.257370e-03	8.860235e-03
656           	-3.300471e-03	9.350890e-01	1.096193e-02	2.180492e-03	8.781434e-03
657           	-3.299471e-03	9.350894e-01	1.083714e-02	2.119100e-03	8.718042e-03
658           	-3.298452e-03	9.350833e-01	1.073813e-02	2.070614e-03	8.667519e-03
659           	-3.297430e-03	9.350669e-01	1.065792e-02	2.031529e-03	8.626389e-03
660           	-3.296418e-03	9.350423e-01	1.058514e-02	1.996153e-03	8.588990e-03
661           	-3.295420e-03	9.350118e-01	1.050925e-02	1.959206e-03	8.550045e-03
662           	-3.294422e-03	9.349754e-01	1.042255e-02	1.916853e-03	8.505696e-03
663           	-3.293409e-03	9.349343e-01	1.031933e-02	1.866254e-03	8.453071e-03
664           	-3.292366e-03	9.348885e-01	1.019633e-02	1.805799e-03	8.390532e-03
665           	-3.291278e-03	9.348364e-01	1.005236e-02	1.734900e-03	8.317456e-03
666           	-3.290135e-03	9.347769e-01	9.887378e-03	1.653554e-03	8.233824e-03
667           	-3.288939e-03	9.347099e-01	9.702204e-03	1.562163e-03	8.140041e-03
668           	-3.287699e-03	9.346359e-01	9.498442e-03	1.461522e-03	8.036921e-03
669           	-3.286434e-03	9.345565e-01	9.278302e-03	1.352717e-03	7.925585e-03
670           	-3.285156e-03	9.344723e-01	9.044417e-03	1.237053e-03	7.807365e-03
671           	-3.283903e-03	9.343885e-01	8.800106e-03	1.116150e-03	7.683956e-03
672           	-3.282687e-03	9.343068e-01	8.547329e-03	9.909775e-04	7.556351e-03
673           	-3.281520e-03	9.342289e-01	8.287913e-03	8.624364e-04	7.425476e-03
674           	-3.280408e-03	9.341558e-01	8.023798e-03	7.314911e-04	7.292307e-03
675           	-3.279354e-03	9.340886e-01	7.756935e-03	5.991135e-04	7.157821e-03
676           	-3.278359e-03	9.340278e-01	7.489377e-03	4.663290e-04	7.023048e-03
677           	-3.277498e-03	9.339767e-01	7.241919e-03	3.434616e-04	6.898458e-03
678           	-3.276584e-03	9.339244e-01	6.970655e-03	2.087435e-04	6.761911e-03
679           	-3.275727e-03	9.338802e-01	6.719696e-03	8.412134e-05	6.635575e-03
680           	-3.274944e-03	9.338428e-01	6.473220e-03	-3.833396e-05	6.511554e-03
681           	-3.274215e-03	9.338104e-01	6.229899e-03	-1.592655e-04	6.389165e-03
682           	-3.273516e-03	9.337822e-01	5.988755e-03	-2.791389e-04	6.267894e-03
683           	-3.272830e-03	9.337559e-01	5.749265e-03	-3.981968e-04	6.147462e-03
684           	-3.272146e-03	9.337307e-01	5.512215e-03	-5.160388e-04	6.028253e-03
685           	-3.271465e-03	9.337058e-01	5.279207e-03	-6.318611e-04	5.911068e-03
686           	-3.270783e-03	9.336806e-01	5.051482e-03	-7.450415e-04	5.796524e-03
687           	-3.270101e-03	9.336547e-01	4.830429e-03	-8.548866e-04	5.685316e-03
688           	-3.269421e-03	9.336276e-01	4.616020e-03	-9.614113e-04	5.577431e-03
689           	-3.268744e-03	9.335994e-01	4.407360e-03	-1.065064e-03	5.472424e-03
690           	-3.268071e-03	9.335702e-01	4.203055e-03	-1.166544e-03	5.369599e-03
691           	-3.267405e-03	9.335403e-01	4.001464e-03	-1.266673e-03	5.268137e-03
692           	-3.266747e-03	9.335099e-01	3.800840e-03	-1.366327e-03	5.167167e-03
693           	-3.266095e-03	9.334793e-01	3.599505e-03	-1.466342e-03	5.065847e-03
694           	-3.265446e-03	9.334485e-01	3.395980e-03	-1.567456e-03	4.963436e-03
695           	-3.264798e-03	9.334177e-01	3.189273e-03	-1.670161e-03	4.859434e-03
696           	-3.264147e-03	9.333869e-01	2.978927e-03	-1.774684e-03	4.753611e-03
697           	-3.263491e-03	9.333562e-01	2.765049e-03	-1.880967e-03	4.646016e-03
698           	-3.262830e-03	9.333256e-01	2.548150e-03	-1.988755e-03	4.536905e-03
699           	-3.262163e-03	9.332952e-01	2.329184e-03	-2.097571e-03	4.426755e-03
700           	-3.261493e-03	9.332652e-01	2.109243e-03	-2.206872e-03	4.316115e-03
701           	-3.260813e-03	9.332347e-01	1.890781e-03	-2.315422e-03	4.206203e-03
702           	-3.260136e-03	9.332053e-01	1.673038e-03	-2.423617e-03	4.096655e-03
703           	-3.259479e-03	9.331789e-01	1.455431e-03	-2.531763e-03	3.987195e-03
704           	-3.258819e-03	9.331533e-01	1.241621e-03	-2.638008e-03	3.879629e-03
705           	-3.258176e-03	9.331303e-01	1.029931e-03	-2.743211e-03	3.773142e-03
706           	-3.257543e-03	9.331090e-01	8.219883e-04	-2.846549e-03	3.668537e-03
707           	-3.256917e-03	9.330890e-01	6.183606e-04	-2.947737e-03	3.566098e-03
708           	-3.256291e-03	9.330692e-01	4.201765e-04	-3.046202e-03	3.466379e-03
709           	-3.255686e-03	9.330521e-01	2.246885e-04	-3.143342e-03	3.368030e-03
710           	-3.255094e-03	9.330376e-01	3.306901e-05	-3.238559e-03	3.271628e-03
711           	-3.254509e-03	9.330249e-01	-1.543928e-04	-3.331706e-03	3.177313e-03
712           	-3.253931e-03	9.330137e-01	-3.376656e-04	-3.422763e-03	3.085098e-03
713           	-3.253357e-03	9.330037e-01	-5.168674e-04	-3.511791e-03	2.994923e-03
714           	-3.252788e-03	9.329948e-01	-6.922909e-04	-3.598933e-03	2.906642e-03
715           	-3.252222e-03	9.329866e-01	-8.640150e-04	-3.684230e-03	2.820215e-03
716           	-3.251660e-03	9.329792e-01	-1.032259e-03	-3.767789e-03	2.735530e-03
717           	-3.251098e-03	9.329721e-01	-1.197073e-03	-3.849635e-03	2.652562e-03
718           	-3.250537e-03	9.329652e-01	-1.358635e-03	-3.929855e-03	2.571220e-03
719           	-3.249977e-03	9.329583e-01	-1.516950e-03	-4.008452e-03	2.491502e-03
720           	-3.249417e-03	9.329515e-01	-1.672098e-03	-4.085465e-03	2.413368e-03
721           	-3.248857e-03	9.329445e-01	-1.824124e-03	-4.160919e-03	2.336795e-03
722           	-3.248299e-03	9.329375e-01	-1.973214e-03	-4.234906e-03	2.261692e-03
723           	-3.247742e-03	9.329304e-01	-2.119442e-03	-4.307463e-03	2.188022e-03
724           	-3.247185e-03	9.329224e-01	-2.258711e-03	-4.376540e-03	2.117829e-03
725           	-3.246635e-03	9.329143e-01	-2.392973e-03	-4.443122e-03	2.050148e-03
726           	-3.246098e-03	9.329068e-01	-2.524208e-03	-4.508202e-03	1.983994e-03
727           	-3.245570e-03	9.329000e-01	-2.653536e-03	-4.572338e-03	1.918802e-03
728           	-3.245046e-03	9.328937e-01	-2.781407e-03	-4.635750e-03	1.854343e-03
729           	-3.244523e-03	9.328878e-01	-2.907656e-03	-4.698351e-03	1.790695e-03
730           	-3.243998e-03	9.328819e-01	-3.031991e-03	-4.759994e-03	1.728003e-03
731           	-3.243471e-03	9.328760e-01	-3.153971e-03	-4.820457e-03	1.666486e-03
732           	-3.242943e-03	9.328699e-01	-3.273298e-03	-4.879592e-03	1.606294e-03
733           	-3.242414e-03	9.328636e-01	-3.389769e-03	-4.937299e-03	1.547530e-03
734           	-3.241886e-03	9.328572e-01	-3.503324e-03	-4.993548e-03	1.490224e-03
735           	-3.241358e-03	9.328507e-01	-3.613841e-03	-5.048279e-03	1.434438e-03
736           	-3.240832e-03	9.328442e-01	-3.721316e-03	-5.101490e-03	1.380174e-03
737           	-3.240307e-03	9.328377e-01	-3.825773e-03	-5.153193e-03	1.327420e-03
738           	-3.239783e-03	9.328311e-01	-3.927309e-03	-5.203438e-03	1.276129e-03
739           	-3.239261e-03	9.328246e-01	-4.025998e-03	-5.252260e-03	1.226262e-03
740           	-3.238744e-03	9.328192e-01	-4.125114e-03	-5.301301e-03	1.176187e-03
741           	-3.238221e-03	9.328137e-01	-4.223203e-03	-5.349822e-03	1.126619e-03
742           	-3.237687e-03	9.328075e-01	-4.319053e-03	-5.397214e-03	1.078161e-03
743           	-3.237148e-03	9.328004e-01	-4.412125e-03	-5.443211e-03	1.031086e-03
744           	-3.236609e-03	9.327927e-01	-4.502464e-03	-5.487840e-03	9.853767e-04
745           	-3.236072e-03	9.327845e-01	-4.590398e-03	-5.531270e-03	9.408728e-04
746           	-3.235539e-03	9.327761e-01	-4.676339e-03	-5.573708e-03	8.973691e-04
747           	-3.235010e-03	9.327675e-01	-4.760599e-03	-5.615309e-03	8.547098e-04
748           	-3.234483e-03	9.327588e-01	-4.843358e-03	-5.656162e-03	8.128040e-04
749           	-3.233958e-03	9.327498e-01	-4.924742e-03	-5.696329e-03	7.715871e-04
750           	-3.233434e-03	9.327405e-01	-5.004778e-03	-5.735823e-03	7.310452e-04
751           	-3.232911e-03	9.327309e-01	-5.083466e-03	-5.774644e-03	6.911778e-04
752           	-3.232389e-03	9.327210e-01	-5.160769e-03	-5.812773e-03	6.520044e-04
753           	-3.231868e-03	9.327107e-01	-5.236662e-03	-5.850198e-03	6.135366e-04
754           	-3.231347e-03	9.327000e-01	-5.311088e-03	-5.886891e-03	5.758034e-04
755           	-3.230828e-03	9.326889e-01	-5.384041e-03	-5.922849e-03	5.388079e-04
756           	-3.230311e-03	9.326776e-01	-5.455487e-03	-5.958055e-03	5.025678e-04
757           	-3.229796e-03	9.326659e-01	-5.525474e-03	-5.992534e-03	4.670593e-04
758           	-3.229284e-03	9.326539e-01	-5.594002e-03	-6.026285e-03	4.322827e-04
759           	-3.228774e-03	9.326416e-01	-5.661157e-03	-6.059352e-03	3.981952e-04
760           	-3.228266e-03	9.326291e-01	-5.726999e-03	-6.091766e-03	3.647668e-04
761           	-3.227762e-03	9.326164e-01	-5.791691e-03	-6.123607e-03	3.319166e-04
762           	-3.227261e-03	9.326034e-01	-5.855335e-03	-6.154928e-03	2.995936e-04
763           	-3.226764e-03	9.325902e-01	-5.918062e-03	-6.185795e-03	2.677323e-04
764           	-3.226269e-03	9.325767e-01	-5.979926e-03	-6.216232e-03	2.363060e-04
765           	-3.225778e-03	9.325631e-01	-6.041102e-03	-6.246329e-03	2.052275e-04
766           	-3.225290e-03	9.325492e-01	-6.101645e-03	-6.276113e-03	1.744678e-04
767           	-3.224806e-03	9.325351e-01	-6.161664e-03	-6.305638e-03	1.439741e-04
768           	-3.224325e-03	9.325208e-01	-6.221191e-03	-6.334921e-03	1.137298e-04
769           	-3.223849e-03	9.325063e-01	-6.280362e-03	-6.364030e-03	8.366787e-05
770           	-3.223377e-03	9.324917e-01	-6.339182e-03	-6.392968e-03	5.378595e-05
771           	-3.222909e-03	9.324770e-01	-6.397728e-03	-6.421773e-03	2.404501e-05
772           	-3.222446e-03	9.324621e-01	-6.455967e-03	-6.450429e-03	-5.537550e-06
773           	-3.221987e-03	9.324471e-01	-6.513970e-03	-6.478973e-03	-3.499785e-05
774           	-3.221534e-03	9.324320e-01	-6.571723e-03	-6.507395e-03	-6.432800e-05
775           	-3.221085e-03	9.324168e-01	-6.629282e-03	-6.535726e-03	-9.355612e-05
776           	-3.220642e-03	9.324015e-01	-6.686615e-03	-6.563949e-03	-1.226658e-04
777           	-3.220204e-03	9.323862e-01	-6.743796e-03	-6.592102e-03	-1.516935e-04
778           	-3.219772e-03	9.323708e-01	-6.800788e-03	-6.620166e-03	-1.806216e-04
779           	-3.219345e-03	9.323554e-01	-6.857597e-03	-6.648144e-03	-2.094533e-04
780           	-3.218924e-03	9.323400e-01	-6.914185e-03	-6.676016e-03	-2.381692e-04
781           	-3.218508e-03	9.323247e-01	-6.970626e-03	-6.703821e-03	-2.668054e-04
782           	-3.218098e-03	9.323094e-01	-7.026896e-03	-6.731546e-03	-2.953501e-04
783           	-3.217695e-03	9.322942e-01	-7.083068e-03	-6.759229e-03	-3.238391e-04
784           	-3.217298e-03	9.322790e-01	-7.139106e-03	-6.786851e-03	-3.522550e-04
785           	-3.216907e-03	9.322639e-01	-7.195077e-03	-6.814445e-03	-3.806319e-04
786           	-3.216521e-03	9.322488e-01	-7.250982e-03	-6.842012e-03	-4.089704e-04
787           	-3.216141e-03	9.322338e-01	-7.306913e-03	-6.869597e-03	-4.373158e-04
788           	-3.215766e-03	9.322189e-01	-7.362820e-03	-6.897176e-03	-4.656441e-04
789           	-3.215397e-03	9.322040e-01	-7.418855e-03	-6.924825e-03	-4.940303e-04
790           	-3.215034e-03	9.321893e-01	-7.474984e-03	-6.952526e-03	-5.224577e-04
791           	-3.214677e-03	9.321747e-01	-7.531339e-03	-6.980347e-03	-5.509921e-04
792           	-3.214325e-03	9.321602e-01	-7.587847e-03	-7.008249e-03	-5.795980e-04
793           	-3.213980e-03	9.321458e-01	-7.644670e-03	-7.036315e-03	-6.083556e-04
794           	-3.213639e-03	9.321316e-01	-7.701709e-03	-7.064494e-03	-6.372157e-04
795           	-3.213304e-03	9.321175e-01	-7.759073e-03	-7.092841e-03	-6.662320e-04
796           	-3.212975e-03	9.321035e-01	-7.816559e-03	-7.121254e-03	-6.953048e-04
797           	-3.212651e-03	9.320898e-01	-7.874302e-03	-7.149802e-03	-7.245000e-04
798           	-3.212332e-03	9.320762e-01	-7.932085e-03	-7.178375e-03	-7.537105e-04
799           	-3.212020e-03	9.320628e-01	-7.990043e-03	-7.207041e-03	-7.830013e-04
800           	-3.211713e-03	9.320497e-01	-8.047910e-03	-7.235668e-03	-8.122423e-04
801           	-3.211413e-03	9.320369e-01	-8.105917e-03	-7.264372e-03	-8.415458e-04
802           	-3.211118e-03	9.320244e-01	-8.163823e-03	-7.293030e-03	-8.707928e-04
803           	-3.210831e-03	9.320122e-01	-8.221832e-03	-7.321747e-03	-9.000846e-04
804           	-3.210549e-03	9.320003e-01	-8.279676e-03	-7.350387e-03	-9.292888e-04
805           	-3.210274e-03	9.319888e-01	-8.337607e-03	-7.379078e-03	-9.585296e-04
806           	-3.210004e-03	9.319775e-01	-8.395390e-03	-7.407699e-03	-9.876915e-04
807           	-3.209739e-03	9.319666e-01	-8.453225e-03	-7.436352e-03	-1.016873e-03
808           	-3.209480e-03	9.319559e-01	-8.510865e-03	-7.464912e-03	-1.045952e-03
809           	-3.209226e-03	9.319456e-01	-8.568509e-03	-7.493481e-03	-1.075028e-03
810           	-3.208977e-03	9.319355e-01	-8.625932e-03	-7.521943e-03	-1.103989e-03
811           	-3.208734e-03	9.319258e-01	-8.683272e-03	-7.550370e-03	-1.132902e-03
812           	-3.208495e-03	9.319164e-01	-8.740299e-03	-7.578644e-03	-1.161655e-03
813           	-3.208262e-03	9.319072e-01	-8.797159e-03	-7.606841e-03	-1.190318e-03
814           	-3.208033e-03	9.318985e-01	-8.853661e-03	-7.634863e-03	-1.218798e-03
815           	-3.207804e-03	9.318894e-01	-8.909537e-03	-7.662572e-03	-1.246964e-03
816           	-3.207584e-03	9.318813e-01	-8.965589e-03	-7.690379e-03	-1.275210e-03
817           	-3.207371e-03	9.318737e-01	-9.021330e-03	-7.718036e-03	-1.303294e-03
818           	-3.207161e-03	9.318665e-01	-9.076495e-03	-7.745409e-03	-1.331086e-03
819           	-3.206956e-03	9.318594e-01	-9.131174e-03	-7.772543e-03	-1.358631e-03
820           	-3.206753e-03	9.318525e-01	-9.185273e-03	-7.799390e-03	-1.385883e-03
821           	-3.206555e-03	9.318459e-01	-9.238941e-03	-7.826026e-03	-1.412915e-03
822           	-3.206360e-03	9.318394e-01	-9.292121e-03	-7.852421e-03	-1.439700e-03
823           	-3.206170e-03	9.318332e-01	-9.344875e-03	-7.878608e-03	-1.466268e-03
824           	-3.205983e-03	9.318273e-01	-9.397103e-03	-7.904534e-03	-1.492568e-03
825           	-3.205800e-03	9.318218e-01	-9.448848e-03	-7.930224e-03	-1.518624e-03
826           	-3.205620e-03	9.318165e-01	-9.500051e-03	-7.955645e-03	-1.544406e-03
827           	-3.205443e-03	9.318114e-01	-9.550699e-03	-7.980793e-03	-1.569906e-03
828           	-3.205269e-03	9.318067e-01	-9.600709e-03	-8.005624e-03	-1.595085e-03
829           	-3.205099e-03	9.318021e-01	-9.650099e-03	-8.030148e-03	-1.619951e-03
830           	-3.204931e-03	9.317978e-01	-9.698853e-03	-8.054357e-03	-1.644496e-03
831           	-3.204766e-03	9.317937e-01	-9.746940e-03	-8.078235e-03	-1.668704e-03
832           	-3.204603e-03	9.317898e-01	-9.794314e-03	-8.101760e-03	-1.692554e-03
833           	-3.204444e-03	9.317862e-01	-9.840972e-03	-8.124930e-03	-1.716043e-03
834           	-3.204286e-03	9.317827e-01	-9.886931e-03	-8.147752e-03	-1.739179e-03
835           	-3.204132e-03	9.317794e-01	-9.932147e-03	-8.170205e-03	-1.761941e-03
836           	-3.203980e-03	9.317764e-01	-9.976613e-03	-8.192286e-03	-1.784326e-03
837           	-3.203830e-03	9.317735e-01	-1.002032e-02	-8.213991e-03	-1.806330e-03
838           	-3.203683e-03	9.317708e-01	-1.006332e-02	-8.235343e-03	-1.827977e-03
839           	-3.203538e-03	9.317683e-01	-1.010556e-02	-8.256316e-03	-1.849240e-03
840           	-3.203395e-03	9.317660e-01	-1.014704e-02	-8.276914e-03	-1.870125e-03
841           	-3.203254e-03	9.317638e-01	-1.018775e-02	-8.297126e-03	-1.890619e-03
842           	-3.203115e-03	9.317618e-01	-1.022773e-02	-8.316978e-03	-1.910749e-03
843           	-3.202977e-03	9.317599e-01	-1.026692e-02	-8.336437e-03	-1.930482e-03
844           	-3.202842e-03	9.317582e-01	-1.030533e-02	-8.355505e-03	-1.949821e-03
845           	-3.202709e-03	9.317566e-01	-1.034292e-02	-8.374170e-03	-1.968753e-03
846           	-3.202577e-03	9.317551e-01	-1.037976e-02	-8.392457e-03	-1.987303e-03
847           	-3.202447e-03	9.317538e-01	-1.041577e-02	-8.410334e-03	-2.005441e-03
848           	-3.202318e-03	9.317525e-01	-1.045099e-02	-8.427815e-03	-2.023178e-03
849           	-3.202191e-03	9.317513e-01	-1.048539e-02	-8.444885e-03	-2.040502e-03
850           	-3.202066e-03	9.317503e-01	-1.051903e-02	-8.461583e-03	-2.057450e-03
851           	-3.201942e-03	9.317493e-01	-1.055187e-02	-8.477879e-03	-2.073995e-03
852           	-3.201820e-03	9.317483e-01	-1.058394e-02	-8.493791e-03	-2.090151e-03
853           	-3.201699e-03	9.317475e-01	-1.061523e-02	-8.509313e-03	-2.105915e-03
854           	-3.201578e-03	9.317464e-01	-1.064475e-02	-8.523953e-03	-2.120797e-03
855           	-3.201461e-03	9.317457e-01	-1.067410e-02	-8.538513e-03	-2.135591e-03
856           	-3.201346e-03	9.317448e-01	-1.070211e-02	-8.552399e-03	-2.149708e-03
857           	-3.201232e-03	9.317441e-01	-1.072911e-02	-8.565789e-03	-2.163325e-03
858           	-3.201122e-03	9.317434e-01	-1.075543e-02	-8.578834e-03	-2.176591e-03
859           	-3.201013e-03	9.317429e-01	-1.078108e-02	-8.591553e-03	-2.189527e-03
860           	-3.200906e-03	9.317425e-01	-1.080611e-02	-8.603961e-03	-2.202150e-03
861           	-3.200799e-03	9.317421e-01	-1.083048e-02	-8.616039e-03	-2.214440e-03
862           	-3.200694e-03	9.317417e-01	-1.085422e-02	-8.627803e-03	-2.226416e-03
863           	-3.200590e-03	9.317416e-01	-1.087810e-02	-8.639642e-03	-2.238463e-03
864           	-3.200485e-03	9.317414e-01	-1.090163e-02	-8.651301e-03	-2.250331e-03
865           	-3.200378e-03	9.317411e-01	-1.092448e-02	-8.662618e-03	-2.261861e-03
866           	-3.200271e-03	9.317406e-01	-1.094661e-02	-8.673578e-03	-2.273036e-03
867           	-3.200163e-03	9.317400e-01	-1.096802e-02	-8.684174e-03	-2.283847e-03
868           	-3.200057e-03	9.317393e-01	-1.098879e-02	-8.694450e-03	-2.294336e-03
869           	-3.199952e-03	9.317386e-01	-1.100897e-02	-8.704438e-03	-2.304533e-03
870           	-3.199849e-03	9.317379e-01	-1.102869e-02	-8.714194e-03	-2.314496e-03
871           	-3.199746e-03	9.317372e-01	-1.104794e-02	-8.723714e-03	-2.324222e-03
872           	-3.199645e-03	9.317365e-01	-1.106675e-02	-8.733019e-03	-2.333729e-03
873           	-3.199544e-03	9.317358e-01	-1.108510e-02	-8.742097e-03	-2.343008e-03
874           	-3.199445e-03	9.317350e-01	-1.110304e-02	-8.750965e-03	-2.352076e-03
875           	-3.199346e-03	9.317343e-01	-1.112049e-02	-8.759591e-03	-2.360899e-03
876           	-3.199248e-03	9.317335e-01	-1.113745e-02	-8.767972e-03	-2.369477e-03
877           	-3.199150e-03	9.317327e-01	-1.115388e-02	-8.776090e-03	-2.377789e-03
878           	-3.199054e-03	9.317319e-01	-1.116981e-02	-8.783959e-03	-2.385851e-03
879           	-3.198959e-03	9.317310e-01	-1.118520e-02	-8.791557e-03	-2.393640e-03
880           	-3.198865e-03	9.317301e-01	-1.120006e-02	-8.798897e-03	-2.401167e-03
881           	-3.198771e-03	9.317291e-01	-1.121441e-02	-8.805976e-03	-2.408434e-03
882           	-3.198679e-03	9.317281e-01	-1.122830e-02	-8.812827e-03	-2.415470e-03
883           	-3.198587e-03	9.317270e-01	-1.124172e-02	-8.819446e-03	-2.422272e-03
884           	-3.198496e-03	9.317259e-01	-1.125473e-02	-8.825859e-03	-2.428866e-03
885           	-3.198406e-03	9.317247e-01	-1.126733e-02	-8.832073e-03	-2.435260e-03
886           	-3.198317e-03	9.317235e-01	-1.127961e-02	-8.838123e-03	-2.441488e-03
887           	-3.198229e-03	9.317222e-01	-1.129154e-02	-8.844001e-03	-2.447543e-03
888           	-3.198142e-03	9.317209e-01	-1.130318e-02	-8.849730e-03	-2.453447e-03
889           	-3.198055e-03	9.317195e-01	-1.131450e-02	-8.855307e-03	-2.459197e-03
890           	-3.197969e-03	9.317181e-01	-1.132558e-02	-8.860760e-03	-2.464821e-03
891           	-3.197884e-03	9.317166e-01	-1.133638e-02	-8.866076e-03	-2.470307e-03
892           	-3.197801e-03	9.317153e-01	-1.134731e-02	-8.871455e-03	-2.475854e-03
893           	-3.197717e-03	9.317136e-01	-1.135773e-02	-8.876583e-03	-2.481149e-03
894           	-3.197634e-03	9.317120e-01	-1.136819e-02	-8.881729e-03	-2.486462e-03
895           	-3.197551e-03	9.317103e-01	-1.137851e-02	-8.886806e-03	-2.491705e-03
896           	-3.197468e-03	9.317086e-01	-1.138865e-02	-8.891793e-03	-2.496857e-03
897           	-3.197386e-03	9.317067e-01	-1.139859e-02	-8.896682e-03	-2.501909e-03
898           	-3.197305e-03	9.317048e-01	-1.140840e-02	-8.901506e-03	-2.506896e-03
899           	-3.197225e-03	9.317028e-01	-1.141807e-02	-8.906259e-03	-2.511809e-03
900           	-3.197146e-03	9.317008e-01	-1.142764e-02	-8.910965e-03	-2.516672e-03
901           	-3.197069e-03	9.316988e-01	-1.143709e-02	-8.915616e-03	-2.521478e-03
902           	-3.196993e-03	9.316967e-01	-1.144648e-02	-8.920231e-03	-2.526245e-03
903           	-3.196917e-03	9.316947e-01	-1.145570e-02	-8.924765e-03	-2.530931e-03
904           	-3.196843e-03	9.316926e-01	-1.146486e-02	-8.929273e-03	-2.535586e-03
905           	-3.196771e-03	9.316905e-01	-1.147386e-02	-8.933702e-03	-2.540161e-03
906           	-3.196699e-03	9.316884e-01	-1.148273e-02	-8.938063e-03	-2.544666e-03
907           	-3.196627e-03	9.316861e-01	-1.149110e-02	-8.942175e-03	-2.548921e-03
908           	-3.196557e-03	9.316840e-01	-1.149958e-02	-8.946348e-03	-2.553233e-03
909           	-3.196489e-03	9.316818e-01	-1.150773e-02	-8.950353e-03	-2.557375e-03
910           	-3.196422e-03	9.316796e-01	-1.151594e-02	-8.954391e-03	-2.561547e-03
911           	-3.196356e-03	9.316774e-01	-1.152387e-02	-8.958292e-03	-2.565580e-03
912           	-3.196291e-03	9.316751e-01	-1.153163e-02	-8.962104e-03	-2.569523e-03
913           	-3.196227e-03	9.316728e-01	-1.153927e-02	-8.965860e-03	-2.573407e-03
914           	-3.196164e-03	9.316705e-01	-1.154687e-02	-8.969601e-03	-2.577273e-03
915           	-3.196102e-03	9.316682e-01	-1.155441e-02	-8.973309e-03	-2.581106e-03
916           	-3.196041e-03	9.316659e-01	-1.156200e-02	-8.977040e-03	-2.584958e-03
917           	-3.195981e-03	9.316636e-01	-1.156957e-02	-8.980765e-03	-2.588802e-03
918           	-3.195922e-03	9.316612e-01	-1.157715e-02	-8.984499e-03	-2.592654e-03
919           	-3.195864e-03	9.316588e-01	-1.158471e-02	-8.988220e-03	-2.596493e-03
920           	-3.195806e-03	9.316564e-01	-1.159235e-02	-8.991983e-03	-2.600370e-03
921           	-3.195750e-03	9.316540e-01	-1.160002e-02	-8.995760e-03	-2.604260e-03
922           	-3.195694e-03	9.316516e-01	-1.160775e-02	-8.999567e-03	-2.608179e-03
923           	-3.195639e-03	9.316492e-01	-1.161550e-02	-9.003391e-03	-2.612113e-03
924           	-3.195585e-03	9.316468e-01	-1.162332e-02	-9.007245e-03	-2.616075e-03
925           	-3.195532e-03	9.316445e-01	-1.163117e-02	-9.011119e-03	-2.620055e-03
926           	-3.195480e-03	9.316421e-01	-1.163910e-02	-9.015030e-03	-2.624070e-03
927           	-3.195429e-03	9.316398e-01	-1.164704e-02	-9.018949e-03	-2.628091e-03
928           	-3.195379e-03	9.316375e-01	-1.165503e-02	-9.022893e-03	-2.632136e-03
929           	-3.195329e-03	9.316352e-01	-1.166304e-02	-9.026851e-03	-2.636192e-03
930           	-3.195281e-03	9.316329e-01	-1.167113e-02	-9.030845e-03	-2.640284e-03
931           	-3.195233e-03	9.316306e-01	-1.167921e-02	-9.034836e-03	-2.644370e-03
932           	-3.195186e-03	9.316283e-01	-1.168729e-02	-9.038832e-03	-2.648460e-03
933           	-3.195140e-03	9.316260e-01	-1.169535e-02	-9.042815e-03	-2.652535e-03
934           	-3.195095e-03	9.316237e-01	-1.170341e-02	-9.046800e-03	-2.656611e-03
935           	-3.195050e-03	9.316215e-01	-1.171143e-02	-9.050763e-03	-2.660663e-03
936           	-3.195007e-03	9.316193e-01	-1.171942e-02	-9.054715e-03	-2.664702e-03
937           	-3.194964e-03	9.316171e-01	-1.172735e-02	-9.058639e-03	-2.668711e-03
938           	-3.194922e-03	9.316150e-01	-1.173527e-02	-9.062558e-03	-2.672714e-03
939           	-3.194880e-03	9.316129e-01	-1.174314e-02	-9.066452e-03	-2.676692e-03
940           	-3.194839e-03	9.316108e-01	-1.175100e-02	-9.070341e-03	-2.680663e-03
941           	-3.194799e-03	9.316087e-01	-1.175883e-02	-9.074215e-03	-2.684617e-03
942           	-3.194759e-03	9.316067e-01	-1.176669e-02	-9.078103e-03	-2.688585e-03
943           	-3.194720e-03	9.316047e-01	-1.177454e-02	-9.081988e-03	-2.692548e-03
944           	-3.194681e-03	9.316028e-01	-1.178242e-02	-9.085889e-03	-2.696526e-03
945           	-3.194643e-03	9.316008e-01	-1.179030e-02	-9.089793e-03	-2.700506e-03
946           	-3.194606e-03	9.315990e-01	-1.179824e-02	-9.093728e-03	-2.704516e-03
947           	-3.194568e-03	9.315971e-01	-1.180614e-02	-9.097637e-03	-2.708501e-03
948           	-3.194531e-03	9.315952e-01	-1.181412e-02	-9.101591e-03	-2.712528e-03
949           	-3.194495e-03	9.315935e-01	-1.182220e-02	-9.105594e-03	-2.716604e-03
950           	-3.194459e-03	9.315918e-01	-1.183023e-02	-9.109576e-03	-2.720657e-03
951           	-3.194423e-03	9.315901e-01	-1.183825e-02	-9.113548e-03	-2.724701e-03
952           	-3.194388e-03	9.315885e-01	-1.184628e-02	-9.117528e-03	-2.728751e-03
953           	-3.194354e-03	9.315870e-01	-1.185426e-02	-9.121486e-03	-2.732779e-03
954           	-3.194320e-03	9.315855e-01	-1.186227e-02	-9.125453e-03	-2.736813e-03
955           	-3.194286e-03	9.315840e-01	-1.187021e-02	-9.129389e-03	-2.740818e-03
956           	-3.194253e-03	9.315827e-01	-1.187811e-02	-9.133306e-03	-2.744801e-03
957           	-3.194220e-03	9.315813e-01	-1.188592e-02	-9.137182e-03	-2.748742e-03
958           	-3.194188e-03	9.315801e-01	-1.189372e-02	-9.141046e-03	-2.752670e-03
959           	-3.194156e-03	9.315789e-01	-1.190142e-02	-9.144865e-03	-2.756553e-03
960           	-3.194125e-03	9.315778e-01	-1.190906e-02	-9.148655e-03	-2.760405e-03
961           	-3.194094e-03	9.315767e-01	-1.191660e-02	-9.152394e-03	-2.764207e-03
962           	-3.194063e-03	9.315757e-01	-1.192410e-02	-9.156113e-03	-2.767987e-03
963           	-3.194033e-03	9.315747e-01	-1.193149e-02	-9.159779e-03	-2.771712e-03
964           	-3.194004e-03	9.315738e-01	-1.193880e-02	-9.163404e-03	-2.775397e-03
965           	-3.193975e-03	9.315730e-01	-1.194599e-02	-9.166969e-03	-2.779020e-03
966           	-3.193946e-03	9.315722e-01	-1.195311e-02	-9.170503e-03	-2.782611e-03
967           	-3.193918e-03	9.315714e-01	-1.196011e-02	-9.173973e-03	-2.786136e-03
968           	-3.193890e-03	9.315707e-01	-1.196700e-02	-9.177389e-03	-2.789608e-03
969           	-3.193863e-03	9.315700e-01	-1.197374e-02	-9.180731e-03	-2.793005e-03
970           	-3.193836e-03	9.315694e-01	-1.198039e-02	-9.184030e-03	-2.796357e-03
971           	-3.193810e-03	9.315687e-01	-1.198688e-02	-9.187251e-03	-2.799631e-03
972           	-3.193784e-03	9.315682e-01	-1.199325e-02	-9.190407e-03	-2.802840e-03
973           	-3.193758e-03	9.315676e-01	-1.199945e-02	-9.193482e-03	-2.805966e-03
974           	-3.193732e-03	9.315670e-01	-1.200554e-02	-9.196505e-03	-2.809040e-03
975           	-3.193707e-03	9.315665e-01	-1.201148e-02	-9.199447e-03	-2.812033e-03
976           	-3.193683e-03	9.315659e-01	-1.201728e-02	-9.202323e-03	-2.814957e-03
977           	-3.193658e-03	9.315654e-01	-1.202292e-02	-9.205118e-03	-2.817801e-03
978           	-3.193634e-03	9.315649e-01	-1.202846e-02	-9.207863e-03	-2.820595e-03
979           	-3.193611e-03	9.315644e-01	-1.203385e-02	-9.210533e-03	-2.823312e-03
980           	-3.193587e-03	9.315640e-01	-1.203911e-02	-9.213141e-03	-2.825966e-03
981           	-3.193565e-03	9.315635e-01	-1.204422e-02	-9.215675e-03	-2.828545e-03
982           	-3.193543e-03	9.315631e-01	-1.204927e-02	-9.218178e-03	-2.831093e-03
983           	-3.193521e-03	9.315627e-01	-1.205411e-02	-9.220576e-03	-2.833535e-03
984           	-3.193499e-03	9.315622e-01	-1.205883e-02	-9.222915e-03	-2.835918e-03
985           	-3.193477e-03	9.315618e-01	-1.206342e-02	-9.225189e-03	-2.838234e-03
986           	-3.193456e-03	9.315614e-01	-1.206796e-02	-9.227435e-03	-2.840522e-03
987           	-3.193436e-03	9.315609e-01	-1.207229e-02	-9.229582e-03	-2.842711e-03
988           	-3.193415e-03	9.315605e-01	-1.207651e-02	-9.231669e-03	-2.844839e-03
989           	-3.193395e-03	9.315601e-01	-1.208062e-02	-9.233704e-03	-2.846913e-03
990           	-3.193376e-03	9.315598e-01	-1.208460e-02	-9.235677e-03	-2.848926e-03
991           	-3.193356e-03	9.315593e-01	-1.208840e-02	-9.237556e-03	-2.850844e-03
992           	-3.193336e-03	9.315589e-01	-1.209209e-02	-9.239381e-03	-2.852708e-03
993           	-3.193318e-03	9.315585e-01	-1.209569e-02	-9.241163e-03	-2.854528e-03
994           	-3.193299e-03	9.315581e-01	-1.209918e-02	-9.242891e-03	-2.856293e-03
995           	-3.193281e-03	9.315577e-01	-1.210253e-02	-9.244546e-03	-2.857984e-03
996           	-3.193263e-03	9.315573e-01	-1.210573e-02	-9.246128e-03	-2.859603e-03
997           	-3.193245e-03	9.315568e-01	-1.210886e-02	-9.247675e-03	-2.861186e-03
998           	-3.193227e-03	9.315564e-01	-1.211191e-02	-9.249181e-03	-2.862727e-03
999           	-3.193210e-03	9.315560e-01	-1.211484e-02	-9.250630e-03	-2.864210e-03
1000          	-3.193193e-03	9.315556e-01	-1.211768e-02	-9.252031e-03	-2.865645e-03
