# Force coefficients
# liftDir     : (0.000000e+00 0.000000e+00 1.000000e+00)
# dragDir     : (0.000000e+00 1.000000e+00 0.000000e+00)
# pitchAxis   : (1.000000e+00 0.000000e+00 0.000000e+00)
# magUInf     : 3.138958e-01
# lRef        : 4.000000e+00
# Aref        : 2.562000e-02
# CofR        : (0.000000e+00 0.000000e+00 0.000000e+00)
# Time        	Cm            	Cd            	Cl            	Cl(f)         	Cl(r)         
1             	-2.838732e-04	6.519129e-02	-7.100847e-03	-3.834297e-03	-3.266551e-03
2             	-2.305395e-03	5.968368e-01	-7.276609e-02	-3.868844e-02	-3.407765e-02
3             	-3.171634e-03	9.579771e-01	-7.605739e-02	-4.120033e-02	-3.485706e-02
4             	-2.919316e-03	1.036210e+00	-4.481615e-02	-2.532739e-02	-1.948876e-02
5             	-2.343948e-03	9.805471e-01	-5.254747e-03	-4.971321e-03	-2.834252e-04
6             	-1.983211e-03	9.077764e-01	1.503627e-02	5.534924e-03	9.501345e-03
7             	-1.678214e-03	8.262672e-01	3.669660e-02	1.667009e-02	2.002652e-02
8             	-1.611799e-03	7.763860e-01	4.257078e-02	1.967359e-02	2.289719e-02
9             	-1.703261e-03	7.609910e-01	4.197994e-02	1.928671e-02	2.269323e-02
10            	-1.841476e-03	7.693658e-01	3.769689e-02	1.700697e-02	2.068992e-02
11            	-1.973567e-03	7.844387e-01	3.294034e-02	1.449660e-02	1.844374e-02
12            	-2.108703e-03	8.039882e-01	2.712941e-02	1.145600e-02	1.567341e-02
13            	-2.253961e-03	8.292020e-01	1.788424e-02	6.688161e-03	1.119608e-02
14            	-2.351796e-03	8.480780e-01	5.560586e-03	4.284972e-04	5.132089e-03
15            	-2.399236e-03	8.551239e-01	-5.065673e-03	-4.932073e-03	-1.336006e-04
16            	-2.458387e-03	8.569620e-01	-1.393597e-02	-9.426372e-03	-4.509598e-03
17            	-2.543348e-03	8.583987e-01	-2.117760e-02	-1.313215e-02	-8.045452e-03
18            	-2.645123e-03	8.602033e-01	-2.652033e-02	-1.590529e-02	-1.061504e-02
19            	-2.750850e-03	8.619501e-01	-2.933549e-02	-1.741860e-02	-1.191690e-02
20            	-2.856388e-03	8.638947e-01	-2.896551e-02	-1.733915e-02	-1.162637e-02
21            	-2.964956e-03	8.667137e-01	-2.485761e-02	-1.539376e-02	-9.463849e-03
22            	-3.075186e-03	8.711006e-01	-1.638598e-02	-1.126818e-02	-5.117806e-03
23            	-3.165322e-03	8.763764e-01	-5.110720e-03	-5.720682e-03	6.099614e-04
24            	-3.218526e-03	8.809386e-01	6.353900e-03	-4.157550e-05	6.395476e-03
25            	-3.240616e-03	8.841428e-01	1.642042e-02	4.969596e-03	1.145083e-02
26            	-3.245897e-03	8.860506e-01	2.476450e-02	9.136353e-03	1.562815e-02
27            	-3.244755e-03	8.871806e-01	3.154218e-02	1.252634e-02	1.901585e-02
28            	-3.243801e-03	8.879997e-01	3.645997e-02	1.498618e-02	2.147379e-02
29            	-3.242833e-03	8.883592e-01	3.966220e-02	1.658827e-02	2.307393e-02
30            	-3.239179e-03	8.876105e-01	4.182597e-02	1.767381e-02	2.415216e-02
31            	-3.236254e-03	8.860419e-01	4.348355e-02	1.850552e-02	2.497803e-02
32            	-3.237583e-03	8.843732e-01	4.475800e-02	1.914142e-02	2.561658e-02
33            	-3.243390e-03	8.830459e-01	4.577721e-02	1.964522e-02	2.613200e-02
34            	-3.253043e-03	8.822832e-01	4.682415e-02	2.015903e-02	2.666512e-02
35            	-3.264336e-03	8.819421e-01	4.811537e-02	2.079335e-02	2.732202e-02
36            	-3.275200e-03	8.817088e-01	4.991830e-02	2.168395e-02	2.823435e-02
37            	-3.284833e-03	8.812622e-01	5.285016e-02	2.314025e-02	2.970992e-02
38            	-3.294761e-03	8.804696e-01	5.720336e-02	2.530692e-02	3.189644e-02
39            	-3.307603e-03	8.793519e-01	6.302039e-02	2.820259e-02	3.481780e-02
40            	-3.325322e-03	8.780909e-01	7.024978e-02	3.179957e-02	3.845021e-02
41            	-3.349918e-03	8.772934e-01	7.843669e-02	3.586842e-02	4.256826e-02
42            	-3.381276e-03	8.774949e-01	8.705898e-02	4.014821e-02	4.691077e-02
43            	-3.418116e-03	8.790253e-01	9.562015e-02	4.439196e-02	5.122819e-02
44            	-3.454562e-03	8.814742e-01	1.036618e-01	4.837633e-02	5.528545e-02
45            	-3.489545e-03	8.849673e-01	1.116758e-01	5.234835e-02	5.932744e-02
46            	-3.521978e-03	8.897608e-01	1.194796e-01	5.621784e-02	6.326179e-02
47            	-3.543060e-03	8.945392e-01	1.261808e-01	5.954736e-02	6.663348e-02
48            	-3.547824e-03	8.977472e-01	1.310581e-01	6.198125e-02	6.907690e-02
49            	-3.543130e-03	8.994843e-01	1.340753e-01	6.349453e-02	7.058079e-02
50            	-3.536994e-03	9.005650e-01	1.352494e-01	6.408769e-02	7.116168e-02
51            	-3.535669e-03	9.016891e-01	1.347435e-01	6.383609e-02	7.090742e-02
52            	-3.540203e-03	9.027735e-01	1.330304e-01	6.297500e-02	7.005541e-02
53            	-3.554533e-03	9.044820e-01	1.303763e-01	6.163362e-02	6.874269e-02
54            	-3.579747e-03	9.071303e-01	1.270223e-01	5.993140e-02	6.709090e-02
55            	-3.616098e-03	9.109879e-01	1.231674e-01	5.796761e-02	6.519981e-02
56            	-3.656908e-03	9.156373e-01	1.191335e-01	5.590983e-02	6.322365e-02
57            	-3.693347e-03	9.203592e-01	1.152032e-01	5.390826e-02	6.129495e-02
58            	-3.717294e-03	9.242645e-01	1.119437e-01	5.225455e-02	5.968914e-02
59            	-3.723694e-03	9.265587e-01	1.096653e-01	5.110896e-02	5.855635e-02
60            	-3.709107e-03	9.266431e-01	1.084063e-01	5.049406e-02	5.791228e-02
61            	-3.668254e-03	9.235501e-01	1.082586e-01	5.046104e-02	5.779755e-02
62            	-3.606913e-03	9.175938e-01	1.090538e-01	5.092001e-02	5.813383e-02
63            	-3.537036e-03	9.101463e-01	1.100988e-01	5.151238e-02	5.858645e-02
64            	-3.468002e-03	9.025156e-01	1.108995e-01	5.198175e-02	5.891776e-02
65            	-3.407868e-03	8.958551e-01	1.111561e-01	5.217018e-02	5.898592e-02
66            	-3.358657e-03	8.903703e-01	1.108175e-01	5.205008e-02	5.876739e-02
67            	-3.323774e-03	8.863588e-01	1.100552e-01	5.170384e-02	5.835139e-02
68            	-3.311297e-03	8.849134e-01	1.086487e-01	5.101308e-02	5.763567e-02
69            	-3.320780e-03	8.862120e-01	1.062588e-01	4.980860e-02	5.645016e-02
70            	-3.346981e-03	8.899679e-01	1.025496e-01	4.792781e-02	5.462177e-02
71            	-3.383843e-03	8.956558e-01	9.691863e-02	4.507547e-02	5.184316e-02
72            	-3.425249e-03	9.024613e-01	8.951133e-02	4.133042e-02	4.818091e-02
73            	-3.462477e-03	9.087541e-01	8.165046e-02	3.736275e-02	4.428771e-02
74            	-3.491324e-03	9.136741e-01	7.461391e-02	3.381563e-02	4.079828e-02
75            	-3.509985e-03	9.170488e-01	6.921682e-02	3.109843e-02	3.811840e-02
76            	-3.515984e-03	9.181395e-01	6.629617e-02	2.963210e-02	3.666407e-02
77            	-3.516816e-03	9.169155e-01	6.630402e-02	2.963519e-02	3.666883e-02
78            	-3.526600e-03	9.143764e-01	6.879055e-02	3.086868e-02	3.792188e-02
79            	-3.549718e-03	9.114391e-01	7.249194e-02	3.269625e-02	3.979569e-02
80            	-3.582159e-03	9.091611e-01	7.600560e-02	3.442064e-02	4.158496e-02
81            	-3.624608e-03	9.089036e-01	7.874963e-02	3.575021e-02	4.299942e-02
82            	-3.682820e-03	9.119352e-01	8.142694e-02	3.703065e-02	4.439629e-02
83            	-3.751546e-03	9.178983e-01	8.470302e-02	3.859996e-02	4.610306e-02
84            	-3.816318e-03	9.249532e-01	8.864225e-02	4.050481e-02	4.813744e-02
85            	-3.860368e-03	9.306742e-01	9.205206e-02	4.216566e-02	4.988640e-02
86            	-3.881733e-03	9.342734e-01	9.331417e-02	4.277535e-02	5.053882e-02
87            	-3.874120e-03	9.343377e-01	9.185419e-02	4.205297e-02	4.980121e-02
88            	-3.837956e-03	9.304661e-01	8.755464e-02	3.993936e-02	4.761528e-02
89            	-3.791102e-03	9.248224e-01	8.067458e-02	3.654619e-02	4.412839e-02
90            	-3.751197e-03	9.195973e-01	7.184614e-02	3.217187e-02	3.967427e-02
91            	-3.724188e-03	9.157607e-01	6.202507e-02	2.728835e-02	3.473672e-02
92            	-3.701099e-03	9.125339e-01	5.226959e-02	2.243369e-02	2.983589e-02
93            	-3.675898e-03	9.092296e-01	4.388600e-02	1.826710e-02	2.561890e-02
94            	-3.650747e-03	9.060971e-01	3.810414e-02	1.540132e-02	2.270281e-02
95            	-3.633801e-03	9.039672e-01	3.533528e-02	1.403384e-02	2.130144e-02
96            	-3.634415e-03	9.038865e-01	3.537136e-02	1.405127e-02	2.132009e-02
97            	-3.654535e-03	9.063346e-01	3.788009e-02	1.528551e-02	2.259458e-02
98            	-3.689418e-03	9.111869e-01	4.250705e-02	1.756411e-02	2.494295e-02
99            	-3.733970e-03	9.182589e-01	4.867284e-02	2.060245e-02	2.807039e-02
100           	-3.781985e-03	9.267056e-01	5.557885e-02	2.400744e-02	3.157141e-02
101           	-3.821957e-03	9.344997e-01	6.259881e-02	2.747745e-02	3.512136e-02
102           	-3.845188e-03	9.398057e-01	6.979556e-02	3.105259e-02	3.874297e-02
103           	-3.851480e-03	9.418869e-01	7.697253e-02	3.463478e-02	4.233774e-02
104           	-3.846427e-03	9.411622e-01	8.323911e-02	3.777313e-02	4.546598e-02
105           	-3.835618e-03	9.385767e-01	8.771445e-02	4.002161e-02	4.769284e-02
106           	-3.824187e-03	9.353946e-01	8.992521e-02	4.113842e-02	4.878679e-02
107           	-3.816463e-03	9.327568e-01	8.966207e-02	4.101457e-02	4.864750e-02
108           	-3.812610e-03	9.313130e-01	8.686000e-02	3.961739e-02	4.724261e-02
109           	-3.808215e-03	9.312136e-01	8.204828e-02	3.721592e-02	4.483235e-02
110           	-3.796104e-03	9.322507e-01	7.636323e-02	3.438551e-02	4.197772e-02
111           	-3.771077e-03	9.340562e-01	7.148678e-02	3.197231e-02	3.951447e-02
112           	-3.732111e-03	9.357764e-01	6.936063e-02	3.094820e-02	3.841242e-02
113           	-3.682918e-03	9.364690e-01	7.102742e-02	3.183079e-02	3.919663e-02
114           	-3.631981e-03	9.355970e-01	7.659392e-02	3.466498e-02	4.192894e-02
115           	-3.584104e-03	9.326632e-01	8.546868e-02	3.915023e-02	4.631844e-02
116           	-3.541472e-03	9.281075e-01	9.578997e-02	4.435351e-02	5.143646e-02
117           	-3.507329e-03	9.227710e-01	1.054582e-01	4.922178e-02	5.623643e-02
118           	-3.485568e-03	9.176664e-01	1.129926e-01	5.301074e-02	5.998187e-02
119           	-3.484961e-03	9.135791e-01	1.179244e-01	5.547722e-02	6.244714e-02
120           	-3.501218e-03	9.107147e-01	1.187261e-01	5.586184e-02	6.286427e-02
121           	-3.519324e-03	9.078769e-01	1.141961e-01	5.357874e-02	6.061739e-02
122           	-3.535214e-03	9.049170e-01	1.041120e-01	4.852080e-02	5.559122e-02
123           	-3.552028e-03	9.023461e-01	8.876101e-02	4.082848e-02	4.793253e-02
124           	-3.572090e-03	9.009193e-01	7.054461e-02	3.170022e-02	3.884440e-02
125           	-3.601813e-03	9.017788e-01	5.333388e-02	2.306513e-02	3.026875e-02
126           	-3.643389e-03	9.046285e-01	4.021007e-02	1.646165e-02	2.374842e-02
127           	-3.690975e-03	9.088408e-01	3.263402e-02	1.262604e-02	2.000799e-02
128           	-3.736730e-03	9.137292e-01	3.024878e-02	1.138766e-02	1.886112e-02
129           	-3.774709e-03	9.186770e-01	3.228725e-02	1.236892e-02	1.991834e-02
130           	-3.802916e-03	9.232318e-01	3.834714e-02	1.537065e-02	2.297648e-02
131           	-3.820976e-03	9.265171e-01	4.745378e-02	1.990591e-02	2.754787e-02
132           	-3.830367e-03	9.282177e-01	5.788643e-02	2.511285e-02	3.277358e-02
133           	-3.833634e-03	9.286232e-01	6.811647e-02	3.022460e-02	3.789187e-02
134           	-3.833166e-03	9.281808e-01	7.689494e-02	3.461430e-02	4.228063e-02
135           	-3.833048e-03	9.270898e-01	8.315678e-02	3.774534e-02	4.541144e-02
136           	-3.839063e-03	9.260410e-01	8.658095e-02	3.945141e-02	4.712954e-02
137           	-3.847498e-03	9.256410e-01	8.738123e-02	3.984312e-02	4.753811e-02
138           	-3.847133e-03	9.261150e-01	8.648899e-02	3.939736e-02	4.709163e-02
139           	-3.834161e-03	9.274525e-01	8.520117e-02	3.876643e-02	4.643475e-02
140           	-3.808652e-03	9.293537e-01	8.443443e-02	3.840856e-02	4.602587e-02
141           	-3.774005e-03	9.316446e-01	8.484819e-02	3.865009e-02	4.619810e-02
142           	-3.738653e-03	9.343875e-01	8.637415e-02	3.944842e-02	4.692573e-02
143           	-3.704714e-03	9.370809e-01	8.827432e-02	4.043245e-02	4.784188e-02
144           	-3.670769e-03	9.390328e-01	8.961629e-02	4.113738e-02	4.847891e-02
145           	-3.637745e-03	9.401264e-01	8.960441e-02	4.116446e-02	4.843995e-02
146           	-3.603943e-03	9.401165e-01	8.753567e-02	4.016389e-02	4.737178e-02
147           	-3.570242e-03	9.391869e-01	8.254057e-02	3.770004e-02	4.484053e-02
148           	-3.536144e-03	9.373532e-01	7.433948e-02	3.363360e-02	4.070589e-02
149           	-3.502879e-03	9.347865e-01	6.381745e-02	2.840585e-02	3.541160e-02
150           	-3.471781e-03	9.317969e-01	5.253925e-02	2.279784e-02	2.974140e-02
151           	-3.439468e-03	9.276930e-01	4.248285e-02	1.780196e-02	2.468089e-02
152           	-3.410733e-03	9.223378e-01	3.577179e-02	1.447516e-02	2.129663e-02
153           	-3.395581e-03	9.161751e-01	3.325363e-02	1.323123e-02	2.002240e-02
154           	-3.400776e-03	9.102477e-01	3.429383e-02	1.374614e-02	2.054769e-02
155           	-3.429705e-03	9.060982e-01	3.763296e-02	1.538677e-02	2.224618e-02
156           	-3.482543e-03	9.045725e-01	4.231657e-02	1.767574e-02	2.464083e-02
157           	-3.555403e-03	9.063843e-01	4.754506e-02	2.021713e-02	2.732793e-02
158           	-3.639245e-03	9.115427e-01	5.235396e-02	2.253774e-02	2.981623e-02
159           	-3.725832e-03	9.201538e-01	5.550420e-02	2.402627e-02	3.147793e-02
160           	-3.806780e-03	9.320348e-01	5.541277e-02	2.389960e-02	3.151316e-02
161           	-3.876031e-03	9.461971e-01	5.161537e-02	2.193165e-02	2.968372e-02
162           	-3.928407e-03	9.601268e-01	4.577503e-02	1.895911e-02	2.681592e-02
163           	-3.962410e-03	9.715714e-01	4.061698e-02	1.634608e-02	2.427090e-02
164           	-3.981253e-03	9.799053e-01	3.801929e-02	1.502839e-02	2.299090e-02
165           	-3.987844e-03	9.841587e-01	3.860127e-02	1.531279e-02	2.328848e-02
166           	-3.983351e-03	9.839737e-01	4.361108e-02	1.782219e-02	2.578889e-02
167           	-3.970057e-03	9.787634e-01	5.578004e-02	2.391996e-02	3.186008e-02
168           	-3.961882e-03	9.709811e-01	7.346845e-02	3.277234e-02	4.069611e-02
169           	-3.963133e-03	9.634506e-01	9.196040e-02	4.201707e-02	4.994333e-02
170           	-3.964626e-03	9.572098e-01	1.071738e-01	4.962227e-02	5.755152e-02
171           	-3.960128e-03	9.522386e-01	1.172490e-01	5.466438e-02	6.258464e-02
172           	-3.948143e-03	9.481313e-01	1.221127e-01	5.710822e-02	6.500451e-02
173           	-3.929571e-03	9.445699e-01	1.222864e-01	5.721363e-02	6.507277e-02
174           	-3.904245e-03	9.413618e-01	1.181993e-01	5.519541e-02	6.300391e-02
175           	-3.871504e-03	9.381756e-01	1.104977e-01	5.137733e-02	5.912033e-02
176           	-3.830890e-03	9.346585e-01	1.004956e-01	4.641690e-02	5.407868e-02
177           	-3.787030e-03	9.310796e-01	9.018672e-02	4.130633e-02	4.888039e-02
178           	-3.750320e-03	9.281361e-01	8.173372e-02	3.711654e-02	4.461718e-02
179           	-3.725896e-03	9.262756e-01	7.628567e-02	3.441694e-02	4.186873e-02
180           	-3.711075e-03	9.252663e-01	7.380987e-02	3.319386e-02	4.061601e-02
181           	-3.704605e-03	9.248186e-01	7.361646e-02	3.310363e-02	4.051284e-02
182           	-3.708329e-03	9.249703e-01	7.458189e-02	3.358262e-02	4.099927e-02
183           	-3.724260e-03	9.257507e-01	7.551619e-02	3.403384e-02	4.148236e-02
184           	-3.753594e-03	9.274662e-01	7.528170e-02	3.388725e-02	4.139444e-02
185           	-3.791859e-03	9.297911e-01	7.313420e-02	3.277524e-02	4.035896e-02
186           	-3.834259e-03	9.324134e-01	6.889928e-02	3.061538e-02	3.828390e-02
187           	-3.878693e-03	9.353295e-01	6.309700e-02	2.766981e-02	3.542719e-02
188           	-3.924359e-03	9.385449e-01	5.665149e-02	2.440139e-02	3.225011e-02
189           	-3.968533e-03	9.419917e-01	5.087617e-02	2.146955e-02	2.940662e-02
190           	-4.007576e-03	9.454809e-01	4.709050e-02	1.953768e-02	2.755283e-02
191           	-4.037788e-03	9.484739e-01	4.645008e-02	1.918725e-02	2.726283e-02
192           	-4.056700e-03	9.503092e-01	4.991253e-02	2.089956e-02	2.901296e-02
193           	-4.063708e-03	9.506324e-01	5.837544e-02	2.512401e-02	3.325143e-02
194           	-4.060783e-03	9.494624e-01	7.088778e-02	3.138311e-02	3.950467e-02
195           	-4.051192e-03	9.472897e-01	8.570246e-02	3.880004e-02	4.690242e-02
196           	-4.038693e-03	9.448527e-01	1.010113e-01	4.646696e-02	5.454435e-02
197           	-4.027008e-03	9.427889e-01	1.148855e-01	5.341573e-02	6.146974e-02
198           	-4.014407e-03	9.409269e-01	1.268894e-01	5.943027e-02	6.745909e-02
199           	-3.999633e-03	9.391571e-01	1.367105e-01	6.435560e-02	7.235487e-02
200           	-3.982803e-03	9.373562e-01	1.444692e-01	6.825182e-02	7.621742e-02
201           	-3.964144e-03	9.354113e-01	1.499270e-01	7.099936e-02	7.892765e-02
202           	-3.943329e-03	9.331160e-01	1.526127e-01	7.236300e-02	8.024966e-02
203           	-3.921383e-03	9.304251e-01	1.524960e-01	7.232660e-02	8.016936e-02
204           	-3.901097e-03	9.276013e-01	1.499524e-01	7.107508e-02	7.887727e-02
205           	-3.884884e-03	9.249077e-01	1.454144e-01	6.882233e-02	7.659209e-02
206           	-3.874983e-03	9.226910e-01	1.390990e-01	6.567452e-02	7.342448e-02
207           	-3.870823e-03	9.210104e-01	1.311625e-01	6.171041e-02	6.945206e-02
208           	-3.872820e-03	9.200883e-01	1.214308e-01	5.684256e-02	6.458819e-02
209           	-3.880299e-03	9.203754e-01	1.101936e-01	5.121651e-02	5.897710e-02
210           	-3.889346e-03	9.217960e-01	9.894754e-02	4.558442e-02	5.336312e-02
211           	-3.895660e-03	9.239986e-01	8.942337e-02	4.081603e-02	4.860735e-02
212           	-3.897770e-03	9.263764e-01	8.270842e-02	3.745644e-02	4.525198e-02
213           	-3.899071e-03	9.284589e-01	7.929101e-02	3.574643e-02	4.354457e-02
214           	-3.903425e-03	9.300513e-01	7.900211e-02	3.559763e-02	4.340448e-02
215           	-3.912606e-03	9.313694e-01	8.215693e-02	3.716586e-02	4.499107e-02
216           	-3.925875e-03	9.326051e-01	8.844145e-02	4.029485e-02	4.814660e-02
217           	-3.942183e-03	9.338580e-01	9.702617e-02	4.457090e-02	5.245527e-02
218           	-3.961086e-03	9.352595e-01	1.067353e-01	4.940656e-02	5.732873e-02
219           	-3.981893e-03	9.370175e-01	1.163504e-01	5.419330e-02	6.215709e-02
220           	-4.001578e-03	9.388111e-01	1.248905e-01	5.844368e-02	6.644684e-02
221           	-4.017739e-03	9.404020e-01	1.316944e-01	6.182946e-02	6.986494e-02
222           	-4.028355e-03	9.416018e-01	1.363968e-01	6.417007e-02	7.222678e-02
223           	-4.033465e-03	9.421667e-01	1.388728e-01	6.540292e-02	7.346985e-02
224           	-4.033894e-03	9.422663e-01	1.391337e-01	6.553295e-02	7.360073e-02
225           	-4.030146e-03	9.418835e-01	1.373079e-01	6.462378e-02	7.268408e-02
226           	-4.022679e-03	9.411099e-01	1.335891e-01	6.277189e-02	7.081724e-02
227           	-4.011933e-03	9.401515e-01	1.283562e-01	6.016616e-02	6.819003e-02
228           	-3.999285e-03	9.392121e-01	1.225288e-01	5.726512e-02	6.526369e-02
229           	-3.987313e-03	9.384817e-01	1.171262e-01	5.457580e-02	6.255043e-02
230           	-3.978292e-03	9.380476e-01	1.129330e-01	5.248821e-02	6.044479e-02
231           	-3.973150e-03	9.379076e-01	1.100852e-01	5.106943e-02	5.901573e-02
232           	-3.971843e-03	9.379760e-01	1.084909e-01	5.027359e-02	5.821727e-02
233           	-3.973716e-03	9.381334e-01	1.080530e-01	5.005280e-02	5.800023e-02
234           	-3.976934e-03	9.382526e-01	1.085303e-01	5.028822e-02	5.824208e-02
235           	-3.980696e-03	9.383483e-01	1.096406e-01	5.083960e-02	5.880099e-02
236           	-3.984486e-03	9.385008e-01	1.111090e-01	5.157000e-02	5.953897e-02
237           	-3.987741e-03	9.387100e-01	1.126868e-01	5.235566e-02	6.033114e-02
238           	-3.990300e-03	9.390025e-01	1.141600e-01	5.308969e-02	6.107029e-02
239           	-3.991954e-03	9.393199e-01	1.154116e-01	5.371384e-02	6.169775e-02
240           	-3.992424e-03	9.396478e-01	1.165825e-01	5.429884e-02	6.228368e-02
241           	-3.991719e-03	9.399848e-01	1.177106e-01	5.486356e-02	6.284700e-02
242           	-3.989867e-03	9.402959e-01	1.188916e-01	5.545595e-02	6.343568e-02
243           	-3.986575e-03	9.405318e-01	1.202264e-01	5.612662e-02	6.409977e-02
244           	-3.981623e-03	9.406391e-01	1.217641e-01	5.690043e-02	6.486368e-02
245           	-3.975015e-03	9.405284e-01	1.234797e-01	5.776485e-02	6.571488e-02
246           	-3.966829e-03	9.402386e-01	1.253053e-01	5.868582e-02	6.661948e-02
247           	-3.957854e-03	9.398072e-01	1.271606e-01	5.962243e-02	6.753814e-02
248           	-3.949486e-03	9.392975e-01	1.289101e-01	6.050554e-02	6.840451e-02
249           	-3.943235e-03	9.387910e-01	1.303871e-01	6.125033e-02	6.913680e-02
250           	-3.940305e-03	9.383900e-01	1.314261e-01	6.177274e-02	6.965335e-02
251           	-3.941111e-03	9.382152e-01	1.319114e-01	6.201458e-02	6.989680e-02
252           	-3.945355e-03	9.383097e-01	1.318040e-01	6.195665e-02	6.984736e-02
253           	-3.951692e-03	9.386983e-01	1.311541e-01	6.162536e-02	6.952875e-02
254           	-3.958378e-03	9.393333e-01	1.301012e-01	6.109224e-02	6.900900e-02
255           	-3.963856e-03	9.401250e-01	1.288445e-01	6.045841e-02	6.838612e-02
256           	-3.967171e-03	9.409570e-01	1.276019e-01	5.983376e-02	6.776810e-02
257           	-3.968389e-03	9.417128e-01	1.265397e-01	5.930146e-02	6.723824e-02
258           	-3.967957e-03	9.423245e-01	1.257632e-01	5.891364e-02	6.684956e-02
259           	-3.966361e-03	9.427514e-01	1.252840e-01	5.867564e-02	6.660836e-02
260           	-3.963897e-03	9.429757e-01	1.250679e-01	5.857003e-02	6.649783e-02
261           	-3.960616e-03	9.429917e-01	1.250644e-01	5.857159e-02	6.649283e-02
262           	-3.956504e-03	9.427853e-01	1.252225e-01	5.865473e-02	6.656774e-02
263           	-3.951529e-03	9.423635e-01	1.254622e-01	5.877959e-02	6.668265e-02
264           	-3.946071e-03	9.417922e-01	1.256633e-01	5.888558e-02	6.677772e-02
265           	-3.940592e-03	9.411898e-01	1.256711e-01	5.889498e-02	6.677617e-02
266           	-3.935164e-03	9.406388e-01	1.253522e-01	5.874092e-02	6.661125e-02
267           	-3.930093e-03	9.402196e-01	1.246659e-01	5.840285e-02	6.626304e-02
268           	-3.925719e-03	9.399500e-01	1.236730e-01	5.791077e-02	6.576221e-02
269           	-3.922258e-03	9.398117e-01	1.224935e-01	5.732451e-02	6.516903e-02
270           	-3.919759e-03	9.397759e-01	1.212638e-01	5.671212e-02	6.455164e-02
271           	-3.918132e-03	9.398198e-01	1.201045e-01	5.613410e-02	6.397036e-02
272           	-3.917216e-03	9.399266e-01	1.191011e-01	5.563336e-02	6.346779e-02
273           	-3.916862e-03	9.400876e-01	1.183018e-01	5.523403e-02	6.306776e-02
274           	-3.916975e-03	9.403115e-01	1.177029e-01	5.493447e-02	6.276842e-02
275           	-3.917236e-03	9.405802e-01	1.172837e-01	5.472464e-02	6.255911e-02
276           	-3.917605e-03	9.409099e-01	1.169954e-01	5.458009e-02	6.241530e-02
277           	-3.918013e-03	9.413019e-01	1.167854e-01	5.447471e-02	6.231074e-02
278           	-3.918559e-03	9.417693e-01	1.166025e-01	5.438271e-02	6.221983e-02
279           	-3.918916e-03	9.422598e-01	1.163954e-01	5.427878e-02	6.211662e-02
280           	-3.918874e-03	9.427172e-01	1.161352e-01	5.414871e-02	6.198646e-02
281           	-3.918374e-03	9.430920e-01	1.158145e-01	5.398890e-02	6.182565e-02
282           	-3.917433e-03	9.433446e-01	1.154354e-01	5.380028e-02	6.163514e-02
283           	-3.915980e-03	9.434435e-01	1.150268e-01	5.359741e-02	6.142937e-02
284           	-3.913924e-03	9.433750e-01	1.146155e-01	5.339384e-02	6.122169e-02
285           	-3.911165e-03	9.431433e-01	1.142289e-01	5.320331e-02	6.102564e-02
286           	-3.907611e-03	9.427610e-01	1.138898e-01	5.303731e-02	6.085253e-02
287           	-3.903218e-03	9.422518e-01	1.136182e-01	5.290587e-02	6.071231e-02
288           	-3.898046e-03	9.416478e-01	1.134235e-01	5.281369e-02	6.060979e-02
289           	-3.892304e-03	9.409942e-01	1.133136e-01	5.276452e-02	6.054912e-02
290           	-3.886383e-03	9.403457e-01	1.132973e-01	5.276226e-02	6.053502e-02
291           	-3.880737e-03	9.397519e-01	1.133843e-01	5.281142e-02	6.057289e-02
292           	-3.875775e-03	9.392467e-01	1.135864e-01	5.291745e-02	6.066900e-02
293           	-3.871715e-03	9.388403e-01	1.139248e-01	5.309069e-02	6.083412e-02
294           	-3.868772e-03	9.385465e-01	1.144190e-01	5.334075e-02	6.107830e-02
295           	-3.867008e-03	9.383661e-01	1.150782e-01	5.367210e-02	6.140612e-02
296           	-3.866323e-03	9.382891e-01	1.158904e-01	5.407890e-02	6.181155e-02
297           	-3.866438e-03	9.382941e-01	1.168120e-01	5.453954e-02	6.227242e-02
298           	-3.866942e-03	9.383556e-01	1.177720e-01	5.501905e-02	6.275294e-02
299           	-3.867399e-03	9.384452e-01	1.186921e-01	5.547866e-02	6.321345e-02
300           	-3.867505e-03	9.385400e-01	1.195067e-01	5.588585e-02	6.362086e-02
301           	-3.867091e-03	9.386235e-01	1.201683e-01	5.621708e-02	6.395126e-02
302           	-3.866100e-03	9.386829e-01	1.206316e-01	5.644968e-02	6.418188e-02
303           	-3.864496e-03	9.387022e-01	1.208503e-01	5.656066e-02	6.428965e-02
304           	-3.862247e-03	9.386559e-01	1.207970e-01	5.653625e-02	6.426074e-02
305           	-3.859507e-03	9.385323e-01	1.204764e-01	5.637867e-02	6.409768e-02
306           	-3.856498e-03	9.383222e-01	1.199262e-01	5.610661e-02	6.381960e-02
307           	-3.853454e-03	9.380299e-01	1.192063e-01	5.574969e-02	6.345660e-02
308           	-3.850542e-03	9.376679e-01	1.183790e-01	5.533894e-02	6.304002e-02
309           	-3.847859e-03	9.372542e-01	1.174930e-01	5.489863e-02	6.259435e-02
310           	-3.845452e-03	9.368205e-01	1.165791e-01	5.444410e-02	6.213501e-02
311           	-3.843412e-03	9.364028e-01	1.156459e-01	5.397952e-02	6.166635e-02
312           	-3.841617e-03	9.360155e-01	1.146911e-01	5.350392e-02	6.118715e-02
313           	-3.839987e-03	9.356709e-01	1.137252e-01	5.302259e-02	6.070257e-02
314           	-3.838503e-03	9.353849e-01	1.127513e-01	5.253713e-02	6.021413e-02
315           	-3.837230e-03	9.351742e-01	1.117895e-01	5.205751e-02	5.973197e-02
316           	-3.836222e-03	9.350477e-01	1.108667e-01	5.159710e-02	5.926955e-02
317           	-3.835509e-03	9.350040e-01	1.100087e-01	5.116886e-02	5.883988e-02
318           	-3.835093e-03	9.350325e-01	1.092349e-01	5.078237e-02	5.845255e-02
319           	-3.834915e-03	9.351156e-01	1.085607e-01	5.044542e-02	5.811525e-02
320           	-3.834903e-03	9.352333e-01	1.079916e-01	5.016091e-02	5.783072e-02
321           	-3.834969e-03	9.353635e-01	1.075466e-01	4.993833e-02	5.760827e-02
322           	-3.834966e-03	9.354798e-01	1.072284e-01	4.977922e-02	5.744915e-02
323           	-3.834710e-03	9.355616e-01	1.070340e-01	4.968231e-02	5.735173e-02
324           	-3.834080e-03	9.355967e-01	1.069493e-01	4.964058e-02	5.730874e-02
325           	-3.832932e-03	9.355749e-01	1.069491e-01	4.964161e-02	5.730747e-02
326           	-3.831198e-03	9.354938e-01	1.070038e-01	4.967068e-02	5.733308e-02
327           	-3.828926e-03	9.353608e-01	1.070894e-01	4.971579e-02	5.737364e-02
328           	-3.826176e-03	9.351858e-01	1.071874e-01	4.976752e-02	5.741987e-02
329           	-3.823065e-03	9.349845e-01	1.072948e-01	4.982432e-02	5.747045e-02
330           	-3.819794e-03	9.347758e-01	1.074180e-01	4.988919e-02	5.752878e-02
331           	-3.816590e-03	9.345790e-01	1.075727e-01	4.996976e-02	5.760294e-02
332           	-3.813633e-03	9.344094e-01	1.077781e-01	5.007541e-02	5.770267e-02
333           	-3.811025e-03	9.342749e-01	1.080527e-01	5.021532e-02	5.783737e-02
334           	-3.808833e-03	9.341782e-01	1.084152e-01	5.039874e-02	5.801641e-02
335           	-3.807086e-03	9.341174e-01	1.088859e-01	5.063587e-02	5.825004e-02
336           	-3.805808e-03	9.340884e-01	1.094754e-01	5.093188e-02	5.854350e-02
337           	-3.805031e-03	9.340844e-01	1.101457e-01	5.126784e-02	5.887790e-02
338           	-3.804593e-03	9.340927e-01	1.108193e-01	5.160508e-02	5.921426e-02
339           	-3.804296e-03	9.341114e-01	1.114278e-01	5.190961e-02	5.951820e-02
340           	-3.803893e-03	9.341274e-01	1.119017e-01	5.214698e-02	5.975477e-02
341           	-3.803270e-03	9.341335e-01	1.121992e-01	5.229635e-02	5.990289e-02
342           	-3.802372e-03	9.341243e-01	1.122933e-01	5.234426e-02	5.994900e-02
343           	-3.801170e-03	9.340968e-01	1.121705e-01	5.228408e-02	5.988642e-02
344           	-3.799661e-03	9.340482e-01	1.118345e-01	5.211759e-02	5.971691e-02
345           	-3.797869e-03	9.339788e-01	1.113114e-01	5.185783e-02	5.945357e-02
346           	-3.795844e-03	9.338914e-01	1.106461e-01	5.152720e-02	5.911889e-02
347           	-3.793658e-03	9.337906e-01	1.098885e-01	5.115061e-02	5.873792e-02
348           	-3.791361e-03	9.336815e-01	1.090843e-01	5.075081e-02	5.833353e-02
349           	-3.788992e-03	9.335705e-01	1.082704e-01	5.034621e-02	5.792420e-02
350           	-3.786601e-03	9.334618e-01	1.074680e-01	4.994740e-02	5.752060e-02
351           	-3.784148e-03	9.333545e-01	1.066890e-01	4.956033e-02	5.712862e-02
352           	-3.781681e-03	9.332514e-01	1.059591e-01	4.919785e-02	5.676121e-02
353           	-3.779149e-03	9.331483e-01	1.052662e-01	4.885395e-02	5.641225e-02
354           	-3.776516e-03	9.330422e-01	1.046015e-01	4.852424e-02	5.607727e-02
355           	-3.773796e-03	9.329341e-01	1.039598e-01	4.820608e-02	5.575368e-02
356           	-3.771002e-03	9.328262e-01	1.033423e-01	4.790015e-02	5.544215e-02
357           	-3.768136e-03	9.327187e-01	1.027550e-01	4.760938e-02	5.514566e-02
358           	-3.765233e-03	9.326153e-01	1.022135e-01	4.734152e-02	5.487198e-02
359           	-3.762350e-03	9.325202e-01	1.017389e-01	4.710709e-02	5.463179e-02
360           	-3.759550e-03	9.324379e-01	1.013545e-01	4.691768e-02	5.443678e-02
361           	-3.756911e-03	9.323748e-01	1.010811e-01	4.678366e-02	5.429748e-02
362           	-3.754514e-03	9.323388e-01	1.009335e-01	4.671224e-02	5.422127e-02
363           	-3.752422e-03	9.323370e-01	1.009223e-01	4.670873e-02	5.421357e-02
364           	-3.750716e-03	9.323831e-01	1.010603e-01	4.677942e-02	5.428085e-02
365           	-3.749505e-03	9.324810e-01	1.013615e-01	4.693123e-02	5.443024e-02
366           	-3.748995e-03	9.326428e-01	1.018262e-01	4.716413e-02	5.466212e-02
367           	-3.749076e-03	9.328468e-01	1.023920e-01	4.744691e-02	5.494506e-02
368           	-3.749482e-03	9.330648e-01	1.029699e-01	4.773546e-02	5.523442e-02
369           	-3.749931e-03	9.332741e-01	1.034783e-01	4.798921e-02	5.548907e-02
370           	-3.750254e-03	9.334641e-01	1.038717e-01	4.818560e-02	5.568611e-02
371           	-3.750391e-03	9.336361e-01	1.041220e-01	4.831063e-02	5.581141e-02
372           	-3.750316e-03	9.337883e-01	1.042136e-01	4.835647e-02	5.585710e-02
373           	-3.749963e-03	9.339108e-01	1.041303e-01	4.831517e-02	5.581509e-02
374           	-3.749274e-03	9.339942e-01	1.038669e-01	4.818420e-02	5.568275e-02
375           	-3.748188e-03	9.340284e-01	1.034315e-01	4.796757e-02	5.546395e-02
376           	-3.746693e-03	9.340087e-01	1.028469e-01	4.767675e-02	5.517014e-02
377           	-3.744819e-03	9.339390e-01	1.021478e-01	4.732907e-02	5.481871e-02
378           	-3.742648e-03	9.338306e-01	1.013711e-01	4.694289e-02	5.442819e-02
379           	-3.740256e-03	9.336989e-01	1.005503e-01	4.653488e-02	5.401539e-02
380           	-3.737756e-03	9.335612e-01	9.970833e-02	4.611641e-02	5.359192e-02
381           	-3.735225e-03	9.334323e-01	9.886109e-02	4.569532e-02	5.316577e-02
382           	-3.732720e-03	9.333226e-01	9.801606e-02	4.527531e-02	5.274075e-02
383           	-3.730269e-03	9.332380e-01	9.717650e-02	4.485798e-02	5.231852e-02
384           	-3.727891e-03	9.331803e-01	9.634491e-02	4.444456e-02	5.190034e-02
385           	-3.725537e-03	9.331454e-01	9.552699e-02	4.403796e-02	5.148903e-02
386           	-3.723210e-03	9.331283e-01	9.472991e-02	4.364175e-02	5.108817e-02
387           	-3.720879e-03	9.331237e-01	9.396944e-02	4.326384e-02	5.070560e-02
388           	-3.718556e-03	9.331272e-01	9.326520e-02	4.291404e-02	5.035116e-02
389           	-3.716204e-03	9.331338e-01	9.263915e-02	4.260337e-02	5.003578e-02
390           	-3.713831e-03	9.331416e-01	9.211160e-02	4.234197e-02	4.976963e-02
391           	-3.711472e-03	9.331437e-01	9.171192e-02	4.214449e-02	4.956743e-02
392           	-3.709117e-03	9.331456e-01	9.143904e-02	4.201041e-02	4.942864e-02
393           	-3.706805e-03	9.331557e-01	9.129299e-02	4.193969e-02	4.935330e-02
394           	-3.704578e-03	9.331806e-01	9.126987e-02	4.193036e-02	4.933951e-02
395           	-3.702495e-03	9.332327e-01	9.136108e-02	4.197804e-02	4.938304e-02
396           	-3.700608e-03	9.333109e-01	9.155272e-02	4.207575e-02	4.947697e-02
397           	-3.698973e-03	9.334197e-01	9.182190e-02	4.221198e-02	4.960992e-02
398           	-3.697639e-03	9.335625e-01	9.214004e-02	4.237238e-02	4.976766e-02
399           	-3.696707e-03	9.337558e-01	9.247782e-02	4.254220e-02	4.993562e-02
400           	-3.696070e-03	9.339822e-01	9.279169e-02	4.269978e-02	5.009192e-02
401           	-3.695568e-03	9.342173e-01	9.304259e-02	4.282573e-02	5.021686e-02
402           	-3.695101e-03	9.344446e-01	9.321184e-02	4.291082e-02	5.030102e-02
403           	-3.694570e-03	9.346499e-01	9.328180e-02	4.294633e-02	5.033547e-02
404           	-3.693873e-03	9.348183e-01	9.323946e-02	4.292586e-02	5.031360e-02
405           	-3.692952e-03	9.349548e-01	9.306888e-02	4.284149e-02	5.022739e-02
406           	-3.691684e-03	9.350384e-01	9.275876e-02	4.268770e-02	5.007106e-02
407           	-3.689990e-03	9.350565e-01	9.230964e-02	4.246483e-02	4.984481e-02
408           	-3.687838e-03	9.350046e-01	9.172991e-02	4.217712e-02	4.955279e-02
409           	-3.685281e-03	9.348883e-01	9.105061e-02	4.184003e-02	4.921059e-02
410           	-3.682410e-03	9.347225e-01	9.028627e-02	4.146072e-02	4.882554e-02
411           	-3.679303e-03	9.345244e-01	8.945653e-02	4.104896e-02	4.840757e-02
412           	-3.676065e-03	9.343114e-01	8.858114e-02	4.061450e-02	4.796663e-02
413           	-3.672763e-03	9.340957e-01	8.768121e-02	4.016784e-02	4.751337e-02
414           	-3.669447e-03	9.338849e-01	8.678080e-02	3.972095e-02	4.705985e-02
415           	-3.666128e-03	9.336793e-01	8.589860e-02	3.928317e-02	4.661543e-02
416           	-3.662800e-03	9.334768e-01	8.505416e-02	3.886428e-02	4.618988e-02
417           	-3.659488e-03	9.332766e-01	8.426433e-02	3.847268e-02	4.579165e-02
418           	-3.656199e-03	9.330784e-01	8.354850e-02	3.811805e-02	4.543045e-02
419           	-3.652959e-03	9.328840e-01	8.292706e-02	3.781057e-02	4.511649e-02
420           	-3.649874e-03	9.327043e-01	8.243486e-02	3.756756e-02	4.486731e-02
421           	-3.646993e-03	9.325447e-01	8.207711e-02	3.739156e-02	4.468555e-02
422           	-3.644384e-03	9.324135e-01	8.185840e-02	3.728481e-02	4.457358e-02
423           	-3.642106e-03	9.323188e-01	8.177822e-02	3.724701e-02	4.453122e-02
424           	-3.640205e-03	9.322686e-01	8.183285e-02	3.727622e-02	4.455663e-02
425           	-3.638711e-03	9.322698e-01	8.202082e-02	3.737170e-02	4.464912e-02
426           	-3.637642e-03	9.323277e-01	8.234447e-02	3.753459e-02	4.480988e-02
427           	-3.637033e-03	9.324465e-01	8.280369e-02	3.776481e-02	4.503888e-02
428           	-3.636862e-03	9.326244e-01	8.338087e-02	3.805357e-02	4.532729e-02
429           	-3.637063e-03	9.328343e-01	8.401115e-02	3.836851e-02	4.564264e-02
430           	-3.637450e-03	9.330479e-01	8.461505e-02	3.867008e-02	4.594497e-02
431           	-3.637924e-03	9.332546e-01	8.514093e-02	3.893254e-02	4.620839e-02
432           	-3.638278e-03	9.334401e-01	8.554047e-02	3.913196e-02	4.640851e-02
433           	-3.638387e-03	9.335916e-01	8.579300e-02	3.925811e-02	4.653489e-02
434           	-3.638170e-03	9.336994e-01	8.588825e-02	3.930595e-02	4.658229e-02
435           	-3.637554e-03	9.337547e-01	8.582003e-02	3.927246e-02	4.654757e-02
436           	-3.636468e-03	9.337498e-01	8.558965e-02	3.915836e-02	4.643129e-02
437           	-3.634868e-03	9.336807e-01	8.520851e-02	3.896939e-02	4.623913e-02
438           	-3.632764e-03	9.335500e-01	8.469992e-02	3.871720e-02	4.598273e-02
439           	-3.630211e-03	9.333665e-01	8.409389e-02	3.841673e-02	4.567716e-02
440           	-3.627315e-03	9.331440e-01	8.342052e-02	3.808295e-02	4.533758e-02
441           	-3.624190e-03	9.328980e-01	8.270596e-02	3.772879e-02	4.497717e-02
442           	-3.620937e-03	9.326418e-01	8.196903e-02	3.736358e-02	4.460545e-02
443           	-3.617656e-03	9.323887e-01	8.122376e-02	3.699422e-02	4.422953e-02
444           	-3.614404e-03	9.321467e-01	8.047793e-02	3.662456e-02	4.385337e-02
445           	-3.611230e-03	9.319219e-01	7.973854e-02	3.625804e-02	4.348050e-02
446           	-3.608157e-03	9.317163e-01	7.901109e-02	3.589739e-02	4.311370e-02
447           	-3.605181e-03	9.315300e-01	7.830245e-02	3.554604e-02	4.275641e-02
448           	-3.602304e-03	9.313622e-01	7.762103e-02	3.520821e-02	4.241282e-02
449           	-3.599530e-03	9.312128e-01	7.697971e-02	3.489033e-02	4.208939e-02
450           	-3.596833e-03	9.310796e-01	7.639408e-02	3.460021e-02	4.179388e-02
451           	-3.594242e-03	9.309629e-01	7.587950e-02	3.434551e-02	4.153399e-02
452           	-3.591774e-03	9.308639e-01	7.545146e-02	3.413396e-02	4.131750e-02
453           	-3.589493e-03	9.307860e-01	7.513400e-02	3.397751e-02	4.115649e-02
454           	-3.587436e-03	9.307343e-01	7.492554e-02	3.387533e-02	4.105021e-02
455           	-3.585666e-03	9.307166e-01	7.482580e-02	3.382723e-02	4.099857e-02
456           	-3.584177e-03	9.307324e-01	7.483085e-02	3.383125e-02	4.099960e-02
457           	-3.582968e-03	9.307844e-01	7.493353e-02	3.388380e-02	4.104973e-02
458           	-3.582024e-03	9.308663e-01	7.512798e-02	3.398197e-02	4.114602e-02
459           	-3.581297e-03	9.309734e-01	7.540737e-02	3.412239e-02	4.128498e-02
460           	-3.580851e-03	9.311076e-01	7.575557e-02	3.429693e-02	4.145863e-02
461           	-3.580683e-03	9.312634e-01	7.614066e-02	3.448965e-02	4.165101e-02
462           	-3.580824e-03	9.314441e-01	7.652601e-02	3.468218e-02	4.184383e-02
463           	-3.581059e-03	9.316237e-01	7.685718e-02	3.484753e-02	4.200965e-02
464           	-3.581266e-03	9.317904e-01	7.710162e-02	3.496954e-02	4.213208e-02
465           	-3.581318e-03	9.319303e-01	7.723487e-02	3.503612e-02	4.219875e-02
466           	-3.581117e-03	9.320332e-01	7.724161e-02	3.503969e-02	4.220192e-02
467           	-3.580573e-03	9.320901e-01	7.711427e-02	3.497656e-02	4.213771e-02
468           	-3.579631e-03	9.320959e-01	7.685518e-02	3.484796e-02	4.200722e-02
469           	-3.578245e-03	9.320476e-01	7.647627e-02	3.465989e-02	4.181638e-02
470           	-3.576434e-03	9.319472e-01	7.599771e-02	3.442242e-02	4.157529e-02
471           	-3.574256e-03	9.318017e-01	7.544572e-02	3.414861e-02	4.129712e-02
472           	-3.571787e-03	9.316206e-01	7.484660e-02	3.385151e-02	4.099509e-02
473           	-3.569082e-03	9.314112e-01	7.422256e-02	3.354220e-02	4.068036e-02
474           	-3.566244e-03	9.311854e-01	7.359551e-02	3.323151e-02	4.036400e-02
475           	-3.563304e-03	9.309477e-01	7.297962e-02	3.292651e-02	4.005312e-02
476           	-3.560289e-03	9.307010e-01	7.238696e-02	3.263319e-02	3.975377e-02
477           	-3.557253e-03	9.304500e-01	7.182535e-02	3.235542e-02	3.946993e-02
478           	-3.554229e-03	9.302012e-01	7.130493e-02	3.209824e-02	3.920670e-02
479           	-3.551282e-03	9.299623e-01	7.083503e-02	3.186623e-02	3.896880e-02
480           	-3.548513e-03	9.297464e-01	7.043864e-02	3.167081e-02	3.876783e-02
481           	-3.545983e-03	9.295610e-01	7.011805e-02	3.151304e-02	3.860501e-02
482           	-3.543739e-03	9.294119e-01	6.987909e-02	3.139580e-02	3.848328e-02
483           	-3.541831e-03	9.293040e-01	6.972640e-02	3.132137e-02	3.840503e-02
484           	-3.540288e-03	9.292408e-01	6.966345e-02	3.129144e-02	3.837201e-02
485           	-3.539107e-03	9.292236e-01	6.969281e-02	3.130730e-02	3.838551e-02
486           	-3.538272e-03	9.292530e-01	6.982094e-02	3.137220e-02	3.844874e-02
487           	-3.537788e-03	9.293353e-01	7.006263e-02	3.149353e-02	3.856910e-02
488           	-3.537698e-03	9.294737e-01	7.043317e-02	3.167889e-02	3.875428e-02
489           	-3.538019e-03	9.296562e-01	7.091632e-02	3.192014e-02	3.899618e-02
490           	-3.538603e-03	9.298553e-01	7.145632e-02	3.218956e-02	3.926676e-02
491           	-3.539385e-03	9.300516e-01	7.198992e-02	3.245558e-02	3.953435e-02
492           	-3.540105e-03	9.302304e-01	7.244901e-02	3.268440e-02	3.976461e-02
493           	-3.540596e-03	9.303762e-01	7.279384e-02	3.285632e-02	3.993751e-02
494           	-3.540779e-03	9.304816e-01	7.300304e-02	3.296074e-02	4.004230e-02
495           	-3.540618e-03	9.305440e-01	7.306551e-02	3.299214e-02	4.007337e-02
496           	-3.540090e-03	9.305621e-01	7.297783e-02	3.294883e-02	4.002901e-02
497           	-3.539181e-03	9.305365e-01	7.274662e-02	3.283413e-02	3.991249e-02
498           	-3.537888e-03	9.304694e-01	7.238857e-02	3.265640e-02	3.973217e-02
499           	-3.536251e-03	9.303663e-01	7.192847e-02	3.242799e-02	3.950049e-02
500           	-3.534325e-03	9.302348e-01	7.139470e-02	3.216303e-02	3.923168e-02
501           	-3.532192e-03	9.300840e-01	7.081415e-02	3.187488e-02	3.893927e-02
502           	-3.529927e-03	9.299221e-01	7.020859e-02	3.157437e-02	3.863422e-02
503           	-3.527591e-03	9.297556e-01	6.959375e-02	3.126929e-02	3.832447e-02
504           	-3.525234e-03	9.295904e-01	6.898169e-02	3.096561e-02	3.801608e-02
505           	-3.522888e-03	9.294305e-01	6.838037e-02	3.066730e-02	3.771307e-02
506           	-3.520587e-03	9.292798e-01	6.779471e-02	3.037677e-02	3.741794e-02
507           	-3.518358e-03	9.291413e-01	6.722691e-02	3.009510e-02	3.713181e-02
508           	-3.516200e-03	9.290157e-01	6.667798e-02	2.982279e-02	3.685519e-02
509           	-3.514113e-03	9.289038e-01	6.614725e-02	2.955951e-02	3.658774e-02
510           	-3.512113e-03	9.288077e-01	6.563669e-02	2.930623e-02	3.633046e-02
511           	-3.510192e-03	9.287276e-01	6.514983e-02	2.906472e-02	3.608511e-02
512           	-3.508347e-03	9.286639e-01	6.469453e-02	2.883892e-02	3.585561e-02
513           	-3.506579e-03	9.286165e-01	6.428006e-02	2.863345e-02	3.564661e-02
514           	-3.504890e-03	9.285854e-01	6.391621e-02	2.845322e-02	3.546299e-02
515           	-3.503322e-03	9.285741e-01	6.361198e-02	2.830267e-02	3.530931e-02
516           	-3.501869e-03	9.285806e-01	6.337388e-02	2.818507e-02	3.518881e-02
517           	-3.500509e-03	9.285975e-01	6.321157e-02	2.810527e-02	3.510629e-02
518           	-3.499260e-03	9.286277e-01	6.312065e-02	2.806106e-02	3.505958e-02
519           	-3.498149e-03	9.286735e-01	6.309743e-02	2.805057e-02	3.504687e-02
520           	-3.497181e-03	9.287351e-01	6.313604e-02	2.807084e-02	3.506520e-02
521           	-3.496351e-03	9.288103e-01	6.322646e-02	2.811688e-02	3.510958e-02
522           	-3.495631e-03	9.288960e-01	6.335547e-02	2.818210e-02	3.517336e-02
523           	-3.495057e-03	9.289898e-01	6.350434e-02	2.825711e-02	3.524723e-02
524           	-3.494673e-03	9.290979e-01	6.365112e-02	2.833089e-02	3.532023e-02
525           	-3.494402e-03	9.292102e-01	6.376734e-02	2.838927e-02	3.537807e-02
526           	-3.494161e-03	9.293166e-01	6.382925e-02	2.842046e-02	3.540879e-02
527           	-3.493882e-03	9.294111e-01	6.381735e-02	2.841480e-02	3.540256e-02
528           	-3.493487e-03	9.294860e-01	6.371611e-02	2.836457e-02	3.535154e-02
529           	-3.492911e-03	9.295356e-01	6.352171e-02	2.826795e-02	3.525377e-02
530           	-3.492100e-03	9.295583e-01	6.323100e-02	2.812340e-02	3.510760e-02
531           	-3.491008e-03	9.295486e-01	6.285344e-02	2.793571e-02	3.491773e-02
532           	-3.489672e-03	9.295076e-01	6.241630e-02	2.771848e-02	3.469782e-02
533           	-3.488127e-03	9.294397e-01	6.193743e-02	2.748059e-02	3.445684e-02
534           	-3.486402e-03	9.293484e-01	6.143283e-02	2.723001e-02	3.420282e-02
535           	-3.484532e-03	9.292381e-01	6.091560e-02	2.697327e-02	3.394233e-02
536           	-3.482579e-03	9.291148e-01	6.039875e-02	2.671679e-02	3.368195e-02
537           	-3.480560e-03	9.289818e-01	5.989212e-02	2.646550e-02	3.342662e-02
538           	-3.478497e-03	9.288411e-01	5.940287e-02	2.622294e-02	3.317993e-02
539           	-3.476416e-03	9.286970e-01	5.893880e-02	2.599299e-02	3.294582e-02
540           	-3.474342e-03	9.285530e-01	5.850568e-02	2.577850e-02	3.272718e-02
541           	-3.472301e-03	9.284139e-01	5.811025e-02	2.558283e-02	3.252743e-02
542           	-3.470306e-03	9.282823e-01	5.775956e-02	2.540947e-02	3.235009e-02
543           	-3.468399e-03	9.281641e-01	5.746291e-02	2.526306e-02	3.219985e-02
544           	-3.466620e-03	9.280659e-01	5.723583e-02	2.515129e-02	3.208453e-02
545           	-3.464985e-03	9.279877e-01	5.707846e-02	2.507425e-02	3.200421e-02
546           	-3.463526e-03	9.279324e-01	5.699351e-02	2.503323e-02	3.196028e-02
547           	-3.462259e-03	9.279023e-01	5.698324e-02	2.502936e-02	3.195388e-02
548           	-3.461195e-03	9.278993e-01	5.704864e-02	2.506313e-02	3.198552e-02
549           	-3.460333e-03	9.279240e-01	5.719031e-02	2.513482e-02	3.205549e-02
550           	-3.459668e-03	9.279763e-01	5.741026e-02	2.524546e-02	3.216480e-02
551           	-3.459217e-03	9.280590e-01	5.770741e-02	2.539449e-02	3.231292e-02
552           	-3.458975e-03	9.281634e-01	5.806533e-02	2.557369e-02	3.249164e-02
553           	-3.458859e-03	9.282730e-01	5.845344e-02	2.576786e-02	3.268558e-02
554           	-3.458823e-03	9.283758e-01	5.882637e-02	2.595436e-02	3.287201e-02
555           	-3.458864e-03	9.284763e-01	5.914866e-02	2.611547e-02	3.303320e-02
556           	-3.458826e-03	9.285638e-01	5.938672e-02	2.623453e-02	3.315219e-02
557           	-3.458603e-03	9.286290e-01	5.952328e-02	2.630304e-02	3.322024e-02
558           	-3.458121e-03	9.286651e-01	5.955063e-02	2.631720e-02	3.323344e-02
559           	-3.457334e-03	9.286675e-01	5.946676e-02	2.627604e-02	3.319071e-02
560           	-3.456223e-03	9.286346e-01	5.927598e-02	2.618177e-02	3.309421e-02
561           	-3.454791e-03	9.285671e-01	5.898925e-02	2.603983e-02	3.294941e-02
562           	-3.453076e-03	9.284697e-01	5.862318e-02	2.585852e-02	3.276467e-02
563           	-3.451132e-03	9.283482e-01	5.819740e-02	2.564757e-02	3.254983e-02
564           	-3.449033e-03	9.282102e-01	5.773105e-02	2.541649e-02	3.231456e-02
565           	-3.446846e-03	9.280624e-01	5.723989e-02	2.517310e-02	3.206679e-02
566           	-3.444632e-03	9.279112e-01	5.673735e-02	2.492405e-02	3.181331e-02
567           	-3.442431e-03	9.277609e-01	5.623277e-02	2.467395e-02	3.155881e-02
568           	-3.440287e-03	9.276154e-01	5.573147e-02	2.442545e-02	3.130602e-02
569           	-3.438232e-03	9.274779e-01	5.523712e-02	2.418033e-02	3.105679e-02
570           	-3.436283e-03	9.273506e-01	5.475163e-02	2.393953e-02	3.081210e-02
571           	-3.434463e-03	9.272360e-01	5.427583e-02	2.370345e-02	3.057238e-02
572           	-3.432783e-03	9.271356e-01	5.381081e-02	2.347262e-02	3.033819e-02
573           	-3.431228e-03	9.270496e-01	5.335780e-02	2.324767e-02	3.011013e-02
574           	-3.429786e-03	9.269771e-01	5.291841e-02	2.302942e-02	2.988899e-02
575           	-3.428454e-03	9.269181e-01	5.249831e-02	2.282070e-02	2.967761e-02
576           	-3.427201e-03	9.268704e-01	5.210704e-02	2.262632e-02	2.948072e-02
577           	-3.426006e-03	9.268321e-01	5.175535e-02	2.245167e-02	2.930368e-02
578           	-3.424862e-03	9.268020e-01	5.145485e-02	2.230256e-02	2.915229e-02
579           	-3.423806e-03	9.267823e-01	5.121338e-02	2.218289e-02	2.903050e-02
580           	-3.422770e-03	9.267670e-01	5.104418e-02	2.209932e-02	2.894486e-02
581           	-3.421797e-03	9.267574e-01	5.094305e-02	2.204973e-02	2.889332e-02
582           	-3.420906e-03	9.267545e-01	5.090814e-02	2.203316e-02	2.887498e-02
583           	-3.420116e-03	9.267597e-01	5.093676e-02	2.204826e-02	2.888849e-02
584           	-3.419431e-03	9.267726e-01	5.102308e-02	2.209211e-02	2.893097e-02
585           	-3.418855e-03	9.267920e-01	5.115780e-02	2.216004e-02	2.899775e-02
586           	-3.418385e-03	9.268168e-01	5.132821e-02	2.224572e-02	2.908249e-02
587           	-3.417991e-03	9.268434e-01	5.152039e-02	2.234221e-02	2.917819e-02
588           	-3.417755e-03	9.268784e-01	5.171928e-02	2.244188e-02	2.927739e-02
589           	-3.417630e-03	9.269183e-01	5.190276e-02	2.253375e-02	2.936901e-02
590           	-3.417562e-03	9.269582e-01	5.205118e-02	2.260803e-02	2.944315e-02
591           	-3.417487e-03	9.269924e-01	5.214834e-02	2.265668e-02	2.949166e-02
592           	-3.417352e-03	9.270164e-01	5.218263e-02	2.267396e-02	2.950867e-02
593           	-3.417116e-03	9.270271e-01	5.214668e-02	2.265622e-02	2.949045e-02
594           	-3.416739e-03	9.270203e-01	5.204063e-02	2.260358e-02	2.943705e-02
595           	-3.416199e-03	9.269941e-01	5.186868e-02	2.251814e-02	2.935054e-02
596           	-3.415489e-03	9.269482e-01	5.163845e-02	2.240373e-02	2.923471e-02
597           	-3.414623e-03	9.268840e-01	5.135988e-02	2.226532e-02	2.909456e-02
598           	-3.413627e-03	9.268035e-01	5.104343e-02	2.210809e-02	2.893534e-02
599           	-3.412519e-03	9.267088e-01	5.069993e-02	2.193745e-02	2.876249e-02
600           	-3.411336e-03	9.266039e-01	5.034060e-02	2.175897e-02	2.858164e-02
601           	-3.410117e-03	9.264930e-01	4.997487e-02	2.157732e-02	2.839755e-02
602           	-3.408881e-03	9.263786e-01	4.961094e-02	2.139659e-02	2.821435e-02
603           	-3.407633e-03	9.262624e-01	4.925704e-02	2.122089e-02	2.803615e-02
604           	-3.406393e-03	9.261457e-01	4.891878e-02	2.105299e-02	2.786578e-02
605           	-3.405162e-03	9.260303e-01	4.860220e-02	2.089594e-02	2.770626e-02
606           	-3.403955e-03	9.259184e-01	4.831281e-02	2.075245e-02	2.756036e-02
607           	-3.402791e-03	9.258144e-01	4.806502e-02	2.062972e-02	2.743530e-02
608           	-3.401693e-03	9.257210e-01	4.786081e-02	2.052871e-02	2.733210e-02
609           	-3.400680e-03	9.256396e-01	4.770507e-02	2.045185e-02	2.725321e-02
610           	-3.399768e-03	9.255727e-01	4.760405e-02	2.040226e-02	2.720179e-02
611           	-3.398968e-03	9.255223e-01	4.756287e-02	2.038247e-02	2.718041e-02
612           	-3.398294e-03	9.254905e-01	4.758602e-02	2.039472e-02	2.719130e-02
613           	-3.397761e-03	9.254793e-01	4.767737e-02	2.044092e-02	2.723644e-02
614           	-3.397381e-03	9.254907e-01	4.784124e-02	2.052324e-02	2.731800e-02
615           	-3.397181e-03	9.255277e-01	4.808296e-02	2.064430e-02	2.743866e-02
616           	-3.397212e-03	9.255969e-01	4.840418e-02	2.080488e-02	2.759930e-02
617           	-3.397489e-03	9.256924e-01	4.878802e-02	2.099652e-02	2.779150e-02
618           	-3.397969e-03	9.258053e-01	4.919689e-02	2.120048e-02	2.799641e-02
619           	-3.398565e-03	9.259202e-01	4.959866e-02	2.140077e-02	2.819790e-02
620           	-3.399169e-03	9.260339e-01	4.995198e-02	2.157682e-02	2.837516e-02
621           	-3.399662e-03	9.261346e-01	5.023128e-02	2.171598e-02	2.851530e-02
622           	-3.399969e-03	9.262144e-01	5.042365e-02	2.181186e-02	2.861180e-02
623           	-3.400044e-03	9.262686e-01	5.052388e-02	2.186190e-02	2.866199e-02
624           	-3.399865e-03	9.262949e-01	5.053161e-02	2.186594e-02	2.866567e-02
625           	-3.399430e-03	9.262936e-01	5.045098e-02	2.182606e-02	2.862492e-02
626           	-3.398752e-03	9.262664e-01	5.029000e-02	2.174625e-02	2.854375e-02
627           	-3.397856e-03	9.262160e-01	5.005950e-02	2.163190e-02	2.842761e-02
628           	-3.396779e-03	9.261466e-01	4.977184e-02	2.148914e-02	2.828270e-02
629           	-3.395564e-03	9.260625e-01	4.944022e-02	2.132455e-02	2.811568e-02
630           	-3.394259e-03	9.259683e-01	4.907724e-02	2.114436e-02	2.793288e-02
631           	-3.392907e-03	9.258690e-01	4.869420e-02	2.095419e-02	2.774001e-02
632           	-3.391542e-03	9.257680e-01	4.830080e-02	2.075886e-02	2.754194e-02
633           	-3.390198e-03	9.256688e-01	4.790428e-02	2.056194e-02	2.734234e-02
634           	-3.388910e-03	9.255748e-01	4.751032e-02	2.036625e-02	2.714407e-02
635           	-3.387697e-03	9.254884e-01	4.712316e-02	2.017388e-02	2.694928e-02
636           	-3.386575e-03	9.254111e-01	4.674514e-02	1.998599e-02	2.675914e-02
637           	-3.385553e-03	9.253450e-01	4.637925e-02	1.980407e-02	2.657518e-02
638           	-3.384632e-03	9.252909e-01	4.602715e-02	1.962894e-02	2.639821e-02
639           	-3.383797e-03	9.252474e-01	4.569018e-02	1.946129e-02	2.622889e-02
640           	-3.383041e-03	9.252137e-01	4.537173e-02	1.930282e-02	2.606890e-02
641           	-3.382337e-03	9.251882e-01	4.507764e-02	1.915648e-02	2.592116e-02
642           	-3.381665e-03	9.251693e-01	4.481570e-02	1.902618e-02	2.578951e-02
643           	-3.381021e-03	9.251561e-01	4.460151e-02	1.891974e-02	2.568178e-02
644           	-3.380410e-03	9.251483e-01	4.443527e-02	1.883723e-02	2.559805e-02
645           	-3.379842e-03	9.251468e-01	4.431837e-02	1.877934e-02	2.553903e-02
646           	-3.379317e-03	9.251520e-01	4.425273e-02	1.874705e-02	2.550568e-02
647           	-3.378846e-03	9.251645e-01	4.423903e-02	1.874067e-02	2.549836e-02
648           	-3.378430e-03	9.251843e-01	4.427684e-02	1.875999e-02	2.551685e-02
649           	-3.378076e-03	9.252113e-01	4.436350e-02	1.880367e-02	2.555983e-02
650           	-3.377791e-03	9.252450e-01	4.449441e-02	1.886941e-02	2.562500e-02
651           	-3.377589e-03	9.252855e-01	4.466320e-02	1.895401e-02	2.570919e-02
652           	-3.377487e-03	9.253335e-01	4.486450e-02	1.905476e-02	2.580974e-02
653           	-3.377491e-03	9.253863e-01	4.507990e-02	1.916246e-02	2.591744e-02
654           	-3.377579e-03	9.254411e-01	4.528728e-02	1.926606e-02	2.602122e-02
655           	-3.377718e-03	9.254940e-01	4.546427e-02	1.935442e-02	2.610985e-02
656           	-3.377867e-03	9.255415e-01	4.559274e-02	1.941850e-02	2.617424e-02
657           	-3.377985e-03	9.255807e-01	4.566018e-02	1.945210e-02	2.620807e-02
658           	-3.378036e-03	9.256094e-01	4.565965e-02	1.945179e-02	2.620786e-02
659           	-3.377980e-03	9.256255e-01	4.558927e-02	1.941666e-02	2.617262e-02
660           	-3.377794e-03	9.256268e-01	4.545131e-02	1.934786e-02	2.610345e-02
661           	-3.377458e-03	9.256116e-01	4.525260e-02	1.924884e-02	2.600376e-02
662           	-3.376982e-03	9.255803e-01	4.500268e-02	1.912436e-02	2.587832e-02
663           	-3.376369e-03	9.255330e-01	4.471325e-02	1.898026e-02	2.573299e-02
664           	-3.375637e-03	9.254715e-01	4.439675e-02	1.882274e-02	2.557401e-02
665           	-3.374814e-03	9.253983e-01	4.406538e-02	1.865788e-02	2.540751e-02
666           	-3.373934e-03	9.253175e-01	4.373103e-02	1.849158e-02	2.523945e-02
667           	-3.373028e-03	9.252331e-01	4.340426e-02	1.832910e-02	2.507516e-02
668           	-3.372114e-03	9.251480e-01	4.309362e-02	1.817470e-02	2.491892e-02
669           	-3.371205e-03	9.250636e-01	4.280431e-02	1.803095e-02	2.477336e-02
670           	-3.370305e-03	9.249807e-01	4.254029e-02	1.789984e-02	2.464045e-02
671           	-3.369414e-03	9.248997e-01	4.230622e-02	1.778369e-02	2.452252e-02
672           	-3.368555e-03	9.248243e-01	4.210637e-02	1.768463e-02	2.442174e-02
673           	-3.367735e-03	9.247573e-01	4.194935e-02	1.760694e-02	2.434241e-02
674           	-3.366964e-03	9.246989e-01	4.183580e-02	1.755094e-02	2.428487e-02
675           	-3.366255e-03	9.246511e-01	4.176998e-02	1.751873e-02	2.425124e-02
676           	-3.365619e-03	9.246157e-01	4.175615e-02	1.751246e-02	2.424370e-02
677           	-3.365071e-03	9.245948e-01	4.179755e-02	1.753370e-02	2.426385e-02
678           	-3.364621e-03	9.245904e-01	4.189734e-02	1.758405e-02	2.431329e-02
679           	-3.364281e-03	9.246037e-01	4.205752e-02	1.766448e-02	2.439304e-02
680           	-3.364067e-03	9.246357e-01	4.227957e-02	1.777572e-02	2.450385e-02
681           	-3.364003e-03	9.246897e-01	4.256161e-02	1.791680e-02	2.464481e-02
682           	-3.364092e-03	9.247607e-01	4.289082e-02	1.808132e-02	2.480950e-02
683           	-3.364282e-03	9.248391e-01	4.324393e-02	1.825768e-02	2.498624e-02
684           	-3.364583e-03	9.249215e-01	4.359458e-02	1.843271e-02	2.516187e-02
685           	-3.364914e-03	9.250040e-01	4.390723e-02	1.858870e-02	2.531853e-02
686           	-3.365182e-03	9.250778e-01	4.415958e-02	1.871461e-02	2.544497e-02
687           	-3.365326e-03	9.251367e-01	4.433945e-02	1.880440e-02	2.553505e-02
688           	-3.365309e-03	9.251767e-01	4.444117e-02	1.885527e-02	2.558589e-02
689           	-3.365112e-03	9.251962e-01	4.446391e-02	1.886684e-02	2.559707e-02
690           	-3.364732e-03	9.251951e-01	4.441011e-02	1.884032e-02	2.556979e-02
691           	-3.364172e-03	9.251736e-01	4.428520e-02	1.877843e-02	2.550677e-02
692           	-3.363450e-03	9.251333e-01	4.409699e-02	1.868504e-02	2.541194e-02
693           	-3.362589e-03	9.250767e-01	4.385500e-02	1.856491e-02	2.529009e-02
694           	-3.361626e-03	9.250070e-01	4.356994e-02	1.842334e-02	2.514660e-02
695           	-3.360595e-03	9.249277e-01	4.325280e-02	1.826580e-02	2.498700e-02
696           	-3.359525e-03	9.248421e-01	4.291396e-02	1.809745e-02	2.481651e-02
697           	-3.358449e-03	9.247533e-01	4.256305e-02	1.792308e-02	2.463997e-02
698           	-3.357402e-03	9.246645e-01	4.220839e-02	1.774679e-02	2.446160e-02
699           	-3.356401e-03	9.245783e-01	4.185696e-02	1.757208e-02	2.428488e-02
700           	-3.355463e-03	9.244965e-01	4.151400e-02	1.740154e-02	2.411246e-02
701           	-3.354609e-03	9.244216e-01	4.118506e-02	1.723792e-02	2.394714e-02
702           	-3.353837e-03	9.243548e-01	4.087480e-02	1.708356e-02	2.379124e-02
703           	-3.353143e-03	9.242955e-01	4.058559e-02	1.693965e-02	2.364594e-02
704           	-3.352520e-03	9.242429e-01	4.032043e-02	1.680769e-02	2.351273e-02
705           	-3.351957e-03	9.241969e-01	4.008415e-02	1.669012e-02	2.339403e-02
706           	-3.351458e-03	9.241581e-01	3.988333e-02	1.659021e-02	2.329312e-02
707           	-3.350978e-03	9.241248e-01	3.972742e-02	1.651273e-02	2.321469e-02
708           	-3.350539e-03	9.240969e-01	3.961501e-02	1.645697e-02	2.315805e-02
709           	-3.350151e-03	9.240759e-01	3.954864e-02	1.642417e-02	2.312447e-02
710           	-3.349816e-03	9.240623e-01	3.953031e-02	1.641534e-02	2.311497e-02
711           	-3.349542e-03	9.240575e-01	3.956167e-02	1.643130e-02	2.313038e-02
712           	-3.349325e-03	9.240613e-01	3.964295e-02	1.647215e-02	2.317080e-02
713           	-3.349178e-03	9.240739e-01	3.977247e-02	1.653706e-02	2.323541e-02
714           	-3.349098e-03	9.240948e-01	3.994734e-02	1.662457e-02	2.332277e-02
715           	-3.349094e-03	9.241231e-01	4.016267e-02	1.673224e-02	2.343043e-02
716           	-3.349157e-03	9.241563e-01	4.041142e-02	1.685655e-02	2.355487e-02
717           	-3.349343e-03	9.241973e-01	4.068460e-02	1.699295e-02	2.369164e-02
718           	-3.349622e-03	9.242429e-01	4.095668e-02	1.712872e-02	2.382796e-02
719           	-3.349958e-03	9.242889e-01	4.120305e-02	1.725157e-02	2.395148e-02
720           	-3.350309e-03	9.243314e-01	4.140427e-02	1.735183e-02	2.405244e-02
721           	-3.350636e-03	9.243674e-01	4.154723e-02	1.742298e-02	2.412425e-02
722           	-3.350908e-03	9.243945e-01	4.162401e-02	1.746110e-02	2.416291e-02
723           	-3.351089e-03	9.244100e-01	4.163099e-02	1.746440e-02	2.416658e-02
724           	-3.351157e-03	9.244121e-01	4.156871e-02	1.743320e-02	2.413551e-02
725           	-3.351089e-03	9.243994e-01	4.144175e-02	1.736978e-02	2.407196e-02
726           	-3.350889e-03	9.243720e-01	4.125787e-02	1.727805e-02	2.397983e-02
727           	-3.350561e-03	9.243305e-01	4.102783e-02	1.716335e-02	2.386447e-02
728           	-3.350122e-03	9.242763e-01	4.076374e-02	1.703175e-02	2.373199e-02
729           	-3.349595e-03	9.242119e-01	4.047838e-02	1.688960e-02	2.358879e-02
730           	-3.349013e-03	9.241412e-01	4.018448e-02	1.674323e-02	2.344125e-02
731           	-3.348409e-03	9.240678e-01	3.989348e-02	1.659833e-02	2.329515e-02
732           	-3.347807e-03	9.239958e-01	3.961571e-02	1.646005e-02	2.315566e-02
733           	-3.347220e-03	9.239264e-01	3.935747e-02	1.633152e-02	2.302596e-02
734           	-3.346655e-03	9.238598e-01	3.912269e-02	1.621469e-02	2.290800e-02
735           	-3.346112e-03	9.237970e-01	3.891587e-02	1.611182e-02	2.280405e-02
736           	-3.345587e-03	9.237379e-01	3.874240e-02	1.602561e-02	2.271678e-02
737           	-3.345098e-03	9.236864e-01	3.860899e-02	1.595940e-02	2.264959e-02
738           	-3.344653e-03	9.236432e-01	3.851603e-02	1.591336e-02	2.260267e-02
739           	-3.344264e-03	9.236093e-01	3.846658e-02	1.588903e-02	2.257756e-02
740           	-3.343936e-03	9.235866e-01	3.846497e-02	1.588855e-02	2.257642e-02
741           	-3.343675e-03	9.235763e-01	3.851448e-02	1.591356e-02	2.260091e-02
742           	-3.343497e-03	9.235798e-01	3.861782e-02	1.596541e-02	2.265241e-02
743           	-3.343417e-03	9.235991e-01	3.877675e-02	1.604496e-02	2.273179e-02
744           	-3.343446e-03	9.236350e-01	3.899169e-02	1.615240e-02	2.283929e-02
745           	-3.343609e-03	9.236905e-01	3.926061e-02	1.628669e-02	2.297391e-02
746           	-3.343907e-03	9.237622e-01	3.957447e-02	1.644333e-02	2.313114e-02
747           	-3.344296e-03	9.238427e-01	3.991586e-02	1.661363e-02	2.330222e-02
748           	-3.344784e-03	9.239285e-01	4.026527e-02	1.678785e-02	2.347742e-02
749           	-3.345309e-03	9.240167e-01	4.059027e-02	1.694982e-02	2.364044e-02
750           	-3.345797e-03	9.240991e-01	4.086815e-02	1.708828e-02	2.377987e-02
751           	-3.346190e-03	9.241699e-01	4.108577e-02	1.719670e-02	2.388908e-02
752           	-3.346455e-03	9.242253e-01	4.123573e-02	1.727141e-02	2.396432e-02
753           	-3.346572e-03	9.242635e-01	4.131520e-02	1.731103e-02	2.400417e-02
754           	-3.346537e-03	9.242839e-01	4.132398e-02	1.731545e-02	2.400853e-02
755           	-3.346345e-03	9.242861e-01	4.126432e-02	1.728581e-02	2.397850e-02
756           	-3.346003e-03	9.242708e-01	4.114111e-02	1.722455e-02	2.391656e-02
757           	-3.345528e-03	9.242396e-01	4.096135e-02	1.713515e-02	2.382620e-02
758           	-3.344937e-03	9.241947e-01	4.073467e-02	1.702240e-02	2.371227e-02
759           	-3.344255e-03	9.241383e-01	4.047141e-02	1.689145e-02	2.357996e-02
760           	-3.343510e-03	9.240733e-01	4.018243e-02	1.674770e-02	2.343472e-02
761           	-3.342733e-03	9.240032e-01	3.987829e-02	1.659641e-02	2.328188e-02
762           	-3.341954e-03	9.239312e-01	3.956874e-02	1.644241e-02	2.312632e-02
763           	-3.341195e-03	9.238600e-01	3.926188e-02	1.628975e-02	2.297213e-02
764           	-3.340482e-03	9.237922e-01	3.896426e-02	1.614165e-02	2.282261e-02
765           	-3.339824e-03	9.237297e-01	3.868206e-02	1.600121e-02	2.268085e-02
766           	-3.339216e-03	9.236725e-01	3.841898e-02	1.587027e-02	2.254870e-02
767           	-3.338661e-03	9.236199e-01	3.817731e-02	1.575000e-02	2.242732e-02
768           	-3.338153e-03	9.235719e-01	3.796048e-02	1.564209e-02	2.231839e-02
769           	-3.337685e-03	9.235286e-01	3.777340e-02	1.554902e-02	2.222439e-02
770           	-3.337252e-03	9.234913e-01	3.762614e-02	1.547582e-02	2.215032e-02
771           	-3.336871e-03	9.234607e-01	3.751779e-02	1.542202e-02	2.209577e-02
772           	-3.336548e-03	9.234380e-01	3.744946e-02	1.538818e-02	2.206128e-02
773           	-3.336286e-03	9.234245e-01	3.742390e-02	1.537566e-02	2.204824e-02
774           	-3.336088e-03	9.234208e-01	3.744309e-02	1.538546e-02	2.205763e-02
775           	-3.335954e-03	9.234274e-01	3.750842e-02	1.541826e-02	2.209016e-02
776           	-3.335885e-03	9.234443e-01	3.762000e-02	1.547412e-02	2.214589e-02
777           	-3.335888e-03	9.234711e-01	3.777662e-02	1.555242e-02	2.222420e-02
778           	-3.335969e-03	9.235076e-01	3.797592e-02	1.565199e-02	2.232393e-02
779           	-3.336113e-03	9.235504e-01	3.821385e-02	1.577081e-02	2.244304e-02
780           	-3.336370e-03	9.236015e-01	3.848435e-02	1.590581e-02	2.257855e-02
781           	-3.336715e-03	9.236579e-01	3.876389e-02	1.604523e-02	2.271866e-02
782           	-3.337111e-03	9.237143e-01	3.902700e-02	1.617639e-02	2.285061e-02
783           	-3.337517e-03	9.237668e-01	3.925271e-02	1.628884e-02	2.296387e-02
784           	-3.337902e-03	9.238126e-01	3.942658e-02	1.637539e-02	2.305119e-02
785           	-3.338235e-03	9.238496e-01	3.953998e-02	1.643176e-02	2.310823e-02
786           	-3.338493e-03	9.238762e-01	3.958826e-02	1.645564e-02	2.313262e-02
787           	-3.338654e-03	9.238907e-01	3.957021e-02	1.644645e-02	2.312376e-02
788           	-3.338699e-03	9.238920e-01	3.948821e-02	1.640540e-02	2.308280e-02
789           	-3.338623e-03	9.238795e-01	3.934761e-02	1.633518e-02	2.301243e-02
790           	-3.338425e-03	9.238533e-01	3.915682e-02	1.623999e-02	2.291683e-02
791           	-3.338117e-03	9.238147e-01	3.892631e-02	1.612504e-02	2.280127e-02
792           	-3.337720e-03	9.237656e-01	3.866790e-02	1.599623e-02	2.267167e-02
793           	-3.337257e-03	9.237089e-01	3.839427e-02	1.585988e-02	2.253439e-02
794           	-3.336759e-03	9.236481e-01	3.811785e-02	1.572217e-02	2.239568e-02
795           	-3.336250e-03	9.235868e-01	3.784962e-02	1.558856e-02	2.226106e-02
796           	-3.335749e-03	9.235273e-01	3.759774e-02	1.546312e-02	2.213462e-02
797           	-3.335266e-03	9.234701e-01	3.736664e-02	1.534806e-02	2.201859e-02
798           	-3.334805e-03	9.234157e-01	3.716022e-02	1.524531e-02	2.191492e-02
799           	-3.334360e-03	9.233641e-01	3.698376e-02	1.515752e-02	2.182624e-02
800           	-3.333942e-03	9.233184e-01	3.684387e-02	1.508799e-02	2.175588e-02
801           	-3.333564e-03	9.232796e-01	3.673994e-02	1.503641e-02	2.170353e-02
802           	-3.333230e-03	9.232480e-01	3.667377e-02	1.500366e-02	2.167012e-02
803           	-3.332944e-03	9.232246e-01	3.664850e-02	1.499131e-02	2.165719e-02
804           	-3.332715e-03	9.232108e-01	3.666696e-02	1.500076e-02	2.166619e-02
805           	-3.332548e-03	9.232078e-01	3.673140e-02	1.503315e-02	2.169825e-02
806           	-3.332456e-03	9.232175e-01	3.684314e-02	1.508911e-02	2.175403e-02
807           	-3.332457e-03	9.232412e-01	3.700264e-02	1.516886e-02	2.183378e-02
808           	-3.332556e-03	9.232795e-01	3.720910e-02	1.527199e-02	2.193711e-02
809           	-3.332776e-03	9.233348e-01	3.745882e-02	1.539664e-02	2.206219e-02
810           	-3.333108e-03	9.234028e-01	3.774140e-02	1.553759e-02	2.220381e-02
811           	-3.333538e-03	9.234797e-01	3.804691e-02	1.568992e-02	2.235699e-02
812           	-3.334019e-03	9.235590e-01	3.834867e-02	1.584032e-02	2.250835e-02
813           	-3.334506e-03	9.236371e-01	3.862319e-02	1.597709e-02	2.264610e-02
814           	-3.334948e-03	9.237082e-01	3.885386e-02	1.609198e-02	2.276188e-02
815           	-3.335306e-03	9.237681e-01	3.903007e-02	1.617973e-02	2.285034e-02
816           	-3.335559e-03	9.238143e-01	3.914603e-02	1.623746e-02	2.290857e-02
817           	-3.335691e-03	9.238453e-01	3.919905e-02	1.626384e-02	2.293522e-02
818           	-3.335698e-03	9.238604e-01	3.918907e-02	1.625884e-02	2.293023e-02
819           	-3.335577e-03	9.238593e-01	3.911839e-02	1.622362e-02	2.289477e-02
820           	-3.335329e-03	9.238427e-01	3.899208e-02	1.616071e-02	2.283137e-02
821           	-3.334969e-03	9.238118e-01	3.881742e-02	1.607374e-02	2.274368e-02
822           	-3.334509e-03	9.237683e-01	3.860377e-02	1.596738e-02	2.263640e-02
823           	-3.333972e-03	9.237145e-01	3.836136e-02	1.584671e-02	2.251465e-02
824           	-3.333386e-03	9.236533e-01	3.810048e-02	1.571685e-02	2.238362e-02
825           	-3.332772e-03	9.235876e-01	3.783137e-02	1.558291e-02	2.224845e-02
826           	-3.332163e-03	9.235208e-01	3.756282e-02	1.544925e-02	2.211357e-02
827           	-3.331577e-03	9.234556e-01	3.730292e-02	1.531988e-02	2.198304e-02
828           	-3.331022e-03	9.233933e-01	3.705789e-02	1.519792e-02	2.185997e-02
829           	-3.330500e-03	9.233341e-01	3.683198e-02	1.508549e-02	2.174649e-02
830           	-3.330012e-03	9.232777e-01	3.662827e-02	1.498412e-02	2.164415e-02
831           	-3.329559e-03	9.232244e-01	3.645040e-02	1.489564e-02	2.155476e-02
832           	-3.329145e-03	9.231757e-01	3.630363e-02	1.482267e-02	2.148096e-02
833           	-3.328764e-03	9.231328e-01	3.619358e-02	1.476803e-02	2.142555e-02
834           	-3.328433e-03	9.230966e-01	3.611913e-02	1.473113e-02	2.138800e-02
835           	-3.328159e-03	9.230685e-01	3.608141e-02	1.471254e-02	2.136886e-02
836           	-3.327950e-03	9.230501e-01	3.608258e-02	1.471334e-02	2.136924e-02
837           	-3.327809e-03	9.230424e-01	3.612416e-02	1.473427e-02	2.138989e-02
838           	-3.327739e-03	9.230459e-01	3.620674e-02	1.477563e-02	2.143111e-02
839           	-3.327740e-03	9.230603e-01	3.633019e-02	1.483736e-02	2.149284e-02
840           	-3.327816e-03	9.230856e-01	3.649347e-02	1.491892e-02	2.157455e-02
841           	-3.327972e-03	9.231215e-01	3.669437e-02	1.501922e-02	2.167516e-02
842           	-3.328191e-03	9.231650e-01	3.692902e-02	1.513632e-02	2.179270e-02
843           	-3.328506e-03	9.232162e-01	3.719131e-02	1.526715e-02	2.192416e-02
844           	-3.328891e-03	9.232724e-01	3.745929e-02	1.540075e-02	2.205853e-02
845           	-3.329310e-03	9.233286e-01	3.771018e-02	1.552578e-02	2.218440e-02
846           	-3.329727e-03	9.233807e-01	3.792559e-02	1.563307e-02	2.229252e-02
847           	-3.330114e-03	9.234260e-01	3.809330e-02	1.571653e-02	2.237676e-02
848           	-3.330444e-03	9.234624e-01	3.820559e-02	1.577235e-02	2.243324e-02
849           	-3.330700e-03	9.234884e-01	3.825820e-02	1.579840e-02	2.245980e-02
850           	-3.330867e-03	9.235030e-01	3.824951e-02	1.579389e-02	2.245562e-02
851           	-3.330933e-03	9.235052e-01	3.818077e-02	1.575945e-02	2.242132e-02
852           	-3.330892e-03	9.234949e-01	3.805652e-02	1.569737e-02	2.235915e-02
853           	-3.330747e-03	9.234728e-01	3.788430e-02	1.561140e-02	2.227290e-02
854           	-3.330509e-03	9.234398e-01	3.767389e-02	1.550644e-02	2.216746e-02
855           	-3.330191e-03	9.233977e-01	3.743662e-02	1.538812e-02	2.204850e-02
856           	-3.329821e-03	9.233497e-01	3.718548e-02	1.526292e-02	2.192256e-02
857           	-3.329421e-03	9.232987e-01	3.693246e-02	1.513681e-02	2.179565e-02
858           	-3.329010e-03	9.232474e-01	3.668764e-02	1.501481e-02	2.167283e-02
859           	-3.328605e-03	9.231976e-01	3.645818e-02	1.490048e-02	2.155769e-02
860           	-3.328219e-03	9.231501e-01	3.624882e-02	1.479619e-02	2.145263e-02
861           	-3.327857e-03	9.231054e-01	3.606349e-02	1.470389e-02	2.135960e-02
862           	-3.327515e-03	9.230635e-01	3.590705e-02	1.462601e-02	2.128104e-02
863           	-3.327204e-03	9.230270e-01	3.578544e-02	1.456552e-02	2.121993e-02
864           	-3.326931e-03	9.229970e-01	3.569788e-02	1.452201e-02	2.117587e-02
865           	-3.326699e-03	9.229733e-01	3.564540e-02	1.449600e-02	2.114940e-02
866           	-3.326515e-03	9.229568e-01	3.563012e-02	1.448855e-02	2.114158e-02
867           	-3.326384e-03	9.229485e-01	3.565378e-02	1.450050e-02	2.115327e-02
868           	-3.326312e-03	9.229501e-01	3.571774e-02	1.453256e-02	2.118518e-02
869           	-3.326310e-03	9.229626e-01	3.582235e-02	1.458486e-02	2.123748e-02
870           	-3.326389e-03	9.229874e-01	3.596689e-02	1.465706e-02	2.130984e-02
871           	-3.326558e-03	9.230249e-01	3.614964e-02	1.474826e-02	2.140138e-02
872           	-3.326826e-03	9.230766e-01	3.636723e-02	1.485679e-02	2.151044e-02
873           	-3.327167e-03	9.231382e-01	3.661329e-02	1.497948e-02	2.163381e-02
874           	-3.327603e-03	9.232091e-01	3.688027e-02	1.511253e-02	2.176774e-02
875           	-3.328088e-03	9.232833e-01	3.714693e-02	1.524537e-02	2.190155e-02
876           	-3.328580e-03	9.233571e-01	3.739389e-02	1.536837e-02	2.202553e-02
877           	-3.329031e-03	9.234246e-01	3.760580e-02	1.547387e-02	2.213193e-02
878           	-3.329409e-03	9.234821e-01	3.777227e-02	1.555673e-02	2.221555e-02
879           	-3.329694e-03	9.235270e-01	3.788698e-02	1.561380e-02	2.227319e-02
880           	-3.329873e-03	9.235578e-01	3.794632e-02	1.564329e-02	2.230304e-02
881           	-3.329943e-03	9.235739e-01	3.794922e-02	1.564467e-02	2.230455e-02
882           	-3.329900e-03	9.235755e-01	3.789706e-02	1.561863e-02	2.227843e-02
883           	-3.329747e-03	9.235628e-01	3.779395e-02	1.556723e-02	2.222672e-02
884           	-3.329490e-03	9.235370e-01	3.764636e-02	1.549369e-02	2.215267e-02
885           	-3.329146e-03	9.234998e-01	3.746261e-02	1.540216e-02	2.206045e-02
886           	-3.328728e-03	9.234530e-01	3.725182e-02	1.529718e-02	2.195464e-02
887           	-3.328260e-03	9.233993e-01	3.702392e-02	1.518370e-02	2.184022e-02
888           	-3.327767e-03	9.233418e-01	3.678875e-02	1.506661e-02	2.172214e-02
889           	-3.327275e-03	9.232836e-01	3.655530e-02	1.495038e-02	2.160493e-02
890           	-3.326792e-03	9.232262e-01	3.633081e-02	1.483861e-02	2.149220e-02
891           	-3.326324e-03	9.231705e-01	3.612079e-02	1.473407e-02	2.138672e-02
892           	-3.325882e-03	9.231170e-01	3.592960e-02	1.463892e-02	2.129068e-02
893           	-3.325463e-03	9.230654e-01	3.576074e-02	1.455490e-02	2.120583e-02
894           	-3.325070e-03	9.230164e-01	3.561927e-02	1.448457e-02	2.113470e-02
895           	-3.324708e-03	9.229721e-01	3.551056e-02	1.443057e-02	2.107999e-02
896           	-3.324387e-03	9.229331e-01	3.543398e-02	1.439260e-02	2.104138e-02
897           	-3.324115e-03	9.229006e-01	3.539022e-02	1.437099e-02	2.101922e-02
898           	-3.323902e-03	9.228762e-01	3.538073e-02	1.436647e-02	2.101427e-02
899           	-3.323751e-03	9.228610e-01	3.540675e-02	1.437962e-02	2.102713e-02
900           	-3.323668e-03	9.228561e-01	3.546870e-02	1.441068e-02	2.105802e-02
901           	-3.323657e-03	9.228618e-01	3.556636e-02	1.445952e-02	2.110684e-02
902           	-3.323720e-03	9.228784e-01	3.569904e-02	1.452580e-02	2.117324e-02
903           	-3.323863e-03	9.229069e-01	3.586553e-02	1.460890e-02	2.125663e-02
904           	-3.324080e-03	9.229445e-01	3.606300e-02	1.470742e-02	2.135558e-02
905           	-3.324373e-03	9.229904e-01	3.629145e-02	1.482135e-02	2.147010e-02
906           	-3.324736e-03	9.230437e-01	3.653665e-02	1.494359e-02	2.159306e-02
907           	-3.325139e-03	9.230994e-01	3.677935e-02	1.506454e-02	2.171482e-02
908           	-3.325550e-03	9.231531e-01	3.700128e-02	1.517509e-02	2.182619e-02
909           	-3.325939e-03	9.232014e-01	3.718840e-02	1.526826e-02	2.192014e-02
910           	-3.326284e-03	9.232423e-01	3.733123e-02	1.533933e-02	2.199190e-02
911           	-3.326569e-03	9.232740e-01	3.742349e-02	1.538518e-02	2.203832e-02
912           	-3.326783e-03	9.232957e-01	3.746178e-02	1.540411e-02	2.205767e-02
913           	-3.326912e-03	9.233063e-01	3.744482e-02	1.539550e-02	2.204932e-02
914           	-3.326949e-03	9.233056e-01	3.737423e-02	1.536017e-02	2.201406e-02
915           	-3.326895e-03	9.232938e-01	3.725436e-02	1.530029e-02	2.195408e-02
916           	-3.326749e-03	9.232712e-01	3.709214e-02	1.521932e-02	2.187282e-02
917           	-3.326522e-03	9.232392e-01	3.689648e-02	1.512172e-02	2.177476e-02
918           	-3.326234e-03	9.232003e-01	3.667851e-02	1.501302e-02	2.166549e-02
919           	-3.325905e-03	9.231573e-01	3.645014e-02	1.489917e-02	2.155098e-02
920           	-3.325550e-03	9.231121e-01	3.622184e-02	1.478537e-02	2.143647e-02
921           	-3.325185e-03	9.230670e-01	3.600191e-02	1.467577e-02	2.132614e-02
922           	-3.324826e-03	9.230231e-01	3.579635e-02	1.457335e-02	2.122300e-02
923           	-3.324485e-03	9.229814e-01	3.561009e-02	1.448056e-02	2.112953e-02
924           	-3.324167e-03	9.229426e-01	3.544727e-02	1.439947e-02	2.104780e-02
925           	-3.323871e-03	9.229069e-01	3.531241e-02	1.433233e-02	2.098007e-02
926           	-3.323606e-03	9.228761e-01	3.521050e-02	1.428164e-02	2.092885e-02
927           	-3.323379e-03	9.228512e-01	3.514093e-02	1.424709e-02	2.089384e-02
928           	-3.323195e-03	9.228323e-01	3.510439e-02	1.422900e-02	2.087539e-02
929           	-3.323061e-03	9.228203e-01	3.510229e-02	1.422808e-02	2.087421e-02
930           	-3.322979e-03	9.228160e-01	3.513556e-02	1.424480e-02	2.089076e-02
931           	-3.322959e-03	9.228212e-01	3.520465e-02	1.427937e-02	2.092528e-02
932           	-3.323010e-03	9.228367e-01	3.530910e-02	1.433154e-02	2.097756e-02
933           	-3.323140e-03	9.228636e-01	3.544758e-02	1.440065e-02	2.104693e-02
934           	-3.323353e-03	9.229021e-01	3.561780e-02	1.448555e-02	2.113225e-02
935           	-3.323654e-03	9.229529e-01	3.581554e-02	1.458412e-02	2.123142e-02
936           	-3.324013e-03	9.230116e-01	3.603464e-02	1.469331e-02	2.134133e-02
937           	-3.324448e-03	9.230776e-01	3.626823e-02	1.480967e-02	2.145857e-02
938           	-3.324919e-03	9.231462e-01	3.649836e-02	1.492426e-02	2.157410e-02
939           	-3.325388e-03	9.232136e-01	3.670856e-02	1.502889e-02	2.167967e-02
940           	-3.325813e-03	9.232748e-01	3.688652e-02	1.511745e-02	2.176907e-02
941           	-3.326167e-03	9.233262e-01	3.702381e-02	1.518574e-02	2.183807e-02
942           	-3.326432e-03	9.233654e-01	3.711521e-02	1.523117e-02	2.188404e-02
943           	-3.326602e-03	9.233918e-01	3.715787e-02	1.525233e-02	2.190554e-02
944           	-3.326672e-03	9.234045e-01	3.715121e-02	1.524893e-02	2.190228e-02
945           	-3.326643e-03	9.234038e-01	3.709692e-02	1.522182e-02	2.187510e-02
946           	-3.326517e-03	9.233903e-01	3.699907e-02	1.517302e-02	2.182605e-02
947           	-3.326306e-03	9.233654e-01	3.686341e-02	1.510540e-02	2.175801e-02
948           	-3.326018e-03	9.233303e-01	3.669727e-02	1.502262e-02	2.167465e-02
949           	-3.325672e-03	9.232873e-01	3.650889e-02	1.492877e-02	2.158012e-02
950           	-3.325288e-03	9.232391e-01	3.630771e-02	1.482857e-02	2.147914e-02
951           	-3.324888e-03	9.231885e-01	3.610243e-02	1.472633e-02	2.137611e-02
952           	-3.324484e-03	9.231375e-01	3.590057e-02	1.462580e-02	2.127477e-02
953           	-3.324081e-03	9.230869e-01	3.570822e-02	1.453003e-02	2.117819e-02
954           	-3.323689e-03	9.230373e-01	3.553030e-02	1.444146e-02	2.108884e-02
955           	-3.323311e-03	9.229889e-01	3.537113e-02	1.436226e-02	2.100888e-02
956           	-3.322948e-03	9.229421e-01	3.523563e-02	1.429487e-02	2.094076e-02
957           	-3.322610e-03	9.228983e-01	3.512677e-02	1.424078e-02	2.088600e-02
958           	-3.322300e-03	9.228591e-01	3.504881e-02	1.420211e-02	2.084671e-02
959           	-3.322029e-03	9.228251e-01	3.500151e-02	1.417873e-02	2.082279e-02
960           	-3.321806e-03	9.227976e-01	3.498532e-02	1.417085e-02	2.081446e-02
961           	-3.321643e-03	9.227784e-01	3.500138e-02	1.417904e-02	2.082233e-02
962           	-3.321543e-03	9.227683e-01	3.504954e-02	1.420323e-02	2.084631e-02
963           	-3.321512e-03	9.227682e-01	3.512949e-02	1.424323e-02	2.088626e-02
964           	-3.321554e-03	9.227785e-01	3.524004e-02	1.429847e-02	2.094157e-02
965           	-3.321675e-03	9.228006e-01	3.538010e-02	1.436837e-02	2.101172e-02
966           	-3.321869e-03	9.228324e-01	3.554767e-02	1.445197e-02	2.109571e-02
967           	-3.322124e-03	9.228719e-01	3.574024e-02	1.454800e-02	2.119224e-02
968           	-3.322454e-03	9.229195e-01	3.595456e-02	1.465483e-02	2.129974e-02
969           	-3.322839e-03	9.229727e-01	3.617522e-02	1.476477e-02	2.141045e-02
970           	-3.323241e-03	9.230267e-01	3.638526e-02	1.486939e-02	2.151587e-02
971           	-3.323628e-03	9.230773e-01	3.657032e-02	1.496153e-02	2.160879e-02
972           	-3.323977e-03	9.231214e-01	3.672027e-02	1.503616e-02	2.168411e-02
973           	-3.324271e-03	9.231573e-01	3.682820e-02	1.508983e-02	2.173837e-02
974           	-3.324501e-03	9.231840e-01	3.688976e-02	1.512038e-02	2.176938e-02
975           	-3.324659e-03	9.232006e-01	3.690266e-02	1.512667e-02	2.177599e-02
976           	-3.324740e-03	9.232068e-01	3.686685e-02	1.510868e-02	2.175816e-02
977           	-3.324740e-03	9.232026e-01	3.678480e-02	1.506766e-02	2.171714e-02
978           	-3.324658e-03	9.231881e-01	3.666120e-02	1.500594e-02	2.165526e-02
979           	-3.324501e-03	9.231645e-01	3.650278e-02	1.492689e-02	2.157589e-02
980           	-3.324281e-03	9.231335e-01	3.631831e-02	1.483487e-02	2.148344e-02
981           	-3.324018e-03	9.230977e-01	3.611843e-02	1.473520e-02	2.138323e-02
982           	-3.323722e-03	9.230590e-01	3.591302e-02	1.463279e-02	2.128023e-02
983           	-3.323407e-03	9.230189e-01	3.571031e-02	1.453175e-02	2.117856e-02
984           	-3.323085e-03	9.229787e-01	3.551663e-02	1.443523e-02	2.108140e-02
985           	-3.322775e-03	9.229402e-01	3.533764e-02	1.434604e-02	2.099159e-02
986           	-3.322480e-03	9.229038e-01	3.517779e-02	1.426641e-02	2.091137e-02
987           	-3.322201e-03	9.228695e-01	3.504176e-02	1.419868e-02	2.084308e-02
988           	-3.321955e-03	9.228395e-01	3.493290e-02	1.414450e-02	2.078841e-02
989           	-3.321734e-03	9.228139e-01	3.485498e-02	1.410576e-02	2.074923e-02
990           	-3.321546e-03	9.227934e-01	3.480757e-02	1.408224e-02	2.072533e-02
991           	-3.321400e-03	9.227783e-01	3.479122e-02	1.407421e-02	2.071701e-02
992           	-3.321300e-03	9.227698e-01	3.480718e-02	1.408229e-02	2.072489e-02
993           	-3.321255e-03	9.227690e-01	3.485547e-02	1.410648e-02	2.074899e-02
994           	-3.321273e-03	9.227772e-01	3.493589e-02	1.414667e-02	2.078922e-02
995           	-3.321364e-03	9.227954e-01	3.504699e-02	1.420213e-02	2.084486e-02
996           	-3.321530e-03	9.228242e-01	3.518686e-02	1.427190e-02	2.091496e-02
997           	-3.321773e-03	9.228632e-01	3.535250e-02	1.435447e-02	2.099802e-02
998           	-3.322082e-03	9.229120e-01	3.554011e-02	1.444797e-02	2.109214e-02
999           	-3.322467e-03	9.229693e-01	3.574568e-02	1.455037e-02	2.119531e-02
1000          	-3.322897e-03	9.230306e-01	3.595496e-02	1.465458e-02	2.130038e-02
