# Force coefficients
# liftDir     : (0.000000e+00 0.000000e+00 1.000000e+00)
# dragDir     : (0.000000e+00 1.000000e+00 0.000000e+00)
# pitchAxis   : (1.000000e+00 0.000000e+00 0.000000e+00)
# magUInf     : 4.708437e-01
# lRef        : 4.000000e+00
# Aref        : 2.562000e-02
# CofR        : (0.000000e+00 0.000000e+00 0.000000e+00)
# Time        	Cm            	Cd            	Cl            	Cl(f)         	Cl(r)         
1             	-1.960297e-04	4.501970e-02	-4.904030e-03	-2.648045e-03	-2.255985e-03
2             	-2.153479e-03	5.520185e-01	-6.650117e-02	-3.540406e-02	-3.109711e-02
3             	-3.085245e-03	9.412604e-01	-7.249558e-02	-3.933303e-02	-3.316254e-02
4             	-2.899893e-03	1.035197e+00	-4.330827e-02	-2.455403e-02	-1.875424e-02
5             	-2.343633e-03	9.809086e-01	-5.264988e-03	-4.976128e-03	-2.888606e-04
6             	-1.978915e-03	9.031170e-01	1.520035e-02	5.621258e-03	9.579088e-03
7             	-1.654607e-03	8.142246e-01	3.809156e-02	1.739117e-02	2.070039e-02
8             	-1.572258e-03	7.596958e-01	4.599588e-02	2.142568e-02	2.457020e-02
9             	-1.650265e-03	7.411378e-01	4.776621e-02	2.223284e-02	2.553337e-02
10            	-1.784762e-03	7.486347e-01	4.527360e-02	2.085204e-02	2.442156e-02
11            	-1.918272e-03	7.642812e-01	4.147136e-02	1.881741e-02	2.265395e-02
12            	-2.062000e-03	7.857380e-01	3.581010e-02	1.584305e-02	1.996705e-02
13            	-2.225288e-03	8.145909e-01	2.561187e-02	1.058065e-02	1.503122e-02
14            	-2.325346e-03	8.337825e-01	1.285733e-02	4.103317e-03	8.754010e-03
15            	-2.390666e-03	8.411380e-01	1.588512e-03	-1.596410e-03	3.184922e-03
16            	-2.470197e-03	8.434378e-01	-7.739927e-03	-6.340161e-03	-1.399766e-03
17            	-2.568196e-03	8.444704e-01	-1.515494e-02	-1.014567e-02	-5.009274e-03
18            	-2.674767e-03	8.450453e-01	-2.052410e-02	-1.293682e-02	-7.587284e-03
19            	-2.778666e-03	8.450041e-01	-2.351489e-02	-1.453611e-02	-8.978778e-03
20            	-2.881993e-03	8.449370e-01	-2.338605e-02	-1.457502e-02	-8.811031e-03
21            	-2.988884e-03	8.457926e-01	-1.925995e-02	-1.261886e-02	-6.641091e-03
22            	-3.088300e-03	8.479576e-01	-1.071582e-02	-8.446208e-03	-2.269608e-03
23            	-3.165386e-03	8.513394e-01	1.091162e-03	-2.619805e-03	3.710967e-03
24            	-3.212823e-03	8.552419e-01	1.350052e-02	3.537435e-03	9.963082e-03
25            	-3.242794e-03	8.592383e-01	2.561440e-02	9.564407e-03	1.605000e-02
26            	-3.266940e-03	8.631668e-01	3.721937e-02	1.534274e-02	2.187662e-02
27            	-3.286342e-03	8.663281e-01	4.698655e-02	2.020693e-02	2.677962e-02
28            	-3.301488e-03	8.687922e-01	5.429842e-02	2.384772e-02	3.045070e-02
29            	-3.309079e-03	8.699672e-01	5.928518e-02	2.633351e-02	3.295167e-02
30            	-3.310369e-03	8.701297e-01	6.236986e-02	2.787456e-02	3.449530e-02
31            	-3.309459e-03	8.696142e-01	6.411946e-02	2.875027e-02	3.536919e-02
32            	-3.311577e-03	8.688095e-01	6.531881e-02	2.934783e-02	3.597098e-02
33            	-3.319264e-03	8.677985e-01	6.678455e-02	3.007301e-02	3.671154e-02
34            	-3.331982e-03	8.664216e-01	6.905224e-02	3.119414e-02	3.785810e-02
35            	-3.344352e-03	8.643549e-01	7.237955e-02	3.284542e-02	3.953413e-02
36            	-3.351815e-03	8.615950e-01	7.701932e-02	3.515785e-02	4.186148e-02
37            	-3.354194e-03	8.583562e-01	8.329794e-02	3.829478e-02	4.500316e-02
38            	-3.355403e-03	8.554622e-01	9.144331e-02	4.236625e-02	4.907706e-02
39            	-3.358113e-03	8.534314e-01	1.011321e-01	4.720795e-02	5.392418e-02
40            	-3.366968e-03	8.527802e-01	1.115355e-01	5.240079e-02	5.913472e-02
41            	-3.385927e-03	8.536155e-01	1.224409e-01	5.783450e-02	6.460635e-02
42            	-3.408981e-03	8.550414e-01	1.331752e-01	6.317864e-02	6.999660e-02
43            	-3.435619e-03	8.576432e-01	1.428886e-01	6.800868e-02	7.487991e-02
44            	-3.462617e-03	8.615188e-01	1.510390e-01	7.205687e-02	7.898211e-02
45            	-3.496719e-03	8.678197e-01	1.574920e-01	7.524926e-02	8.224270e-02
46            	-3.536843e-03	8.757186e-01	1.620971e-01	7.751173e-02	8.458541e-02
47            	-3.570948e-03	8.825780e-01	1.656712e-01	7.926468e-02	8.640657e-02
48            	-3.594529e-03	8.872672e-01	1.689995e-01	8.090524e-02	8.809429e-02
49            	-3.608040e-03	8.896073e-01	1.720071e-01	8.239551e-02	8.961159e-02
50            	-3.612699e-03	8.895837e-01	1.738995e-01	8.333707e-02	9.056247e-02
51            	-3.609633e-03	8.874887e-01	1.742133e-01	8.349702e-02	9.071628e-02
52            	-3.599431e-03	8.840219e-01	1.730315e-01	8.291633e-02	9.011519e-02
53            	-3.581589e-03	8.797695e-01	1.709196e-01	8.187819e-02	8.904136e-02
54            	-3.561548e-03	8.761816e-01	1.687120e-01	8.079447e-02	8.791757e-02
55            	-3.551665e-03	8.751120e-01	1.669779e-01	7.993730e-02	8.704063e-02
56            	-3.560192e-03	8.770903e-01	1.656655e-01	7.927257e-02	8.639295e-02
57            	-3.578973e-03	8.804647e-01	1.644563e-01	7.864919e-02	8.580714e-02
58            	-3.593516e-03	8.833309e-01	1.636645e-01	7.823874e-02	8.542577e-02
59            	-3.593405e-03	8.843883e-01	1.637626e-01	7.828790e-02	8.547471e-02
60            	-3.573339e-03	8.828311e-01	1.650464e-01	7.894985e-02	8.609653e-02
61            	-3.534989e-03	8.787427e-01	1.667706e-01	7.985030e-02	8.692027e-02
62            	-3.487172e-03	8.737152e-01	1.677603e-01	8.039298e-02	8.736732e-02
63            	-3.439003e-03	8.694002e-01	1.670901e-01	8.010606e-02	8.698407e-02
64            	-3.396413e-03	8.667039e-01	1.639937e-01	7.860043e-02	8.539326e-02
65            	-3.362658e-03	8.660636e-01	1.579697e-01	7.562218e-02	8.234749e-02
66            	-3.338347e-03	8.672431e-01	1.498787e-01	7.160101e-02	7.827770e-02
67            	-3.313885e-03	8.689592e-01	1.418457e-01	6.760897e-02	7.423674e-02
68            	-3.285792e-03	8.705289e-01	1.355721e-01	6.450026e-02	7.107185e-02
69            	-3.252878e-03	8.717025e-01	1.322057e-01	6.284997e-02	6.935573e-02
70            	-3.214902e-03	8.714941e-01	1.319709e-01	6.277056e-02	6.920037e-02
71            	-3.178305e-03	8.692280e-01	1.333911e-01	6.351726e-02	6.987387e-02
72            	-3.155027e-03	8.657348e-01	1.342224e-01	6.395619e-02	7.026625e-02
73            	-3.155165e-03	8.625081e-01	1.331405e-01	6.341507e-02	6.972540e-02
74            	-3.176812e-03	8.599878e-01	1.304403e-01	6.204333e-02	6.839695e-02
75            	-3.222188e-03	8.585883e-01	1.264727e-01	6.001418e-02	6.645855e-02
76            	-3.293312e-03	8.586419e-01	1.205241e-01	5.696876e-02	6.355538e-02
77            	-3.389046e-03	8.611271e-01	1.120437e-01	5.263280e-02	5.941090e-02
78            	-3.487542e-03	8.652989e-01	1.022649e-01	4.764491e-02	5.461999e-02
79            	-3.578271e-03	8.709868e-01	9.332641e-02	4.308493e-02	5.024148e-02
80            	-3.661067e-03	8.779627e-01	8.595472e-02	3.931629e-02	4.663843e-02
81            	-3.735097e-03	8.857144e-01	8.015951e-02	3.634466e-02	4.381485e-02
82            	-3.798973e-03	8.937754e-01	7.575867e-02	3.408036e-02	4.167831e-02
83            	-3.853159e-03	9.023487e-01	7.316688e-02	3.273028e-02	4.043660e-02
84            	-3.896452e-03	9.112306e-01	7.320192e-02	3.270451e-02	4.049741e-02
85            	-3.925667e-03	9.197389e-01	7.652228e-02	3.433547e-02	4.218681e-02
86            	-3.935861e-03	9.268589e-01	8.349428e-02	3.781128e-02	4.568300e-02
87            	-3.923485e-03	9.311684e-01	9.384833e-02	4.300068e-02	5.084765e-02
88            	-3.893098e-03	9.314773e-01	1.068124e-01	4.951309e-02	5.729929e-02
89            	-3.853880e-03	9.281842e-01	1.204454e-01	5.636882e-02	6.407658e-02
90            	-3.812250e-03	9.229702e-01	1.329142e-01	6.264484e-02	7.026934e-02
91            	-3.769177e-03	9.172036e-01	1.437842e-01	6.812292e-02	7.566128e-02
92            	-3.726562e-03	9.119502e-01	1.530537e-01	7.280029e-02	8.025342e-02
93            	-3.685711e-03	9.074478e-01	1.606108e-01	7.661968e-02	8.399110e-02
94            	-3.649459e-03	9.039381e-01	1.659934e-01	7.934726e-02	8.664618e-02
95            	-3.619705e-03	9.012988e-01	1.690000e-01	8.088029e-02	8.811970e-02
96            	-3.599929e-03	8.996689e-01	1.686217e-01	8.071095e-02	8.791080e-02
97            	-3.569333e-03	8.973543e-01	1.655144e-01	7.918784e-02	8.632651e-02
98            	-3.524489e-03	8.951197e-01	1.603811e-01	7.666604e-02	8.371501e-02
99            	-3.472153e-03	8.941899e-01	1.523850e-01	7.272033e-02	7.966463e-02
100           	-3.419659e-03	8.945805e-01	1.395923e-01	6.637649e-02	7.321581e-02
101           	-3.363787e-03	8.943674e-01	1.211092e-01	5.719080e-02	6.391837e-02
102           	-3.300202e-03	8.919862e-01	9.771915e-02	4.555937e-02	5.215978e-02
103           	-3.225612e-03	8.863442e-01	7.157057e-02	3.255967e-02	3.901090e-02
104           	-3.144112e-03	8.780637e-01	4.536061e-02	1.953620e-02	2.582442e-02
105           	-3.071704e-03	8.700013e-01	2.153256e-02	7.694578e-03	1.383799e-02
106           	-3.023354e-03	8.643455e-01	1.608609e-03	-2.219050e-03	3.827659e-03
107           	-3.004165e-03	8.619289e-01	-1.291072e-02	-9.459524e-03	-3.451194e-03
108           	-3.006970e-03	8.623144e-01	-2.064837e-02	-1.333116e-02	-7.317217e-03
109           	-3.025656e-03	8.646945e-01	-1.972633e-02	-1.288882e-02	-6.837510e-03
110           	-3.063884e-03	8.691064e-01	-8.239519e-03	-7.183644e-03	-1.055875e-03
111           	-3.133397e-03	8.767712e-01	1.250287e-02	3.118036e-03	9.384831e-03
112           	-3.235145e-03	8.872973e-01	3.734528e-02	1.543750e-02	2.190778e-02
113           	-3.349024e-03	8.977151e-01	6.074757e-02	2.702476e-02	3.372281e-02
114           	-3.466372e-03	9.069005e-01	8.032412e-02	3.669569e-02	4.362843e-02
115           	-3.576736e-03	9.139917e-01	9.343087e-02	4.313870e-02	5.029217e-02
116           	-3.673735e-03	9.189914e-01	9.895904e-02	4.580579e-02	5.315326e-02
117           	-3.763243e-03	9.232582e-01	9.696099e-02	4.471725e-02	5.224374e-02
118           	-3.844922e-03	9.277783e-01	8.836953e-02	4.033984e-02	4.802969e-02
119           	-3.915796e-03	9.326927e-01	7.642479e-02	3.429660e-02	4.212819e-02
120           	-3.971601e-03	9.372334e-01	6.514502e-02	2.860091e-02	3.654411e-02
121           	-4.005858e-03	9.402236e-01	5.842243e-02	2.520536e-02	3.321707e-02
122           	-4.010197e-03	9.395147e-01	5.924134e-02	2.561047e-02	3.363087e-02
123           	-3.981061e-03	9.344639e-01	6.979722e-02	3.091755e-02	3.887967e-02
124           	-3.934673e-03	9.262668e-01	8.980519e-02	4.096792e-02	4.883727e-02
125           	-3.893755e-03	9.178530e-01	1.157443e-01	5.397842e-02	6.176593e-02
126           	-3.864599e-03	9.096935e-01	1.430860e-01	6.767840e-02	7.540760e-02
127           	-3.849058e-03	9.026595e-01	1.676058e-01	7.995386e-02	8.765198e-02
128           	-3.851618e-03	8.981929e-01	1.865414e-01	8.941908e-02	9.712232e-02
129           	-3.869219e-03	8.961953e-01	1.994881e-01	9.587481e-02	1.036133e-01
130           	-3.893511e-03	8.962258e-01	2.059544e-01	9.908367e-02	1.068707e-01
131           	-3.914718e-03	8.969247e-01	2.061354e-01	9.915298e-02	1.069824e-01
132           	-3.924943e-03	8.975373e-01	1.995090e-01	9.582958e-02	1.036795e-01
133           	-3.916490e-03	8.969291e-01	1.868867e-01	8.952688e-02	9.735986e-02
134           	-3.886755e-03	8.945811e-01	1.706960e-01	8.146123e-02	8.923474e-02
135           	-3.844813e-03	8.911980e-01	1.545389e-01	7.342462e-02	8.111425e-02
136           	-3.797397e-03	8.872880e-01	1.404367e-01	6.642097e-02	7.401577e-02
137           	-3.752467e-03	8.833969e-01	1.297747e-01	6.113488e-02	6.863981e-02
138           	-3.715754e-03	8.800700e-01	1.230508e-01	5.780965e-02	6.524116e-02
139           	-3.686998e-03	8.774889e-01	1.200838e-01	5.635492e-02	6.372891e-02
140           	-3.669182e-03	8.761964e-01	1.208567e-01	5.675915e-02	6.409751e-02
141           	-3.664267e-03	8.761877e-01	1.254291e-01	5.905029e-02	6.637882e-02
142           	-3.672850e-03	8.772180e-01	1.331514e-01	6.290283e-02	7.024853e-02
143           	-3.687987e-03	8.783886e-01	1.428441e-01	6.773406e-02	7.511003e-02
144           	-3.706695e-03	8.794839e-01	1.532070e-01	7.289680e-02	8.031019e-02
145           	-3.729239e-03	8.804471e-01	1.630546e-01	7.779807e-02	8.525654e-02
146           	-3.757359e-03	8.818926e-01	1.710590e-01	8.177212e-02	8.928684e-02
147           	-3.791443e-03	8.843837e-01	1.763414e-01	8.437924e-02	9.196212e-02
148           	-3.833397e-03	8.884366e-01	1.786026e-01	8.546788e-02	9.313467e-02
149           	-3.879300e-03	8.937733e-01	1.775466e-01	8.489401e-02	9.265261e-02
150           	-3.924045e-03	9.001096e-01	1.730317e-01	8.259181e-02	9.043990e-02
151           	-3.962763e-03	9.071665e-01	1.650727e-01	7.857358e-02	8.649911e-02
152           	-3.981123e-03	9.129036e-01	1.549131e-01	7.347543e-02	8.143767e-02
153           	-3.974003e-03	9.162541e-01	1.439786e-01	6.801528e-02	7.596329e-02
154           	-3.944803e-03	9.168515e-01	1.336445e-01	6.287747e-02	7.076708e-02
155           	-3.902403e-03	9.153113e-01	1.247370e-01	5.846611e-02	6.627091e-02
156           	-3.857700e-03	9.123133e-01	1.179978e-01	5.514118e-02	6.285658e-02
157           	-3.814491e-03	9.085322e-01	1.133197e-01	5.284538e-02	6.047436e-02
158           	-3.777701e-03	9.044155e-01	1.112084e-01	5.182648e-02	5.938188e-02
159           	-3.746991e-03	8.997950e-01	1.119992e-01	5.225260e-02	5.974658e-02
160           	-3.720926e-03	8.946334e-01	1.154729e-01	5.401554e-02	6.145739e-02
161           	-3.701134e-03	8.895018e-01	1.210630e-01	5.683037e-02	6.423264e-02
162           	-3.694115e-03	8.857354e-01	1.276951e-01	6.015343e-02	6.754166e-02
163           	-3.702659e-03	8.842418e-01	1.338259e-01	6.321029e-02	7.061561e-02
164           	-3.728621e-03	8.854795e-01	1.390974e-01	6.582010e-02	7.327734e-02
165           	-3.770036e-03	8.896769e-01	1.434920e-01	6.797594e-02	7.551602e-02
166           	-3.819210e-03	8.961381e-01	1.468837e-01	6.962263e-02	7.726105e-02
167           	-3.865343e-03	9.033211e-01	1.485411e-01	7.040520e-02	7.813589e-02
168           	-3.905298e-03	9.108559e-01	1.476209e-01	6.990515e-02	7.771574e-02
169           	-3.932523e-03	9.176321e-01	1.434349e-01	6.778493e-02	7.564998e-02
170           	-3.938448e-03	9.221770e-01	1.369794e-01	6.455124e-02	7.242813e-02
171           	-3.918479e-03	9.231327e-01	1.299359e-01	6.104949e-02	6.888645e-02
172           	-3.876807e-03	9.205992e-01	1.237978e-01	5.802209e-02	6.577570e-02
173           	-3.822035e-03	9.153810e-01	1.201106e-01	5.623324e-02	6.387731e-02
174           	-3.772016e-03	9.093959e-01	1.203263e-01	5.639113e-02	6.393516e-02
175           	-3.743375e-03	9.046804e-01	1.251686e-01	5.884095e-02	6.632770e-02
176           	-3.741693e-03	9.023787e-01	1.338875e-01	6.320207e-02	7.068546e-02
177           	-3.764494e-03	9.025261e-01	1.447671e-01	6.861906e-02	7.614804e-02
178           	-3.799308e-03	9.033881e-01	1.557203e-01	7.406086e-02	8.165948e-02
179           	-3.834119e-03	9.039458e-01	1.651595e-01	7.874563e-02	8.641386e-02
180           	-3.860552e-03	9.035128e-01	1.720525e-01	8.216569e-02	8.988680e-02
181           	-3.877507e-03	9.021907e-01	1.758918e-01	8.406837e-02	9.182338e-02
182           	-3.886249e-03	9.002991e-01	1.761577e-01	8.419258e-02	9.196508e-02
183           	-3.889999e-03	8.985753e-01	1.723854e-01	8.230270e-02	9.008270e-02
184           	-3.890221e-03	8.974437e-01	1.655046e-01	7.886207e-02	8.664251e-02
185           	-3.885545e-03	8.965070e-01	1.576758e-01	7.495236e-02	8.272345e-02
186           	-3.874073e-03	8.954004e-01	1.508462e-01	7.154904e-02	7.929718e-02
187           	-3.854643e-03	8.939826e-01	1.462226e-01	6.925665e-02	7.696594e-02
188           	-3.829892e-03	8.922977e-01	1.445431e-01	6.844167e-02	7.610145e-02
189           	-3.805927e-03	8.910279e-01	1.456770e-01	6.903256e-02	7.664441e-02
190           	-3.785839e-03	8.904435e-01	1.490112e-01	7.071977e-02	7.829145e-02
191           	-3.771281e-03	8.905910e-01	1.539253e-01	7.319138e-02	8.073394e-02
192           	-3.763959e-03	8.916552e-01	1.596972e-01	7.608465e-02	8.361256e-02
193           	-3.765740e-03	8.940925e-01	1.653651e-01	7.891683e-02	8.644831e-02
194           	-3.776696e-03	8.979533e-01	1.694598e-01	8.095318e-02	8.850658e-02
195           	-3.793177e-03	9.025994e-01	1.704102e-01	8.141194e-02	8.899830e-02
196           	-3.810758e-03	9.072695e-01	1.673103e-01	7.984438e-02	8.746590e-02
197           	-3.826841e-03	9.115432e-01	1.597749e-01	7.606062e-02	8.371430e-02
198           	-3.839064e-03	9.150986e-01	1.484259e-01	7.037391e-02	7.805203e-02
199           	-3.845346e-03	9.176989e-01	1.349326e-01	6.362098e-02	7.131167e-02
200           	-3.843423e-03	9.191551e-01	1.213093e-01	5.681124e-02	6.449808e-02
201           	-3.831915e-03	9.193386e-01	1.094992e-01	5.091767e-02	5.858150e-02
202           	-3.810775e-03	9.183098e-01	1.008800e-01	4.662925e-02	5.425080e-02
203           	-3.780520e-03	9.161915e-01	9.651417e-02	4.447656e-02	5.203760e-02
204           	-3.743297e-03	9.131088e-01	9.752064e-02	4.501702e-02	5.250362e-02
205           	-3.703971e-03	9.091774e-01	1.045308e-01	4.856145e-02	5.596940e-02
206           	-3.668759e-03	9.047001e-01	1.166894e-01	5.467594e-02	6.201346e-02
207           	-3.641846e-03	8.999105e-01	1.317516e-01	6.223396e-02	6.951766e-02
208           	-3.625335e-03	8.952639e-01	1.468266e-01	6.978798e-02	7.703865e-02
209           	-3.619604e-03	8.913408e-01	1.590120e-01	7.588638e-02	8.312559e-02
210           	-3.623328e-03	8.884291e-01	1.667445e-01	7.974891e-02	8.699556e-02
211           	-3.637510e-03	8.866102e-01	1.698222e-01	8.127357e-02	8.854859e-02
212           	-3.660990e-03	8.858001e-01	1.674797e-01	8.007884e-02	8.740082e-02
213           	-3.690126e-03	8.863325e-01	1.585886e-01	7.560415e-02	8.298440e-02
214           	-3.714382e-03	8.879693e-01	1.435179e-01	6.804455e-02	7.547331e-02
215           	-3.724186e-03	8.903982e-01	1.255934e-01	5.907252e-02	6.652089e-02
216           	-3.717428e-03	8.925797e-01	1.092760e-01	5.092057e-02	5.835542e-02
217           	-3.702078e-03	8.944562e-01	9.673298e-02	4.466441e-02	5.206857e-02
218           	-3.685260e-03	8.963209e-01	8.826329e-02	4.044639e-02	4.781691e-02
219           	-3.669590e-03	8.983485e-01	8.351509e-02	3.808796e-02	4.542714e-02
220           	-3.656040e-03	9.007438e-01	8.243065e-02	3.755928e-02	4.487136e-02
221           	-3.645675e-03	9.036625e-01	8.523585e-02	3.897225e-02	4.626360e-02
222           	-3.640184e-03	9.070302e-01	9.193164e-02	4.232563e-02	4.960600e-02
223           	-3.642652e-03	9.109670e-01	1.016232e-01	4.716893e-02	5.445424e-02
224           	-3.650878e-03	9.145081e-01	1.122128e-01	5.245553e-02	5.975729e-02
225           	-3.660366e-03	9.170160e-01	1.210516e-01	5.686542e-02	6.418615e-02
226           	-3.673348e-03	9.191148e-01	1.265119e-01	5.958260e-02	6.692929e-02
227           	-3.687005e-03	9.207421e-01	1.282099e-01	6.041794e-02	6.779195e-02
228           	-3.700237e-03	9.219912e-01	1.259806e-01	5.929007e-02	6.669054e-02
229           	-3.711251e-03	9.227470e-01	1.197025e-01	5.613998e-02	6.356248e-02
230           	-3.712863e-03	9.223499e-01	1.102738e-01	5.142403e-02	5.884976e-02
231           	-3.699256e-03	9.202499e-01	9.963935e-02	4.612042e-02	5.351893e-02
232           	-3.668639e-03	9.162720e-01	9.004771e-02	4.135522e-02	4.869250e-02
233           	-3.624728e-03	9.104805e-01	8.418460e-02	3.846757e-02	4.571703e-02
234           	-3.575412e-03	9.038670e-01	8.349312e-02	3.817115e-02	4.532197e-02
235           	-3.529974e-03	8.976020e-01	8.817734e-02	4.055870e-02	4.761865e-02
236           	-3.495460e-03	8.926484e-01	9.713311e-02	4.507110e-02	5.206202e-02
237           	-3.474416e-03	8.893068e-01	1.083731e-01	5.071214e-02	5.766098e-02
238           	-3.468632e-03	8.879361e-01	1.195670e-01	5.631488e-02	6.325215e-02
239           	-3.475458e-03	8.883745e-01	1.286753e-01	6.086218e-02	6.781310e-02
240           	-3.492237e-03	8.904235e-01	1.342095e-01	6.361252e-02	7.059699e-02
241           	-3.517602e-03	8.939768e-01	1.351684e-01	6.406658e-02	7.110178e-02
242           	-3.548856e-03	8.989098e-01	1.309276e-01	6.191494e-02	6.901265e-02
243           	-3.579771e-03	9.048236e-01	1.213279e-01	5.708420e-02	6.424374e-02
244           	-3.602280e-03	9.107828e-01	1.077904e-01	5.029290e-02	5.749746e-02
245           	-3.611518e-03	9.157702e-01	9.299871e-02	4.288784e-02	5.011087e-02
246           	-3.605561e-03	9.190301e-01	7.940908e-02	3.609898e-02	4.331010e-02
247           	-3.588329e-03	9.203957e-01	6.889758e-02	3.086046e-02	3.803712e-02
248           	-3.565408e-03	9.205029e-01	6.173597e-02	2.730258e-02	3.443339e-02
249           	-3.538032e-03	9.198631e-01	5.734816e-02	2.513605e-02	3.221211e-02
250           	-3.506077e-03	9.186137e-01	5.581669e-02	2.440227e-02	3.141442e-02
251           	-3.473038e-03	9.170393e-01	5.771579e-02	2.538486e-02	3.233093e-02
252           	-3.443751e-03	9.154294e-01	6.316370e-02	2.813810e-02	3.502560e-02
253           	-3.424075e-03	9.142483e-01	7.121636e-02	3.218410e-02	3.903226e-02
254           	-3.416319e-03	9.138409e-01	8.013461e-02	3.665099e-02	4.348362e-02
255           	-3.416975e-03	9.138108e-01	8.793468e-02	4.055036e-02	4.738432e-02
256           	-3.422331e-03	9.139974e-01	9.340360e-02	4.327947e-02	5.012413e-02
257           	-3.429067e-03	9.141618e-01	9.642982e-02	4.478584e-02	5.164398e-02
258           	-3.436007e-03	9.141806e-01	9.717602e-02	4.515201e-02	5.202402e-02
259           	-3.441687e-03	9.139256e-01	9.568670e-02	4.440167e-02	5.128504e-02
260           	-3.443955e-03	9.133553e-01	9.212424e-02	4.261816e-02	4.950607e-02
261           	-3.440646e-03	9.123922e-01	8.706927e-02	4.009399e-02	4.697528e-02
262           	-3.430547e-03	9.109573e-01	8.149831e-02	3.731861e-02	4.417970e-02
263           	-3.414464e-03	9.090615e-01	7.644271e-02	3.480689e-02	4.163582e-02
264           	-3.395978e-03	9.070794e-01	7.255263e-02	3.288034e-02	3.967229e-02
265           	-3.380884e-03	9.056912e-01	7.011556e-02	3.167689e-02	3.843866e-02
266           	-3.369577e-03	9.048949e-01	6.893951e-02	3.110018e-02	3.783933e-02
267           	-3.362152e-03	9.046901e-01	6.870168e-02	3.098869e-02	3.771299e-02
268           	-3.358003e-03	9.049593e-01	6.904988e-02	3.116694e-02	3.788294e-02
269           	-3.357988e-03	9.057866e-01	6.964656e-02	3.146529e-02	3.818127e-02
270           	-3.361973e-03	9.071074e-01	7.012986e-02	3.170295e-02	3.842690e-02
271           	-3.368907e-03	9.087328e-01	7.019764e-02	3.172991e-02	3.846772e-02
272           	-3.377165e-03	9.104106e-01	6.967584e-02	3.146075e-02	3.821508e-02
273           	-3.384989e-03	9.118898e-01	6.854094e-02	3.088548e-02	3.765546e-02
274           	-3.390543e-03	9.129332e-01	6.693287e-02	3.007589e-02	3.685698e-02
275           	-3.393081e-03	9.134675e-01	6.501243e-02	2.911314e-02	3.589930e-02
276           	-3.392205e-03	9.134816e-01	6.297013e-02	2.809286e-02	3.487727e-02
277           	-3.387853e-03	9.130124e-01	6.096626e-02	2.709528e-02	3.387098e-02
278           	-3.380105e-03	9.121084e-01	5.912901e-02	2.618440e-02	3.294461e-02
279           	-3.369477e-03	9.108584e-01	5.758517e-02	2.542311e-02	3.216206e-02
280           	-3.357259e-03	9.094135e-01	5.652147e-02	2.490348e-02	3.161799e-02
281           	-3.345334e-03	9.079739e-01	5.602001e-02	2.466467e-02	3.135534e-02
282           	-3.334855e-03	9.067595e-01	5.606803e-02	2.469916e-02	3.136887e-02
283           	-3.326565e-03	9.058867e-01	5.652469e-02	2.493578e-02	3.158891e-02
284           	-3.320727e-03	9.053974e-01	5.722254e-02	2.529054e-02	3.193199e-02
285           	-3.317212e-03	9.052787e-01	5.802625e-02	2.569591e-02	3.233034e-02
286           	-3.315740e-03	9.055164e-01	5.884823e-02	2.610837e-02	3.273985e-02
287           	-3.315658e-03	9.059653e-01	5.966031e-02	2.651450e-02	3.314581e-02
288           	-3.315667e-03	9.064319e-01	6.040339e-02	2.688603e-02	3.351736e-02
289           	-3.315493e-03	9.068264e-01	6.112001e-02	2.724451e-02	3.387550e-02
290           	-3.315034e-03	9.071678e-01	6.184392e-02	2.760692e-02	3.423699e-02
291           	-3.314194e-03	9.074427e-01	6.263035e-02	2.800098e-02	3.462937e-02
292           	-3.312380e-03	9.075765e-01	6.345094e-02	2.841309e-02	3.503785e-02
293           	-3.309250e-03	9.074685e-01	6.427048e-02	2.882599e-02	3.544449e-02
294           	-3.304717e-03	9.070584e-01	6.504431e-02	2.921744e-02	3.582687e-02
295           	-3.299341e-03	9.064201e-01	6.569929e-02	2.955030e-02	3.614899e-02
296           	-3.293747e-03	9.056804e-01	6.618324e-02	2.979787e-02	3.638537e-02
297           	-3.288209e-03	9.049289e-01	6.650546e-02	2.996452e-02	3.654094e-02
298           	-3.282966e-03	9.042213e-01	6.669271e-02	3.006339e-02	3.662932e-02
299           	-3.278623e-03	9.036549e-01	6.677095e-02	3.010685e-02	3.666410e-02
300           	-3.274612e-03	9.031201e-01	6.678923e-02	3.012000e-02	3.666923e-02
301           	-3.270998e-03	9.026591e-01	6.677544e-02	3.011672e-02	3.665872e-02
302           	-3.267601e-03	9.022526e-01	6.676132e-02	3.011306e-02	3.664826e-02
303           	-3.264346e-03	9.019072e-01	6.677457e-02	3.012294e-02	3.665163e-02
304           	-3.261208e-03	9.016330e-01	6.684463e-02	3.016111e-02	3.668352e-02
305           	-3.258049e-03	9.014380e-01	6.699945e-02	3.024167e-02	3.675777e-02
306           	-3.255183e-03	9.013697e-01	6.723699e-02	3.036331e-02	3.687368e-02
307           	-3.252693e-03	9.014164e-01	6.753668e-02	3.051565e-02	3.702103e-02
308           	-3.250621e-03	9.015658e-01	6.785348e-02	3.067612e-02	3.717736e-02
309           	-3.248963e-03	9.017968e-01	6.813149e-02	3.081678e-02	3.731471e-02
310           	-3.247547e-03	9.020667e-01	6.832322e-02	3.091406e-02	3.740915e-02
311           	-3.246225e-03	9.023370e-01	6.839347e-02	3.095051e-02	3.744296e-02
312           	-3.244886e-03	9.025791e-01	6.832604e-02	3.091813e-02	3.740790e-02
313           	-3.243457e-03	9.027748e-01	6.812293e-02	3.081801e-02	3.730492e-02
314           	-3.241711e-03	9.028827e-01	6.781279e-02	3.066468e-02	3.714811e-02
315           	-3.239773e-03	9.029181e-01	6.741341e-02	3.046693e-02	3.694648e-02
316           	-3.237699e-03	9.028937e-01	6.695816e-02	3.024138e-02	3.671678e-02
317           	-3.235428e-03	9.027893e-01	6.650024e-02	3.001469e-02	3.648555e-02
318           	-3.232912e-03	9.025902e-01	6.609374e-02	2.981396e-02	3.627978e-02
319           	-3.230309e-03	9.023117e-01	6.578981e-02	2.966460e-02	3.612521e-02
320           	-3.227638e-03	9.019479e-01	6.563196e-02	2.958834e-02	3.604362e-02
321           	-3.225019e-03	9.015103e-01	6.563410e-02	2.959203e-02	3.604207e-02
322           	-3.222636e-03	9.010275e-01	6.577598e-02	2.966535e-02	3.611063e-02
323           	-3.220661e-03	9.005387e-01	6.600769e-02	2.978319e-02	3.622451e-02
324           	-3.219208e-03	9.000840e-01	6.626399e-02	2.991279e-02	3.635120e-02
325           	-3.218305e-03	8.996933e-01	6.648086e-02	3.002213e-02	3.645874e-02
326           	-3.217897e-03	8.993815e-01	6.660832e-02	3.008626e-02	3.652206e-02
327           	-3.217885e-03	8.991514e-01	6.661437e-02	3.008930e-02	3.652507e-02
328           	-3.218163e-03	8.990090e-01	6.647882e-02	3.002125e-02	3.645757e-02
329           	-3.218677e-03	8.989395e-01	6.620699e-02	2.988482e-02	3.632217e-02
330           	-3.219292e-03	8.989354e-01	6.580163e-02	2.968152e-02	3.612011e-02
331           	-3.219830e-03	8.989885e-01	6.526578e-02	2.941306e-02	3.585272e-02
332           	-3.220131e-03	8.990998e-01	6.463029e-02	2.909501e-02	3.553527e-02
333           	-3.220177e-03	8.992630e-01	6.395469e-02	2.875717e-02	3.519752e-02
334           	-3.220026e-03	8.994708e-01	6.330353e-02	2.843174e-02	3.487179e-02
335           	-3.219656e-03	8.996943e-01	6.272613e-02	2.814341e-02	3.458272e-02
336           	-3.219075e-03	8.999223e-01	6.224966e-02	2.790576e-02	3.434391e-02
337           	-3.218233e-03	9.001330e-01	6.188715e-02	2.772534e-02	3.416181e-02
338           	-3.217149e-03	9.003238e-01	6.164057e-02	2.760313e-02	3.403743e-02
339           	-3.215854e-03	9.004911e-01	6.150339e-02	2.753584e-02	3.396755e-02
340           	-3.214395e-03	9.006329e-01	6.146057e-02	2.751589e-02	3.394468e-02
341           	-3.212827e-03	9.007490e-01	6.148837e-02	2.753136e-02	3.395701e-02
342           	-3.211192e-03	9.008390e-01	6.155722e-02	2.756742e-02	3.398980e-02
343           	-3.209515e-03	9.009046e-01	6.163548e-02	2.760822e-02	3.402725e-02
344           	-3.207804e-03	9.009511e-01	6.169358e-02	2.763899e-02	3.405459e-02
345           	-3.206027e-03	9.009733e-01	6.170959e-02	2.764877e-02	3.406082e-02
346           	-3.204155e-03	9.009742e-01	6.166802e-02	2.762985e-02	3.403816e-02
347           	-3.202157e-03	9.009588e-01	6.156015e-02	2.757792e-02	3.398223e-02
348           	-3.200008e-03	9.009273e-01	6.138583e-02	2.749291e-02	3.389292e-02
349           	-3.197732e-03	9.008869e-01	6.115585e-02	2.738019e-02	3.377566e-02
350           	-3.195305e-03	9.008373e-01	6.088194e-02	2.724567e-02	3.363628e-02
351           	-3.192751e-03	9.007778e-01	6.058170e-02	2.709810e-02	3.348360e-02
352           	-3.190187e-03	9.007218e-01	6.027490e-02	2.694726e-02	3.332764e-02
353           	-3.187697e-03	9.006806e-01	5.997891e-02	2.680176e-02	3.317715e-02
354           	-3.185351e-03	9.006623e-01	5.970326e-02	2.666628e-02	3.303698e-02
355           	-3.183181e-03	9.006698e-01	5.944936e-02	2.654150e-02	3.290786e-02
356           	-3.181171e-03	9.007086e-01	5.920368e-02	2.642067e-02	3.278301e-02
357           	-3.179292e-03	9.007632e-01	5.897277e-02	2.630709e-02	3.266568e-02
358           	-3.177513e-03	9.008267e-01	5.874829e-02	2.619663e-02	3.255166e-02
359           	-3.175780e-03	9.008940e-01	5.852036e-02	2.608440e-02	3.243596e-02
360           	-3.174020e-03	9.009594e-01	5.828043e-02	2.596619e-02	3.231423e-02
361           	-3.172155e-03	9.010171e-01	5.802129e-02	2.583849e-02	3.218280e-02
362           	-3.170111e-03	9.010609e-01	5.773783e-02	2.569880e-02	3.203902e-02
363           	-3.167835e-03	9.010843e-01	5.742873e-02	2.554653e-02	3.188220e-02
364           	-3.165285e-03	9.010834e-01	5.708553e-02	2.537748e-02	3.170805e-02
365           	-3.162489e-03	9.010543e-01	5.672273e-02	2.519887e-02	3.152385e-02
366           	-3.159527e-03	9.009973e-01	5.635375e-02	2.501735e-02	3.133640e-02
367           	-3.156494e-03	9.009191e-01	5.598554e-02	2.483628e-02	3.114927e-02
368           	-3.153471e-03	9.008289e-01	5.562014e-02	2.465660e-02	3.096354e-02
369           	-3.150517e-03	9.007364e-01	5.525687e-02	2.447792e-02	3.077895e-02
370           	-3.147668e-03	9.006495e-01	5.489353e-02	2.429910e-02	3.059443e-02
371           	-3.144942e-03	9.005733e-01	5.452695e-02	2.411853e-02	3.040842e-02
372           	-3.142341e-03	9.005087e-01	5.416606e-02	2.394069e-02	3.022537e-02
373           	-3.139880e-03	9.004558e-01	5.380022e-02	2.376023e-02	3.003999e-02
374           	-3.137552e-03	9.004152e-01	5.342133e-02	2.357311e-02	2.984822e-02
375           	-3.135329e-03	9.003866e-01	5.302338e-02	2.337636e-02	2.964702e-02
376           	-3.133170e-03	9.003680e-01	5.260205e-02	2.316785e-02	2.943420e-02
377           	-3.131035e-03	9.003559e-01	5.215549e-02	2.294671e-02	2.920878e-02
378           	-3.128898e-03	9.003495e-01	5.168393e-02	2.271307e-02	2.897086e-02
379           	-3.126730e-03	9.003349e-01	5.119645e-02	2.247150e-02	2.872496e-02
380           	-3.124549e-03	9.003128e-01	5.067860e-02	2.221475e-02	2.846385e-02
381           	-3.122283e-03	9.002791e-01	5.015254e-02	2.195399e-02	2.819855e-02
382           	-3.119958e-03	9.002304e-01	4.962619e-02	2.169314e-02	2.793305e-02
383           	-3.117630e-03	9.001659e-01	4.910427e-02	2.143450e-02	2.766977e-02
384           	-3.115290e-03	9.000872e-01	4.859856e-02	2.118399e-02	2.741457e-02
385           	-3.112955e-03	8.999977e-01	4.811249e-02	2.094329e-02	2.716920e-02
386           	-3.110651e-03	8.999018e-01	4.764680e-02	2.071275e-02	2.693405e-02
387           	-3.108405e-03	8.998074e-01	4.721612e-02	2.049965e-02	2.671646e-02
388           	-3.106249e-03	8.997145e-01	4.680955e-02	2.029852e-02	2.651102e-02
389           	-3.104181e-03	8.996244e-01	4.642082e-02	2.010623e-02	2.631459e-02
390           	-3.102179e-03	8.995392e-01	4.604616e-02	1.992090e-02	2.612526e-02
391           	-3.100216e-03	8.994603e-01	4.568350e-02	1.974154e-02	2.594197e-02
392           	-3.098279e-03	8.993898e-01	4.533185e-02	1.956765e-02	2.576421e-02
393           	-3.096364e-03	8.993293e-01	4.499204e-02	1.939966e-02	2.559239e-02
394           	-3.094486e-03	8.992812e-01	4.466654e-02	1.923879e-02	2.542776e-02
395           	-3.092669e-03	8.992477e-01	4.435888e-02	1.908677e-02	2.527211e-02
396           	-3.090936e-03	8.992306e-01	4.407181e-02	1.894497e-02	2.512684e-02
397           	-3.089305e-03	8.992289e-01	4.379625e-02	1.880882e-02	2.498743e-02
398           	-3.087747e-03	8.992421e-01	4.353936e-02	1.868193e-02	2.485743e-02
399           	-3.086254e-03	8.992672e-01	4.330435e-02	1.856592e-02	2.473843e-02
400           	-3.084829e-03	8.993011e-01	4.309181e-02	1.846107e-02	2.463073e-02
401           	-3.083461e-03	8.993390e-01	4.290939e-02	1.837124e-02	2.453816e-02
402           	-3.082174e-03	8.993792e-01	4.275102e-02	1.829333e-02	2.445768e-02
403           	-3.080958e-03	8.994195e-01	4.261334e-02	1.822571e-02	2.438763e-02
404           	-3.079787e-03	8.994573e-01	4.249462e-02	1.816752e-02	2.432710e-02
405           	-3.078631e-03	8.994898e-01	4.239375e-02	1.811824e-02	2.427551e-02
406           	-3.077472e-03	8.995150e-01	4.230981e-02	1.807743e-02	2.423237e-02
407           	-3.076294e-03	8.995307e-01	4.224225e-02	1.804483e-02	2.419742e-02
408           	-3.075097e-03	8.995352e-01	4.219086e-02	1.802033e-02	2.417053e-02
409           	-3.073886e-03	8.995277e-01	4.215535e-02	1.800379e-02	2.415156e-02
410           	-3.072681e-03	8.995080e-01	4.213522e-02	1.799493e-02	2.414029e-02
411           	-3.071502e-03	8.994778e-01	4.212881e-02	1.799290e-02	2.413591e-02
412           	-3.070364e-03	8.994396e-01	4.213175e-02	1.799551e-02	2.413624e-02
413           	-3.069278e-03	8.993965e-01	4.214222e-02	1.800183e-02	2.414039e-02
414           	-3.068266e-03	8.993526e-01	4.216030e-02	1.801188e-02	2.414842e-02
415           	-3.067327e-03	8.993097e-01	4.218412e-02	1.802473e-02	2.415939e-02
416           	-3.066463e-03	8.992695e-01	4.221179e-02	1.803943e-02	2.417236e-02
417           	-3.065669e-03	8.992329e-01	4.224211e-02	1.805539e-02	2.418673e-02
418           	-3.064938e-03	8.992007e-01	4.227489e-02	1.807251e-02	2.420238e-02
419           	-3.064261e-03	8.991730e-01	4.231061e-02	1.809104e-02	2.421957e-02
420           	-3.063630e-03	8.991493e-01	4.235018e-02	1.811146e-02	2.423872e-02
421           	-3.063036e-03	8.991281e-01	4.239461e-02	1.813427e-02	2.426034e-02
422           	-3.062479e-03	8.991096e-01	4.244481e-02	1.815993e-02	2.428488e-02
423           	-3.061955e-03	8.990931e-01	4.250175e-02	1.818892e-02	2.431283e-02
424           	-3.061464e-03	8.990780e-01	4.256606e-02	1.822156e-02	2.434449e-02
425           	-3.061000e-03	8.990617e-01	4.263806e-02	1.825803e-02	2.438003e-02
426           	-3.060561e-03	8.990429e-01	4.271744e-02	1.829816e-02	2.441928e-02
427           	-3.060147e-03	8.990208e-01	4.280338e-02	1.834154e-02	2.446183e-02
428           	-3.059759e-03	8.989945e-01	4.289496e-02	1.838772e-02	2.450724e-02
429           	-3.059397e-03	8.989636e-01	4.299115e-02	1.843618e-02	2.455497e-02
430           	-3.059072e-03	8.989282e-01	4.308794e-02	1.848490e-02	2.460304e-02
431           	-3.058774e-03	8.988879e-01	4.318800e-02	1.853523e-02	2.465277e-02
432           	-3.058501e-03	8.988426e-01	4.329168e-02	1.858734e-02	2.470434e-02
433           	-3.058255e-03	8.987924e-01	4.339843e-02	1.864096e-02	2.475747e-02
434           	-3.058036e-03	8.987382e-01	4.350908e-02	1.869650e-02	2.481257e-02
435           	-3.057860e-03	8.986801e-01	4.362002e-02	1.875215e-02	2.486787e-02
436           	-3.057741e-03	8.986193e-01	4.372913e-02	1.880682e-02	2.492231e-02
437           	-3.057684e-03	8.985570e-01	4.383473e-02	1.885968e-02	2.497505e-02
438           	-3.057691e-03	8.984944e-01	4.393564e-02	1.891013e-02	2.502551e-02
439           	-3.057759e-03	8.984335e-01	4.403074e-02	1.895761e-02	2.507313e-02
440           	-3.057884e-03	8.983752e-01	4.411936e-02	1.900180e-02	2.511756e-02
441           	-3.058051e-03	8.983186e-01	4.420404e-02	1.904397e-02	2.516007e-02
442           	-3.058267e-03	8.982654e-01	4.428309e-02	1.908328e-02	2.519981e-02
443           	-3.058530e-03	8.982168e-01	4.435604e-02	1.911949e-02	2.523655e-02
444           	-3.058834e-03	8.981731e-01	4.442344e-02	1.915288e-02	2.527055e-02
445           	-3.059172e-03	8.981340e-01	4.448640e-02	1.918403e-02	2.530237e-02
446           	-3.059539e-03	8.981002e-01	4.454423e-02	1.921257e-02	2.533165e-02
447           	-3.059923e-03	8.980701e-01	4.459961e-02	1.923988e-02	2.535973e-02
448           	-3.060315e-03	8.980423e-01	4.465484e-02	1.926711e-02	2.538774e-02
449           	-3.060715e-03	8.980157e-01	4.471326e-02	1.929591e-02	2.541734e-02
450           	-3.061116e-03	8.979894e-01	4.477509e-02	1.932643e-02	2.544866e-02
451           	-3.061517e-03	8.979630e-01	4.484129e-02	1.935913e-02	2.548216e-02
452           	-3.061914e-03	8.979357e-01	4.491534e-02	1.939576e-02	2.551958e-02
453           	-3.062310e-03	8.979075e-01	4.499700e-02	1.943619e-02	2.556081e-02
454           	-3.062707e-03	8.978795e-01	4.508569e-02	1.948014e-02	2.560555e-02
455           	-3.063101e-03	8.978526e-01	4.518103e-02	1.952741e-02	2.565362e-02
456           	-3.063489e-03	8.978271e-01	4.528292e-02	1.957797e-02	2.570495e-02
457           	-3.063865e-03	8.978028e-01	4.539130e-02	1.963179e-02	2.575952e-02
458           	-3.064232e-03	8.977796e-01	4.550363e-02	1.968758e-02	2.581604e-02
459           	-3.064582e-03	8.977570e-01	4.562265e-02	1.974674e-02	2.587591e-02
460           	-3.064914e-03	8.977353e-01	4.574803e-02	1.980910e-02	2.593893e-02
461           	-3.065231e-03	8.977148e-01	4.587855e-02	1.987404e-02	2.600451e-02
462           	-3.065538e-03	8.976966e-01	4.601141e-02	1.994017e-02	2.607124e-02
463           	-3.065844e-03	8.976814e-01	4.614690e-02	2.000761e-02	2.613930e-02
464           	-3.066153e-03	8.976695e-01	4.628462e-02	2.007616e-02	2.620846e-02
465           	-3.066467e-03	8.976612e-01	4.642383e-02	2.014545e-02	2.627838e-02
466           	-3.066788e-03	8.976568e-01	4.656378e-02	2.021510e-02	2.634868e-02
467           	-3.067118e-03	8.976564e-01	4.670358e-02	2.028467e-02	2.641891e-02
468           	-3.067456e-03	8.976601e-01	4.684223e-02	2.035366e-02	2.648857e-02
469           	-3.067796e-03	8.976680e-01	4.697927e-02	2.042184e-02	2.655743e-02
470           	-3.068136e-03	8.976791e-01	4.711190e-02	2.048781e-02	2.662408e-02
471           	-3.068471e-03	8.976924e-01	4.723923e-02	2.055114e-02	2.668809e-02
472           	-3.068795e-03	8.977050e-01	4.735792e-02	2.061017e-02	2.674776e-02
473           	-3.069101e-03	8.977174e-01	4.747044e-02	2.066612e-02	2.680432e-02
474           	-3.069384e-03	8.977294e-01	4.757778e-02	2.071951e-02	2.685827e-02
475           	-3.069641e-03	8.977409e-01	4.768007e-02	2.077039e-02	2.690967e-02
476           	-3.069873e-03	8.977516e-01	4.777712e-02	2.081869e-02	2.695844e-02
477           	-3.070081e-03	8.977611e-01	4.786866e-02	2.086425e-02	2.700441e-02
478           	-3.070267e-03	8.977691e-01	4.795426e-02	2.090687e-02	2.704740e-02
479           	-3.070432e-03	8.977753e-01	4.803353e-02	2.094633e-02	2.708720e-02
480           	-3.070578e-03	8.977796e-01	4.810605e-02	2.098245e-02	2.712360e-02
481           	-3.070707e-03	8.977821e-01	4.817137e-02	2.101498e-02	2.715639e-02
482           	-3.070819e-03	8.977830e-01	4.822907e-02	2.104372e-02	2.718535e-02
483           	-3.070917e-03	8.977826e-01	4.827871e-02	2.106844e-02	2.721027e-02
484           	-3.071002e-03	8.977812e-01	4.831987e-02	2.108893e-02	2.723094e-02
485           	-3.071076e-03	8.977791e-01	4.835217e-02	2.110501e-02	2.724716e-02
486           	-3.071137e-03	8.977775e-01	4.837590e-02	2.111681e-02	2.725909e-02
487           	-3.071187e-03	8.977764e-01	4.839004e-02	2.112383e-02	2.726621e-02
488           	-3.071228e-03	8.977756e-01	4.839427e-02	2.112590e-02	2.726836e-02
489           	-3.071260e-03	8.977745e-01	4.838732e-02	2.112240e-02	2.726492e-02
490           	-3.071284e-03	8.977733e-01	4.837021e-02	2.111382e-02	2.725639e-02
491           	-3.071299e-03	8.977722e-01	4.834333e-02	2.110037e-02	2.724297e-02
492           	-3.071306e-03	8.977714e-01	4.830673e-02	2.108206e-02	2.722467e-02
493           	-3.071305e-03	8.977710e-01	4.826037e-02	2.105888e-02	2.720149e-02
494           	-3.071297e-03	8.977712e-01	4.820437e-02	2.103089e-02	2.717348e-02
495           	-3.071279e-03	8.977719e-01	4.813902e-02	2.099823e-02	2.714079e-02
496           	-3.071253e-03	8.977728e-01	4.806484e-02	2.096117e-02	2.710367e-02
497           	-3.071222e-03	8.977743e-01	4.798257e-02	2.092006e-02	2.706251e-02
498           	-3.071180e-03	8.977757e-01	4.789267e-02	2.087516e-02	2.701752e-02
499           	-3.071123e-03	8.977763e-01	4.779621e-02	2.082698e-02	2.696923e-02
500           	-3.071050e-03	8.977760e-01	4.769457e-02	2.077624e-02	2.691833e-02
501           	-3.070961e-03	8.977750e-01	4.758866e-02	2.072337e-02	2.686529e-02
502           	-3.070857e-03	8.977733e-01	4.747925e-02	2.066877e-02	2.681048e-02
503           	-3.070741e-03	8.977716e-01	4.736667e-02	2.061259e-02	2.675408e-02
504           	-3.070613e-03	8.977700e-01	4.725236e-02	2.055557e-02	2.669679e-02
505           	-3.070472e-03	8.977688e-01	4.713688e-02	2.049797e-02	2.663891e-02
506           	-3.070322e-03	8.977683e-01	4.702074e-02	2.044005e-02	2.658069e-02
507           	-3.070161e-03	8.977687e-01	4.690436e-02	2.038202e-02	2.652234e-02
508           	-3.069991e-03	8.977704e-01	4.678810e-02	2.032406e-02	2.646404e-02
509           	-3.069811e-03	8.977734e-01	4.667224e-02	2.026631e-02	2.640593e-02
510           	-3.069621e-03	8.977780e-01	4.655712e-02	2.020894e-02	2.634818e-02
511           	-3.069421e-03	8.977841e-01	4.644321e-02	2.015219e-02	2.629103e-02
512           	-3.069210e-03	8.977917e-01	4.633110e-02	2.009634e-02	2.623476e-02
513           	-3.068989e-03	8.978006e-01	4.622145e-02	2.004173e-02	2.617971e-02
514           	-3.068756e-03	8.978107e-01	4.611489e-02	1.998869e-02	2.612620e-02
515           	-3.068513e-03	8.978216e-01	4.601188e-02	1.993743e-02	2.607445e-02
516           	-3.068260e-03	8.978330e-01	4.591277e-02	1.988813e-02	2.602465e-02
517           	-3.067994e-03	8.978446e-01	4.581776e-02	1.984088e-02	2.597687e-02
518           	-3.067716e-03	8.978561e-01	4.572700e-02	1.979578e-02	2.593121e-02
519           	-3.067425e-03	8.978672e-01	4.564058e-02	1.975286e-02	2.588771e-02
520           	-3.067120e-03	8.978777e-01	4.555856e-02	1.971216e-02	2.584640e-02
521           	-3.066802e-03	8.978875e-01	4.548095e-02	1.967367e-02	2.580728e-02
522           	-3.066466e-03	8.978955e-01	4.541005e-02	1.963856e-02	2.577149e-02
523           	-3.066122e-03	8.979023e-01	4.534435e-02	1.960605e-02	2.573830e-02
524           	-3.065772e-03	8.979082e-01	4.528294e-02	1.957570e-02	2.570724e-02
525           	-3.065415e-03	8.979136e-01	4.522541e-02	1.954729e-02	2.567812e-02
526           	-3.065054e-03	8.979191e-01	4.516969e-02	1.951979e-02	2.564990e-02
527           	-3.064681e-03	8.979243e-01	4.511669e-02	1.949366e-02	2.562303e-02
528           	-3.064297e-03	8.979284e-01	4.506709e-02	1.946925e-02	2.559784e-02
529           	-3.063906e-03	8.979314e-01	4.502100e-02	1.944660e-02	2.557441e-02
530           	-3.063511e-03	8.979334e-01	4.497818e-02	1.942558e-02	2.555260e-02
531           	-3.063117e-03	8.979347e-01	4.493824e-02	1.940600e-02	2.553224e-02
532           	-3.062727e-03	8.979356e-01	4.490078e-02	1.938766e-02	2.551312e-02
533           	-3.062341e-03	8.979366e-01	4.486546e-02	1.937039e-02	2.549507e-02
534           	-3.061962e-03	8.979377e-01	4.483202e-02	1.935405e-02	2.547797e-02
535           	-3.061589e-03	8.979390e-01	4.480028e-02	1.933855e-02	2.546173e-02
536           	-3.061224e-03	8.979401e-01	4.477144e-02	1.932449e-02	2.544694e-02
537           	-3.060867e-03	8.979411e-01	4.474462e-02	1.931144e-02	2.543318e-02
538           	-3.060518e-03	8.979420e-01	4.471908e-02	1.929902e-02	2.542006e-02
539           	-3.060173e-03	8.979430e-01	4.469316e-02	1.928641e-02	2.540675e-02
540           	-3.059833e-03	8.979441e-01	4.466732e-02	1.927383e-02	2.539350e-02
541           	-3.059495e-03	8.979449e-01	4.464216e-02	1.926159e-02	2.538058e-02
542           	-3.059155e-03	8.979448e-01	4.461908e-02	1.925039e-02	2.536870e-02
543           	-3.058820e-03	8.979440e-01	4.459584e-02	1.923910e-02	2.535674e-02
544           	-3.058493e-03	8.979424e-01	4.457298e-02	1.922800e-02	2.534498e-02
545           	-3.058176e-03	8.979398e-01	4.455053e-02	1.921709e-02	2.533344e-02
546           	-3.057869e-03	8.979361e-01	4.452841e-02	1.920634e-02	2.532207e-02
547           	-3.057572e-03	8.979314e-01	4.450651e-02	1.919568e-02	2.531083e-02
548           	-3.057285e-03	8.979258e-01	4.448474e-02	1.918508e-02	2.529965e-02
549           	-3.057010e-03	8.979194e-01	4.446297e-02	1.917447e-02	2.528849e-02
550           	-3.056747e-03	8.979123e-01	4.444113e-02	1.916382e-02	2.527731e-02
551           	-3.056499e-03	8.979047e-01	4.441915e-02	1.915308e-02	2.526607e-02
552           	-3.056265e-03	8.978968e-01	4.439700e-02	1.914223e-02	2.525476e-02
553           	-3.056048e-03	8.978888e-01	4.437463e-02	1.913127e-02	2.524336e-02
554           	-3.055848e-03	8.978807e-01	4.435203e-02	1.912017e-02	2.523187e-02
555           	-3.055667e-03	8.978727e-01	4.432917e-02	1.910892e-02	2.522025e-02
556           	-3.055504e-03	8.978651e-01	4.430601e-02	1.909750e-02	2.520851e-02
557           	-3.055360e-03	8.978579e-01	4.428253e-02	1.908590e-02	2.519662e-02
558           	-3.055238e-03	8.978510e-01	4.425841e-02	1.907397e-02	2.518444e-02
559           	-3.055133e-03	8.978448e-01	4.423451e-02	1.906212e-02	2.517239e-02
560           	-3.055044e-03	8.978391e-01	4.421105e-02	1.905048e-02	2.516057e-02
561           	-3.054969e-03	8.978338e-01	4.418792e-02	1.903899e-02	2.514893e-02
562           	-3.054907e-03	8.978290e-01	4.416533e-02	1.902776e-02	2.513757e-02
563           	-3.054858e-03	8.978248e-01	4.414345e-02	1.901687e-02	2.512658e-02
564           	-3.054822e-03	8.978211e-01	4.412258e-02	1.900647e-02	2.511611e-02
565           	-3.054798e-03	8.978186e-01	4.410360e-02	1.899700e-02	2.510660e-02
566           	-3.054785e-03	8.978166e-01	4.408634e-02	1.898838e-02	2.509795e-02
567           	-3.054781e-03	8.978148e-01	4.407082e-02	1.898063e-02	2.509019e-02
568           	-3.054787e-03	8.978129e-01	4.405723e-02	1.897383e-02	2.508340e-02
569           	-3.054798e-03	8.978106e-01	4.404574e-02	1.896807e-02	2.507767e-02
570           	-3.054816e-03	8.978081e-01	4.403657e-02	1.896347e-02	2.507310e-02
571           	-3.054841e-03	8.978051e-01	4.402969e-02	1.896001e-02	2.506969e-02
572           	-3.054871e-03	8.978017e-01	4.402548e-02	1.895787e-02	2.506761e-02
573           	-3.054907e-03	8.977986e-01	4.402412e-02	1.895715e-02	2.506697e-02
574           	-3.054948e-03	8.977960e-01	4.402539e-02	1.895775e-02	2.506765e-02
575           	-3.054995e-03	8.977939e-01	4.402971e-02	1.895986e-02	2.506985e-02
576           	-3.055045e-03	8.977923e-01	4.403726e-02	1.896359e-02	2.507368e-02
577           	-3.055099e-03	8.977912e-01	4.404877e-02	1.896929e-02	2.507949e-02
578           	-3.055156e-03	8.977902e-01	4.406367e-02	1.897668e-02	2.508699e-02
579           	-3.055216e-03	8.977892e-01	4.408172e-02	1.898564e-02	2.509607e-02
580           	-3.055277e-03	8.977881e-01	4.410288e-02	1.899616e-02	2.510672e-02
581           	-3.055339e-03	8.977867e-01	4.412710e-02	1.900821e-02	2.511889e-02
582           	-3.055401e-03	8.977852e-01	4.415432e-02	1.902176e-02	2.513256e-02
583           	-3.055464e-03	8.977834e-01	4.418444e-02	1.903676e-02	2.514769e-02
584           	-3.055528e-03	8.977815e-01	4.421736e-02	1.905315e-02	2.516421e-02
585           	-3.055593e-03	8.977794e-01	4.425291e-02	1.907086e-02	2.518205e-02
586           	-3.055660e-03	8.977772e-01	4.429090e-02	1.908979e-02	2.520111e-02
587           	-3.055728e-03	8.977748e-01	4.433110e-02	1.910982e-02	2.522128e-02
588           	-3.055798e-03	8.977722e-01	4.437327e-02	1.913084e-02	2.524243e-02
589           	-3.055869e-03	8.977696e-01	4.441706e-02	1.915266e-02	2.526440e-02
590           	-3.055942e-03	8.977667e-01	4.446215e-02	1.917513e-02	2.528702e-02
591           	-3.056018e-03	8.977635e-01	4.450844e-02	1.919820e-02	2.531024e-02
592           	-3.056094e-03	8.977600e-01	4.455584e-02	1.922183e-02	2.533401e-02
593           	-3.056172e-03	8.977563e-01	4.460378e-02	1.924572e-02	2.535806e-02
594           	-3.056251e-03	8.977524e-01	4.465198e-02	1.926974e-02	2.538224e-02
595           	-3.056332e-03	8.977484e-01	4.470013e-02	1.929373e-02	2.540640e-02
596           	-3.056415e-03	8.977444e-01	4.474795e-02	1.931756e-02	2.543039e-02
597           	-3.056501e-03	8.977403e-01	4.479521e-02	1.934110e-02	2.545411e-02
598           	-3.056588e-03	8.977362e-01	4.484169e-02	1.936425e-02	2.547743e-02
599           	-3.056679e-03	8.977322e-01	4.488715e-02	1.938690e-02	2.550026e-02
600           	-3.056771e-03	8.977282e-01	4.493141e-02	1.940894e-02	2.552248e-02
601           	-3.056866e-03	8.977242e-01	4.497425e-02	1.943026e-02	2.554399e-02
602           	-3.056962e-03	8.977202e-01	4.501549e-02	1.945079e-02	2.556471e-02
603           	-3.057061e-03	8.977163e-01	4.505496e-02	1.947042e-02	2.558454e-02
604           	-3.057162e-03	8.977125e-01	4.509253e-02	1.948910e-02	2.560343e-02
605           	-3.057264e-03	8.977087e-01	4.512809e-02	1.950678e-02	2.562131e-02
606           	-3.057367e-03	8.977047e-01	4.516131e-02	1.952329e-02	2.563802e-02
607           	-3.057471e-03	8.977008e-01	4.519232e-02	1.953869e-02	2.565363e-02
608           	-3.057577e-03	8.976968e-01	4.522132e-02	1.955308e-02	2.566824e-02
609           	-3.057684e-03	8.976928e-01	4.524840e-02	1.956651e-02	2.568188e-02
610           	-3.057793e-03	8.976888e-01	4.527354e-02	1.957898e-02	2.569456e-02
611           	-3.057904e-03	8.976848e-01	4.529668e-02	1.959044e-02	2.570624e-02
612           	-3.058017e-03	8.976810e-01	4.531775e-02	1.960086e-02	2.571689e-02
613           	-3.058133e-03	8.976772e-01	4.533644e-02	1.961009e-02	2.572635e-02
614           	-3.058253e-03	8.976738e-01	4.535294e-02	1.961822e-02	2.573472e-02
615           	-3.058375e-03	8.976706e-01	4.536738e-02	1.962531e-02	2.574206e-02
616           	-3.058498e-03	8.976676e-01	4.537968e-02	1.963134e-02	2.574834e-02
617           	-3.058622e-03	8.976647e-01	4.538979e-02	1.963627e-02	2.575352e-02
618           	-3.058744e-03	8.976617e-01	4.539797e-02	1.964024e-02	2.575773e-02
619           	-3.058864e-03	8.976588e-01	4.540406e-02	1.964317e-02	2.576089e-02
620           	-3.058982e-03	8.976561e-01	4.540825e-02	1.964514e-02	2.576311e-02
621           	-3.059097e-03	8.976535e-01	4.541075e-02	1.964628e-02	2.576447e-02
622           	-3.059211e-03	8.976512e-01	4.541179e-02	1.964668e-02	2.576511e-02
623           	-3.059322e-03	8.976491e-01	4.541142e-02	1.964639e-02	2.576503e-02
624           	-3.059430e-03	8.976474e-01	4.541001e-02	1.964558e-02	2.576444e-02
625           	-3.059535e-03	8.976462e-01	4.540761e-02	1.964427e-02	2.576334e-02
626           	-3.059637e-03	8.976454e-01	4.540456e-02	1.964264e-02	2.576192e-02
627           	-3.059737e-03	8.976451e-01	4.540101e-02	1.964077e-02	2.576024e-02
628           	-3.059831e-03	8.976451e-01	4.539701e-02	1.963868e-02	2.575834e-02
629           	-3.059923e-03	8.976456e-01	4.539269e-02	1.963642e-02	2.575627e-02
630           	-3.060010e-03	8.976464e-01	4.538817e-02	1.963408e-02	2.575410e-02
631           	-3.060092e-03	8.976476e-01	4.538353e-02	1.963167e-02	2.575186e-02
632           	-3.060169e-03	8.976492e-01	4.537884e-02	1.962925e-02	2.574959e-02
633           	-3.060242e-03	8.976511e-01	4.537422e-02	1.962687e-02	2.574735e-02
634           	-3.060310e-03	8.976534e-01	4.536976e-02	1.962457e-02	2.574519e-02
635           	-3.060372e-03	8.976560e-01	4.536557e-02	1.962241e-02	2.574316e-02
636           	-3.060428e-03	8.976588e-01	4.536169e-02	1.962042e-02	2.574127e-02
637           	-3.060478e-03	8.976617e-01	4.535817e-02	1.961861e-02	2.573956e-02
638           	-3.060521e-03	8.976646e-01	4.535503e-02	1.961699e-02	2.573804e-02
639           	-3.060558e-03	8.976676e-01	4.535229e-02	1.961558e-02	2.573670e-02
640           	-3.060589e-03	8.976706e-01	4.534996e-02	1.961439e-02	2.573557e-02
641           	-3.060612e-03	8.976736e-01	4.534804e-02	1.961341e-02	2.573463e-02
642           	-3.060629e-03	8.976765e-01	4.534656e-02	1.961265e-02	2.573391e-02
643           	-3.060639e-03	8.976793e-01	4.534547e-02	1.961210e-02	2.573338e-02
644           	-3.060642e-03	8.976820e-01	4.534479e-02	1.961175e-02	2.573303e-02
645           	-3.060639e-03	8.976845e-01	4.534446e-02	1.961159e-02	2.573287e-02
646           	-3.060629e-03	8.976869e-01	4.534447e-02	1.961161e-02	2.573286e-02
647           	-3.060613e-03	8.976891e-01	4.534477e-02	1.961177e-02	2.573300e-02
648           	-3.060590e-03	8.976910e-01	4.534533e-02	1.961207e-02	2.573325e-02
649           	-3.060562e-03	8.976927e-01	4.534608e-02	1.961248e-02	2.573360e-02
650           	-3.060528e-03	8.976942e-01	4.534697e-02	1.961296e-02	2.573402e-02
651           	-3.060488e-03	8.976954e-01	4.534794e-02	1.961348e-02	2.573446e-02
652           	-3.060443e-03	8.976964e-01	4.534893e-02	1.961402e-02	2.573491e-02
653           	-3.060394e-03	8.976971e-01	4.534986e-02	1.961453e-02	2.573532e-02
654           	-3.060340e-03	8.976976e-01	4.535066e-02	1.961499e-02	2.573567e-02
655           	-3.060282e-03	8.976978e-01	4.535124e-02	1.961534e-02	2.573590e-02
656           	-3.060221e-03	8.976979e-01	4.535155e-02	1.961555e-02	2.573600e-02
657           	-3.060157e-03	8.976977e-01	4.535148e-02	1.961558e-02	2.573590e-02
658           	-3.060090e-03	8.976973e-01	4.535097e-02	1.961539e-02	2.573557e-02
659           	-3.060021e-03	8.976968e-01	4.534992e-02	1.961494e-02	2.573498e-02
660           	-3.059950e-03	8.976961e-01	4.534829e-02	1.961419e-02	2.573409e-02
661           	-3.059878e-03	8.976953e-01	4.534597e-02	1.961311e-02	2.573286e-02
662           	-3.059806e-03	8.976945e-01	4.534291e-02	1.961165e-02	2.573126e-02
663           	-3.059734e-03	8.976936e-01	4.533903e-02	1.960978e-02	2.572925e-02
664           	-3.059661e-03	8.976928e-01	4.533451e-02	1.960759e-02	2.572692e-02
665           	-3.059590e-03	8.976920e-01	4.532900e-02	1.960491e-02	2.572409e-02
666           	-3.059520e-03	8.976914e-01	4.532240e-02	1.960168e-02	2.572072e-02
667           	-3.059452e-03	8.976910e-01	4.531467e-02	1.959788e-02	2.571678e-02
668           	-3.059386e-03	8.976908e-01	4.530552e-02	1.959337e-02	2.571215e-02
669           	-3.059321e-03	8.976908e-01	4.529511e-02	1.958823e-02	2.570687e-02
670           	-3.059258e-03	8.976910e-01	4.528358e-02	1.958253e-02	2.570105e-02
671           	-3.059196e-03	8.976913e-01	4.527103e-02	1.957632e-02	2.569471e-02
672           	-3.059136e-03	8.976917e-01	4.525754e-02	1.956963e-02	2.568790e-02
673           	-3.059079e-03	8.976923e-01	4.524314e-02	1.956249e-02	2.568065e-02
674           	-3.059023e-03	8.976930e-01	4.522789e-02	1.955492e-02	2.567297e-02
675           	-3.058970e-03	8.976938e-01	4.521186e-02	1.954696e-02	2.566490e-02
676           	-3.058919e-03	8.976948e-01	4.519513e-02	1.953864e-02	2.565648e-02
677           	-3.058870e-03	8.976958e-01	4.517773e-02	1.952999e-02	2.564773e-02
678           	-3.058823e-03	8.976970e-01	4.515989e-02	1.952112e-02	2.563877e-02
679           	-3.058777e-03	8.976983e-01	4.514167e-02	1.951206e-02	2.562961e-02
680           	-3.058733e-03	8.976997e-01	4.512311e-02	1.950282e-02	2.562029e-02
681           	-3.058690e-03	8.977013e-01	4.510423e-02	1.949343e-02	2.561081e-02
682           	-3.058648e-03	8.977030e-01	4.508514e-02	1.948392e-02	2.560122e-02
683           	-3.058607e-03	8.977047e-01	4.506593e-02	1.947436e-02	2.559157e-02
684           	-3.058567e-03	8.977066e-01	4.504666e-02	1.946476e-02	2.558190e-02
685           	-3.058527e-03	8.977084e-01	4.502749e-02	1.945522e-02	2.557227e-02
686           	-3.058487e-03	8.977103e-01	4.500853e-02	1.944578e-02	2.556275e-02
687           	-3.058447e-03	8.977123e-01	4.499007e-02	1.943659e-02	2.555348e-02
688           	-3.058408e-03	8.977143e-01	4.497203e-02	1.942761e-02	2.554442e-02
689           	-3.058369e-03	8.977164e-01	4.495450e-02	1.941888e-02	2.553562e-02
690           	-3.058330e-03	8.977184e-01	4.493760e-02	1.941047e-02	2.552713e-02
691           	-3.058290e-03	8.977204e-01	4.492144e-02	1.940243e-02	2.551901e-02
692           	-3.058250e-03	8.977224e-01	4.490590e-02	1.939470e-02	2.551120e-02
693           	-3.058209e-03	8.977242e-01	4.489128e-02	1.938743e-02	2.550385e-02
694           	-3.058167e-03	8.977261e-01	4.487769e-02	1.938068e-02	2.549701e-02
695           	-3.058125e-03	8.977278e-01	4.486551e-02	1.937463e-02	2.549088e-02
696           	-3.058084e-03	8.977296e-01	4.485452e-02	1.936917e-02	2.548534e-02
697           	-3.058043e-03	8.977313e-01	4.484456e-02	1.936424e-02	2.548033e-02
698           	-3.058003e-03	8.977330e-01	4.483560e-02	1.935979e-02	2.547580e-02
699           	-3.057963e-03	8.977346e-01	4.482757e-02	1.935582e-02	2.547175e-02
700           	-3.057923e-03	8.977362e-01	4.482050e-02	1.935232e-02	2.546817e-02
701           	-3.057884e-03	8.977376e-01	4.481435e-02	1.934929e-02	2.546506e-02
702           	-3.057844e-03	8.977389e-01	4.480916e-02	1.934673e-02	2.546242e-02
703           	-3.057804e-03	8.977400e-01	4.480490e-02	1.934465e-02	2.546025e-02
704           	-3.057764e-03	8.977411e-01	4.480159e-02	1.934303e-02	2.545856e-02
705           	-3.057724e-03	8.977421e-01	4.479921e-02	1.934188e-02	2.545733e-02
706           	-3.057685e-03	8.977430e-01	4.479774e-02	1.934119e-02	2.545656e-02
707           	-3.057646e-03	8.977438e-01	4.479715e-02	1.934093e-02	2.545622e-02
708           	-3.057608e-03	8.977444e-01	4.479741e-02	1.934110e-02	2.545631e-02
709           	-3.057570e-03	8.977450e-01	4.479844e-02	1.934165e-02	2.545679e-02
710           	-3.057533e-03	8.977455e-01	4.480021e-02	1.934257e-02	2.545764e-02
711           	-3.057496e-03	8.977458e-01	4.480264e-02	1.934382e-02	2.545882e-02
712           	-3.057461e-03	8.977460e-01	4.480568e-02	1.934538e-02	2.546030e-02
713           	-3.057426e-03	8.977461e-01	4.480928e-02	1.934721e-02	2.546207e-02
714           	-3.057393e-03	8.977461e-01	4.481339e-02	1.934930e-02	2.546409e-02
715           	-3.057360e-03	8.977459e-01	4.481795e-02	1.935162e-02	2.546634e-02
716           	-3.057329e-03	8.977457e-01	4.482293e-02	1.935414e-02	2.546880e-02
717           	-3.057300e-03	8.977452e-01	4.482828e-02	1.935684e-02	2.547144e-02
718           	-3.057271e-03	8.977447e-01	4.483406e-02	1.935976e-02	2.547430e-02
719           	-3.057244e-03	8.977440e-01	4.484013e-02	1.936282e-02	2.547731e-02
720           	-3.057219e-03	8.977431e-01	4.484643e-02	1.936600e-02	2.548043e-02
721           	-3.057196e-03	8.977421e-01	4.485288e-02	1.936924e-02	2.548363e-02
722           	-3.057175e-03	8.977410e-01	4.485942e-02	1.937253e-02	2.548688e-02
723           	-3.057156e-03	8.977396e-01	4.486596e-02	1.937582e-02	2.549013e-02
724           	-3.057140e-03	8.977382e-01	4.487228e-02	1.937900e-02	2.549328e-02
725           	-3.057126e-03	8.977365e-01	4.487851e-02	1.938213e-02	2.549638e-02
726           	-3.057114e-03	8.977347e-01	4.488461e-02	1.938519e-02	2.549942e-02
727           	-3.057105e-03	8.977329e-01	4.489051e-02	1.938815e-02	2.550236e-02
728           	-3.057099e-03	8.977309e-01	4.489617e-02	1.939099e-02	2.550518e-02
729           	-3.057095e-03	8.977290e-01	4.490153e-02	1.939367e-02	2.550786e-02
730           	-3.057094e-03	8.977271e-01	4.490657e-02	1.939619e-02	2.551038e-02
731           	-3.057096e-03	8.977252e-01	4.491127e-02	1.939854e-02	2.551273e-02
732           	-3.057101e-03	8.977234e-01	4.491565e-02	1.940072e-02	2.551493e-02
733           	-3.057109e-03	8.977218e-01	4.491970e-02	1.940274e-02	2.551696e-02
734           	-3.057120e-03	8.977202e-01	4.492346e-02	1.940461e-02	2.551885e-02
735           	-3.057134e-03	8.977188e-01	4.492692e-02	1.940633e-02	2.552060e-02
736           	-3.057151e-03	8.977176e-01	4.493013e-02	1.940792e-02	2.552222e-02
737           	-3.057170e-03	8.977165e-01	4.493311e-02	1.940939e-02	2.552373e-02
738           	-3.057191e-03	8.977155e-01	4.493589e-02	1.941076e-02	2.552514e-02
739           	-3.057214e-03	8.977147e-01	4.493849e-02	1.941203e-02	2.552646e-02
740           	-3.057239e-03	8.977140e-01	4.494093e-02	1.941323e-02	2.552770e-02
741           	-3.057265e-03	8.977134e-01	4.494324e-02	1.941435e-02	2.552888e-02
742           	-3.057294e-03	8.977129e-01	4.494547e-02	1.941544e-02	2.553003e-02
743           	-3.057323e-03	8.977126e-01	4.494765e-02	1.941650e-02	2.553115e-02
744           	-3.057354e-03	8.977124e-01	4.494984e-02	1.941757e-02	2.553227e-02
745           	-3.057385e-03	8.977122e-01	4.495207e-02	1.941865e-02	2.553342e-02
746           	-3.057416e-03	8.977121e-01	4.495439e-02	1.941978e-02	2.553461e-02
747           	-3.057448e-03	8.977120e-01	4.495683e-02	1.942097e-02	2.553586e-02
748           	-3.057480e-03	8.977119e-01	4.495941e-02	1.942223e-02	2.553719e-02
749           	-3.057513e-03	8.977119e-01	4.496216e-02	1.942357e-02	2.553859e-02
750           	-3.057545e-03	8.977119e-01	4.496509e-02	1.942500e-02	2.554009e-02
751           	-3.057577e-03	8.977119e-01	4.496821e-02	1.942653e-02	2.554168e-02
752           	-3.057609e-03	8.977119e-01	4.497154e-02	1.942816e-02	2.554338e-02
753           	-3.057640e-03	8.977119e-01	4.497507e-02	1.942990e-02	2.554518e-02
754           	-3.057671e-03	8.977120e-01	4.497881e-02	1.943173e-02	2.554708e-02
755           	-3.057702e-03	8.977122e-01	4.498275e-02	1.943367e-02	2.554908e-02
756           	-3.057733e-03	8.977124e-01	4.498688e-02	1.943571e-02	2.555117e-02
757           	-3.057764e-03	8.977127e-01	4.499112e-02	1.943780e-02	2.555332e-02
758           	-3.057794e-03	8.977130e-01	4.499569e-02	1.944005e-02	2.555564e-02
759           	-3.057823e-03	8.977134e-01	4.500052e-02	1.944244e-02	2.555808e-02
760           	-3.057851e-03	8.977138e-01	4.500556e-02	1.944493e-02	2.556063e-02
761           	-3.057878e-03	8.977143e-01	4.501079e-02	1.944751e-02	2.556327e-02
762           	-3.057904e-03	8.977148e-01	4.501619e-02	1.945019e-02	2.556600e-02
763           	-3.057930e-03	8.977154e-01	4.502176e-02	1.945295e-02	2.556881e-02
764           	-3.057954e-03	8.977160e-01	4.502747e-02	1.945578e-02	2.557169e-02
765           	-3.057978e-03	8.977166e-01	4.503331e-02	1.945868e-02	2.557463e-02
766           	-3.058001e-03	8.977172e-01	4.503927e-02	1.946163e-02	2.557763e-02
767           	-3.058022e-03	8.977177e-01	4.504531e-02	1.946463e-02	2.558068e-02
768           	-3.058042e-03	8.977182e-01	4.505142e-02	1.946767e-02	2.558375e-02
769           	-3.058061e-03	8.977187e-01	4.505756e-02	1.947072e-02	2.558684e-02
770           	-3.058079e-03	8.977191e-01	4.506370e-02	1.947377e-02	2.558993e-02
771           	-3.058097e-03	8.977194e-01	4.506980e-02	1.947680e-02	2.559300e-02
772           	-3.058113e-03	8.977197e-01	4.507583e-02	1.947980e-02	2.559603e-02
773           	-3.058128e-03	8.977199e-01	4.508176e-02	1.948275e-02	2.559901e-02
774           	-3.058142e-03	8.977200e-01	4.508754e-02	1.948563e-02	2.560191e-02
775           	-3.058156e-03	8.977201e-01	4.509315e-02	1.948842e-02	2.560473e-02
776           	-3.058169e-03	8.977201e-01	4.509855e-02	1.949110e-02	2.560744e-02
777           	-3.058181e-03	8.977200e-01	4.510369e-02	1.949367e-02	2.561003e-02
778           	-3.058193e-03	8.977199e-01	4.510856e-02	1.949609e-02	2.561247e-02
779           	-3.058203e-03	8.977198e-01	4.511312e-02	1.949836e-02	2.561476e-02
780           	-3.058214e-03	8.977196e-01	4.511734e-02	1.950046e-02	2.561688e-02
781           	-3.058224e-03	8.977194e-01	4.512114e-02	1.950235e-02	2.561879e-02
782           	-3.058233e-03	8.977191e-01	4.512453e-02	1.950403e-02	2.562050e-02
783           	-3.058242e-03	8.977188e-01	4.512751e-02	1.950551e-02	2.562200e-02
784           	-3.058250e-03	8.977185e-01	4.513017e-02	1.950684e-02	2.562334e-02
785           	-3.058259e-03	8.977182e-01	4.513242e-02	1.950795e-02	2.562447e-02
786           	-3.058267e-03	8.977179e-01	4.513423e-02	1.950885e-02	2.562538e-02
787           	-3.058274e-03	8.977175e-01	4.513560e-02	1.950952e-02	2.562607e-02
788           	-3.058281e-03	8.977172e-01	4.513653e-02	1.950998e-02	2.562654e-02
789           	-3.058288e-03	8.977169e-01	4.513702e-02	1.951022e-02	2.562680e-02
790           	-3.058295e-03	8.977165e-01	4.513709e-02	1.951025e-02	2.562684e-02
791           	-3.058302e-03	8.977162e-01	4.513674e-02	1.951007e-02	2.562667e-02
792           	-3.058308e-03	8.977159e-01	4.513599e-02	1.950969e-02	2.562630e-02
793           	-3.058313e-03	8.977155e-01	4.513485e-02	1.950911e-02	2.562574e-02
794           	-3.058319e-03	8.977152e-01	4.513333e-02	1.950835e-02	2.562498e-02
795           	-3.058324e-03	8.977148e-01	4.513146e-02	1.950741e-02	2.562405e-02
796           	-3.058328e-03	8.977145e-01	4.512930e-02	1.950632e-02	2.562298e-02
797           	-3.058332e-03	8.977142e-01	4.512680e-02	1.950507e-02	2.562173e-02
798           	-3.058336e-03	8.977138e-01	4.512401e-02	1.950367e-02	2.562034e-02
799           	-3.058339e-03	8.977135e-01	4.512098e-02	1.950215e-02	2.561883e-02
800           	-3.058342e-03	8.977132e-01	4.511775e-02	1.950053e-02	2.561722e-02
801           	-3.058344e-03	8.977130e-01	4.511435e-02	1.949883e-02	2.561552e-02
802           	-3.058346e-03	8.977127e-01	4.511083e-02	1.949707e-02	2.561376e-02
803           	-3.058347e-03	8.977126e-01	4.510721e-02	1.949526e-02	2.561195e-02
804           	-3.058348e-03	8.977125e-01	4.510354e-02	1.949342e-02	2.561012e-02
805           	-3.058349e-03	8.977124e-01	4.509977e-02	1.949154e-02	2.560824e-02
806           	-3.058348e-03	8.977124e-01	4.509605e-02	1.948968e-02	2.560637e-02
807           	-3.058348e-03	8.977125e-01	4.509230e-02	1.948780e-02	2.560450e-02
808           	-3.058346e-03	8.977126e-01	4.508868e-02	1.948599e-02	2.560269e-02
809           	-3.058344e-03	8.977128e-01	4.508515e-02	1.948423e-02	2.560092e-02
810           	-3.058341e-03	8.977130e-01	4.508172e-02	1.948252e-02	2.559920e-02
811           	-3.058338e-03	8.977133e-01	4.507841e-02	1.948087e-02	2.559754e-02
812           	-3.058333e-03	8.977135e-01	4.507530e-02	1.947932e-02	2.559598e-02
813           	-3.058328e-03	8.977139e-01	4.507233e-02	1.947784e-02	2.559449e-02
814           	-3.058322e-03	8.977142e-01	4.506943e-02	1.947639e-02	2.559304e-02
815           	-3.058316e-03	8.977146e-01	4.506674e-02	1.947506e-02	2.559169e-02
816           	-3.058308e-03	8.977151e-01	4.506424e-02	1.947381e-02	2.559043e-02
817           	-3.058300e-03	8.977155e-01	4.506187e-02	1.947263e-02	2.558923e-02
818           	-3.058291e-03	8.977159e-01	4.505974e-02	1.947158e-02	2.558816e-02
819           	-3.058282e-03	8.977164e-01	4.505783e-02	1.947064e-02	2.558720e-02
820           	-3.058271e-03	8.977168e-01	4.505610e-02	1.946978e-02	2.558632e-02
821           	-3.058260e-03	8.977172e-01	4.505457e-02	1.946902e-02	2.558554e-02
822           	-3.058248e-03	8.977176e-01	4.505326e-02	1.946838e-02	2.558488e-02
823           	-3.058235e-03	8.977180e-01	4.505216e-02	1.946785e-02	2.558432e-02
824           	-3.058222e-03	8.977183e-01	4.505128e-02	1.946742e-02	2.558386e-02
825           	-3.058208e-03	8.977187e-01	4.505059e-02	1.946709e-02	2.558350e-02
826           	-3.058194e-03	8.977190e-01	4.505009e-02	1.946685e-02	2.558324e-02
827           	-3.058180e-03	8.977194e-01	4.504975e-02	1.946670e-02	2.558306e-02
828           	-3.058165e-03	8.977197e-01	4.504959e-02	1.946663e-02	2.558296e-02
829           	-3.058151e-03	8.977200e-01	4.504955e-02	1.946663e-02	2.558293e-02
830           	-3.058137e-03	8.977203e-01	4.504962e-02	1.946667e-02	2.558294e-02
831           	-3.058123e-03	8.977206e-01	4.504974e-02	1.946675e-02	2.558299e-02
832           	-3.058109e-03	8.977210e-01	4.504991e-02	1.946685e-02	2.558307e-02
833           	-3.058095e-03	8.977213e-01	4.505011e-02	1.946696e-02	2.558315e-02
834           	-3.058081e-03	8.977217e-01	4.505031e-02	1.946707e-02	2.558323e-02
835           	-3.058068e-03	8.977221e-01	4.505049e-02	1.946718e-02	2.558331e-02
836           	-3.058055e-03	8.977225e-01	4.505065e-02	1.946727e-02	2.558338e-02
837           	-3.058042e-03	8.977229e-01	4.505077e-02	1.946734e-02	2.558343e-02
838           	-3.058029e-03	8.977233e-01	4.505083e-02	1.946739e-02	2.558344e-02
839           	-3.058017e-03	8.977237e-01	4.505082e-02	1.946739e-02	2.558343e-02
840           	-3.058005e-03	8.977240e-01	4.505072e-02	1.946735e-02	2.558336e-02
841           	-3.057994e-03	8.977244e-01	4.505051e-02	1.946726e-02	2.558325e-02
842           	-3.057983e-03	8.977247e-01	4.505021e-02	1.946712e-02	2.558309e-02
843           	-3.057972e-03	8.977250e-01	4.504980e-02	1.946693e-02	2.558287e-02
844           	-3.057962e-03	8.977253e-01	4.504929e-02	1.946669e-02	2.558261e-02
845           	-3.057952e-03	8.977255e-01	4.504866e-02	1.946638e-02	2.558228e-02
846           	-3.057943e-03	8.977257e-01	4.504790e-02	1.946601e-02	2.558189e-02
847           	-3.057934e-03	8.977258e-01	4.504700e-02	1.946557e-02	2.558144e-02
848           	-3.057926e-03	8.977259e-01	4.504596e-02	1.946505e-02	2.558091e-02
849           	-3.057919e-03	8.977260e-01	4.504472e-02	1.946444e-02	2.558028e-02
850           	-3.057912e-03	8.977260e-01	4.504334e-02	1.946376e-02	2.557958e-02
851           	-3.057906e-03	8.977261e-01	4.504180e-02	1.946300e-02	2.557881e-02
852           	-3.057901e-03	8.977261e-01	4.504013e-02	1.946216e-02	2.557797e-02
853           	-3.057896e-03	8.977261e-01	4.503831e-02	1.946126e-02	2.557705e-02
854           	-3.057891e-03	8.977261e-01	4.503637e-02	1.946029e-02	2.557607e-02
855           	-3.057887e-03	8.977261e-01	4.503430e-02	1.945926e-02	2.557504e-02
856           	-3.057883e-03	8.977261e-01	4.503213e-02	1.945818e-02	2.557395e-02
857           	-3.057880e-03	8.977261e-01	4.502987e-02	1.945706e-02	2.557282e-02
858           	-3.057877e-03	8.977261e-01	4.502756e-02	1.945590e-02	2.557165e-02
859           	-3.057874e-03	8.977262e-01	4.502520e-02	1.945472e-02	2.557047e-02
860           	-3.057872e-03	8.977262e-01	4.502283e-02	1.945354e-02	2.556929e-02
861           	-3.057870e-03	8.977263e-01	4.502047e-02	1.945237e-02	2.556811e-02
862           	-3.057868e-03	8.977264e-01	4.501820e-02	1.945123e-02	2.556697e-02
863           	-3.057866e-03	8.977266e-01	4.501602e-02	1.945014e-02	2.556587e-02
864           	-3.057865e-03	8.977267e-01	4.501392e-02	1.944910e-02	2.556483e-02
865           	-3.057864e-03	8.977269e-01	4.501192e-02	1.944810e-02	2.556382e-02
866           	-3.057863e-03	8.977270e-01	4.501003e-02	1.944715e-02	2.556288e-02
867           	-3.057862e-03	8.977272e-01	4.500826e-02	1.944627e-02	2.556199e-02
868           	-3.057862e-03	8.977273e-01	4.500661e-02	1.944544e-02	2.556117e-02
869           	-3.057861e-03	8.977273e-01	4.500509e-02	1.944468e-02	2.556041e-02
870           	-3.057860e-03	8.977274e-01	4.500371e-02	1.944400e-02	2.555972e-02
871           	-3.057859e-03	8.977274e-01	4.500248e-02	1.944338e-02	2.555910e-02
872           	-3.057859e-03	8.977274e-01	4.500139e-02	1.944284e-02	2.555856e-02
873           	-3.057858e-03	8.977274e-01	4.500047e-02	1.944238e-02	2.555809e-02
874           	-3.057857e-03	8.977274e-01	4.499971e-02	1.944200e-02	2.555771e-02
875           	-3.057856e-03	8.977273e-01	4.499911e-02	1.944170e-02	2.555741e-02
876           	-3.057854e-03	8.977273e-01	4.499869e-02	1.944149e-02	2.555720e-02
877           	-3.057853e-03	8.977272e-01	4.499843e-02	1.944136e-02	2.555707e-02
878           	-3.057852e-03	8.977271e-01	4.499835e-02	1.944132e-02	2.555703e-02
879           	-3.057850e-03	8.977269e-01	4.499844e-02	1.944137e-02	2.555707e-02
880           	-3.057849e-03	8.977268e-01	4.499871e-02	1.944151e-02	2.555721e-02
881           	-3.057847e-03	8.977267e-01	4.499916e-02	1.944173e-02	2.555743e-02
882           	-3.057846e-03	8.977265e-01	4.499978e-02	1.944204e-02	2.555773e-02
883           	-3.057844e-03	8.977264e-01	4.500057e-02	1.944244e-02	2.555813e-02
884           	-3.057842e-03	8.977262e-01	4.500153e-02	1.944292e-02	2.555861e-02
885           	-3.057840e-03	8.977261e-01	4.500266e-02	1.944349e-02	2.555917e-02
886           	-3.057838e-03	8.977259e-01	4.500396e-02	1.944414e-02	2.555982e-02
887           	-3.057837e-03	8.977258e-01	4.500540e-02	1.944487e-02	2.556054e-02
888           	-3.057835e-03	8.977256e-01	4.500700e-02	1.944567e-02	2.556134e-02
889           	-3.057833e-03	8.977255e-01	4.500873e-02	1.944653e-02	2.556220e-02
890           	-3.057831e-03	8.977253e-01	4.501059e-02	1.944746e-02	2.556313e-02
891           	-3.057830e-03	8.977251e-01	4.501256e-02	1.944845e-02	2.556411e-02
892           	-3.057829e-03	8.977250e-01	4.501463e-02	1.944949e-02	2.556515e-02
893           	-3.057827e-03	8.977248e-01	4.501679e-02	1.945057e-02	2.556622e-02
894           	-3.057826e-03	8.977245e-01	4.501909e-02	1.945172e-02	2.556737e-02
895           	-3.057826e-03	8.977243e-01	4.502140e-02	1.945288e-02	2.556853e-02
896           	-3.057825e-03	8.977241e-01	4.502375e-02	1.945405e-02	2.556970e-02
897           	-3.057825e-03	8.977238e-01	4.502612e-02	1.945523e-02	2.557088e-02
898           	-3.057825e-03	8.977236e-01	4.502850e-02	1.945642e-02	2.557207e-02
899           	-3.057825e-03	8.977233e-01	4.503086e-02	1.945760e-02	2.557326e-02
900           	-3.057826e-03	8.977230e-01	4.503319e-02	1.945877e-02	2.557442e-02
901           	-3.057827e-03	8.977227e-01	4.503547e-02	1.945991e-02	2.557556e-02
902           	-3.057828e-03	8.977225e-01	4.503768e-02	1.946101e-02	2.557667e-02
903           	-3.057830e-03	8.977222e-01	4.503980e-02	1.946207e-02	2.557773e-02
904           	-3.057832e-03	8.977220e-01	4.504183e-02	1.946308e-02	2.557875e-02
905           	-3.057835e-03	8.977218e-01	4.504376e-02	1.946404e-02	2.557971e-02
906           	-3.057838e-03	8.977216e-01	4.504557e-02	1.946495e-02	2.558062e-02
907           	-3.057842e-03	8.977215e-01	4.504726e-02	1.946579e-02	2.558147e-02
908           	-3.057845e-03	8.977213e-01	4.504884e-02	1.946657e-02	2.558226e-02
909           	-3.057850e-03	8.977212e-01	4.505028e-02	1.946729e-02	2.558299e-02
910           	-3.057854e-03	8.977211e-01	4.505161e-02	1.946795e-02	2.558366e-02
911           	-3.057859e-03	8.977211e-01	4.505280e-02	1.946854e-02	2.558426e-02
912           	-3.057864e-03	8.977211e-01	4.505388e-02	1.946908e-02	2.558480e-02
913           	-3.057870e-03	8.977210e-01	4.505484e-02	1.946955e-02	2.558529e-02
914           	-3.057876e-03	8.977210e-01	4.505568e-02	1.946996e-02	2.558572e-02
915           	-3.057882e-03	8.977211e-01	4.505641e-02	1.947032e-02	2.558609e-02
916           	-3.057888e-03	8.977211e-01	4.505704e-02	1.947063e-02	2.558641e-02
917           	-3.057894e-03	8.977212e-01	4.505756e-02	1.947088e-02	2.558667e-02
918           	-3.057901e-03	8.977213e-01	4.505798e-02	1.947109e-02	2.558689e-02
919           	-3.057907e-03	8.977214e-01	4.505832e-02	1.947125e-02	2.558707e-02
920           	-3.057914e-03	8.977215e-01	4.505856e-02	1.947137e-02	2.558720e-02
921           	-3.057921e-03	8.977216e-01	4.505873e-02	1.947144e-02	2.558728e-02
922           	-3.057928e-03	8.977217e-01	4.505882e-02	1.947148e-02	2.558734e-02
923           	-3.057935e-03	8.977219e-01	4.505883e-02	1.947148e-02	2.558735e-02
924           	-3.057941e-03	8.977220e-01	4.505878e-02	1.947145e-02	2.558733e-02
925           	-3.057948e-03	8.977222e-01	4.505867e-02	1.947139e-02	2.558729e-02
926           	-3.057955e-03	8.977224e-01	4.505852e-02	1.947130e-02	2.558721e-02
927           	-3.057961e-03	8.977226e-01	4.505831e-02	1.947119e-02	2.558712e-02
928           	-3.057967e-03	8.977228e-01	4.505807e-02	1.947107e-02	2.558700e-02
929           	-3.057974e-03	8.977230e-01	4.505781e-02	1.947093e-02	2.558688e-02
930           	-3.057979e-03	8.977232e-01	4.505753e-02	1.947078e-02	2.558674e-02
931           	-3.057985e-03	8.977234e-01	4.505722e-02	1.947062e-02	2.558659e-02
932           	-3.057991e-03	8.977236e-01	4.505689e-02	1.947046e-02	2.558644e-02
933           	-3.057996e-03	8.977238e-01	4.505656e-02	1.947028e-02	2.558628e-02
934           	-3.058001e-03	8.977240e-01	4.505621e-02	1.947011e-02	2.558611e-02
935           	-3.058005e-03	8.977242e-01	4.505587e-02	1.946993e-02	2.558594e-02
936           	-3.058009e-03	8.977244e-01	4.505555e-02	1.946977e-02	2.558579e-02
937           	-3.058013e-03	8.977245e-01	4.505525e-02	1.946961e-02	2.558564e-02
938           	-3.058017e-03	8.977247e-01	4.505498e-02	1.946948e-02	2.558551e-02
939           	-3.058020e-03	8.977249e-01	4.505474e-02	1.946935e-02	2.558539e-02
940           	-3.058022e-03	8.977250e-01	4.505455e-02	1.946925e-02	2.558530e-02
941           	-3.058024e-03	8.977251e-01	4.505438e-02	1.946917e-02	2.558522e-02
942           	-3.058026e-03	8.977252e-01	4.505427e-02	1.946911e-02	2.558516e-02
943           	-3.058027e-03	8.977252e-01	4.505419e-02	1.946907e-02	2.558512e-02
944           	-3.058028e-03	8.977253e-01	4.505417e-02	1.946905e-02	2.558511e-02
945           	-3.058029e-03	8.977253e-01	4.505418e-02	1.946906e-02	2.558512e-02
946           	-3.058029e-03	8.977253e-01	4.505424e-02	1.946909e-02	2.558515e-02
947           	-3.058029e-03	8.977253e-01	4.505434e-02	1.946914e-02	2.558520e-02
948           	-3.058028e-03	8.977253e-01	4.505448e-02	1.946921e-02	2.558527e-02
949           	-3.058028e-03	8.977253e-01	4.505465e-02	1.946930e-02	2.558535e-02
950           	-3.058027e-03	8.977252e-01	4.505485e-02	1.946940e-02	2.558545e-02
951           	-3.058026e-03	8.977252e-01	4.505507e-02	1.946951e-02	2.558556e-02
952           	-3.058025e-03	8.977251e-01	4.505531e-02	1.946963e-02	2.558568e-02
953           	-3.058023e-03	8.977251e-01	4.505556e-02	1.946976e-02	2.558580e-02
954           	-3.058021e-03	8.977250e-01	4.505582e-02	1.946989e-02	2.558593e-02
955           	-3.058019e-03	8.977250e-01	4.505608e-02	1.947002e-02	2.558606e-02
956           	-3.058018e-03	8.977249e-01	4.505635e-02	1.947016e-02	2.558619e-02
957           	-3.058015e-03	8.977248e-01	4.505661e-02	1.947029e-02	2.558632e-02
958           	-3.058013e-03	8.977247e-01	4.505686e-02	1.947042e-02	2.558645e-02
959           	-3.058011e-03	8.977246e-01	4.505710e-02	1.947054e-02	2.558656e-02
960           	-3.058008e-03	8.977245e-01	4.505733e-02	1.947066e-02	2.558667e-02
961           	-3.058006e-03	8.977244e-01	4.505753e-02	1.947076e-02	2.558677e-02
962           	-3.058003e-03	8.977243e-01	4.505772e-02	1.947086e-02	2.558686e-02
963           	-3.058001e-03	8.977241e-01	4.505788e-02	1.947094e-02	2.558694e-02
964           	-3.057998e-03	8.977240e-01	4.505801e-02	1.947101e-02	2.558700e-02
965           	-3.057996e-03	8.977238e-01	4.505809e-02	1.947105e-02	2.558704e-02
966           	-3.057993e-03	8.977237e-01	4.505814e-02	1.947108e-02	2.558707e-02
967           	-3.057990e-03	8.977235e-01	4.505816e-02	1.947109e-02	2.558707e-02
968           	-3.057988e-03	8.977233e-01	4.505815e-02	1.947109e-02	2.558706e-02
969           	-3.057986e-03	8.977232e-01	4.505809e-02	1.947106e-02	2.558703e-02
970           	-3.057983e-03	8.977230e-01	4.505800e-02	1.947101e-02	2.558698e-02
971           	-3.057981e-03	8.977229e-01	4.505786e-02	1.947095e-02	2.558691e-02
972           	-3.057979e-03	8.977228e-01	4.505768e-02	1.947086e-02	2.558682e-02
973           	-3.057977e-03	8.977227e-01	4.505746e-02	1.947075e-02	2.558671e-02
974           	-3.057975e-03	8.977226e-01	4.505720e-02	1.947063e-02	2.558658e-02
975           	-3.057973e-03	8.977225e-01	4.505690e-02	1.947048e-02	2.558643e-02
976           	-3.057972e-03	8.977224e-01	4.505657e-02	1.947031e-02	2.558626e-02
977           	-3.057970e-03	8.977224e-01	4.505621e-02	1.947013e-02	2.558607e-02
978           	-3.057969e-03	8.977224e-01	4.505581e-02	1.946994e-02	2.558587e-02
979           	-3.057968e-03	8.977224e-01	4.505538e-02	1.946972e-02	2.558566e-02
980           	-3.057967e-03	8.977225e-01	4.505493e-02	1.946950e-02	2.558543e-02
981           	-3.057966e-03	8.977225e-01	4.505445e-02	1.946926e-02	2.558519e-02
982           	-3.057965e-03	8.977226e-01	4.505395e-02	1.946901e-02	2.558494e-02
983           	-3.057964e-03	8.977227e-01	4.505343e-02	1.946875e-02	2.558468e-02
984           	-3.057963e-03	8.977228e-01	4.505291e-02	1.946849e-02	2.558442e-02
985           	-3.057962e-03	8.977229e-01	4.505236e-02	1.946822e-02	2.558414e-02
986           	-3.057961e-03	8.977230e-01	4.505182e-02	1.946795e-02	2.558387e-02
987           	-3.057960e-03	8.977231e-01	4.505127e-02	1.946767e-02	2.558359e-02
988           	-3.057960e-03	8.977232e-01	4.505074e-02	1.946741e-02	2.558333e-02
989           	-3.057959e-03	8.977233e-01	4.505020e-02	1.946714e-02	2.558306e-02
990           	-3.057958e-03	8.977234e-01	4.504969e-02	1.946689e-02	2.558280e-02
991           	-3.057957e-03	8.977235e-01	4.504919e-02	1.946664e-02	2.558255e-02
992           	-3.057956e-03	8.977237e-01	4.504872e-02	1.946640e-02	2.558231e-02
993           	-3.057955e-03	8.977238e-01	4.504825e-02	1.946617e-02	2.558208e-02
994           	-3.057954e-03	8.977239e-01	4.504782e-02	1.946596e-02	2.558187e-02
995           	-3.057954e-03	8.977240e-01	4.504741e-02	1.946575e-02	2.558166e-02
996           	-3.057953e-03	8.977242e-01	4.504703e-02	1.946556e-02	2.558147e-02
997           	-3.057952e-03	8.977243e-01	4.504667e-02	1.946538e-02	2.558129e-02
998           	-3.057951e-03	8.977244e-01	4.504634e-02	1.946522e-02	2.558112e-02
999           	-3.057950e-03	8.977246e-01	4.504603e-02	1.946506e-02	2.558096e-02
1000          	-3.057949e-03	8.977247e-01	4.504575e-02	1.946493e-02	2.558083e-02
