# Residuals   
# Time        	p             	Ux            	Uy            	Uz            
1             	1.000000e+00	3.174180e-01	1.000000e+00	2.781380e-01
2             	2.873200e-01	5.983010e-01	2.568790e-01	5.942940e-01
3             	4.154050e-02	4.819620e-01	1.517330e-01	4.570850e-01
4             	5.325900e-02	3.270280e-01	9.869700e-02	2.964370e-01
5             	9.018440e-02	2.537300e-01	7.556970e-02	2.377040e-01
6             	1.311430e-01	2.148240e-01	6.079480e-02	2.079520e-01
7             	1.430780e-01	1.824020e-01	5.206600e-02	1.751340e-01
8             	1.226610e-01	1.520720e-01	4.632820e-02	1.452680e-01
9             	1.068200e-01	1.261420e-01	4.075160e-02	1.156610e-01
10            	7.920600e-02	1.154090e-01	3.455840e-02	1.038360e-01
11            	6.264110e-02	1.060970e-01	2.902100e-02	9.890440e-02
12            	5.457970e-02	9.370530e-02	2.463610e-02	8.992440e-02
13            	5.334570e-02	7.960600e-02	2.146730e-02	7.834310e-02
14            	5.270410e-02	6.915090e-02	1.922280e-02	6.845160e-02
15            	5.669170e-02	6.312720e-02	1.770560e-02	6.201170e-02
16            	6.011860e-02	5.873160e-02	1.614590e-02	5.625690e-02
17            	6.178830e-02	5.445380e-02	1.468570e-02	5.100640e-02
18            	6.348930e-02	5.036230e-02	1.326610e-02	4.710330e-02
19            	6.506390e-02	4.721260e-02	1.185930e-02	4.477600e-02
20            	6.560720e-02	4.452030e-02	1.060750e-02	4.283320e-02
21            	6.452220e-02	4.217990e-02	9.721860e-03	4.079120e-02
22            	6.345070e-02	4.007560e-02	9.117610e-03	3.934230e-02
23            	6.407820e-02	3.846200e-02	8.764980e-03	3.855540e-02
24            	6.593600e-02	3.760500e-02	8.553490e-03	3.855680e-02
25            	6.893180e-02	3.686390e-02	8.195280e-03	3.833560e-02
26            	7.201620e-02	3.586290e-02	7.790710e-03	3.733050e-02
27            	7.418990e-02	3.474050e-02	7.475850e-03	3.562360e-02
28            	7.528310e-02	3.385960e-02	7.329720e-03	3.425100e-02
29            	7.694750e-02	3.345340e-02	7.310700e-03	3.379010e-02
30            	7.749460e-02	3.303610e-02	7.343910e-03	3.375670e-02
31            	7.567790e-02	3.237030e-02	7.393960e-03	3.364560e-02
32            	7.135060e-02	3.147260e-02	7.269210e-03	3.336950e-02
33            	6.806110e-02	3.059220e-02	7.140010e-03	3.291830e-02
34            	6.560670e-02	2.982020e-02	6.902180e-03	3.191130e-02
35            	6.417350e-02	2.888670e-02	6.586650e-03	3.046280e-02
36            	6.254110e-02	2.797900e-02	6.260910e-03	2.860280e-02
37            	6.194070e-02	2.696230e-02	6.041810e-03	2.689530e-02
38            	6.147690e-02	2.664660e-02	5.877970e-03	2.598070e-02
39            	6.163950e-02	2.671310e-02	5.735700e-03	2.541410e-02
40            	6.168200e-02	2.740290e-02	5.729110e-03	2.543030e-02
41            	6.134580e-02	2.944880e-02	5.915070e-03	2.639190e-02
42            	6.207560e-02	3.217460e-02	6.352200e-03	2.859740e-02
43            	6.494120e-02	3.492860e-02	7.024850e-03	3.116600e-02
44            	6.810160e-02	3.783400e-02	7.882970e-03	3.411060e-02
45            	7.011900e-02	4.020820e-02	8.673620e-03	3.724300e-02
46            	7.383720e-02	4.249540e-02	9.229640e-03	4.007350e-02
47            	7.500080e-02	4.343290e-02	9.710080e-03	4.247970e-02
48            	7.417960e-02	4.273620e-02	1.003050e-02	4.407890e-02
49            	7.419950e-02	4.253130e-02	1.041060e-02	4.577930e-02
50            	7.258800e-02	4.207960e-02	1.045210e-02	4.565620e-02
51            	7.099780e-02	4.154440e-02	1.017360e-02	4.401590e-02
52            	6.841600e-02	4.187250e-02	9.953590e-03	4.228730e-02
53            	6.603460e-02	4.298220e-02	9.972690e-03	4.189770e-02
54            	6.734210e-02	4.292400e-02	9.733420e-03	4.104930e-02
55            	6.905840e-02	4.170740e-02	9.386300e-03	4.044850e-02
56            	7.067720e-02	4.020390e-02	8.867850e-03	3.939700e-02
57            	7.147020e-02	3.955680e-02	8.622990e-03	3.834520e-02
58            	7.181740e-02	3.962730e-02	8.565310e-03	3.714910e-02
59            	7.160460e-02	3.987890e-02	8.758380e-03	3.620760e-02
60            	7.083330e-02	4.106980e-02	9.017790e-03	3.609990e-02
61            	6.953950e-02	4.175290e-02	9.198380e-03	3.643790e-02
62            	7.032310e-02	4.159900e-02	9.334410e-03	3.731920e-02
63            	7.216790e-02	4.090650e-02	9.435480e-03	3.772280e-02
64            	7.256380e-02	4.028220e-02	9.268710e-03	3.795120e-02
65            	7.322690e-02	3.988290e-02	9.137140e-03	3.807170e-02
66            	7.314330e-02	3.974190e-02	9.020750e-03	3.816480e-02
67            	7.358510e-02	3.979420e-02	9.054360e-03	3.856190e-02
68            	7.455890e-02	4.069900e-02	9.456550e-03	4.009090e-02
69            	7.584110e-02	4.297570e-02	1.018180e-02	4.197950e-02
70            	7.931640e-02	4.607250e-02	1.102560e-02	4.460090e-02
71            	8.176940e-02	5.007690e-02	1.188870e-02	4.721530e-02
72            	8.464110e-02	5.413800e-02	1.279850e-02	5.006440e-02
73            	8.594730e-02	5.795330e-02	1.382560e-02	5.303940e-02
74            	8.712220e-02	6.154400e-02	1.462660e-02	5.629430e-02
75            	8.745140e-02	6.370950e-02	1.505250e-02	5.887460e-02
76            	8.833490e-02	6.365830e-02	1.513300e-02	6.006820e-02
77            	8.916990e-02	6.037890e-02	1.463470e-02	5.857610e-02
78            	8.925710e-02	5.708880e-02	1.406590e-02	5.705520e-02
79            	8.755260e-02	5.458240e-02	1.358590e-02	5.589270e-02
80            	8.376050e-02	5.443090e-02	1.335560e-02	5.496630e-02
81            	7.960180e-02	5.427710e-02	1.313530e-02	5.313180e-02
82            	7.545690e-02	5.448420e-02	1.288870e-02	5.169310e-02
83            	7.294050e-02	5.563810e-02	1.259300e-02	5.083050e-02
84            	7.376360e-02	5.546540e-02	1.219900e-02	4.909230e-02
85            	7.685300e-02	5.400660e-02	1.216180e-02	4.851270e-02
86            	7.845030e-02	5.235200e-02	1.183280e-02	4.854340e-02
87            	7.856860e-02	5.048180e-02	1.150990e-02	4.776650e-02
88            	7.674480e-02	4.922410e-02	1.128780e-02	4.748160e-02
89            	7.570990e-02	5.023270e-02	1.143480e-02	4.824270e-02
90            	7.516270e-02	5.195480e-02	1.160500e-02	4.924610e-02
91            	7.508010e-02	5.270910e-02	1.162750e-02	4.975860e-02
92            	7.700780e-02	5.157710e-02	1.166420e-02	4.888230e-02
93            	7.988630e-02	4.989270e-02	1.181990e-02	4.836770e-02
94            	7.954050e-02	5.018110e-02	1.187540e-02	4.951690e-02
95            	7.756960e-02	5.001530e-02	1.148820e-02	4.949490e-02
96            	7.782140e-02	4.995100e-02	1.114470e-02	4.876360e-02
97            	7.900690e-02	4.974330e-02	1.082670e-02	4.859700e-02
98            	7.990310e-02	5.105870e-02	1.074890e-02	4.869570e-02
99            	7.932500e-02	5.339930e-02	1.103440e-02	4.986700e-02
100           	7.949090e-02	5.349250e-02	1.141320e-02	4.950180e-02
101           	7.956170e-02	5.387130e-02	1.170930e-02	4.926760e-02
102           	8.080380e-02	5.371490e-02	1.206500e-02	4.953190e-02
103           	8.188060e-02	5.214510e-02	1.230340e-02	4.945710e-02
104           	8.255740e-02	5.115460e-02	1.225900e-02	5.002920e-02
105           	7.958530e-02	5.038130e-02	1.212400e-02	4.944470e-02
106           	7.553100e-02	4.911950e-02	1.192230e-02	4.732330e-02
107           	7.485670e-02	4.800460e-02	1.148720e-02	4.565230e-02
108           	7.318400e-02	4.620860e-02	1.079550e-02	4.411860e-02
109           	7.274000e-02	4.475550e-02	1.010160e-02	4.191910e-02
110           	7.317290e-02	4.411020e-02	9.661020e-03	4.012700e-02
111           	7.468640e-02	4.433620e-02	9.302150e-03	3.868390e-02
112           	7.528410e-02	4.379860e-02	8.882470e-03	3.709110e-02
113           	7.467510e-02	4.228150e-02	8.669410e-03	3.578610e-02
114           	7.371250e-02	4.019390e-02	8.449500e-03	3.524330e-02
115           	7.242830e-02	3.838040e-02	8.324240e-03	3.544280e-02
116           	7.244880e-02	3.652780e-02	8.058200e-03	3.529800e-02
117           	7.249360e-02	3.500690e-02	7.813930e-03	3.459480e-02
118           	7.052910e-02	3.341630e-02	7.637440e-03	3.356760e-02
119           	6.783660e-02	3.283010e-02	7.656740e-03	3.297950e-02
120           	6.562980e-02	3.300550e-02	7.661320e-03	3.320840e-02
121           	6.381800e-02	3.385860e-02	7.724780e-03	3.336520e-02
122           	6.255910e-02	3.483730e-02	7.949510e-03	3.341390e-02
123           	6.208830e-02	3.569560e-02	8.314630e-03	3.410500e-02
124           	6.309660e-02	3.678290e-02	8.927360e-03	3.513530e-02
125           	6.284540e-02	3.812550e-02	9.563420e-03	3.687670e-02
126           	6.427600e-02	4.039730e-02	1.038100e-02	3.959800e-02
127           	6.649880e-02	4.488920e-02	1.157190e-02	4.338380e-02
128           	7.042640e-02	5.047450e-02	1.264160e-02	4.714090e-02
129           	7.511390e-02	5.668480e-02	1.373140e-02	5.161800e-02
130           	7.789830e-02	6.300300e-02	1.486420e-02	5.704840e-02
131           	8.048580e-02	6.974140e-02	1.613210e-02	6.318240e-02
132           	8.611560e-02	7.350810e-02	1.705570e-02	6.860590e-02
133           	9.026000e-02	7.362440e-02	1.732180e-02	7.016800e-02
134           	8.855970e-02	6.824520e-02	1.690890e-02	6.698430e-02
135           	8.405740e-02	6.081030e-02	1.624240e-02	6.288050e-02
136           	7.933570e-02	5.571990e-02	1.558040e-02	5.886070e-02
137           	7.434160e-02	5.524840e-02	1.488530e-02	5.593020e-02
138           	7.083840e-02	5.500920e-02	1.425440e-02	5.298940e-02
139           	6.843810e-02	5.526110e-02	1.342650e-02	5.161290e-02
140           	6.742730e-02	5.496980e-02	1.257670e-02	5.148950e-02
141           	6.690940e-02	5.322000e-02	1.162100e-02	5.038360e-02
142           	6.622110e-02	5.008260e-02	1.071090e-02	4.885580e-02
143           	6.570970e-02	4.698510e-02	1.016020e-02	4.720220e-02
144           	6.445600e-02	4.453570e-02	9.930430e-03	4.539640e-02
145           	6.353450e-02	4.243060e-02	1.003670e-02	4.409350e-02
146           	6.468170e-02	4.178840e-02	1.016670e-02	4.290810e-02
147           	6.689880e-02	4.224710e-02	1.005900e-02	4.210480e-02
148           	6.832120e-02	4.276100e-02	1.007360e-02	4.180740e-02
149           	6.822120e-02	4.323440e-02	1.008920e-02	4.192430e-02
150           	6.744390e-02	4.287610e-02	9.932610e-03	4.110330e-02
151           	6.625840e-02	4.190120e-02	9.741290e-03	4.013840e-02
152           	6.518840e-02	4.025690e-02	9.505990e-03	3.954370e-02
153           	6.371820e-02	3.824300e-02	9.213910e-03	3.901830e-02
154           	6.302580e-02	3.642850e-02	9.023670e-03	3.813390e-02
155           	6.378220e-02	3.601660e-02	8.906780e-03	3.802720e-02
156           	6.612700e-02	3.627080e-02	8.918680e-03	3.831420e-02
157           	6.850740e-02	3.683580e-02	9.145450e-03	3.838530e-02
158           	7.136740e-02	3.747480e-02	9.431250e-03	3.802930e-02
159           	7.627440e-02	3.841880e-02	9.837860e-03	3.787950e-02
160           	8.283590e-02	4.029230e-02	1.045870e-02	3.882770e-02
161           	8.792060e-02	4.310420e-02	1.127280e-02	4.185120e-02
162           	9.022600e-02	4.586070e-02	1.200940e-02	4.498560e-02
163           	9.150670e-02	4.893760e-02	1.264400e-02	4.827510e-02
164           	9.147800e-02	5.286720e-02	1.315260e-02	5.154100e-02
165           	9.053270e-02	5.693080e-02	1.340020e-02	5.377940e-02
166           	8.762330e-02	6.042580e-02	1.376920e-02	5.580340e-02
167           	8.753600e-02	6.277870e-02	1.419780e-02	5.755630e-02
168           	8.998620e-02	6.272860e-02	1.456360e-02	5.857920e-02
169           	8.992520e-02	6.175240e-02	1.495790e-02	5.876430e-02
170           	8.583360e-02	5.863940e-02	1.497720e-02	5.647860e-02
171           	7.747100e-02	5.547100e-02	1.450370e-02	5.261820e-02
172           	6.955420e-02	5.292300e-02	1.353810e-02	4.975940e-02
173           	6.466390e-02	4.961520e-02	1.245090e-02	4.771990e-02
174           	6.191690e-02	4.757100e-02	1.124320e-02	4.597410e-02
175           	6.058660e-02	4.610120e-02	1.008010e-02	4.374050e-02
176           	6.111950e-02	4.495810e-02	9.312430e-03	4.172840e-02
177           	6.281950e-02	4.403580e-02	8.809180e-03	4.031130e-02
178           	6.388170e-02	4.273050e-02	8.414090e-03	3.898230e-02
179           	6.486370e-02	4.097320e-02	8.125300e-03	3.775550e-02
180           	6.458890e-02	3.869060e-02	7.896010e-03	3.605560e-02
181           	6.321370e-02	3.651180e-02	7.614870e-03	3.373310e-02
182           	6.042970e-02	3.439090e-02	7.283900e-03	3.172990e-02
183           	5.679870e-02	3.199840e-02	6.983030e-03	2.999640e-02
184           	5.327160e-02	2.934810e-02	6.620960e-03	2.846960e-02
185           	5.118430e-02	2.717160e-02	6.315620e-03	2.723980e-02
186           	5.014100e-02	2.602360e-02	6.223860e-03	2.686370e-02
187           	4.935370e-02	2.605860e-02	6.233980e-03	2.700950e-02
188           	4.876260e-02	2.620270e-02	6.366350e-03	2.725210e-02
189           	4.846590e-02	2.691030e-02	6.716780e-03	2.865020e-02
190           	4.907850e-02	2.797910e-02	7.353830e-03	3.087650e-02
191           	5.082720e-02	2.939790e-02	8.070580e-03	3.379610e-02
192           	5.309690e-02	3.133310e-02	8.740170e-03	3.706160e-02
193           	5.573790e-02	3.359230e-02	9.192630e-03	4.018480e-02
194           	5.759840e-02	3.592840e-02	9.486030e-03	4.263850e-02
195           	5.985000e-02	3.796070e-02	9.637630e-03	4.415840e-02
196           	6.135090e-02	3.961540e-02	9.700720e-03	4.481740e-02
197           	6.224960e-02	4.107370e-02	9.773800e-03	4.489830e-02
198           	6.293570e-02	4.187470e-02	9.835260e-03	4.463220e-02
199           	6.257120e-02	4.212000e-02	9.863030e-03	4.422880e-02
200           	6.151660e-02	4.172730e-02	9.935270e-03	4.374180e-02
201           	6.013540e-02	4.028250e-02	1.008440e-02	4.266390e-02
202           	5.840540e-02	3.833400e-02	1.018830e-02	4.137880e-02
203           	5.668950e-02	3.745290e-02	1.030760e-02	4.046650e-02
204           	5.518160e-02	3.748410e-02	1.038480e-02	4.017190e-02
205           	5.400490e-02	3.786350e-02	1.038610e-02	3.978250e-02
206           	5.259890e-02	3.758180e-02	1.008790e-02	3.841900e-02
207           	5.090620e-02	3.643470e-02	9.473310e-03	3.651620e-02
208           	4.910210e-02	3.445470e-02	8.694600e-03	3.454340e-02
209           	4.694510e-02	3.244840e-02	7.877750e-03	3.249040e-02
210           	4.461980e-02	3.075110e-02	7.165490e-03	3.059480e-02
211           	4.224460e-02	2.921550e-02	6.610000e-03	2.894750e-02
212           	4.077810e-02	2.769880e-02	6.204190e-03	2.745520e-02
213           	4.013730e-02	2.646200e-02	5.931430e-03	2.639880e-02
214           	3.948330e-02	2.568850e-02	5.797060e-03	2.588160e-02
215           	3.864650e-02	2.515000e-02	5.739070e-03	2.571940e-02
216           	3.778810e-02	2.450720e-02	5.659810e-03	2.522080e-02
217           	3.719500e-02	2.381610e-02	5.581190e-03	2.445120e-02
218           	3.684110e-02	2.324350e-02	5.556040e-03	2.397010e-02
219           	3.651760e-02	2.277970e-02	5.613480e-03	2.379010e-02
220           	3.603340e-02	2.236180e-02	5.660710e-03	2.382030e-02
221           	3.583730e-02	2.187940e-02	5.671560e-03	2.385180e-02
222           	3.585170e-02	2.149470e-02	5.662310e-03	2.388760e-02
223           	3.537150e-02	2.112770e-02	5.597610e-03	2.383040e-02
224           	3.494220e-02	2.059420e-02	5.483150e-03	2.379850e-02
225           	3.489090e-02	2.015990e-02	5.390970e-03	2.377780e-02
226           	3.455520e-02	1.992480e-02	5.311370e-03	2.364350e-02
227           	3.388840e-02	1.996840e-02	5.253360e-03	2.337690e-02
228           	3.377870e-02	2.048440e-02	5.235410e-03	2.299510e-02
229           	3.435610e-02	2.124670e-02	5.287640e-03	2.283540e-02
230           	3.517020e-02	2.218030e-02	5.373790e-03	2.306950e-02
231           	3.587530e-02	2.364740e-02	5.548550e-03	2.372880e-02
232           	3.707780e-02	2.555020e-02	5.764660e-03	2.494050e-02
233           	3.859090e-02	2.741890e-02	5.956180e-03	2.613620e-02
234           	3.958510e-02	2.875760e-02	6.131670e-03	2.698860e-02
235           	4.040030e-02	2.933880e-02	6.284560e-03	2.728650e-02
236           	4.093470e-02	2.885030e-02	6.388710e-03	2.685770e-02
237           	4.046150e-02	2.750900e-02	6.427840e-03	2.597860e-02
238           	3.900350e-02	2.557570e-02	6.313690e-03	2.456430e-02
239           	3.703710e-02	2.396770e-02	6.061760e-03	2.334910e-02
240           	3.438530e-02	2.327150e-02	5.785420e-03	2.250740e-02
241           	3.197690e-02	2.294800e-02	5.539760e-03	2.173660e-02
242           	3.024790e-02	2.272430e-02	5.291840e-03	2.097670e-02
243           	2.911800e-02	2.251390e-02	5.036100e-03	2.007080e-02
244           	2.828620e-02	2.224940e-02	4.828700e-03	1.924720e-02
245           	2.777930e-02	2.189900e-02	4.651880e-03	1.869790e-02
246           	2.762710e-02	2.127170e-02	4.457910e-03	1.836320e-02
247           	2.754000e-02	2.027360e-02	4.247660e-03	1.812710e-02
248           	2.724480e-02	1.937980e-02	4.048940e-03	1.759230e-02
249           	2.668090e-02	1.859290e-02	3.867870e-03	1.702980e-02
250           	2.605620e-02	1.784690e-02	3.706210e-03	1.641160e-02
251           	2.538260e-02	1.713700e-02	3.566090e-03	1.579560e-02
252           	2.468340e-02	1.642400e-02	3.450640e-03	1.529690e-02
253           	2.402450e-02	1.580790e-02	3.360730e-03	1.494210e-02
254           	2.350380e-02	1.532930e-02	3.309450e-03	1.473520e-02
255           	2.305670e-02	1.500360e-02	3.291030e-03	1.469200e-02
256           	2.309520e-02	1.491880e-02	3.314230e-03	1.477640e-02
257           	2.336760e-02	1.524170e-02	3.381330e-03	1.518300e-02
258           	2.382830e-02	1.576270e-02	3.455050e-03	1.562620e-02
259           	2.434360e-02	1.639450e-02	3.538520e-03	1.602120e-02
260           	2.476020e-02	1.708200e-02	3.623890e-03	1.636430e-02
261           	2.519090e-02	1.764450e-02	3.698120e-03	1.674010e-02
262           	2.544960e-02	1.799030e-02	3.733200e-03	1.697800e-02
263           	2.547370e-02	1.808680e-02	3.713540e-03	1.699880e-02
264           	2.517850e-02	1.771740e-02	3.622930e-03	1.659970e-02
265           	2.449690e-02	1.704580e-02	3.498170e-03	1.611880e-02
266           	2.358900e-02	1.623500e-02	3.367010e-03	1.549660e-02
267           	2.254240e-02	1.541410e-02	3.255520e-03	1.486140e-02
268           	2.168560e-02	1.473380e-02	3.171990e-03	1.439740e-02
269           	2.094230e-02	1.433320e-02	3.146250e-03	1.443140e-02
270           	2.055080e-02	1.418860e-02	3.148900e-03	1.455890e-02
271           	2.040530e-02	1.420590e-02	3.167950e-03	1.470660e-02
272           	2.032110e-02	1.431120e-02	3.192570e-03	1.485670e-02
273           	2.026970e-02	1.444060e-02	3.204710e-03	1.499830e-02
274           	2.033600e-02	1.459670e-02	3.207820e-03	1.502100e-02
275           	2.034390e-02	1.463790e-02	3.194520e-03	1.486040e-02
276           	2.022880e-02	1.440740e-02	3.130560e-03	1.443360e-02
277           	1.992530e-02	1.410010e-02	3.017300e-03	1.391630e-02
278           	1.937610e-02	1.369260e-02	2.872460e-03	1.329220e-02
279           	1.858850e-02	1.304900e-02	2.722080e-03	1.265430e-02
280           	1.774250e-02	1.228170e-02	2.580230e-03	1.208740e-02
281           	1.700570e-02	1.151540e-02	2.476350e-03	1.158700e-02
282           	1.650830e-02	1.089170e-02	2.439790e-03	1.132020e-02
283           	1.621730e-02	1.063730e-02	2.450870e-03	1.147490e-02
284           	1.612650e-02	1.066690e-02	2.481350e-03	1.178220e-02
285           	1.624140e-02	1.095190e-02	2.516920e-03	1.213350e-02
286           	1.634870e-02	1.138260e-02	2.538450e-03	1.243040e-02
287           	1.658730e-02	1.184790e-02	2.538810e-03	1.260950e-02
288           	1.682000e-02	1.219980e-02	2.514730e-03	1.257690e-02
289           	1.689720e-02	1.222330e-02	2.466390e-03	1.226110e-02
290           	1.672790e-02	1.198360e-02	2.396580e-03	1.176110e-02
291           	1.627300e-02	1.138670e-02	2.319720e-03	1.106340e-02
292           	1.545650e-02	1.078590e-02	2.231690e-03	1.054110e-02
293           	1.474300e-02	1.013580e-02	2.151300e-03	1.013680e-02
294           	1.428270e-02	9.597180e-03	2.094380e-03	9.961750e-03
295           	1.409830e-02	9.183710e-03	2.075310e-03	9.870430e-03
296           	1.400130e-02	9.029860e-03	2.084430e-03	9.751530e-03
297           	1.381000e-02	9.120060e-03	2.086800e-03	9.611860e-03
298           	1.368840e-02	9.250530e-03	2.065010e-03	9.483970e-03
299           	1.347450e-02	9.383400e-03	2.019520e-03	9.489110e-03
300           	1.321250e-02	9.310560e-03	1.959960e-03	9.486610e-03
301           	1.281420e-02	9.072520e-03	1.904100e-03	9.423840e-03
302           	1.223150e-02	8.730220e-03	1.838280e-03	9.176310e-03
303           	1.157530e-02	8.205930e-03	1.745560e-03	8.692890e-03
304           	1.102700e-02	7.597140e-03	1.632360e-03	8.129270e-03
305           	1.056360e-02	6.943440e-03	1.515840e-03	7.576540e-03
306           	1.018150e-02	6.379330e-03	1.411570e-03	7.103260e-03
307           	9.852970e-03	6.009080e-03	1.326840e-03	6.673470e-03
308           	9.517010e-03	5.784960e-03	1.261260e-03	6.297030e-03
309           	9.156020e-03	5.605870e-03	1.207410e-03	5.975150e-03
310           	8.764840e-03	5.396270e-03	1.159580e-03	5.751370e-03
311           	8.369130e-03	5.180030e-03	1.110360e-03	5.579100e-03
312           	7.944470e-03	5.006810e-03	1.055870e-03	5.491550e-03
313           	7.508220e-03	4.805260e-03	1.007200e-03	5.384670e-03
314           	7.097120e-03	4.579900e-03	9.628190e-04	5.224230e-03
315           	6.735370e-03	4.364020e-03	9.252590e-04	5.047200e-03
316           	6.445110e-03	4.168800e-03	8.948680e-04	4.868370e-03
317           	6.216740e-03	4.001630e-03	8.656000e-04	4.688010e-03
318           	6.112700e-03	3.863500e-03	8.346200e-04	4.502830e-03
319           	6.076970e-03	3.754240e-03	8.054950e-04	4.316630e-03
320           	6.041760e-03	3.657320e-03	7.805650e-04	4.133390e-03
321           	5.949150e-03	3.551780e-03	7.577830e-04	3.949990e-03
322           	5.750890e-03	3.437120e-03	7.367760e-04	3.788310e-03
323           	5.544270e-03	3.303730e-03	7.160270e-04	3.632670e-03
324           	5.323830e-03	3.192330e-03	6.962260e-04	3.502650e-03
325           	5.110160e-03	3.154660e-03	6.756040e-04	3.434130e-03
326           	4.913950e-03	3.119620e-03	6.546550e-04	3.386470e-03
327           	4.740060e-03	3.071890e-03	6.366170e-04	3.338940e-03
328           	4.580270e-03	2.999150e-03	6.217060e-04	3.292890e-03
329           	4.430230e-03	2.910780e-03	6.072690e-04	3.241740e-03
330           	4.290210e-03	2.813410e-03	5.930850e-04	3.176050e-03
331           	4.151230e-03	2.716740e-03	5.778450e-04	3.098250e-03
332           	4.016920e-03	2.620330e-03	5.605210e-04	3.004130e-03
333           	3.886180e-03	2.516380e-03	5.414930e-04	2.877090e-03
334           	3.764730e-03	2.408060e-03	5.218130e-04	2.731820e-03
335           	3.652950e-03	2.293030e-03	5.053100e-04	2.585650e-03
336           	3.541080e-03	2.186170e-03	4.931180e-04	2.452110e-03
337           	3.425990e-03	2.098440e-03	4.837270e-04	2.354530e-03
338           	3.308690e-03	2.033380e-03	4.756960e-04	2.291690e-03
339           	3.208400e-03	1.998600e-03	4.676960e-04	2.250300e-03
340           	3.132290e-03	1.974450e-03	4.606870e-04	2.235940e-03
341           	3.065960e-03	1.968390e-03	4.540190e-04	2.237590e-03
342           	3.003080e-03	1.965660e-03	4.479980e-04	2.244550e-03
343           	2.932580e-03	1.960380e-03	4.433830e-04	2.261470e-03
344           	2.872020e-03	1.954030e-03	4.408560e-04	2.286070e-03
345           	2.830090e-03	1.943200e-03	4.411380e-04	2.312670e-03
346           	2.826950e-03	1.940850e-03	4.424930e-04	2.323470e-03
347           	2.838470e-03	1.923020e-03	4.427820e-04	2.302440e-03
348           	2.848200e-03	1.887250e-03	4.384440e-04	2.252540e-03
349           	2.834650e-03	1.833510e-03	4.294830e-04	2.180830e-03
350           	2.792190e-03	1.770020e-03	4.175140e-04	2.090110e-03
351           	2.732240e-03	1.700840e-03	4.042520e-04	1.975810e-03
352           	2.669000e-03	1.649510e-03	3.904420e-04	1.868760e-03
353           	2.606580e-03	1.608970e-03	3.759180e-04	1.775160e-03
354           	2.532430e-03	1.565600e-03	3.614290e-04	1.693420e-03
355           	2.459860e-03	1.516640e-03	3.475410e-04	1.636530e-03
356           	2.372320e-03	1.486060e-03	3.355860e-04	1.611410e-03
357           	2.281540e-03	1.466160e-03	3.230290e-04	1.601710e-03
358           	2.193420e-03	1.443530e-03	3.085100e-04	1.587040e-03
359           	2.103810e-03	1.411130e-03	2.943960e-04	1.553750e-03
360           	2.018780e-03	1.361100e-03	2.825630e-04	1.499050e-03
361           	1.938390e-03	1.291740e-03	2.712910e-04	1.419840e-03
362           	1.854140e-03	1.210650e-03	2.608240e-04	1.324300e-03
363           	1.771340e-03	1.131550e-03	2.512190e-04	1.225930e-03
364           	1.689460e-03	1.057480e-03	2.424020e-04	1.147230e-03
365           	1.618550e-03	1.000310e-03	2.338020e-04	1.089190e-03
366           	1.562680e-03	9.546340e-04	2.260580e-04	1.049170e-03
367           	1.531760e-03	9.266010e-04	2.195530e-04	1.021990e-03
368           	1.508240e-03	9.148120e-04	2.149440e-04	9.995000e-04
369           	1.482500e-03	9.144760e-04	2.123980e-04	9.820800e-04
370           	1.446800e-03	9.226880e-04	2.108600e-04	9.774970e-04
371           	1.415110e-03	9.358760e-04	2.104010e-04	9.978110e-04
372           	1.407840e-03	9.590970e-04	2.112680e-04	1.042510e-03
373           	1.429440e-03	9.814180e-04	2.142800e-04	1.093260e-03
374           	1.469660e-03	1.000450e-03	2.189900e-04	1.133600e-03
375           	1.512310e-03	1.009240e-03	2.231260e-04	1.157180e-03
376           	1.536790e-03	1.007640e-03	2.253840e-04	1.155030e-03
377           	1.544700e-03	9.900480e-04	2.241250e-04	1.124340e-03
378           	1.537720e-03	9.694200e-04	2.199800e-04	1.086420e-03
379           	1.523660e-03	9.486030e-04	2.140740e-04	1.045090e-03
380           	1.518810e-03	9.286090e-04	2.071040e-04	1.004060e-03
381           	1.520870e-03	9.119690e-04	2.002170e-04	9.633410e-04
382           	1.514680e-03	8.953830e-04	1.948890e-04	9.277530e-04
383           	1.496500e-03	8.802750e-04	1.916420e-04	8.968120e-04
384           	1.474030e-03	8.738330e-04	1.898590e-04	8.818510e-04
385           	1.450770e-03	8.742100e-04	1.879030e-04	8.809690e-04
386           	1.431140e-03	8.748710e-04	1.846220e-04	8.842890e-04
387           	1.409450e-03	8.683980e-04	1.800140e-04	8.813260e-04
388           	1.387270e-03	8.494360e-04	1.751040e-04	8.722930e-04
389           	1.358690e-03	8.187500e-04	1.699370e-04	8.500090e-04
390           	1.318520e-03	7.804450e-04	1.650170e-04	8.138110e-04
391           	1.273760e-03	7.410240e-04	1.597130e-04	7.690160e-04
392           	1.233900e-03	7.047220e-04	1.540680e-04	7.298530e-04
393           	1.198110e-03	6.748340e-04	1.487420e-04	6.969790e-04
394           	1.173550e-03	6.527810e-04	1.445430e-04	6.771670e-04
395           	1.157470e-03	6.413320e-04	1.411450e-04	6.668410e-04
396           	1.140270e-03	6.356120e-04	1.387910e-04	6.588790e-04
397           	1.116670e-03	6.321610e-04	1.375420e-04	6.512680e-04
398           	1.093490e-03	6.347870e-04	1.372660e-04	6.522720e-04
399           	1.076540e-03	6.454720e-04	1.377850e-04	6.708810e-04
400           	1.071940e-03	6.565740e-04	1.391680e-04	6.959430e-04
401           	1.079940e-03	6.659720e-04	1.406990e-04	7.226430e-04
402           	1.090310e-03	6.705240e-04	1.416900e-04	7.428310e-04
403           	1.094270e-03	6.670680e-04	1.414610e-04	7.490390e-04
404           	1.084350e-03	6.523720e-04	1.398530e-04	7.351760e-04
405           	1.067230e-03	6.366950e-04	1.367530e-04	7.076850e-04
406           	1.043840e-03	6.164400e-04	1.328920e-04	6.762890e-04
407           	1.017770e-03	5.966020e-04	1.285180e-04	6.454810e-04
408           	9.992290e-04	5.792170e-04	1.242300e-04	6.185030e-04
409           	9.881470e-04	5.670720e-04	1.198670e-04	5.979630e-04
410           	9.782130e-04	5.587900e-04	1.164280e-04	5.839050e-04
411           	9.649790e-04	5.521290e-04	1.147990e-04	5.716760e-04
412           	9.507920e-04	5.495870e-04	1.145000e-04	5.642920e-04
413           	9.394620e-04	5.517000e-04	1.145880e-04	5.671610e-04
414           	9.310590e-04	5.542470e-04	1.146090e-04	5.754380e-04
415           	9.238310e-04	5.544940e-04	1.142150e-04	5.850470e-04
416           	9.184600e-04	5.504470e-04	1.130010e-04	5.930300e-04
417           	9.080930e-04	5.402000e-04	1.110610e-04	5.928110e-04
418           	8.905980e-04	5.247070e-04	1.084120e-04	5.823330e-04
419           	8.657110e-04	5.048960e-04	1.054950e-04	5.623780e-04
420           	8.414190e-04	4.835200e-04	1.022240e-04	5.362730e-04
421           	8.156850e-04	4.644140e-04	9.910260e-05	5.085730e-04
422           	7.934780e-04	4.486310e-04	9.635660e-05	4.865790e-04
423           	7.791310e-04	4.396780e-04	9.411680e-05	4.722290e-04
424           	7.677240e-04	4.362660e-04	9.230700e-05	4.647150e-04
425           	7.558980e-04	4.341740e-04	9.127150e-05	4.606140e-04
426           	7.414480e-04	4.316600e-04	9.152520e-05	4.568300e-04
427           	7.290530e-04	4.322060e-04	9.256230e-05	4.589690e-04
428           	7.216200e-04	4.351780e-04	9.389640e-05	4.679920e-04
429           	7.206310e-04	4.387020e-04	9.511940e-05	4.793430e-04
430           	7.237780e-04	4.409170e-04	9.563480e-05	4.910300e-04
431           	7.244840e-04	4.396290e-04	9.522700e-05	4.985610e-04
432           	7.206370e-04	4.350510e-04	9.377740e-05	4.968400e-04
433           	7.106000e-04	4.257470e-04	9.155470e-05	4.855350e-04
434           	6.956790e-04	4.128490e-04	8.894600e-05	4.658190e-04
435           	6.767430e-04	3.978910e-04	8.626620e-05	4.424400e-04
436           	6.579970e-04	3.840950e-04	8.360990e-05	4.207820e-04
437           	6.429480e-04	3.724780e-04	8.104030e-05	4.032120e-04
438           	6.331560e-04	3.647340e-04	7.849540e-05	3.912350e-04
439           	6.255320e-04	3.603730e-04	7.630080e-05	3.845150e-04
440           	6.178110e-04	3.577470e-04	7.501960e-05	3.797130e-04
441           	6.094220e-04	3.565470e-04	7.473770e-05	3.765610e-04
442           	6.024780e-04	3.578670e-04	7.531410e-05	3.785950e-04
443           	5.984290e-04	3.604860e-04	7.621130e-05	3.847210e-04
444           	5.973570e-04	3.624680e-04	7.703290e-05	3.924040e-04
445           	5.965250e-04	3.629930e-04	7.732570e-05	3.993490e-04
446           	5.936150e-04	3.605860e-04	7.684510e-05	4.029450e-04
447           	5.878660e-04	3.548570e-04	7.564420e-05	4.006940e-04
448           	5.785590e-04	3.462720e-04	7.397630e-05	3.918640e-04
449           	5.670580e-04	3.358300e-04	7.215150e-05	3.777740e-04
450           	5.548920e-04	3.252450e-04	7.038610e-05	3.614410e-04
451           	5.435550e-04	3.156070e-04	6.879710e-05	3.462590e-04
452           	5.344740e-04	3.078600e-04	6.738020e-05	3.342170e-04
453           	5.282150e-04	3.026170e-04	6.603610e-05	3.262730e-04
454           	5.223940e-04	2.993830e-04	6.498250e-05	3.213700e-04
455           	5.155070e-04	2.968360e-04	6.437480e-05	3.172560e-04
456           	5.078230e-04	2.949890e-04	6.416620e-05	3.142170e-04
457           	5.012450e-04	2.950250e-04	6.431190e-05	3.148890e-04
458           	4.966850e-04	2.961440e-04	6.458250e-05	3.187950e-04
459           	4.947370e-04	2.967790e-04	6.471750e-05	3.236080e-04
460           	4.930460e-04	2.966050e-04	6.448620e-05	3.281000e-04
461           	4.902020e-04	2.944410e-04	6.374520e-05	3.301100e-04
462           	4.853210e-04	2.895930e-04	6.256140e-05	3.275660e-04
463           	4.783350e-04	2.828170e-04	6.107020e-05	3.201900e-04
464           	4.694020e-04	2.750790e-04	5.951290e-05	3.090710e-04
465           	4.594290e-04	2.674120e-04	5.805340e-05	2.964410e-04
466           	4.503460e-04	2.603520e-04	5.667610e-05	2.844420e-04
467           	4.426050e-04	2.561490e-04	5.539950e-05	2.760240e-04
468           	4.373670e-04	2.534730e-04	5.416580e-05	2.703570e-04
469           	4.328990e-04	2.517640e-04	5.322680e-05	2.672030e-04
470           	4.277640e-04	2.504360e-04	5.275490e-05	2.648060e-04
471           	4.227340e-04	2.497120e-04	5.271360e-05	2.637970e-04
472           	4.184540e-04	2.503510e-04	5.309580e-05	2.658740e-04
473           	4.159170e-04	2.518890e-04	5.363820e-05	2.702160e-04
474           	4.151040e-04	2.536840e-04	5.417600e-05	2.756750e-04
475           	4.143100e-04	2.553560e-04	5.449910e-05	2.809720e-04
476           	4.125400e-04	2.557720e-04	5.446700e-05	2.848600e-04
477           	4.100900e-04	2.542440e-04	5.403330e-05	2.858670e-04
478           	4.065020e-04	2.508450e-04	5.323970e-05	2.832020e-04
479           	4.017560e-04	2.461930e-04	5.233160e-05	2.773750e-04
480           	3.962450e-04	2.411260e-04	5.142040e-05	2.697000e-04
481           	3.906870e-04	2.360830e-04	5.056850e-05	2.614620e-04
482           	3.856590e-04	2.318320e-04	4.977890e-05	2.538060e-04
483           	3.818560e-04	2.290210e-04	4.903040e-05	2.483850e-04
484           	3.785760e-04	2.271770e-04	4.840130e-05	2.449150e-04
485           	3.753230e-04	2.259290e-04	4.797210e-05	2.424300e-04
486           	3.722900e-04	2.252550e-04	4.783890e-05	2.411630e-04
487           	3.696180e-04	2.255860e-04	4.798400e-05	2.417740e-04
488           	3.679020e-04	2.266410e-04	4.826640e-05	2.439210e-04
489           	3.671970e-04	2.280290e-04	4.855340e-05	2.468580e-04
490           	3.665520e-04	2.292610e-04	4.871980e-05	2.499510e-04
491           	3.653320e-04	2.297210e-04	4.866390e-05	2.522830e-04
492           	3.637580e-04	2.290980e-04	4.841330e-05	2.530530e-04
493           	3.616260e-04	2.273420e-04	4.798170e-05	2.518290e-04
494           	3.589560e-04	2.247430e-04	4.746400e-05	2.486870e-04
495           	3.568650e-04	2.218230e-04	4.695250e-05	2.443330e-04
496           	3.539420e-04	2.191380e-04	4.656130e-05	2.383900e-04
497           	3.512540e-04	2.171930e-04	4.624840e-05	2.332860e-04
498           	3.493640e-04	2.161090e-04	4.598340e-05	2.298960e-04
499           	3.483340e-04	2.158800e-04	4.584760e-05	2.282660e-04
500           	3.477460e-04	2.162000e-04	4.586130e-05	2.277910e-04
501           	3.475900e-04	2.170860e-04	4.606720e-05	2.283550e-04
502           	3.478080e-04	2.186500e-04	4.647930e-05	2.299950e-04
503           	3.486060e-04	2.206520e-04	4.699850e-05	2.325810e-04
504           	3.492360e-04	2.228560e-04	4.751060e-05	2.357240e-04
505           	3.504930e-04	2.248040e-04	4.787020e-05	2.399120e-04
506           	3.516800e-04	2.261240e-04	4.806410e-05	2.434220e-04
507           	3.532430e-04	2.266430e-04	4.805450e-05	2.454340e-04
508           	3.536060e-04	2.264540e-04	4.793600e-05	2.447730e-04
509           	3.532890e-04	2.255420e-04	4.768810e-05	2.431390e-04
510           	3.525500e-04	2.242010e-04	4.737840e-05	2.406650e-04
511           	3.516090e-04	2.227860e-04	4.705620e-05	2.377490e-04
512           	3.507110e-04	2.215230e-04	4.676000e-05	2.348480e-04
513           	3.500200e-04	2.207070e-04	4.654460e-05	2.324390e-04
514           	3.495690e-04	2.203410e-04	4.642840e-05	2.307330e-04
515           	3.493560e-04	2.202890e-04	4.641250e-05	2.297280e-04
516           	3.493390e-04	2.207800e-04	4.652200e-05	2.295160e-04
517           	3.495690e-04	2.217150e-04	4.673380e-05	2.300970e-04
518           	3.501330e-04	2.229430e-04	4.700840e-05	2.313110e-04
519           	3.510290e-04	2.243650e-04	4.730250e-05	2.330820e-04
520           	3.521100e-04	2.257480e-04	4.756770e-05	2.350690e-04
521           	3.532580e-04	2.268920e-04	4.776190e-05	2.369130e-04
522           	3.542240e-04	2.275990e-04	4.785420e-05	2.382650e-04
523           	3.549200e-04	2.277650e-04	4.785350e-05	2.389840e-04
524           	3.553150e-04	2.275170e-04	4.776570e-05	2.389240e-04
525           	3.554950e-04	2.269110e-04	4.763000e-05	2.381940e-04
526           	3.554220e-04	2.261410e-04	4.746650e-05	2.369710e-04
527           	3.552610e-04	2.254400e-04	4.732070e-05	2.356060e-04
528           	3.550720e-04	2.248810e-04	4.721290e-05	2.343740e-04
529           	3.549580e-04	2.246050e-04	4.714640e-05	2.334670e-04
530           	3.549160e-04	2.245940e-04	4.713150e-05	2.330070e-04
531           	3.550040e-04	2.248730e-04	4.717320e-05	2.329600e-04
532           	3.552070e-04	2.253820e-04	4.726920e-05	2.333240e-04
533           	3.555750e-04	2.261260e-04	4.740700e-05	2.341100e-04
534           	3.560700e-04	2.269130e-04	4.756050e-05	2.351250e-04
535           	3.566760e-04	2.277390e-04	4.770680e-05	2.362640e-04
536           	3.573250e-04	2.284770e-04	4.782900e-05	2.373490e-04
537           	3.579490e-04	2.290150e-04	4.790350e-05	2.382100e-04
538           	3.584370e-04	2.293010e-04	4.791590e-05	2.386710e-04
539           	3.588270e-04	2.293080e-04	4.787620e-05	2.387250e-04
540           	3.590590e-04	2.290390e-04	4.778630e-05	2.383570e-04
541           	3.591480e-04	2.286530e-04	4.766730e-05	2.376730e-04
542           	3.590780e-04	2.281650e-04	4.754150e-05	2.368470e-04
543           	3.589290e-04	2.277120e-04	4.742960e-05	2.360060e-04
544           	3.587120e-04	2.273450e-04	4.733620e-05	2.352240e-04
545           	3.585060e-04	2.270920e-04	4.727220e-05	2.346620e-04
546           	3.582900e-04	2.269710e-04	4.722970e-05	2.343310e-04
547           	3.581190e-04	2.270070e-04	4.722890e-05	2.342620e-04
548           	3.580020e-04	2.271290e-04	4.725190e-05	2.343990e-04
549           	3.579620e-04	2.273800e-04	4.728800e-05	2.347060e-04
550           	3.579820e-04	2.276000e-04	4.732280e-05	2.350770e-04
551           	3.580770e-04	2.278290e-04	4.734630e-05	2.354710e-04
552           	3.581490e-04	2.279810e-04	4.735050e-05	2.357840e-04
553           	3.582260e-04	2.280150e-04	4.732950e-05	2.360160e-04
554           	3.582540e-04	2.279300e-04	4.727750e-05	2.360290e-04
555           	3.581960e-04	2.276720e-04	4.720110e-05	2.357980e-04
556           	3.580410e-04	2.273400e-04	4.710730e-05	2.354090e-04
557           	3.578100e-04	2.269130e-04	4.700020e-05	2.348950e-04
558           	3.574680e-04	2.264160e-04	4.688130e-05	2.342450e-04
559           	3.570860e-04	2.259570e-04	4.676390e-05	2.335840e-04
560           	3.566210e-04	2.255150e-04	4.664890e-05	2.329200e-04
561           	3.561500e-04	2.251160e-04	4.655460e-05	2.323440e-04
562           	3.556560e-04	2.247890e-04	4.646620e-05	2.318600e-04
563           	3.551680e-04	2.245100e-04	4.639620e-05	2.314500e-04
564           	3.547210e-04	2.242750e-04	4.633480e-05	2.311770e-04
565           	3.543070e-04	2.240720e-04	4.628050e-05	2.310280e-04
566           	3.539280e-04	2.239330e-04	4.622620e-05	2.309190e-04
567           	3.535670e-04	2.237400e-04	4.616940e-05	2.308710e-04
568           	3.532320e-04	2.235150e-04	4.610220e-05	2.307290e-04
569           	3.528700e-04	2.231990e-04	4.600720e-05	2.304990e-04
570           	3.523990e-04	2.228160e-04	4.588770e-05	2.300840e-04
571           	3.518570e-04	2.223770e-04	4.575470e-05	2.295640e-04
572           	3.512580e-04	2.218290e-04	4.560280e-05	2.289430e-04
573           	3.506350e-04	2.211960e-04	4.544990e-05	2.281840e-04
574           	3.499520e-04	2.205100e-04	4.528210e-05	2.273210e-04
575           	3.491710e-04	2.198080e-04	4.510620e-05	2.263790e-04
576           	3.482960e-04	2.191110e-04	4.493680e-05	2.254560e-04
577           	3.473540e-04	2.183920e-04	4.477460e-05	2.245940e-04
578           	3.463520e-04	2.176670e-04	4.460720e-05	2.237780e-04
579           	3.453280e-04	2.169650e-04	4.444490e-05	2.230140e-04
580           	3.436010e-04	2.162940e-04	4.429010e-05	2.223170e-04
581           	3.430800e-04	2.155350e-04	4.409450e-05	2.226500e-04
582           	3.421540e-04	2.148130e-04	4.393660e-05	2.215770e-04
583           	3.411290e-04	2.141480e-04	4.379790e-05	2.206960e-04
584           	3.394510e-04	2.135400e-04	4.365840e-05	2.199090e-04
585           	3.390820e-04	2.128210e-04	4.346830e-05	2.201910e-04
586           	3.383200e-04	2.120980e-04	4.332260e-05	2.191410e-04
587           	3.367670e-04	2.114510e-04	4.318290e-05	2.182180e-04
588           	3.364550e-04	2.106840e-04	4.299230e-05	2.182130e-04
589           	3.349800e-04	2.099210e-04	4.284280e-05	2.169960e-04
590           	3.345980e-04	2.091030e-04	4.265160e-05	2.168080e-04
591           	3.330300e-04	2.083700e-04	4.250860e-05	2.154340e-04
592           	3.325630e-04	2.075310e-04	4.231770e-05	2.151330e-04
593           	3.308990e-04	2.067340e-04	4.217230e-05	2.137670e-04
594           	3.303570e-04	2.058770e-04	4.198800e-05	2.134990e-04
595           	3.286250e-04	2.050800e-04	4.184220e-05	2.121810e-04
596           	3.280620e-04	2.042350e-04	4.166060e-05	2.119500e-04
597           	3.263670e-04	2.034760e-04	4.152620e-05	2.106800e-04
598           	3.251350e-04	2.026840e-04	4.134840e-05	2.104630e-04
599           	3.247260e-04	2.018410e-04	4.116420e-05	2.102730e-04
600           	3.230720e-04	2.010970e-04	4.103500e-05	2.087700e-04
601           	3.218640e-04	2.003650e-04	4.086630e-05	2.083740e-04
602           	3.207460e-04	1.995590e-04	4.067960e-05	2.080370e-04
603           	3.203180e-04	1.986660e-04	4.048870e-05	2.073580e-04
604           	3.185430e-04	1.978690e-04	4.034100e-05	2.055260e-04
605           	3.171860e-04	1.970610e-04	4.015480e-05	2.048220e-04
606           	3.158750e-04	1.961890e-04	3.995680e-05	2.042350e-04
607           	3.152460e-04	1.952970e-04	3.976090e-05	2.034080e-04
608           	3.133070e-04	1.945210e-04	3.962180e-05	2.015170e-04
609           	3.118550e-04	1.937730e-04	3.944650e-05	2.008200e-04
610           	3.112150e-04	1.929810e-04	3.926730e-05	2.003320e-04
611           	3.093920e-04	1.923100e-04	3.915280e-05	1.987400e-04
612           	3.081120e-04	1.917180e-04	3.900590e-05	1.983300e-04
613           	3.076430e-04	1.910410e-04	3.885670e-05	1.980150e-04
614           	3.060250e-04	1.904930e-04	3.876570e-05	1.965440e-04
615           	3.048980e-04	1.899860e-04	3.864630e-05	1.962150e-04
616           	3.039120e-04	1.894270e-04	3.851780e-05	1.960050e-04
617           	3.036420e-04	1.888540e-04	3.838770e-05	1.955980e-04
618           	3.021330e-04	1.883940e-04	3.831620e-05	1.941190e-04
619           	3.011160e-04	1.879490e-04	3.820850e-05	1.937530e-04
620           	3.002400e-04	1.874140e-04	3.808820e-05	1.935690e-04
621           	2.993950e-04	1.868780e-04	3.796150e-05	1.931340e-04
622           	2.985240e-04	1.863170e-04	3.783040e-05	1.924950e-04
623           	2.976150e-04	1.857100e-04	3.769960e-05	1.917800e-04
624           	2.966860e-04	1.851110e-04	3.756840e-05	1.910470e-04
625           	2.957510e-04	1.845130e-04	3.743750e-05	1.902940e-04
626           	2.948210e-04	1.838720e-04	3.730000e-05	1.895190e-04
627           	2.938790e-04	1.832310e-04	3.716180e-05	1.887060e-04
628           	2.929090e-04	1.826130e-04	3.702350e-05	1.878880e-04
629           	2.919140e-04	1.820230e-04	3.688670e-05	1.870730e-04
630           	2.909020e-04	1.814230e-04	3.675070e-05	1.863240e-04
631           	2.899410e-04	1.808660e-04	3.662550e-05	1.856340e-04
632           	2.889990e-04	1.803140e-04	3.649920e-05	1.849590e-04
633           	2.881010e-04	1.797700e-04	3.638600e-05	1.843420e-04
634           	2.872440e-04	1.792720e-04	3.628250e-05	1.837980e-04
635           	2.864410e-04	1.787710e-04	3.618070e-05	1.832510e-04
636           	2.856500e-04	1.782770e-04	3.607840e-05	1.826510e-04
637           	2.848960e-04	1.777870e-04	3.597700e-05	1.821090e-04
638           	2.841590e-04	1.772880e-04	3.587830e-05	1.815510e-04
639           	2.834560e-04	1.767730e-04	3.577140e-05	1.809590e-04
640           	2.827470e-04	1.762130e-04	3.565920e-05	1.803680e-04
641           	2.820410e-04	1.756480e-04	3.554430e-05	1.797700e-04
642           	2.813280e-04	1.750940e-04	3.542850e-05	1.791430e-04
643           	2.805880e-04	1.745200e-04	3.531270e-05	1.784880e-04
644           	2.797810e-04	1.739500e-04	3.519340e-05	1.778350e-04
645           	2.789720e-04	1.733790e-04	3.507050e-05	1.771780e-04
646           	2.781590e-04	1.727830e-04	3.494650e-05	1.765210e-04
647           	2.773450e-04	1.721940e-04	3.482260e-05	1.758830e-04
648           	2.765390e-04	1.716400e-04	3.469740e-05	1.752480e-04
649           	2.757830e-04	1.710850e-04	3.457600e-05	1.746210e-04
650           	2.750320e-04	1.704880e-04	3.445590e-05	1.739990e-04
651           	2.742660e-04	1.698610e-04	3.433400e-05	1.733750e-04
652           	2.734580e-04	1.692460e-04	3.420760e-05	1.727350e-04
653           	2.726460e-04	1.686070e-04	3.407630e-05	1.720800e-04
654           	2.718250e-04	1.679350e-04	3.393650e-05	1.713860e-04
655           	2.709610e-04	1.672490e-04	3.379350e-05	1.706840e-04
656           	2.700580e-04	1.665300e-04	3.364610e-05	1.699220e-04
657           	2.691110e-04	1.658270e-04	3.349100e-05	1.691680e-04
658           	2.681330e-04	1.651040e-04	3.333470e-05	1.683970e-04
659           	2.671280e-04	1.643500e-04	3.317100e-05	1.676020e-04
660           	2.660950e-04	1.635760e-04	3.300370e-05	1.668070e-04
661           	2.650390e-04	1.627910e-04	3.283760e-05	1.660130e-04
662           	2.639510e-04	1.620220e-04	3.267120e-05	1.652060e-04
663           	2.628680e-04	1.612600e-04	3.250500e-05	1.643870e-04
664           	2.617360e-04	1.604740e-04	3.233460e-05	1.635460e-04
665           	2.605630e-04	1.596850e-04	3.216980e-05	1.627660e-04
666           	2.593720e-04	1.589150e-04	3.200240e-05	1.619750e-04
667           	2.581610e-04	1.581270e-04	3.183890e-05	1.611760e-04
668           	2.569360e-04	1.573550e-04	3.167790e-05	1.603890e-04
669           	2.556900e-04	1.565470e-04	3.151120e-05	1.595990e-04
670           	2.544200e-04	1.557300e-04	3.134540e-05	1.587690e-04
671           	2.531410e-04	1.548970e-04	3.118090e-05	1.579340e-04
672           	2.518840e-04	1.540900e-04	3.101940e-05	1.571220e-04
673           	2.506500e-04	1.532660e-04	3.086160e-05	1.563120e-04
674           	2.494150e-04	1.524380e-04	3.069780e-05	1.555120e-04
675           	2.481540e-04	1.515920e-04	3.052120e-05	1.546890e-04
676           	2.468570e-04	1.507320e-04	3.035300e-05	1.538480e-04
677           	2.455690e-04	1.498500e-04	3.018280e-05	1.529900e-04
678           	2.442650e-04	1.489670e-04	3.000410e-05	1.521480e-04
679           	2.429470e-04	1.480500e-04	2.982200e-05	1.512910e-04
680           	2.415740e-04	1.471030e-04	2.963550e-05	1.503770e-04
681           	2.401750e-04	1.461820e-04	2.945030e-05	1.494630e-04
682           	2.387770e-04	1.452620e-04	2.926270e-05	1.485800e-04
683           	2.373820e-04	1.443530e-04	2.907320e-05	1.476950e-04
684           	2.359770e-04	1.434360e-04	2.888650e-05	1.467930e-04
685           	2.345650e-04	1.425000e-04	2.870010e-05	1.458880e-04
686           	2.331420e-04	1.415910e-04	2.851400e-05	1.450000e-04
687           	2.317410e-04	1.407050e-04	2.833360e-05	1.441230e-04
688           	2.303800e-04	1.398240e-04	2.815480e-05	1.432710e-04
689           	2.290470e-04	1.389370e-04	2.797650e-05	1.424150e-04
690           	2.277260e-04	1.380720e-04	2.779870e-05	1.415400e-04
691           	2.263940e-04	1.371960e-04	2.761720e-05	1.406890e-04
692           	2.250460e-04	1.363260e-04	2.743690e-05	1.398320e-04
693           	2.236920e-04	1.354480e-04	2.725580e-05	1.389550e-04
694           	2.223270e-04	1.345320e-04	2.707440e-05	1.380600e-04
695           	2.209730e-04	1.336220e-04	2.689400e-05	1.371720e-04
696           	2.196080e-04	1.327200e-04	2.671000e-05	1.362870e-04
697           	2.182230e-04	1.318170e-04	2.652630e-05	1.354020e-04
698           	2.168290e-04	1.309220e-04	2.634830e-05	1.345070e-04
699           	2.154330e-04	1.300180e-04	2.617050e-05	1.336020e-04
700           	2.140370e-04	1.291070e-04	2.599110e-05	1.326880e-04
701           	2.126470e-04	1.282090e-04	2.581320e-05	1.317780e-04
702           	2.112610e-04	1.273280e-04	2.563100e-05	1.308830e-04
703           	2.098770e-04	1.264580e-04	2.545220e-05	1.300070e-04
704           	2.084900e-04	1.255770e-04	2.527790e-05	1.291480e-04
705           	2.071260e-04	1.247230e-04	2.510840e-05	1.282980e-04
706           	2.057830e-04	1.238960e-04	2.493480e-05	1.274400e-04
707           	2.044440e-04	1.230550e-04	2.476260e-05	1.265930e-04
708           	2.030990e-04	1.222320e-04	2.459370e-05	1.257630e-04
709           	2.017820e-04	1.214150e-04	2.442980e-05	1.249540e-04
710           	2.004850e-04	1.206210e-04	2.426460e-05	1.241580e-04
711           	1.991940e-04	1.198150e-04	2.410170e-05	1.233600e-04
712           	1.979060e-04	1.190050e-04	2.393790e-05	1.225510e-04
713           	1.966220e-04	1.182000e-04	2.377370e-05	1.217430e-04
714           	1.953270e-04	1.174080e-04	2.360470e-05	1.209180e-04
715           	1.940230e-04	1.165930e-04	2.343450e-05	1.201020e-04
716           	1.927090e-04	1.157800e-04	2.326560e-05	1.192690e-04
717           	1.913860e-04	1.149370e-04	2.309800e-05	1.184190e-04
718           	1.900620e-04	1.141010e-04	2.292920e-05	1.175620e-04
719           	1.887440e-04	1.132770e-04	2.276110e-05	1.166990e-04
720           	1.874260e-04	1.124590e-04	2.259180e-05	1.158320e-04
721           	1.861160e-04	1.116400e-04	2.242250e-05	1.149850e-04
722           	1.848030e-04	1.108280e-04	2.225530e-05	1.141390e-04
723           	1.835010e-04	1.100240e-04	2.209010e-05	1.133120e-04
724           	1.822020e-04	1.092180e-04	2.192210e-05	1.125010e-04
725           	1.809020e-04	1.084200e-04	2.175620e-05	1.116770e-04
726           	1.795990e-04	1.076520e-04	2.159480e-05	1.108210e-04
727           	1.783120e-04	1.068730e-04	2.143640e-05	1.100090e-04
728           	1.770470e-04	1.061190e-04	2.127920e-05	1.092100e-04
729           	1.758100e-04	1.053740e-04	2.112260e-05	1.084310e-04
730           	1.746000e-04	1.046330e-04	2.096950e-05	1.076630e-04
731           	1.734230e-04	1.039020e-04	2.082100e-05	1.069050e-04
732           	1.722660e-04	1.031890e-04	2.067450e-05	1.061560e-04
733           	1.711320e-04	1.024920e-04	2.052790e-05	1.054250e-04
734           	1.700090e-04	1.018070e-04	2.038310e-05	1.046970e-04
735           	1.689080e-04	1.011290e-04	2.023880e-05	1.039810e-04
736           	1.678240e-04	1.004600e-04	2.009430e-05	1.032660e-04
737           	1.667540e-04	9.979660e-05	1.995240e-05	1.025520e-04
738           	1.656940e-04	9.913900e-05	1.981220e-05	1.018560e-04
739           	1.646450e-04	9.849750e-05	1.967420e-05	1.011750e-04
740           	1.636090e-04	9.786530e-05	1.953870e-05	1.004830e-04
741           	1.625840e-04	9.723710e-05	1.940380e-05	9.981100e-05
742           	1.615740e-04	9.661880e-05	1.927110e-05	9.914780e-05
743           	1.605690e-04	9.597390e-05	1.914050e-05	9.848680e-05
744           	1.595660e-04	9.536220e-05	1.901080e-05	9.782620e-05
745           	1.585680e-04	9.474570e-05	1.888690e-05	9.718240e-05
746           	1.575710e-04	9.414890e-05	1.876290e-05	9.654000e-05
747           	1.565800e-04	9.355020e-05	1.864170e-05	9.591670e-05
748           	1.555960e-04	9.295950e-05	1.852360e-05	9.530200e-05
749           	1.546210e-04	9.238010e-05	1.840600e-05	9.470230e-05
750           	1.536550e-04	9.181860e-05	1.828940e-05	9.409570e-05
751           	1.526930e-04	9.124040e-05	1.817240e-05	9.349210e-05
752           	1.517460e-04	9.067160e-05	1.805630e-05	9.289500e-05
753           	1.508210e-04	9.009830e-05	1.794050e-05	9.229960e-05
754           	1.499010e-04	8.953910e-05	1.782400e-05	9.169760e-05
755           	1.489860e-04	8.896140e-05	1.770910e-05	9.109110e-05
756           	1.480680e-04	8.840470e-05	1.759430e-05	9.048120e-05
757           	1.471480e-04	8.783060e-05	1.747950e-05	8.988230e-05
758           	1.462180e-04	8.727350e-05	1.736470e-05	8.927360e-05
759           	1.452890e-04	8.670280e-05	1.725010e-05	8.867170e-05
760           	1.443670e-04	8.614390e-05	1.713630e-05	8.807080e-05
761           	1.434500e-04	8.557560e-05	1.702260e-05	8.747740e-05
762           	1.425330e-04	8.503660e-05	1.691150e-05	8.688470e-05
763           	1.416290e-04	8.447800e-05	1.679980e-05	8.629600e-05
764           	1.407300e-04	8.393520e-05	1.668850e-05	8.571880e-05
765           	1.398370e-04	8.337980e-05	1.657640e-05	8.513820e-05
766           	1.389420e-04	8.284650e-05	1.646590e-05	8.456460e-05
767           	1.380560e-04	8.230180e-05	1.635760e-05	8.399560e-05
768           	1.371810e-04	8.177920e-05	1.625060e-05	8.343330e-05
769           	1.363250e-04	8.125140e-05	1.614550e-05	8.289030e-05
770           	1.354850e-04	8.075490e-05	1.603990e-05	8.235020e-05
771           	1.346540e-04	8.024070e-05	1.593480e-05	8.180220e-05
772           	1.338210e-04	7.973960e-05	1.583150e-05	8.125810e-05
773           	1.329820e-04	7.922280e-05	1.573000e-05	8.069580e-05
774           	1.321410e-04	7.871970e-05	1.562800e-05	8.015300e-05
775           	1.313060e-04	7.819770e-05	1.552470e-05	7.961060e-05
776           	1.304670e-04	7.767980e-05	1.541830e-05	7.905710e-05
777           	1.296240e-04	7.713950e-05	1.531200e-05	7.849460e-05
778           	1.287780e-04	7.662050e-05	1.520240e-05	7.792950e-05
779           	1.279290e-04	7.607990e-05	1.509260e-05	7.736380e-05
780           	1.270780e-04	7.555570e-05	1.498640e-05	7.678530e-05
781           	1.262230e-04	7.501830e-05	1.488210e-05	7.618590e-05
782           	1.253760e-04	7.450270e-05	1.477980e-05	7.563320e-05
783           	1.245500e-04	7.397960e-05	1.468010e-05	7.511250e-05
784           	1.237410e-04	7.348170e-05	1.458330e-05	7.461170e-05
785           	1.229480e-04	7.299020e-05	1.448860e-05	7.413650e-05
786           	1.221670e-04	7.251570e-05	1.439540e-05	7.366020e-05
787           	1.213960e-04	7.202680e-05	1.430150e-05	7.318760e-05
788           	1.206270e-04	7.154970e-05	1.420570e-05	7.270120e-05
789           	1.198600e-04	7.105710e-05	1.410800e-05	7.220280e-05
790           	1.190860e-04	7.057280e-05	1.400870e-05	7.168430e-05
791           	1.183030e-04	7.006760e-05	1.390740e-05	7.116220e-05
792           	1.175080e-04	6.956990e-05	1.380480e-05	7.062840e-05
793           	1.167090e-04	6.906630e-05	1.370210e-05	7.009640e-05
794           	1.159040e-04	6.857760e-05	1.360080e-05	6.955870e-05
795           	1.150960e-04	6.808000e-05	1.349920e-05	6.902980e-05
796           	1.142870e-04	6.759860e-05	1.339880e-05	6.850590e-05
797           	1.134820e-04	6.711160e-05	1.329920e-05	6.799720e-05
798           	1.126800e-04	6.663630e-05	1.320050e-05	6.749650e-05
799           	1.118840e-04	6.615710e-05	1.310410e-05	6.701080e-05
800           	1.110950e-04	6.570230e-05	1.300990e-05	6.652720e-05
801           	1.103200e-04	6.524240e-05	1.291710e-05	6.605620e-05
802           	1.095520e-04	6.479480e-05	1.282540e-05	6.558050e-05
803           	1.087860e-04	6.433550e-05	1.273520e-05	6.509260e-05
804           	1.080230e-04	6.389110e-05	1.264520e-05	6.460900e-05
805           	1.072620e-04	6.343220e-05	1.255400e-05	6.413950e-05
806           	1.065010e-04	6.298630e-05	1.246360e-05	6.367100e-05
807           	1.057460e-04	6.252520e-05	1.237320e-05	6.320320e-05
808           	1.049920e-04	6.207520e-05	1.228210e-05	6.273440e-05
809           	1.042460e-04	6.161900e-05	1.219130e-05	6.227050e-05
810           	1.034980e-04	6.116740e-05	1.210000e-05	6.180110e-05
811           	1.027550e-04	6.070410e-05	1.200870e-05	6.133280e-05
812           	1.020100e-04	6.025840e-05	1.191690e-05	6.086010e-05
813           	1.012660e-04	5.979800e-05	1.182410e-05	6.039120e-05
814           	1.005190e-04	5.935120e-05	1.173180e-05	5.992210e-05
815           	9.977130e-05	5.889390e-05	1.163900e-05	5.944960e-05
816           	9.902190e-05	5.843890e-05	1.154620e-05	5.897670e-05
817           	9.827650e-05	5.797520e-05	1.145380e-05	5.850680e-05
818           	9.753230e-05	5.752100e-05	1.136140e-05	5.802410e-05
819           	9.679030e-05	5.705670e-05	1.126920e-05	5.755130e-05
820           	9.604820e-05	5.660730e-05	1.117780e-05	5.708770e-05
821           	9.530880e-05	5.615170e-05	1.108740e-05	5.663610e-05
822           	9.457380e-05	5.571400e-05	1.099780e-05	5.618710e-05
823           	9.384800e-05	5.526750e-05	1.090970e-05	5.574490e-05
824           	9.312650e-05	5.483830e-05	1.082220e-05	5.530290e-05
825           	9.241720e-05	5.440630e-05	1.073510e-05	5.486800e-05
826           	9.170940e-05	5.398320e-05	1.064860e-05	5.443210e-05
827           	9.100820e-05	5.354990e-05	1.056290e-05	5.400100e-05
828           	9.031250e-05	5.312840e-05	1.047800e-05	5.357000e-05
829           	8.962390e-05	5.269880e-05	1.039410e-05	5.314860e-05
830           	8.893890e-05	5.228240e-05	1.031050e-05	5.272680e-05
831           	8.825850e-05	5.186410e-05	1.022680e-05	5.230530e-05
832           	8.757830e-05	5.145310e-05	1.014320e-05	5.188210e-05
833           	8.690130e-05	5.103440e-05	1.006050e-05	5.146330e-05
834           	8.622440e-05	5.063210e-05	9.978350e-06	5.104040e-05
835           	8.554940e-05	5.022300e-05	9.896910e-06	5.062680e-05
836           	8.487190e-05	4.982210e-05	9.815690e-06	5.020960e-05
837           	8.419820e-05	4.941350e-05	9.734870e-06	4.979700e-05
838           	8.351940e-05	4.901390e-05	9.652530e-06	4.938030e-05
839           	8.283990e-05	4.860740e-05	9.571880e-06	4.896490e-05
840           	8.215700e-05	4.820920e-05	9.490480e-06	4.855030e-05
841           	8.147460e-05	4.779860e-05	9.409490e-06	4.814680e-05
842           	8.079730e-05	4.739030e-05	9.331210e-06	4.774410e-05
843           	8.012910e-05	4.698740e-05	9.253730e-06	4.735210e-05
844           	7.946840e-05	4.660520e-05	9.177010e-06	4.696130e-05
845           	7.881760e-05	4.621920e-05	9.101310e-06	4.658020e-05
846           	7.817160e-05	4.584530e-05	9.025890e-06	4.619880e-05
847           	7.753450e-05	4.546380e-05	8.951320e-06	4.582530e-05
848           	7.690440e-05	4.509190e-05	8.877500e-06	4.544890e-05
849           	7.627920e-05	4.471270e-05	8.803640e-06	4.507620e-05
850           	7.565460e-05	4.434420e-05	8.730140e-06	4.470130e-05
851           	7.503570e-05	4.396930e-05	8.657240e-06	4.433260e-05
852           	7.441770e-05	4.360540e-05	8.584540e-06	4.396140e-05
853           	7.380530e-05	4.323860e-05	8.512670e-06	4.359970e-05
854           	7.319910e-05	4.286960e-05	8.441550e-06	4.323570e-05
855           	7.259830e-05	4.249750e-05	8.370750e-06	4.287460e-05
856           	7.199670e-05	4.215320e-05	8.300160e-06	4.250860e-05
857           	7.139940e-05	4.179990e-05	8.230340e-06	4.215380e-05
858           	7.080330e-05	4.145520e-05	8.161080e-06	4.179770e-05
859           	7.021420e-05	4.110120e-05	8.092830e-06	4.145180e-05
860           	6.962990e-05	4.076220e-05	8.025270e-06	4.110450e-05
861           	6.905440e-05	4.041720e-05	7.958630e-06	4.076530e-05
862           	6.848180e-05	4.008130e-05	7.892430e-06	4.042460e-05
863           	6.791860e-05	3.974720e-05	7.827410e-06	4.009110e-05
864           	6.735800e-05	3.942050e-05	7.762910e-06	3.975470e-05
865           	6.680510e-05	3.909130e-05	7.698940e-06	3.942540e-05
866           	6.625430e-05	3.877480e-05	7.635860e-06	3.909440e-05
867           	6.571160e-05	3.845610e-05	7.573490e-06	3.877260e-05
868           	6.517170e-05	3.814760e-05	7.512080e-06	3.845220e-05
869           	6.463900e-05	3.783290e-05	7.451480e-06	3.814200e-05
870           	6.411160e-05	3.753000e-05	7.391280e-06	3.783160e-05
871           	6.359210e-05	3.722490e-05	7.332060e-06	3.753100e-05
872           	6.307700e-05	3.693150e-05	7.273690e-06	3.722880e-05
873           	6.257010e-05	3.663430e-05	7.215890e-06	3.692900e-05
874           	6.206480e-05	3.634570e-05	7.158700e-06	3.662750e-05
875           	6.156590e-05	3.605530e-05	7.102170e-06	3.633510e-05
876           	6.106860e-05	3.576300e-05	7.046090e-06	3.604160e-05
877           	6.057720e-05	3.546210e-05	6.990720e-06	3.575340e-05
878           	6.008830e-05	3.518050e-05	6.935610e-06	3.546060e-05
879           	5.960400e-05	3.489240e-05	6.880840e-06	3.517280e-05
880           	5.912260e-05	3.461680e-05	6.826090e-06	3.488150e-05
881           	5.864750e-05	3.433440e-05	6.771750e-06	3.459660e-05
882           	5.817400e-05	3.405490e-05	6.718160e-06	3.430990e-05
883           	5.770580e-05	3.377480e-05	6.665260e-06	3.403130e-05
884           	5.724350e-05	3.350930e-05	6.612670e-06	3.375460e-05
885           	5.678950e-05	3.323560e-05	6.560990e-06	3.348360e-05
886           	5.634060e-05	3.297140e-05	6.509420e-06	3.321050e-05
887           	5.589920e-05	3.270550e-05	6.458460e-06	3.294680e-05
888           	5.546230e-05	3.245200e-05	6.408750e-06	3.268250e-05
889           	5.503480e-05	3.219400e-05	6.359130e-06	3.242560e-05
890           	5.461060e-05	3.194610e-05	6.309930e-06	3.216630e-05
891           	5.418900e-05	3.169390e-05	6.261020e-06	3.190990e-05
892           	5.377010e-05	3.145130e-05	6.212720e-06	3.165420e-05
893           	5.335730e-05	3.120360e-05	6.165030e-06	3.140650e-05
894           	5.294570e-05	3.096450e-05	6.117510e-06	3.115570e-05
895           	5.253760e-05	3.072040e-05	6.070360e-06	3.091180e-05
896           	5.212960e-05	3.048550e-05	6.023050e-06	3.066340e-05
897           	5.172530e-05	3.024460e-05	5.976370e-06	3.042250e-05
898           	5.132320e-05	3.001290e-05	5.929940e-06	3.017890e-05
899           	5.092640e-05	2.977760e-05	5.884040e-06	2.994130e-05
900           	5.053200e-05	2.955170e-05	5.838460e-06	2.969960e-05
901           	5.014290e-05	2.931920e-05	5.793580e-06	2.946580e-05
902           	4.975640e-05	2.909590e-05	5.749000e-06	2.923110e-05
903           	4.937500e-05	2.886650e-05	5.705060e-06	2.900760e-05
904           	4.899540e-05	2.864810e-05	5.661430e-06	2.877870e-05
905           	4.862080e-05	2.842430e-05	5.618490e-06	2.855550e-05
906           	4.824930e-05	2.821200e-05	5.575880e-06	2.833060e-05
907           	4.788470e-05	2.799760e-05	5.534220e-06	2.811290e-05
908           	4.752470e-05	2.779010e-05	5.492750e-06	2.789370e-05
909           	4.717120e-05	2.757780e-05	5.451820e-06	2.768390e-05
910           	4.682040e-05	2.737580e-05	5.410790e-06	2.747210e-05
911           	4.647400e-05	2.716790e-05	5.370790e-06	2.726540e-05
912           	4.612800e-05	2.696670e-05	5.330620e-06	2.705590e-05
913           	4.578590e-05	2.675990e-05	5.290710e-06	2.685070e-05
914           	4.544570e-05	2.656110e-05	5.250610e-06	2.664090e-05
915           	4.511100e-05	2.635580e-05	5.210820e-06	2.643590e-05
916           	4.477650e-05	2.615770e-05	5.171070e-06	2.622670e-05
917           	4.444540e-05	2.595150e-05	5.131950e-06	2.602190e-05
918           	4.411520e-05	2.575700e-05	5.092940e-06	2.581560e-05
919           	4.378920e-05	2.555790e-05	5.054660e-06	2.561670e-05
920           	4.346440e-05	2.536970e-05	5.016550e-06	2.541540e-05
921           	4.314310e-05	2.517590e-05	4.979080e-06	2.522130e-05
922           	4.282200e-05	2.499210e-05	4.941710e-06	2.502550e-05
923           	4.250440e-05	2.480170e-05	4.905170e-06	2.483680e-05
924           	4.218680e-05	2.461860e-05	4.868530e-06	2.464540e-05
925           	4.187070e-05	2.442970e-05	4.832490e-06	2.445930e-05
926           	4.155310e-05	2.425020e-05	4.796220e-06	2.426740e-05
927           	4.123690e-05	2.406340e-05	4.760390e-06	2.408000e-05
928           	4.091860e-05	2.388170e-05	4.724130e-06	2.388950e-05
929           	4.060290e-05	2.369190e-05	4.688140e-06	2.370220e-05
930           	4.028580e-05	2.351020e-05	4.651850e-06	2.351050e-05
931           	3.997020e-05	2.332150e-05	4.615990e-06	2.332420e-05
932           	3.965400e-05	2.314080e-05	4.579830e-06	2.313420e-05
933           	3.933910e-05	2.295360e-05	4.543990e-06	2.294670e-05
934           	3.902260e-05	2.277390e-05	4.508170e-06	2.275540e-05
935           	3.870940e-05	2.258770e-05	4.472910e-06	2.257090e-05
936           	3.839690e-05	2.241070e-05	4.437410e-06	2.238480e-05
937           	3.808870e-05	2.222750e-05	4.402610e-06	2.220560e-05
938           	3.778210e-05	2.205330e-05	4.367800e-06	2.202410e-05
939           	3.747930e-05	2.187190e-05	4.333620e-06	2.184810e-05
940           	3.717740e-05	2.169880e-05	4.299340e-06	2.166880e-05
941           	3.687800e-05	2.151900e-05	4.265560e-06	2.149380e-05
942           	3.657860e-05	2.134790e-05	4.231450e-06	2.131570e-05
943           	3.628220e-05	2.116970e-05	4.197970e-06	2.114220e-05
944           	3.598500e-05	2.099920e-05	4.164150e-06	2.096520e-05
945           	3.569080e-05	2.082320e-05	4.130790e-06	2.079400e-05
946           	3.539680e-05	2.065580e-05	4.097370e-06	2.061980e-05
947           	3.510540e-05	2.048140e-05	4.064480e-06	2.044930e-05
948           	3.481320e-05	2.031420e-05	4.031570e-06	2.027570e-05
949           	3.452400e-05	2.014210e-05	3.999210e-06	2.010840e-05
950           	3.423550e-05	1.997810e-05	3.966790e-06	1.993950e-05
951           	3.395120e-05	1.980750e-05	3.934800e-06	1.977570e-05
952           	3.366760e-05	1.964450e-05	3.902630e-06	1.960880e-05
953           	3.338750e-05	1.947590e-05	3.871020e-06	1.944690e-05
954           	3.310770e-05	1.931520e-05	3.839200e-06	1.928270e-05
955           	3.283050e-05	1.914800e-05	3.807930e-06	1.912230e-05
956           	3.255300e-05	1.898850e-05	3.776460e-06	1.895840e-05
957           	3.227850e-05	1.882260e-05	3.745520e-06	1.879950e-05
958           	3.200770e-05	1.866890e-05	3.714390e-06	1.863680e-05
959           	3.173490e-05	1.850050e-05	3.683620e-06	1.847840e-05
960           	3.146380e-05	1.834280e-05	3.652550e-06	1.831720e-05
961           	3.119490e-05	1.818380e-05	3.621920e-06	1.815910e-05
962           	3.092460e-05	1.803130e-05	3.591050e-06	1.799860e-05
963           	3.065510e-05	1.787200e-05	3.560600e-06	1.784250e-05
964           	3.038410e-05	1.771890e-05	3.529950e-06	1.768330e-05
965           	3.011520e-05	1.755880e-05	3.499780e-06	1.752790e-05
966           	2.984650e-05	1.740550e-05	3.469380e-06	1.737000e-05
967           	2.958100e-05	1.724610e-05	3.439620e-06	1.721660e-05
968           	2.931660e-05	1.709390e-05	3.409870e-06	1.706120e-05
969           	2.905650e-05	1.693660e-05	3.381020e-06	1.691130e-05
970           	2.879710e-05	1.678760e-05	3.351860e-06	1.675830e-05
971           	2.854130e-05	1.663700e-05	3.323710e-06	1.661310e-05
972           	2.828770e-05	1.649320e-05	3.295710e-06	1.646730e-05
973           	2.803880e-05	1.634570e-05	3.268450e-06	1.632750e-05
974           	2.779170e-05	1.620670e-05	3.241300e-06	1.618660e-05
975           	2.754910e-05	1.606260e-05	3.214860e-06	1.605070e-05
976           	2.730860e-05	1.592640e-05	3.188380e-06	1.591300e-05
977           	2.707210e-05	1.578500e-05	3.162380e-06	1.577930e-05
978           	2.683700e-05	1.565050e-05	3.136170e-06	1.564300e-05
979           	2.660490e-05	1.551100e-05	3.110300e-06	1.551020e-05
980           	2.637160e-05	1.537770e-05	3.084070e-06	1.537060e-05
981           	2.613460e-05	1.523910e-05	3.058250e-06	1.522360e-05
982           	2.589910e-05	1.510620e-05	3.032310e-06	1.508620e-05
983           	2.567110e-05	1.496760e-05	3.006730e-06	1.495070e-05
984           	2.544890e-05	1.483590e-05	2.980900e-06	1.481170e-05
985           	2.523270e-05	1.469950e-05	2.955380e-06	1.469140e-05
986           	2.501880e-05	1.457140e-05	2.929590e-06	1.456540e-05
987           	2.480670e-05	1.443970e-05	2.904350e-06	1.444180e-05
988           	2.459310e-05	1.431720e-05	2.879210e-06	1.431500e-05
989           	2.438160e-05	1.419220e-05	2.855110e-06	1.419450e-05
990           	2.417300e-05	1.407730e-05	2.831350e-06	1.407480e-05
991           	2.397040e-05	1.395930e-05	2.808570e-06	1.396220e-05
992           	2.377070e-05	1.384980e-05	2.785810e-06	1.384920e-05
993           	2.357510e-05	1.373460e-05	2.763440e-06	1.374060e-05
994           	2.337970e-05	1.362460e-05	2.740350e-06	1.362710e-05
995           	2.318480e-05	1.350560e-05	2.717290e-06	1.351300e-05
996           	2.298920e-05	1.339030e-05	2.693550e-06	1.339200e-05
997           	2.279320e-05	1.326710e-05	2.669950e-06	1.327130e-05
998           	2.259480e-05	1.315040e-05	2.645860e-06	1.314630e-05
999           	2.239650e-05	1.302730e-05	2.622320e-06	1.302440e-05
1000          	2.219730e-05	1.291140e-05	2.598750e-06	1.290180e-05
