# Residuals   
# Time        	p             	Ux            	Uy            	Uz            
1             	1.000000e+00	3.857300e-01	1.000000e+00	3.422350e-01
2             	3.403570e-01	5.991400e-01	2.569210e-01	5.951210e-01
3             	4.361880e-02	4.850370e-01	1.539160e-01	4.589110e-01
4             	5.470750e-02	3.306930e-01	1.004780e-01	2.980010e-01
5             	8.936940e-02	2.575500e-01	7.706380e-02	2.383280e-01
6             	1.265860e-01	2.170930e-01	6.210770e-02	2.081500e-01
7             	1.380500e-01	1.833310e-01	5.330660e-02	1.756740e-01
8             	1.218990e-01	1.526820e-01	4.749750e-02	1.468040e-01
9             	1.071790e-01	1.273240e-01	4.176540e-02	1.171490e-01
10            	8.038970e-02	1.174690e-01	3.546860e-02	1.055810e-01
11            	6.368240e-02	1.081930e-01	2.984860e-02	1.004760e-01
12            	5.650120e-02	9.556910e-02	2.531800e-02	9.094960e-02
13            	5.520380e-02	8.132010e-02	2.210650e-02	7.916890e-02
14            	5.513260e-02	7.073750e-02	1.986830e-02	6.933220e-02
15            	5.959540e-02	6.426090e-02	1.834560e-02	6.273130e-02
16            	6.336360e-02	5.986660e-02	1.674530e-02	5.692810e-02
17            	6.583410e-02	5.593150e-02	1.522820e-02	5.214440e-02
18            	6.741050e-02	5.227510e-02	1.371640e-02	4.876780e-02
19            	6.862910e-02	4.935920e-02	1.220330e-02	4.653030e-02
20            	6.874510e-02	4.678910e-02	1.086870e-02	4.453650e-02
21            	6.745980e-02	4.449330e-02	9.992290e-03	4.261560e-02
22            	6.672420e-02	4.265290e-02	9.415560e-03	4.138240e-02
23            	6.783790e-02	4.121950e-02	9.128680e-03	4.077960e-02
24            	6.997850e-02	4.029640e-02	8.879700e-03	4.046920e-02
25            	7.347130e-02	3.953570e-02	8.482230e-03	3.961340e-02
26            	7.591780e-02	3.808700e-02	7.992550e-03	3.782540e-02
27            	7.576430e-02	3.671780e-02	7.688110e-03	3.609640e-02
28            	7.634240e-02	3.545670e-02	7.578320e-03	3.519920e-02
29            	7.614890e-02	3.475080e-02	7.476390e-03	3.483970e-02
30            	7.361520e-02	3.371380e-02	7.368800e-03	3.395480e-02
31            	7.115330e-02	3.278690e-02	7.245930e-03	3.367240e-02
32            	6.905680e-02	3.162210e-02	7.021630e-03	3.286740e-02
33            	6.694810e-02	3.038930e-02	6.788530e-03	3.163320e-02
34            	6.478440e-02	2.904110e-02	6.519590e-03	3.017380e-02
35            	6.270830e-02	2.772100e-02	6.186250e-03	2.874680e-02
36            	6.179180e-02	2.695290e-02	5.928390e-03	2.781200e-02
37            	6.041680e-02	2.678170e-02	5.683950e-03	2.678470e-02
38            	5.785430e-02	2.702390e-02	5.528000e-03	2.594350e-02
39            	5.637510e-02	2.754700e-02	5.551360e-03	2.616090e-02
40            	5.631500e-02	2.854500e-02	5.798530e-03	2.714440e-02
41            	5.695560e-02	3.022330e-02	6.279940e-03	2.881320e-02
42            	5.829180e-02	3.250480e-02	6.860760e-03	3.081700e-02
43            	6.073330e-02	3.484140e-02	7.569220e-03	3.291450e-02
44            	6.365370e-02	3.741990e-02	8.142550e-03	3.528290e-02
45            	6.720040e-02	3.961730e-02	8.752410e-03	3.813980e-02
46            	6.866840e-02	4.106970e-02	9.232620e-03	4.063140e-02
47            	7.007440e-02	4.087130e-02	9.342920e-03	4.039390e-02
48            	7.097590e-02	4.045620e-02	9.116340e-03	3.969880e-02
49            	7.251690e-02	3.955610e-02	8.778600e-03	3.889150e-02
50            	7.207200e-02	3.784910e-02	8.376330e-03	3.737930e-02
51            	7.090300e-02	3.690400e-02	8.175120e-03	3.580490e-02
52            	7.012880e-02	3.649520e-02	8.219500e-03	3.530120e-02
53            	6.959390e-02	3.536560e-02	7.985060e-03	3.457690e-02
54            	6.847790e-02	3.445700e-02	7.702880e-03	3.375540e-02
55            	6.764740e-02	3.381120e-02	7.569290e-03	3.350630e-02
56            	6.610090e-02	3.334020e-02	7.643910e-03	3.351060e-02
57            	6.500980e-02	3.349180e-02	7.641690e-03	3.375570e-02
58            	6.413120e-02	3.410620e-02	7.529960e-03	3.373280e-02
59            	6.368150e-02	3.439140e-02	7.485710e-03	3.381450e-02
60            	6.202350e-02	3.473510e-02	7.485900e-03	3.402670e-02
61            	6.266570e-02	3.488360e-02	7.550390e-03	3.456790e-02
62            	6.346220e-02	3.657620e-02	7.818060e-03	3.594930e-02
63            	6.231080e-02	3.885130e-02	8.286210e-03	3.745760e-02
64            	6.199260e-02	4.096850e-02	8.837670e-03	3.865610e-02
65            	6.276040e-02	4.261590e-02	9.393230e-03	3.999300e-02
66            	6.532400e-02	4.426160e-02	9.838630e-03	4.209210e-02
67            	6.881360e-02	4.539290e-02	1.023940e-02	4.349250e-02
68            	7.120850e-02	4.602330e-02	1.022580e-02	4.374190e-02
69            	7.260320e-02	4.519960e-02	9.921490e-03	4.206700e-02
70            	7.202560e-02	4.323640e-02	9.499780e-03	3.972170e-02
71            	7.182550e-02	4.171550e-02	9.194760e-03	3.781860e-02
72            	7.228460e-02	4.096840e-02	9.292530e-03	3.700560e-02
73            	7.313130e-02	4.104180e-02	9.449070e-03	3.710030e-02
74            	7.488530e-02	4.086240e-02	9.713720e-03	3.709960e-02
75            	7.500190e-02	4.109830e-02	9.888520e-03	3.783330e-02
76            	7.400040e-02	4.107000e-02	9.768850e-03	3.849430e-02
77            	7.241950e-02	4.170210e-02	9.615940e-03	4.010860e-02
78            	7.359850e-02	4.323950e-02	9.706540e-03	4.117350e-02
79            	7.464830e-02	4.502240e-02	9.944420e-03	4.341540e-02
80            	7.658490e-02	4.700330e-02	1.033610e-02	4.548330e-02
81            	7.756180e-02	4.942120e-02	1.088880e-02	4.849550e-02
82            	7.931580e-02	5.145920e-02	1.161040e-02	5.169710e-02
83            	7.974090e-02	5.230180e-02	1.254740e-02	5.512250e-02
84            	8.088420e-02	5.388600e-02	1.380090e-02	5.889520e-02
85            	8.098930e-02	5.562990e-02	1.459630e-02	6.239160e-02
86            	8.062330e-02	5.551410e-02	1.460000e-02	6.280680e-02
87            	7.883860e-02	5.347780e-02	1.409320e-02	5.980290e-02
88            	7.542250e-02	4.970250e-02	1.325370e-02	5.528330e-02
89            	7.096080e-02	4.705670e-02	1.222380e-02	5.157510e-02
90            	6.891620e-02	4.562070e-02	1.116190e-02	4.819340e-02
91            	6.885000e-02	4.437200e-02	1.029340e-02	4.560670e-02
92            	6.833130e-02	4.329900e-02	9.645190e-03	4.369660e-02
93            	6.877260e-02	4.262550e-02	9.301120e-03	4.259380e-02
94            	6.844280e-02	4.206680e-02	9.287580e-03	4.210040e-02
95            	6.723390e-02	4.161500e-02	9.440800e-03	4.124880e-02
96            	6.565220e-02	4.115800e-02	9.415230e-03	3.995400e-02
97            	6.470480e-02	4.077630e-02	9.462830e-03	3.871730e-02
98            	6.447020e-02	4.050020e-02	9.525430e-03	3.813800e-02
99            	6.558480e-02	4.057350e-02	9.612910e-03	3.869650e-02
100           	6.683400e-02	4.030460e-02	9.773780e-03	3.998740e-02
101           	6.681220e-02	4.016100e-02	1.002570e-02	4.158820e-02
102           	6.685230e-02	4.114690e-02	1.039540e-02	4.345190e-02
103           	6.801660e-02	4.338010e-02	1.088580e-02	4.536770e-02
104           	7.156230e-02	4.529540e-02	1.107290e-02	4.688520e-02
105           	7.552500e-02	4.613560e-02	1.093180e-02	4.719270e-02
106           	7.741060e-02	4.593990e-02	1.063680e-02	4.655520e-02
107           	7.642360e-02	4.558950e-02	1.030140e-02	4.599020e-02
108           	7.508190e-02	4.542640e-02	1.006600e-02	4.565260e-02
109           	7.443280e-02	4.517700e-02	9.972040e-03	4.546280e-02
110           	7.389440e-02	4.543960e-02	1.016430e-02	4.594170e-02
111           	7.376720e-02	4.626810e-02	1.077700e-02	4.731090e-02
112           	7.375230e-02	4.714490e-02	1.164150e-02	4.965740e-02
113           	7.413020e-02	4.940400e-02	1.232910e-02	5.242090e-02
114           	7.576680e-02	5.115770e-02	1.281260e-02	5.583550e-02
115           	7.739510e-02	5.351500e-02	1.313010e-02	5.876130e-02
116           	7.849390e-02	5.562430e-02	1.312860e-02	6.008300e-02
117           	7.989140e-02	5.583650e-02	1.284100e-02	5.932230e-02
118           	8.105670e-02	5.350750e-02	1.251420e-02	5.620420e-02
119           	7.926860e-02	5.076500e-02	1.194030e-02	5.162950e-02
120           	7.505300e-02	4.834880e-02	1.151170e-02	4.927840e-02
121           	7.565000e-02	4.679490e-02	1.144330e-02	4.787550e-02
122           	7.579370e-02	4.684910e-02	1.146930e-02	4.700700e-02
123           	7.571800e-02	4.753190e-02	1.145080e-02	4.641430e-02
124           	7.491150e-02	4.790430e-02	1.134780e-02	4.619450e-02
125           	7.333160e-02	4.816540e-02	1.112730e-02	4.573870e-02
126           	7.039300e-02	4.802720e-02	1.084970e-02	4.511400e-02
127           	6.779550e-02	4.693240e-02	1.047080e-02	4.484730e-02
128           	6.623480e-02	4.456770e-02	9.966230e-03	4.361320e-02
129           	6.582280e-02	4.246030e-02	9.444360e-03	4.126640e-02
130           	6.434860e-02	4.199240e-02	9.188300e-03	3.997550e-02
131           	6.183940e-02	4.229020e-02	8.852370e-03	3.938990e-02
132           	6.104950e-02	4.181500e-02	8.634160e-03	3.922530e-02
133           	6.238850e-02	4.084830e-02	8.472800e-03	3.921110e-02
134           	6.364360e-02	4.038990e-02	8.516600e-03	3.951580e-02
135           	6.461230e-02	4.071840e-02	8.546080e-03	4.011360e-02
136           	6.594170e-02	4.070950e-02	8.525050e-03	4.019970e-02
137           	6.724660e-02	3.997120e-02	8.362270e-03	3.951550e-02
138           	6.799670e-02	3.864100e-02	8.228410e-03	3.842480e-02
139           	6.768630e-02	3.765680e-02	8.151170e-03	3.681090e-02
140           	6.659070e-02	3.724050e-02	8.006520e-03	3.548660e-02
141           	6.563900e-02	3.748920e-02	7.994870e-03	3.490190e-02
142           	6.470000e-02	3.798270e-02	8.029120e-03	3.477940e-02
143           	6.345300e-02	3.835600e-02	8.093090e-03	3.497000e-02
144           	6.293720e-02	3.895090e-02	8.275650e-03	3.561420e-02
145           	6.334470e-02	3.922400e-02	8.636280e-03	3.635740e-02
146           	6.403640e-02	3.953780e-02	8.975380e-03	3.703720e-02
147           	6.509770e-02	3.954400e-02	9.292630e-03	3.775590e-02
148           	6.518780e-02	3.989650e-02	9.598950e-03	3.857310e-02
149           	6.641240e-02	4.073620e-02	9.910490e-03	3.982580e-02
150           	6.857740e-02	4.198850e-02	1.026030e-02	4.169120e-02
151           	7.043640e-02	4.394260e-02	1.061360e-02	4.397290e-02
152           	7.166270e-02	4.609070e-02	1.084120e-02	4.567730e-02
153           	7.427980e-02	4.841060e-02	1.110430e-02	4.745630e-02
154           	7.683250e-02	5.006700e-02	1.135350e-02	4.852540e-02
155           	7.754090e-02	5.191410e-02	1.173640e-02	4.965650e-02
156           	7.830470e-02	5.383430e-02	1.223280e-02	5.122120e-02
157           	7.872570e-02	5.623460e-02	1.280540e-02	5.300240e-02
158           	8.238350e-02	5.920250e-02	1.340180e-02	5.502710e-02
159           	8.340950e-02	6.156080e-02	1.377700e-02	5.541060e-02
160           	8.188380e-02	6.282590e-02	1.433590e-02	5.594670e-02
161           	7.990380e-02	6.306120e-02	1.489220e-02	5.679830e-02
162           	7.802470e-02	6.416420e-02	1.499270e-02	5.615400e-02
163           	7.870960e-02	6.258290e-02	1.474560e-02	5.506550e-02
164           	7.843870e-02	5.913590e-02	1.426880e-02	5.334210e-02
165           	7.606400e-02	5.520550e-02	1.338050e-02	5.023370e-02
166           	7.461290e-02	5.147090e-02	1.224760e-02	4.653860e-02
167           	7.262320e-02	4.949300e-02	1.166250e-02	4.350960e-02
168           	7.040340e-02	4.983760e-02	1.138160e-02	4.265820e-02
169           	7.015340e-02	4.990730e-02	1.122650e-02	4.294760e-02
170           	7.040410e-02	4.944280e-02	1.103280e-02	4.323190e-02
171           	6.942160e-02	4.808680e-02	1.080470e-02	4.320280e-02
172           	6.931750e-02	4.664640e-02	1.053890e-02	4.339480e-02
173           	6.952090e-02	4.584980e-02	1.032040e-02	4.336000e-02
174           	6.947300e-02	4.553420e-02	1.022170e-02	4.282990e-02
175           	6.875100e-02	4.532240e-02	1.014130e-02	4.209070e-02
176           	6.755040e-02	4.476650e-02	1.015740e-02	4.173660e-02
177           	6.553650e-02	4.364760e-02	1.023350e-02	4.190720e-02
178           	6.336700e-02	4.233210e-02	1.030800e-02	4.219760e-02
179           	6.206230e-02	4.081330e-02	1.014390e-02	4.216780e-02
180           	6.076080e-02	3.903220e-02	9.568380e-03	4.150460e-02
181           	5.934100e-02	3.811710e-02	8.951780e-03	4.054830e-02
182           	5.740470e-02	3.771570e-02	8.610110e-03	3.903180e-02
183           	5.572370e-02	3.762830e-02	8.484160e-03	3.707270e-02
184           	5.421290e-02	3.797310e-02	8.431320e-03	3.522660e-02
185           	5.436090e-02	3.832070e-02	8.378160e-03	3.396280e-02
186           	5.598480e-02	3.816800e-02	8.242980e-03	3.310630e-02
187           	5.738650e-02	3.749250e-02	8.032190e-03	3.195650e-02
188           	5.837150e-02	3.619520e-02	7.795830e-03	3.098120e-02
189           	5.889210e-02	3.493380e-02	7.653920e-03	3.093760e-02
190           	5.865710e-02	3.384730e-02	7.553550e-03	3.164450e-02
191           	5.844720e-02	3.336840e-02	7.425300e-03	3.202770e-02
192           	5.760250e-02	3.331020e-02	7.247580e-03	3.160300e-02
193           	5.602910e-02	3.361470e-02	7.073970e-03	3.060230e-02
194           	5.323150e-02	3.535110e-02	7.124300e-03	3.031280e-02
195           	5.052070e-02	3.750940e-02	7.506400e-03	3.080110e-02
196           	4.937340e-02	3.958660e-02	8.173450e-03	3.249750e-02
197           	5.070790e-02	4.105310e-02	8.991620e-03	3.525170e-02
198           	5.282830e-02	4.112360e-02	9.546760e-03	3.748950e-02
199           	5.422330e-02	4.063630e-02	9.670330e-03	3.880800e-02
200           	5.462570e-02	3.905900e-02	9.454340e-03	3.800560e-02
201           	5.389410e-02	3.755640e-02	9.116360e-03	3.609810e-02
202           	5.271960e-02	3.712930e-02	8.944290e-03	3.481370e-02
203           	5.147900e-02	3.778320e-02	8.905110e-03	3.450980e-02
204           	5.143690e-02	3.902110e-02	8.899460e-03	3.462400e-02
205           	5.269770e-02	4.044270e-02	9.012940e-03	3.475270e-02
206           	5.460030e-02	4.136750e-02	9.081200e-03	3.489360e-02
207           	5.657320e-02	4.147060e-02	9.029500e-03	3.499460e-02
208           	5.600720e-02	4.080260e-02	8.882740e-03	3.481740e-02
209           	5.452630e-02	3.906350e-02	8.723370e-03	3.461790e-02
210           	5.270500e-02	3.697230e-02	8.510060e-03	3.417690e-02
211           	5.008890e-02	3.490310e-02	8.196130e-03	3.320840e-02
212           	4.791620e-02	3.318530e-02	7.785670e-03	3.151400e-02
213           	4.598360e-02	3.198530e-02	7.318830e-03	2.942000e-02
214           	4.433030e-02	3.127540e-02	6.869900e-03	2.781540e-02
215           	4.390630e-02	3.036440e-02	6.539650e-03	2.613350e-02
216           	4.395340e-02	3.017430e-02	6.260170e-03	2.480180e-02
217           	4.422910e-02	2.983670e-02	6.042090e-03	2.361970e-02
218           	4.422860e-02	2.915850e-02	5.936860e-03	2.311860e-02
219           	4.405250e-02	2.843670e-02	5.880130e-03	2.325140e-02
220           	4.379080e-02	2.764930e-02	5.804200e-03	2.355540e-02
221           	4.295110e-02	2.654620e-02	5.650230e-03	2.356890e-02
222           	4.170500e-02	2.509670e-02	5.401490e-03	2.315810e-02
223           	3.993870e-02	2.361520e-02	5.080410e-03	2.243520e-02
224           	3.821400e-02	2.207450e-02	4.730450e-03	2.120320e-02
225           	3.619140e-02	2.087930e-02	4.365580e-03	2.009210e-02
226           	3.372680e-02	1.970630e-02	4.072770e-03	1.885330e-02
227           	3.139550e-02	1.884620e-02	3.875650e-03	1.772470e-02
228           	2.984800e-02	1.827990e-02	3.770530e-03	1.707560e-02
229           	2.889300e-02	1.804460e-02	3.777870e-03	1.667150e-02
230           	2.871560e-02	1.825360e-02	3.851220e-03	1.646490e-02
231           	2.862450e-02	1.868580e-02	3.955680e-03	1.637380e-02
232           	2.863440e-02	1.908560e-02	4.050890e-03	1.644990e-02
233           	2.863810e-02	1.920850e-02	4.100250e-03	1.661690e-02
234           	2.827080e-02	1.898510e-02	4.089590e-03	1.655900e-02
235           	2.762960e-02	1.821910e-02	4.002970e-03	1.603370e-02
236           	2.665480e-02	1.729400e-02	3.833140e-03	1.540450e-02
237           	2.564080e-02	1.613710e-02	3.611340e-03	1.471720e-02
238           	2.459570e-02	1.495180e-02	3.376790e-03	1.387280e-02
239           	2.358830e-02	1.392860e-02	3.162090e-03	1.289710e-02
240           	2.279370e-02	1.317730e-02	2.997270e-03	1.198290e-02
241           	2.211120e-02	1.289440e-02	2.856620e-03	1.133580e-02
242           	2.146220e-02	1.282000e-02	2.738760e-03	1.081270e-02
243           	2.079930e-02	1.282330e-02	2.664650e-03	1.047300e-02
244           	2.016560e-02	1.281980e-02	2.612420e-03	1.024400e-02
245           	1.949990e-02	1.267670e-02	2.558820e-03	1.006390e-02
246           	1.871140e-02	1.222700e-02	2.483130e-03	9.898450e-03
247           	1.785190e-02	1.152910e-02	2.375490e-03	9.679470e-03
248           	1.698780e-02	1.065070e-02	2.245890e-03	9.371100e-03
249           	1.602000e-02	9.831930e-03	2.097710e-03	8.958880e-03
250           	1.500100e-02	9.215630e-03	1.944990e-03	8.453000e-03
251           	1.407690e-02	8.768420e-03	1.812890e-03	7.897110e-03
252           	1.328780e-02	8.495370e-03	1.716000e-03	7.411740e-03
253           	1.265650e-02	8.452640e-03	1.668170e-03	7.185640e-03
254           	1.233170e-02	8.474270e-03	1.663990e-03	7.159320e-03
255           	1.224930e-02	8.541970e-03	1.686040e-03	7.268140e-03
256           	1.229790e-02	8.578030e-03	1.713560e-03	7.408920e-03
257           	1.242550e-02	8.480650e-03	1.720470e-03	7.426850e-03
258           	1.243310e-02	8.212260e-03	1.697720e-03	7.338470e-03
259           	1.230120e-02	7.841870e-03	1.638110e-03	7.102770e-03
260           	1.202160e-02	7.385520e-03	1.546220e-03	6.737330e-03
261           	1.160090e-02	6.863140e-03	1.430960e-03	6.296570e-03
262           	1.102020e-02	6.294200e-03	1.309680e-03	5.812410e-03
263           	1.037120e-02	5.781110e-03	1.194800e-03	5.361620e-03
264           	9.709500e-03	5.342060e-03	1.099670e-03	4.997050e-03
265           	9.117660e-03	5.087420e-03	1.033370e-03	4.704820e-03
266           	8.644740e-03	5.002330e-03	9.995010e-04	4.513780e-03
267           	8.289080e-03	5.084860e-03	9.958900e-04	4.467590e-03
268           	8.055320e-03	5.208260e-03	1.011000e-03	4.495530e-03
269           	7.899620e-03	5.321140e-03	1.036240e-03	4.573570e-03
270           	7.813230e-03	5.398070e-03	1.060760e-03	4.669290e-03
271           	7.762800e-03	5.420070e-03	1.079420e-03	4.743810e-03
272           	7.752500e-03	5.386560e-03	1.087420e-03	4.783690e-03
273           	7.786770e-03	5.299730e-03	1.083160e-03	4.782210e-03
274           	7.823700e-03	5.185190e-03	1.070280e-03	4.732180e-03
275           	7.837560e-03	5.052050e-03	1.054150e-03	4.681860e-03
276           	7.878750e-03	4.899520e-03	1.037700e-03	4.605030e-03
277           	7.925000e-03	4.784850e-03	1.018310e-03	4.568340e-03
278           	7.996080e-03	4.698930e-03	9.966890e-04	4.535910e-03
279           	8.082940e-03	4.655600e-03	9.724690e-04	4.533950e-03
280           	8.183830e-03	4.611420e-03	9.426440e-04	4.546480e-03
281           	8.255510e-03	4.569330e-03	9.129750e-04	4.558520e-03
282           	8.269070e-03	4.532080e-03	8.843380e-04	4.562350e-03
283           	8.254040e-03	4.496900e-03	8.578410e-04	4.572060e-03
284           	8.211410e-03	4.458670e-03	8.374880e-04	4.542850e-03
285           	8.138590e-03	4.411250e-03	8.235440e-04	4.494340e-03
286           	8.041640e-03	4.359670e-03	8.170260e-04	4.439210e-03
287           	7.929880e-03	4.304450e-03	8.149290e-04	4.367030e-03
288           	7.804310e-03	4.247560e-03	8.129820e-04	4.283720e-03
289           	7.668740e-03	4.190980e-03	8.069980e-04	4.187310e-03
290           	7.514220e-03	4.122730e-03	7.963780e-04	4.080410e-03
291           	7.348600e-03	4.029660e-03	7.811250e-04	3.964880e-03
292           	7.169980e-03	3.901320e-03	7.625590e-04	3.840660e-03
293           	6.981530e-03	3.753400e-03	7.420700e-04	3.710420e-03
294           	6.762680e-03	3.586600e-03	7.234660e-04	3.565280e-03
295           	6.529580e-03	3.417680e-03	7.041100e-04	3.439610e-03
296           	6.272920e-03	3.245520e-03	6.835740e-04	3.309860e-03
297           	5.997780e-03	3.099130e-03	6.655660e-04	3.181200e-03
298           	5.716710e-03	2.992270e-03	6.520520e-04	3.072300e-03
299           	5.454600e-03	2.936890e-03	6.429770e-04	2.994390e-03
300           	5.269310e-03	2.926370e-03	6.368060e-04	2.958890e-03
301           	5.160230e-03	2.951270e-03	6.343190e-04	2.966030e-03
302           	5.136230e-03	2.983370e-03	6.355630e-04	2.995450e-03
303           	5.160490e-03	3.006810e-03	6.360130e-04	3.026290e-03
304           	5.189800e-03	3.014680e-03	6.342170e-04	3.045530e-03
305           	5.203540e-03	2.989490e-03	6.280560e-04	3.043340e-03
306           	5.168240e-03	2.928640e-03	6.173370e-04	2.998080e-03
307           	5.095240e-03	2.843030e-03	6.012330e-04	2.913630e-03
308           	5.003860e-03	2.736010e-03	5.787630e-04	2.802750e-03
309           	4.899360e-03	2.625400e-03	5.526440e-04	2.687820e-03
310           	4.793550e-03	2.525840e-03	5.257810e-04	2.582790e-03
311           	4.704780e-03	2.439650e-03	5.003710e-04	2.494970e-03
312           	4.625850e-03	2.381430e-03	4.797110e-04	2.423720e-03
313           	4.573510e-03	2.348090e-03	4.655500e-04	2.384650e-03
314           	4.538010e-03	2.337650e-03	4.603950e-04	2.383520e-03
315           	4.540340e-03	2.356760e-03	4.621850e-04	2.413520e-03
316           	4.576400e-03	2.393830e-03	4.695790e-04	2.457380e-03
317           	4.638880e-03	2.442550e-03	4.797920e-04	2.500230e-03
318           	4.725270e-03	2.504140e-03	4.912570e-04	2.546920e-03
319           	4.836180e-03	2.586710e-03	5.016020e-04	2.607880e-03
320           	4.943190e-03	2.679630e-03	5.138570e-04	2.690360e-03
321           	5.068750e-03	2.785120e-03	5.297910e-04	2.785800e-03
322           	5.210840e-03	2.909480e-03	5.523810e-04	2.909250e-03
323           	5.343740e-03	3.053300e-03	5.793380e-04	3.049590e-03
324           	5.466150e-03	3.189480e-03	6.092130e-04	3.190640e-03
325           	5.580320e-03	3.313220e-03	6.393570e-04	3.307930e-03
326           	5.684320e-03	3.424310e-03	6.661170e-04	3.404550e-03
327           	5.753900e-03	3.507160e-03	6.867950e-04	3.469030e-03
328           	5.810610e-03	3.518070e-03	6.975310e-04	3.475000e-03
329           	5.820870e-03	3.500250e-03	7.007410e-04	3.443790e-03
330           	5.787710e-03	3.447790e-03	6.930370e-04	3.375510e-03
331           	5.706390e-03	3.360830e-03	6.749230e-04	3.265410e-03
332           	5.567510e-03	3.234540e-03	6.480520e-04	3.116320e-03
333           	5.382480e-03	3.065740e-03	6.133160e-04	2.945640e-03
334           	5.150430e-03	2.880400e-03	5.744940e-04	2.758580e-03
335           	4.881870e-03	2.684900e-03	5.368640e-04	2.574520e-03
336           	4.614600e-03	2.499380e-03	5.041170e-04	2.412640e-03
337           	4.362270e-03	2.340280e-03	4.788790e-04	2.284670e-03
338           	4.144740e-03	2.241680e-03	4.623330e-04	2.197440e-03
339           	3.981060e-03	2.203500e-03	4.573630e-04	2.151270e-03
340           	3.880440e-03	2.224850e-03	4.616090e-04	2.158810e-03
341           	3.838440e-03	2.287220e-03	4.745550e-04	2.207130e-03
342           	3.862430e-03	2.387460e-03	4.943650e-04	2.288410e-03
343           	3.933150e-03	2.506550e-03	5.199940e-04	2.389890e-03
344           	4.049760e-03	2.630020e-03	5.487090e-04	2.494350e-03
345           	4.181260e-03	2.742410e-03	5.777750e-04	2.592630e-03
346           	4.314550e-03	2.838130e-03	6.041410e-04	2.680740e-03
347           	4.456600e-03	2.913990e-03	6.254350e-04	2.767770e-03
348           	4.590860e-03	2.970330e-03	6.391780e-04	2.837490e-03
349           	4.720620e-03	3.000390e-03	6.440720e-04	2.890030e-03
350           	4.833800e-03	3.009730e-03	6.415480e-04	2.928660e-03
351           	4.916570e-03	3.004700e-03	6.337920e-04	2.942650e-03
352           	4.972710e-03	2.987660e-03	6.210960e-04	2.944180e-03
353           	5.011750e-03	2.941280e-03	6.062380e-04	2.924650e-03
354           	5.032370e-03	2.891130e-03	5.886180e-04	2.896110e-03
355           	5.032910e-03	2.838070e-03	5.696470e-04	2.857530e-03
356           	5.020360e-03	2.773710e-03	5.494820e-04	2.806790e-03
357           	4.978030e-03	2.691630e-03	5.266750e-04	2.741330e-03
358           	4.898170e-03	2.596230e-03	5.020290e-04	2.667890e-03
359           	4.788750e-03	2.491570e-03	4.758600e-04	2.575240e-03
360           	4.643250e-03	2.375770e-03	4.489950e-04	2.469410e-03
361           	4.476600e-03	2.256710e-03	4.233040e-04	2.348890e-03
362           	4.290910e-03	2.131460e-03	3.995060e-04	2.216840e-03
363           	4.091670e-03	2.003090e-03	3.782700e-04	2.083230e-03
364           	3.891180e-03	1.884710e-03	3.598010e-04	1.961580e-03
365           	3.689430e-03	1.782220e-03	3.460720e-04	1.851700e-03
366           	3.499400e-03	1.701980e-03	3.383410e-04	1.760240e-03
367           	3.320000e-03	1.660940e-03	3.349790e-04	1.706950e-03
368           	3.166200e-03	1.635770e-03	3.354050e-04	1.675250e-03
369           	3.042760e-03	1.628440e-03	3.380070e-04	1.658660e-03
370           	2.938400e-03	1.634570e-03	3.434240e-04	1.663030e-03
371           	2.866410e-03	1.663710e-03	3.514650e-04	1.692300e-03
372           	2.838680e-03	1.709820e-03	3.628680e-04	1.742420e-03
373           	2.871650e-03	1.769070e-03	3.768100e-04	1.798060e-03
374           	2.954640e-03	1.831380e-03	3.936830e-04	1.858370e-03
375           	3.064500e-03	1.895600e-03	4.118560e-04	1.916630e-03
376           	3.182240e-03	1.966470e-03	4.298640e-04	1.973850e-03
377           	3.300210e-03	2.039810e-03	4.465430e-04	2.035840e-03
378           	3.421670e-03	2.111930e-03	4.622360e-04	2.102290e-03
379           	3.547060e-03	2.184550e-03	4.754610e-04	2.170150e-03
380           	3.668630e-03	2.256520e-03	4.867880e-04	2.235860e-03
381           	3.793610e-03	2.323260e-03	4.955320e-04	2.299940e-03
382           	3.912650e-03	2.390590e-03	5.028350e-04	2.357720e-03
383           	4.022980e-03	2.460280e-03	5.093800e-04	2.417890e-03
384           	4.132990e-03	2.521270e-03	5.147990e-04	2.480130e-03
385           	4.237440e-03	2.580630e-03	5.192240e-04	2.534460e-03
386           	4.335060e-03	2.631180e-03	5.228220e-04	2.587550e-03
387           	4.425360e-03	2.666840e-03	5.251320e-04	2.638880e-03
388           	4.500960e-03	2.687870e-03	5.264540e-04	2.682600e-03
389           	4.553060e-03	2.695620e-03	5.254510e-04	2.706350e-03
390           	4.585060e-03	2.681570e-03	5.211760e-04	2.705180e-03
391           	4.599140e-03	2.652000e-03	5.136540e-04	2.681130e-03
392           	4.586070e-03	2.586630e-03	5.027430e-04	2.622530e-03
393           	4.535920e-03	2.509980e-03	4.896670e-04	2.545020e-03
394           	4.446070e-03	2.418890e-03	4.731950e-04	2.456380e-03
395           	4.328050e-03	2.319320e-03	4.545370e-04	2.348720e-03
396           	4.181260e-03	2.209600e-03	4.344750e-04	2.236670e-03
397           	4.014680e-03	2.095390e-03	4.149810e-04	2.124570e-03
398           	3.838580e-03	1.986920e-03	3.971410e-04	2.018640e-03
399           	3.669480e-03	1.887000e-03	3.809930e-04	1.921950e-03
400           	3.504640e-03	1.807320e-03	3.666330e-04	1.854650e-03
401           	3.359230e-03	1.743370e-03	3.546630e-04	1.803800e-03
402           	3.236190e-03	1.701500e-03	3.464820e-04	1.767820e-03
403           	3.137200e-03	1.685120e-03	3.427120e-04	1.745280e-03
404           	3.081100e-03	1.693730e-03	3.448490e-04	1.738450e-03
405           	3.066610e-03	1.723610e-03	3.529280e-04	1.750460e-03
406           	3.086910e-03	1.783720e-03	3.669610e-04	1.793840e-03
407           	3.149590e-03	1.867740e-03	3.859770e-04	1.858710e-03
408           	3.261830e-03	1.967940e-03	4.094770e-04	1.949760e-03
409           	3.392910e-03	2.090640e-03	4.370770e-04	2.064880e-03
410           	3.545520e-03	2.217600e-03	4.670460e-04	2.181060e-03
411           	3.727020e-03	2.367710e-03	4.981070e-04	2.306830e-03
412           	3.931820e-03	2.521620e-03	5.287950e-04	2.450780e-03
413           	4.125270e-03	2.673810e-03	5.575560e-04	2.602260e-03
414           	4.336240e-03	2.821930e-03	5.838980e-04	2.745810e-03
415           	4.543190e-03	2.950490e-03	6.077000e-04	2.883640e-03
416           	4.742410e-03	3.067960e-03	6.279780e-04	3.010000e-03
417           	4.917420e-03	3.156880e-03	6.439060e-04	3.110480e-03
418           	5.058180e-03	3.213080e-03	6.546920e-04	3.186670e-03
419           	5.151080e-03	3.246180e-03	6.581220e-04	3.223830e-03
420           	5.184480e-03	3.246810e-03	6.535840e-04	3.215530e-03
421           	5.193700e-03	3.183830e-03	6.397630e-04	3.159840e-03
422           	5.155490e-03	3.095640e-03	6.206820e-04	3.071060e-03
423           	5.061290e-03	2.976380e-03	5.946190e-04	2.946840e-03
424           	4.914880e-03	2.831360e-03	5.630200e-04	2.797360e-03
425           	4.731560e-03	2.662430e-03	5.289910e-04	2.627200e-03
426           	4.513180e-03	2.482100e-03	4.958820e-04	2.456870e-03
427           	4.278700e-03	2.310120e-03	4.659110e-04	2.296070e-03
428           	4.053450e-03	2.149030e-03	4.399550e-04	2.149170e-03
429           	3.831020e-03	2.007080e-03	4.196610e-04	2.036520e-03
430           	3.619820e-03	1.908970e-03	4.056610e-04	1.950790e-03
431           	3.446870e-03	1.843890e-03	3.965340e-04	1.886270e-03
432           	3.298620e-03	1.819630e-03	3.916930e-04	1.855170e-03
433           	3.194040e-03	1.822560e-03	3.929010e-04	1.841620e-03
434           	3.138410e-03	1.848880e-03	3.981950e-04	1.853920e-03
435           	3.135950e-03	1.885060e-03	4.063560e-04	1.873370e-03
436           	3.170950e-03	1.924450e-03	4.167490e-04	1.902930e-03
437           	3.231120e-03	1.968260e-03	4.270900e-04	1.932350e-03
438           	3.309010e-03	2.012840e-03	4.354560e-04	1.969890e-03
439           	3.400880e-03	2.053900e-03	4.420780e-04	2.008820e-03
440           	3.486410e-03	2.090160e-03	4.468280e-04	2.048790e-03
441           	3.565450e-03	2.128680e-03	4.498400e-04	2.088940e-03
442           	3.644410e-03	2.165350e-03	4.516890e-04	2.127340e-03
443           	3.719550e-03	2.205110e-03	4.526540e-04	2.165070e-03
444           	3.783830e-03	2.245420e-03	4.540680e-04	2.204570e-03
445           	3.852260e-03	2.287340e-03	4.564620e-04	2.248280e-03
446           	3.931780e-03	2.329570e-03	4.597460e-04	2.298810e-03
447           	4.017150e-03	2.369870e-03	4.631790e-04	2.351620e-03
448           	4.096180e-03	2.410430e-03	4.663790e-04	2.400170e-03
449           	4.165160e-03	2.442970e-03	4.697860e-04	2.456710e-03
450           	4.225670e-03	2.473240e-03	4.730980e-04	2.503800e-03
451           	4.269400e-03	2.489800e-03	4.752800e-04	2.535980e-03
452           	4.300000e-03	2.492180e-03	4.753490e-04	2.542400e-03
453           	4.302330e-03	2.475090e-03	4.724350e-04	2.521190e-03
454           	4.277830e-03	2.423610e-03	4.655440e-04	2.468510e-03
455           	4.205840e-03	2.355580e-03	4.545970e-04	2.397670e-03
456           	4.112430e-03	2.269440e-03	4.397950e-04	2.311620e-03
457           	3.992310e-03	2.175210e-03	4.234660e-04	2.216810e-03
458           	3.853270e-03	2.076180e-03	4.064320e-04	2.110590e-03
459           	3.700950e-03	1.967490e-03	3.896300e-04	2.000480e-03
460           	3.537200e-03	1.865930e-03	3.750700e-04	1.902180e-03
461           	3.373990e-03	1.770230e-03	3.625270e-04	1.819960e-03
462           	3.229090e-03	1.688970e-03	3.524900e-04	1.756740e-03
463           	3.100900e-03	1.648010e-03	3.441740e-04	1.717620e-03
464           	2.988280e-03	1.630480e-03	3.398460e-04	1.688850e-03
465           	2.914120e-03	1.641490e-03	3.421580e-04	1.677740e-03
466           	2.880610e-03	1.678940e-03	3.515940e-04	1.689140e-03
467           	2.894880e-03	1.739910e-03	3.665710e-04	1.725140e-03
468           	2.964840e-03	1.827420e-03	3.862110e-04	1.788290e-03
469           	3.081310e-03	1.929760e-03	4.099210e-04	1.880150e-03
470           	3.229030e-03	2.052360e-03	4.367130e-04	1.992650e-03
471           	3.414390e-03	2.193030e-03	4.651760e-04	2.118280e-03
472           	3.618010e-03	2.336550e-03	4.936390e-04	2.250180e-03
473           	3.820760e-03	2.475790e-03	5.209940e-04	2.390440e-03
474           	4.026800e-03	2.612430e-03	5.453560e-04	2.516560e-03
475           	4.216990e-03	2.734700e-03	5.668410e-04	2.635210e-03
476           	4.393720e-03	2.835630e-03	5.848290e-04	2.745000e-03
477           	4.554800e-03	2.919530e-03	5.988500e-04	2.833440e-03
478           	4.692260e-03	2.982520e-03	6.094050e-04	2.904530e-03
479           	4.795910e-03	3.029850e-03	6.143620e-04	2.949040e-03
480           	4.848750e-03	3.051270e-03	6.131750e-04	2.965780e-03
481           	4.879500e-03	3.015800e-03	6.033320e-04	2.937970e-03
482           	4.855890e-03	2.957830e-03	5.879430e-04	2.881430e-03
483           	4.773580e-03	2.867640e-03	5.665410e-04	2.792200e-03
484           	4.644420e-03	2.747200e-03	5.383570e-04	2.674100e-03
485           	4.477270e-03	2.597060e-03	5.058080e-04	2.526410e-03
486           	4.283580e-03	2.428820e-03	4.711700e-04	2.364010e-03
487           	4.073880e-03	2.252640e-03	4.373420e-04	2.198050e-03
488           	3.855970e-03	2.084250e-03	4.082320e-04	2.044500e-03
489           	3.638210e-03	1.925120e-03	3.852170e-04	1.911690e-03
490           	3.430230e-03	1.809850e-03	3.702860e-04	1.809570e-03
491           	3.239230e-03	1.737850e-03	3.635620e-04	1.732620e-03
492           	3.064790e-03	1.708330e-03	3.619380e-04	1.692430e-03
493           	2.922820e-03	1.702690e-03	3.661960e-04	1.671380e-03
494           	2.823570e-03	1.726560e-03	3.752790e-04	1.670310e-03
495           	2.778250e-03	1.767100e-03	3.860140e-04	1.684700e-03
496           	2.781700e-03	1.811430e-03	3.974440e-04	1.712300e-03
497           	2.809810e-03	1.852170e-03	4.076300e-04	1.740810e-03
498           	2.857970e-03	1.888050e-03	4.149060e-04	1.767030e-03
499           	2.918500e-03	1.915660e-03	4.185560e-04	1.793710e-03
500           	2.977350e-03	1.934020e-03	4.194180e-04	1.816670e-03
501           	3.027800e-03	1.943100e-03	4.181850e-04	1.831720e-03
502           	3.076170e-03	1.946890e-03	4.151740e-04	1.841680e-03
503           	3.121140e-03	1.948640e-03	4.105630e-04	1.850420e-03
504           	3.165620e-03	1.953070e-03	4.051910e-04	1.858380e-03
505           	3.215340e-03	1.963760e-03	4.000090e-04	1.866430e-03
506           	3.269430e-03	1.983940e-03	3.964060e-04	1.880690e-03
507           	3.328870e-03	2.005480e-03	3.945490e-04	1.903380e-03
508           	3.393440e-03	2.032050e-03	3.936920e-04	1.935560e-03
509           	3.456330e-03	2.061650e-03	3.943200e-04	1.971590e-03
510           	3.515710e-03	2.091260e-03	3.958020e-04	2.010780e-03
511           	3.563000e-03	2.115430e-03	3.974030e-04	2.044710e-03
512           	3.609090e-03	2.135320e-03	3.991600e-04	2.076660e-03
513           	3.651190e-03	2.143320e-03	4.005680e-04	2.096100e-03
514           	3.680640e-03	2.140000e-03	3.999810e-04	2.100220e-03
515           	3.683000e-03	2.121310e-03	3.969030e-04	2.086760e-03
516           	3.666430e-03	2.086560e-03	3.903010e-04	2.058580e-03
517           	3.623280e-03	2.033930e-03	3.819310e-04	2.016940e-03
518           	3.558290e-03	1.959500e-03	3.714410e-04	1.955950e-03
519           	3.469320e-03	1.878120e-03	3.592060e-04	1.882670e-03
520           	3.361890e-03	1.791930e-03	3.456340e-04	1.801450e-03
521           	3.239050e-03	1.702500e-03	3.313850e-04	1.719660e-03
522           	3.111170e-03	1.610570e-03	3.176810e-04	1.637930e-03
523           	2.974460e-03	1.525180e-03	3.050940e-04	1.560090e-03
524           	2.845040e-03	1.449510e-03	2.937440e-04	1.491650e-03
525           	2.722560e-03	1.391800e-03	2.842720e-04	1.440980e-03
526           	2.617900e-03	1.356950e-03	2.778540e-04	1.401590e-03
527           	2.540340e-03	1.346400e-03	2.762780e-04	1.373170e-03
528           	2.492930e-03	1.359220e-03	2.808900e-04	1.362470e-03
529           	2.468670e-03	1.394860e-03	2.921100e-04	1.378580e-03
530           	2.497110e-03	1.456350e-03	3.080870e-04	1.426910e-03
531           	2.561240e-03	1.549710e-03	3.271750e-04	1.503830e-03
532           	2.656740e-03	1.659200e-03	3.491970e-04	1.599780e-03
533           	2.789850e-03	1.773660e-03	3.739800e-04	1.700670e-03
534           	2.956310e-03	1.899430e-03	3.995710e-04	1.813840e-03
535           	3.122400e-03	2.034720e-03	4.252540e-04	1.937710e-03
536           	3.306920e-03	2.171250e-03	4.491270e-04	2.054880e-03
537           	3.489640e-03	2.294630e-03	4.715890e-04	2.170980e-03
538           	3.671330e-03	2.407640e-03	4.911010e-04	2.279470e-03
539           	3.851750e-03	2.503530e-03	5.079730e-04	2.377370e-03
540           	4.016100e-03	2.585140e-03	5.215240e-04	2.455660e-03
541           	4.152740e-03	2.644710e-03	5.311340e-04	2.514900e-03
542           	4.251710e-03	2.686830e-03	5.359960e-04	2.556510e-03
543           	4.330660e-03	2.700860e-03	5.337390e-04	2.579630e-03
544           	4.363820e-03	2.687730e-03	5.258610e-04	2.564340e-03
545           	4.348850e-03	2.620880e-03	5.130730e-04	2.503520e-03
546           	4.283600e-03	2.536420e-03	4.952210e-04	2.425870e-03
547           	4.176000e-03	2.429620e-03	4.727240e-04	2.327010e-03
548           	4.034320e-03	2.303990e-03	4.471680e-04	2.211620e-03
549           	3.864820e-03	2.162410e-03	4.193140e-04	2.086600e-03
550           	3.680310e-03	2.015630e-03	3.911770e-04	1.956620e-03
551           	3.487820e-03	1.866990e-03	3.651370e-04	1.825360e-03
552           	3.298630e-03	1.723610e-03	3.428360e-04	1.714200e-03
553           	3.115770e-03	1.601430e-03	3.267280e-04	1.623260e-03
554           	2.938420e-03	1.519670e-03	3.176030e-04	1.545900e-03
555           	2.784560e-03	1.468350e-03	3.123810e-04	1.488020e-03
556           	2.652080e-03	1.454750e-03	3.121110e-04	1.455600e-03
557           	2.547280e-03	1.460610e-03	3.168020e-04	1.442700e-03
558           	2.476120e-03	1.484150e-03	3.234440e-04	1.446140e-03
559           	2.453490e-03	1.518830e-03	3.316800e-04	1.467930e-03
560           	2.469450e-03	1.554930e-03	3.404120e-04	1.498500e-03
561           	2.507640e-03	1.590590e-03	3.481800e-04	1.531810e-03
562           	2.562430e-03	1.622770e-03	3.540790e-04	1.562200e-03
563           	2.624370e-03	1.650270e-03	3.577770e-04	1.590620e-03
564           	2.681870e-03	1.672120e-03	3.593790e-04	1.615380e-03
565           	2.731610e-03	1.692090e-03	3.592590e-04	1.635300e-03
566           	2.780830e-03	1.707910e-03	3.573330e-04	1.652250e-03
567           	2.830330e-03	1.722710e-03	3.543470e-04	1.665590e-03
568           	2.874910e-03	1.737960e-03	3.510700e-04	1.676370e-03
569           	2.917130e-03	1.756650e-03	3.478170e-04	1.687820e-03
570           	2.968750e-03	1.775890e-03	3.450400e-04	1.702130e-03
571           	3.029320e-03	1.800140e-03	3.430080e-04	1.718110e-03
572           	3.088680e-03	1.821630e-03	3.415810e-04	1.739340e-03
573           	3.143930e-03	1.845620e-03	3.406470e-04	1.763720e-03
574           	3.198840e-03	1.867650e-03	3.405130e-04	1.788740e-03
575           	3.249800e-03	1.888860e-03	3.409500e-04	1.812190e-03
576           	3.295900e-03	1.900590e-03	3.414920e-04	1.829070e-03
577           	3.332900e-03	1.904410e-03	3.419810e-04	1.841720e-03
578           	3.356580e-03	1.898130e-03	3.416150e-04	1.844890e-03
579           	3.355380e-03	1.884360e-03	3.396840e-04	1.838850e-03
580           	3.340430e-03	1.857470e-03	3.355270e-04	1.821870e-03
581           	3.308220e-03	1.811540e-03	3.301090e-04	1.786030e-03
582           	3.257460e-03	1.753410e-03	3.228870e-04	1.740870e-03
583           	3.187450e-03	1.690260e-03	3.141690e-04	1.685400e-03
584           	3.096910e-03	1.617260e-03	3.043120e-04	1.620190e-03
585           	2.988940e-03	1.538450e-03	2.933550e-04	1.548730e-03
586           	2.866430e-03	1.458190e-03	2.819130e-04	1.478460e-03
587           	2.741010e-03	1.375110e-03	2.707770e-04	1.409180e-03
588           	2.611950e-03	1.303140e-03	2.615240e-04	1.347440e-03
589           	2.486800e-03	1.247940e-03	2.531530e-04	1.299990e-03
590           	2.376150e-03	1.209180e-03	2.474460e-04	1.262250e-03
591           	2.289740e-03	1.193740e-03	2.460140e-04	1.235360e-03
592           	2.229600e-03	1.200950e-03	2.494500e-04	1.222930e-03
593           	2.204880e-03	1.228790e-03	2.571980e-04	1.228930e-03
594           	2.214920e-03	1.276470e-03	2.692620e-04	1.259320e-03
595           	2.263580e-03	1.344970e-03	2.844710e-04	1.311340e-03
596           	2.345750e-03	1.429840e-03	3.026640e-04	1.383010e-03
597           	2.451920e-03	1.530220e-03	3.226090e-04	1.470330e-03
598           	2.591970e-03	1.644870e-03	3.434850e-04	1.566910e-03
599           	2.737680e-03	1.762240e-03	3.649190e-04	1.673380e-03
600           	2.898780e-03	1.883800e-03	3.850470e-04	1.777050e-03
601           	3.067730e-03	2.000180e-03	4.040030e-04	1.878880e-03
602           	3.235390e-03	2.104060e-03	4.212410e-04	1.975220e-03
603           	3.402570e-03	2.199000e-03	4.357300e-04	2.064300e-03
604           	3.561330e-03	2.278390e-03	4.477960e-04	2.145650e-03
605           	3.709560e-03	2.346450e-03	4.569930e-04	2.210430e-03
606           	3.834550e-03	2.394410e-03	4.627220e-04	2.261440e-03
607           	3.912600e-03	2.424270e-03	4.640540e-04	2.295310e-03
608           	3.971330e-03	2.414290e-03	4.605040e-04	2.297060e-03
609           	3.993900e-03	2.384650e-03	4.533740e-04	2.270150e-03
610           	3.973170e-03	2.331190e-03	4.420300e-04	2.224930e-03
611           	3.912730e-03	2.260780e-03	4.263300e-04	2.160660e-03
612           	3.822430e-03	2.167480e-03	4.065540e-04	2.072960e-03
613           	3.698900e-03	2.053510e-03	3.836330e-04	1.968780e-03
614           	3.548540e-03	1.926060e-03	3.600500e-04	1.855600e-03
615           	3.380480e-03	1.790950e-03	3.371600e-04	1.738040e-03
616           	3.203340e-03	1.656960e-03	3.163820e-04	1.624620e-03
617           	3.022510e-03	1.534390e-03	3.005290e-04	1.530640e-03
618           	2.845570e-03	1.446550e-03	2.906330e-04	1.456710e-03
619           	2.684110e-03	1.388210e-03	2.863050e-04	1.403720e-03
620           	2.534080e-03	1.367340e-03	2.865020e-04	1.369360e-03
621           	2.408670e-03	1.366890e-03	2.919820e-04	1.348850e-03
622           	2.319100e-03	1.390170e-03	3.010630e-04	1.346330e-03
623           	2.266930e-03	1.428800e-03	3.113060e-04	1.363610e-03
624           	2.257450e-03	1.471570e-03	3.228140e-04	1.395870e-03
625           	2.284290e-03	1.516280e-03	3.335460e-04	1.433910e-03
626           	2.337540e-03	1.560240e-03	3.423330e-04	1.471360e-03
627           	2.405250e-03	1.599620e-03	3.487300e-04	1.505040e-03
628           	2.478230e-03	1.630460e-03	3.526370e-04	1.534080e-03
629           	2.546640e-03	1.653390e-03	3.542530e-04	1.555560e-03
630           	2.606830e-03	1.669530e-03	3.531670e-04	1.571380e-03
631           	2.664450e-03	1.684360e-03	3.495870e-04	1.583710e-03
632           	2.719040e-03	1.696160e-03	3.449130e-04	1.593700e-03
633           	2.769950e-03	1.703860e-03	3.394200e-04	1.600090e-03
634           	2.822480e-03	1.717460e-03	3.337780e-04	1.602930e-03
635           	2.877170e-03	1.730890e-03	3.285570e-04	1.609300e-03
636           	2.934670e-03	1.746430e-03	3.241010e-04	1.618800e-03
637           	2.991170e-03	1.760580e-03	3.205490e-04	1.632720e-03
638           	3.040920e-03	1.773630e-03	3.179360e-04	1.650500e-03
639           	3.086150e-03	1.786630e-03	3.159100e-04	1.670010e-03
640           	3.127560e-03	1.796610e-03	3.142530e-04	1.687090e-03
641           	3.163490e-03	1.801310e-03	3.129570e-04	1.700300e-03
642           	3.192510e-03	1.799720e-03	3.119440e-04	1.710490e-03
643           	3.199900e-03	1.791450e-03	3.107250e-04	1.712980e-03
644           	3.199990e-03	1.762880e-03	3.074970e-04	1.704090e-03
645           	3.182550e-03	1.729030e-03	3.041050e-04	1.682720e-03
646           	3.145910e-03	1.685040e-03	2.988640e-04	1.650760e-03
647           	3.089890e-03	1.628560e-03	2.920060e-04	1.606810e-03
648           	3.012150e-03	1.564030e-03	2.835050e-04	1.554480e-03
649           	2.916640e-03	1.489420e-03	2.743920e-04	1.490780e-03
650           	2.806470e-03	1.411240e-03	2.645880e-04	1.422650e-03
651           	2.685950e-03	1.333660e-03	2.549800e-04	1.356580e-03
652           	2.570240e-03	1.261360e-03	2.468160e-04	1.298420e-03
653           	2.448500e-03	1.202830e-03	2.410310e-04	1.251530e-03
654           	2.333240e-03	1.163320e-03	2.375270e-04	1.216830e-03
655           	2.235630e-03	1.148840e-03	2.376010e-04	1.193960e-03
656           	2.161560e-03	1.156550e-03	2.419350e-04	1.184250e-03
657           	2.111820e-03	1.184960e-03	2.506430e-04	1.190720e-03
658           	2.098400e-03	1.232050e-03	2.623380e-04	1.212710e-03
659           	2.119740e-03	1.293650e-03	2.758910e-04	1.252880e-03
660           	2.177630e-03	1.370710e-03	2.917410e-04	1.309820e-03
661           	2.263480e-03	1.457900e-03	3.090430e-04	1.379390e-03
662           	2.374850e-03	1.552370e-03	3.263480e-04	1.456600e-03
663           	2.504960e-03	1.651250e-03	3.429600e-04	1.537390e-03
664           	2.641850e-03	1.746790e-03	3.585930e-04	1.620230e-03
665           	2.784290e-03	1.842690e-03	3.727210e-04	1.698480e-03
666           	2.929230e-03	1.930220e-03	3.848890e-04	1.775140e-03
667           	3.071060e-03	2.007630e-03	3.956870e-04	1.847520e-03
668           	3.210860e-03	2.078760e-03	4.039970e-04	1.911650e-03
669           	3.345050e-03	2.138790e-03	4.103880e-04	1.967750e-03
670           	3.469130e-03	2.186690e-03	4.142790e-04	2.010650e-03
671           	3.559610e-03	2.218310e-03	4.160410e-04	2.043350e-03
672           	3.635350e-03	2.231050e-03	4.144530e-04	2.070340e-03
673           	3.679680e-03	2.226690e-03	4.109590e-04	2.077730e-03
674           	3.694360e-03	2.184170e-03	4.046460e-04	2.049370e-03
675           	3.677620e-03	2.133960e-03	3.944850e-04	2.007710e-03
676           	3.631260e-03	2.072650e-03	3.813870e-04	1.956040e-03
677           	3.559940e-03	1.990990e-03	3.654790e-04	1.885700e-03
678           	3.457590e-03	1.889480e-03	3.472360e-04	1.800320e-03
679           	3.324080e-03	1.774690e-03	3.281440e-04	1.703920e-03
680           	3.174690e-03	1.654880e-03	3.095080e-04	1.606120e-03
681           	3.018440e-03	1.538620e-03	2.928020e-04	1.511790e-03
682           	2.855830e-03	1.430630e-03	2.794790e-04	1.433900e-03
683           	2.698850e-03	1.348940e-03	2.709320e-04	1.371590e-03
684           	2.550060e-03	1.299200e-03	2.682900e-04	1.323430e-03
685           	2.414970e-03	1.281950e-03	2.690210e-04	1.298560e-03
686           	2.303850e-03	1.286950e-03	2.744820e-04	1.284090e-03
687           	2.228430e-03	1.312040e-03	2.833850e-04	1.286230e-03
688           	2.184390e-03	1.350180e-03	2.930550e-04	1.306360e-03
689           	2.174090e-03	1.390790e-03	3.038450e-04	1.337770e-03
690           	2.200640e-03	1.437100e-03	3.144360e-04	1.375590e-03
691           	2.253280e-03	1.483240e-03	3.233640e-04	1.412710e-03
692           	2.319410e-03	1.525360e-03	3.301550e-04	1.445590e-03
693           	2.392830e-03	1.560490e-03	3.345180e-04	1.475260e-03
694           	2.464450e-03	1.589650e-03	3.364860e-04	1.499390e-03
695           	2.531550e-03	1.615700e-03	3.362830e-04	1.520970e-03
696           	2.596050e-03	1.636680e-03	3.341210e-04	1.537340e-03
697           	2.656990e-03	1.654960e-03	3.307590e-04	1.549460e-03
698           	2.716100e-03	1.673970e-03	3.267260e-04	1.557760e-03
699           	2.777000e-03	1.692720e-03	3.227710e-04	1.569440e-03
700           	2.840310e-03	1.711740e-03	3.191020e-04	1.579550e-03
701           	2.903020e-03	1.728800e-03	3.158850e-04	1.592170e-03
702           	2.959810e-03	1.744990e-03	3.128360e-04	1.606970e-03
703           	3.009330e-03	1.758210e-03	3.103710e-04	1.622750e-03
704           	3.053860e-03	1.767540e-03	3.082120e-04	1.636890e-03
705           	3.090680e-03	1.771420e-03	3.065140e-04	1.649770e-03
706           	3.113910e-03	1.769570e-03	3.052340e-04	1.657930e-03
707           	3.130240e-03	1.760560e-03	3.031510e-04	1.663470e-03
708           	3.136910e-03	1.734170e-03	3.007190e-04	1.655630e-03
709           	3.127470e-03	1.703210e-03	2.977670e-04	1.635100e-03
710           	3.097710e-03	1.662370e-03	2.932270e-04	1.606080e-03
711           	3.045600e-03	1.610580e-03	2.870050e-04	1.564510e-03
712           	2.970770e-03	1.548410e-03	2.794800e-04	1.513720e-03
713           	2.876100e-03	1.475330e-03	2.708940e-04	1.455970e-03
714           	2.768440e-03	1.397220e-03	2.615390e-04	1.393500e-03
715           	2.649790e-03	1.320190e-03	2.522610e-04	1.331830e-03
716           	2.532670e-03	1.248680e-03	2.440130e-04	1.276380e-03
717           	2.419750e-03	1.188050e-03	2.384560e-04	1.229750e-03
718           	2.308340e-03	1.147020e-03	2.347960e-04	1.197670e-03
719           	2.209110e-03	1.126580e-03	2.340570e-04	1.176400e-03
720           	2.129560e-03	1.130120e-03	2.368770e-04	1.168610e-03
721           	2.076220e-03	1.153100e-03	2.440750e-04	1.172730e-03
722           	2.053690e-03	1.191920e-03	2.537050e-04	1.190660e-03
723           	2.065230e-03	1.243940e-03	2.651480e-04	1.223210e-03
724           	2.108880e-03	1.309200e-03	2.786500e-04	1.270080e-03
725           	2.186010e-03	1.383930e-03	2.928050e-04	1.328570e-03
726           	2.284400e-03	1.465140e-03	3.069220e-04	1.393720e-03
727           	2.396050e-03	1.547360e-03	3.203040e-04	1.460000e-03
728           	2.513830e-03	1.627030e-03	3.324270e-04	1.525390e-03
729           	2.631160e-03	1.704020e-03	3.425930e-04	1.586740e-03
730           	2.749630e-03	1.776590e-03	3.510390e-04	1.644050e-03
731           	2.865810e-03	1.840660e-03	3.583160e-04	1.699530e-03
732           	2.980060e-03	1.899130e-03	3.636430e-04	1.750470e-03
733           	3.089740e-03	1.947740e-03	3.671690e-04	1.791860e-03
734           	3.191600e-03	1.984900e-03	3.689830e-04	1.824550e-03
735           	3.278760e-03	2.012000e-03	3.694090e-04	1.849110e-03
736           	3.335140e-03	2.025900e-03	3.681570e-04	1.865350e-03
737           	3.372060e-03	2.022460e-03	3.645470e-04	1.872150e-03
738           	3.390740e-03	1.989220e-03	3.593930e-04	1.854240e-03
739           	3.385320e-03	1.949120e-03	3.520140e-04	1.825190e-03
740           	3.355270e-03	1.899410e-03	3.421650e-04	1.786720e-03
741           	3.304150e-03	1.834200e-03	3.302540e-04	1.731830e-03
742           	3.227420e-03	1.749330e-03	3.161830e-04	1.663840e-03
743           	3.121300e-03	1.656630e-03	3.012260e-04	1.584780e-03
744           	2.992580e-03	1.552750e-03	2.862060e-04	1.500840e-03
745           	2.854890e-03	1.448030e-03	2.723930e-04	1.419690e-03
746           	2.709680e-03	1.350380e-03	2.608070e-04	1.347200e-03
747           	2.566610e-03	1.268520e-03	2.525550e-04	1.288790e-03
748           	2.429700e-03	1.216910e-03	2.494630e-04	1.246590e-03
749           	2.301070e-03	1.195780e-03	2.494990e-04	1.221850e-03
750           	2.192220e-03	1.196740e-03	2.527480e-04	1.205840e-03
751           	2.115210e-03	1.215070e-03	2.604800e-04	1.205950e-03
752           	2.068050e-03	1.249520e-03	2.698130e-04	1.220430e-03
753           	2.049310e-03	1.289680e-03	2.802750e-04	1.250860e-03
754           	2.068640e-03	1.335390e-03	2.909760e-04	1.288670e-03
755           	2.115160e-03	1.384420e-03	3.007220e-04	1.327940e-03
756           	2.182440e-03	1.432120e-03	3.087710e-04	1.363480e-03
757           	2.260880e-03	1.474160e-03	3.146880e-04	1.398850e-03
758           	2.339650e-03	1.513890e-03	3.187130e-04	1.431620e-03
759           	2.415330e-03	1.549340e-03	3.205500e-04	1.458710e-03
760           	2.488940e-03	1.578470e-03	3.204720e-04	1.479370e-03
761           	2.558740e-03	1.604440e-03	3.188170e-04	1.497360e-03
762           	2.625030e-03	1.629830e-03	3.161540e-04	1.512350e-03
763           	2.693710e-03	1.652430e-03	3.133060e-04	1.528430e-03
764           	2.762790e-03	1.673320e-03	3.105010e-04	1.543410e-03
765           	2.828270e-03	1.692870e-03	3.074590e-04	1.557540e-03
766           	2.888150e-03	1.707700e-03	3.039720e-04	1.570480e-03
767           	2.935980e-03	1.716900e-03	3.006690e-04	1.582220e-03
768           	2.974310e-03	1.720700e-03	2.975310e-04	1.591060e-03
769           	3.002720e-03	1.717270e-03	2.950870e-04	1.597400e-03
770           	3.013520e-03	1.709200e-03	2.928680e-04	1.599600e-03
771           	3.023960e-03	1.684290e-03	2.892930e-04	1.592740e-03
772           	3.022930e-03	1.654160e-03	2.859860e-04	1.578620e-03
773           	3.003340e-03	1.617130e-03	2.814330e-04	1.552400e-03
774           	2.961720e-03	1.568830e-03	2.753460e-04	1.516370e-03
775           	2.897400e-03	1.510350e-03	2.681120e-04	1.468150e-03
776           	2.811440e-03	1.440920e-03	2.601790e-04	1.412410e-03
777           	2.709750e-03	1.365110e-03	2.517910e-04	1.353810e-03
778           	2.598060e-03	1.288410e-03	2.433970e-04	1.292470e-03
779           	2.481970e-03	1.216220e-03	2.357890e-04	1.237390e-03
780           	2.366420e-03	1.155030e-03	2.308020e-04	1.190050e-03
781           	2.257280e-03	1.115560e-03	2.277430e-04	1.158930e-03
782           	2.155250e-03	1.095080e-03	2.274020e-04	1.136860e-03
783           	2.070430e-03	1.095130e-03	2.303730e-04	1.128330e-03
784           	2.010120e-03	1.115280e-03	2.375410e-04	1.131570e-03
785           	1.975430e-03	1.150720e-03	2.469720e-04	1.145620e-03
786           	1.973590e-03	1.197140e-03	2.575720e-04	1.174380e-03
787           	2.003810e-03	1.254400e-03	2.695870e-04	1.214730e-03
788           	2.065760e-03	1.319790e-03	2.822450e-04	1.265240e-03
789           	2.155580e-03	1.391360e-03	2.943360e-04	1.323980e-03
790           	2.253540e-03	1.463210e-03	3.056380e-04	1.380940e-03
791           	2.358550e-03	1.532080e-03	3.154560e-04	1.436440e-03
792           	2.464320e-03	1.597010e-03	3.234520e-04	1.487450e-03
793           	2.568250e-03	1.658160e-03	3.298070e-04	1.534820e-03
794           	2.670170e-03	1.713140e-03	3.345010e-04	1.578100e-03
795           	2.771340e-03	1.760490e-03	3.381000e-04	1.618400e-03
796           	2.866140e-03	1.801640e-03	3.396070e-04	1.652580e-03
797           	2.955230e-03	1.833760e-03	3.399600e-04	1.679230e-03
798           	3.034420e-03	1.856840e-03	3.389140e-04	1.700370e-03
799           	3.087850e-03	1.868830e-03	3.368410e-04	1.711960e-03
800           	3.124150e-03	1.866520e-03	3.326670e-04	1.718060e-03
801           	3.143710e-03	1.839650e-03	3.278720e-04	1.702650e-03
802           	3.144340e-03	1.806210e-03	3.218400e-04	1.683590e-03
803           	3.128560e-03	1.765770e-03	3.142320e-04	1.653650e-03
804           	3.094400e-03	1.712950e-03	3.046570e-04	1.615950e-03
805           	3.039180e-03	1.647070e-03	2.935590e-04	1.562400e-03
806           	2.960180e-03	1.568550e-03	2.812100e-04	1.501050e-03
807           	2.857160e-03	1.480430e-03	2.686460e-04	1.429600e-03
808           	2.738170e-03	1.390170e-03	2.564740e-04	1.356310e-03
809           	2.613480e-03	1.300380e-03	2.457240e-04	1.288000e-03
810           	2.481790e-03	1.216970e-03	2.370310e-04	1.229180e-03
811           	2.359750e-03	1.156550e-03	2.321550e-04	1.184900e-03
812           	2.238330e-03	1.125590e-03	2.311690e-04	1.158320e-03
813           	2.129670e-03	1.115470e-03	2.323680e-04	1.138490e-03
814           	2.046230e-03	1.124200e-03	2.377270e-04	1.128970e-03
815           	1.985930e-03	1.148710e-03	2.465630e-04	1.135290e-03
816           	1.949520e-03	1.185120e-03	2.561480e-04	1.157660e-03
817           	1.946340e-03	1.228790e-03	2.668400e-04	1.191120e-03
818           	1.976400e-03	1.279590e-03	2.776320e-04	1.232040e-03
819           	2.033860e-03	1.331180e-03	2.872030e-04	1.273130e-03
820           	2.109910e-03	1.381720e-03	2.952900e-04	1.314710e-03
821           	2.191920e-03	1.431910e-03	3.016390e-04	1.353080e-03
822           	2.274840e-03	1.476450e-03	3.061290e-04	1.387560e-03
823           	2.356720e-03	1.515990e-03	3.086540e-04	1.416980e-03
824           	2.436390e-03	1.552530e-03	3.096980e-04	1.441400e-03
825           	2.512430e-03	1.585370e-03	3.093910e-04	1.463560e-03
826           	2.588500e-03	1.613340e-03	3.081990e-04	1.484710e-03
827           	2.663250e-03	1.638500e-03	3.066550e-04	1.503630e-03
828           	2.733050e-03	1.660900e-03	3.044940e-04	1.520530e-03
829           	2.796100e-03	1.677630e-03	3.015720e-04	1.534740e-03
830           	2.846730e-03	1.685100e-03	2.981300e-04	1.544030e-03
831           	2.884780e-03	1.687270e-03	2.947430e-04	1.548160e-03
832           	2.904690e-03	1.681680e-03	2.913520e-04	1.550130e-03
833           	2.918690e-03	1.665660e-03	2.871010e-04	1.550740e-03
834           	2.925290e-03	1.636520e-03	2.828180e-04	1.536510e-03
835           	2.919080e-03	1.601180e-03	2.781840e-04	1.516660e-03
836           	2.894330e-03	1.559400e-03	2.722570e-04	1.485640e-03
837           	2.848140e-03	1.507080e-03	2.648410e-04	1.445500e-03
838           	2.781030e-03	1.446160e-03	2.566090e-04	1.396790e-03
839           	2.693660e-03	1.373690e-03	2.478430e-04	1.339450e-03
840           	2.592910e-03	1.297970e-03	2.392490e-04	1.279790e-03
841           	2.483830e-03	1.222700e-03	2.309150e-04	1.221950e-03
842           	2.371250e-03	1.153330e-03	2.236500e-04	1.169030e-03
843           	2.260050e-03	1.096420e-03	2.191740e-04	1.126450e-03
844           	2.155100e-03	1.063250e-03	2.167130e-04	1.101110e-03
845           	2.059290e-03	1.047470e-03	2.169440e-04	1.081470e-03
846           	1.979140e-03	1.049560e-03	2.206710e-04	1.075470e-03
847           	1.921760e-03	1.070230e-03	2.281640e-04	1.080990e-03
848           	1.887880e-03	1.104370e-03	2.372140e-04	1.095800e-03
849           	1.886110e-03	1.148660e-03	2.473730e-04	1.125460e-03
850           	1.916030e-03	1.202210e-03	2.585360e-04	1.165990e-03
851           	1.976120e-03	1.263160e-03	2.699250e-04	1.213440e-03
852           	2.059440e-03	1.328130e-03	2.805250e-04	1.265050e-03
853           	2.149690e-03	1.392730e-03	2.901590e-04	1.316120e-03
854           	2.245110e-03	1.453840e-03	2.982780e-04	1.365130e-03
855           	2.340870e-03	1.510470e-03	3.046910e-04	1.409570e-03
856           	2.433620e-03	1.563640e-03	3.093440e-04	1.447770e-03
857           	2.523280e-03	1.609540e-03	3.126830e-04	1.483600e-03
858           	2.612560e-03	1.650680e-03	3.149520e-04	1.515200e-03
859           	2.694640e-03	1.683950e-03	3.152550e-04	1.543740e-03
860           	2.771350e-03	1.709870e-03	3.147090e-04	1.565110e-03
861           	2.839090e-03	1.727500e-03	3.128760e-04	1.578620e-03
862           	2.884990e-03	1.735040e-03	3.102010e-04	1.584720e-03
863           	2.915460e-03	1.730340e-03	3.057730e-04	1.586750e-03
864           	2.931880e-03	1.704150e-03	3.009030e-04	1.570650e-03
865           	2.930910e-03	1.671810e-03	2.952890e-04	1.552250e-03
866           	2.915640e-03	1.633610e-03	2.884570e-04	1.526090e-03
867           	2.884110e-03	1.584630e-03	2.802030e-04	1.491320e-03
868           	2.833500e-03	1.523280e-03	2.703550e-04	1.443160e-03
869           	2.761850e-03	1.453260e-03	2.594920e-04	1.389260e-03
870           	2.669380e-03	1.373440e-03	2.485420e-04	1.326640e-03
871           	2.563570e-03	1.292460e-03	2.378600e-04	1.261250e-03
872           	2.450890e-03	1.212540e-03	2.282010e-04	1.199710e-03
873           	2.336100e-03	1.137580e-03	2.203010e-04	1.146150e-03
874           	2.221850e-03	1.079390e-03	2.158180e-04	1.104120e-03
875           	2.109520e-03	1.047150e-03	2.137810e-04	1.077350e-03
876           	2.010590e-03	1.034860e-03	2.142510e-04	1.057330e-03
877           	1.932080e-03	1.039610e-03	2.186500e-04	1.049520e-03
878           	1.873620e-03	1.060250e-03	2.265620e-04	1.056410e-03
879           	1.836700e-03	1.093410e-03	2.354000e-04	1.074660e-03
880           	1.828680e-03	1.134860e-03	2.453080e-04	1.106710e-03
881           	1.854640e-03	1.183960e-03	2.555450e-04	1.145550e-03
882           	1.907130e-03	1.235280e-03	2.653670e-04	1.188420e-03
883           	1.980870e-03	1.290410e-03	2.740650e-04	1.231070e-03
884           	2.061350e-03	1.342460e-03	2.811740e-04	1.272900e-03
885           	2.143680e-03	1.390890e-03	2.867370e-04	1.310540e-03
886           	2.228030e-03	1.435970e-03	2.905800e-04	1.343210e-03
887           	2.309520e-03	1.476800e-03	2.929640e-04	1.370130e-03
888           	2.388550e-03	1.512840e-03	2.941310e-04	1.396740e-03
889           	2.466820e-03	1.544010e-03	2.943600e-04	1.421890e-03
890           	2.543810e-03	1.571810e-03	2.935680e-04	1.441950e-03
891           	2.613830e-03	1.595560e-03	2.919890e-04	1.461370e-03
892           	2.676230e-03	1.611540e-03	2.895130e-04	1.474210e-03
893           	2.725330e-03	1.618280e-03	2.864310e-04	1.480710e-03
894           	2.754910e-03	1.618050e-03	2.832850e-04	1.482560e-03
895           	2.774710e-03	1.606540e-03	2.788300e-04	1.482360e-03
896           	2.785460e-03	1.579370e-03	2.741850e-04	1.469580e-03
897           	2.784660e-03	1.550260e-03	2.696320e-04	1.452620e-03
898           	2.770630e-03	1.513070e-03	2.640820e-04	1.429710e-03
899           	2.738310e-03	1.467440e-03	2.570610e-04	1.394920e-03
900           	2.686410e-03	1.411930e-03	2.488920e-04	1.350690e-03
901           	2.615020e-03	1.348540e-03	2.400640e-04	1.301120e-03
902           	2.525760e-03	1.276010e-03	2.312650e-04	1.244490e-03
903           	2.426300e-03	1.202320e-03	2.227950e-04	1.186120e-03
904           	2.319860e-03	1.131950e-03	2.150730e-04	1.131800e-03
905           	2.215590e-03	1.068800e-03	2.087450e-04	1.085980e-03
906           	2.110280e-03	1.023780e-03	2.049600e-04	1.052750e-03
907           	2.012760e-03	9.985040e-04	2.035680e-04	1.029270e-03
908           	1.926310e-03	9.884520e-04	2.050240e-04	1.014680e-03
909           	1.856190e-03	9.958350e-04	2.103090e-04	1.012740e-03
910           	1.805950e-03	1.019870e-03	2.182880e-04	1.022540e-03
911           	1.781950e-03	1.055570e-03	2.273630e-04	1.041190e-03
912           	1.788850e-03	1.100670e-03	2.373640e-04	1.073820e-03
913           	1.824810e-03	1.153540e-03	2.479610e-04	1.115490e-03
914           	1.889320e-03	1.212360e-03	2.584310e-04	1.163440e-03
915           	1.969830e-03	1.273980e-03	2.679060e-04	1.211210e-03
916           	2.056830e-03	1.333960e-03	2.763150e-04	1.258950e-03
917           	2.147970e-03	1.388760e-03	2.830790e-04	1.303150e-03
918           	2.237330e-03	1.441280e-03	2.882800e-04	1.341250e-03
919           	2.323650e-03	1.486770e-03	2.918610e-04	1.373890e-03
920           	2.407070e-03	1.528330e-03	2.945200e-04	1.406320e-03
921           	2.487800e-03	1.561790e-03	2.954870e-04	1.432630e-03
922           	2.560740e-03	1.588420e-03	2.951410e-04	1.456480e-03
923           	2.628300e-03	1.608550e-03	2.936170e-04	1.472550e-03
924           	2.684550e-03	1.620700e-03	2.911010e-04	1.479420e-03
925           	2.721820e-03	1.622240e-03	2.879280e-04	1.481410e-03
926           	2.744830e-03	1.612280e-03	2.830290e-04	1.478180e-03
927           	2.754520e-03	1.583800e-03	2.777220e-04	1.460070e-03
928           	2.748400e-03	1.549200e-03	2.717700e-04	1.439330e-03
929           	2.728000e-03	1.509100e-03	2.650240e-04	1.411460e-03
930           	2.693030e-03	1.460450e-03	2.568440e-04	1.374580e-03
931           	2.639230e-03	1.399780e-03	2.474390e-04	1.329760e-03
932           	2.566900e-03	1.330790e-03	2.374560e-04	1.275690e-03
933           	2.476660e-03	1.257890e-03	2.275650e-04	1.216980e-03
934           	2.377020e-03	1.183060e-03	2.181230e-04	1.158290e-03
935           	2.271200e-03	1.110120e-03	2.097680e-04	1.102860e-03
936           	2.165690e-03	1.044800e-03	2.031620e-04	1.057090e-03
937           	2.061980e-03	9.968240e-04	1.998270e-04	1.019760e-03
938           	1.961100e-03	9.728030e-04	1.986550e-04	9.975180e-04
939           	1.876540e-03	9.660710e-04	2.001370e-04	9.830930e-04
940           	1.807360e-03	9.746190e-04	2.054810e-04	9.800350e-04
941           	1.756820e-03	9.969350e-04	2.132450e-04	9.890040e-04
942           	1.728540e-03	1.031710e-03	2.220040e-04	1.011170e-03
943           	1.729110e-03	1.074950e-03	2.316430e-04	1.044530e-03
944           	1.760560e-03	1.123140e-03	2.416210e-04	1.084860e-03
945           	1.816160e-03	1.177220e-03	2.511460e-04	1.128150e-03
946           	1.889640e-03	1.231410e-03	2.594650e-04	1.171940e-03
947           	1.969920e-03	1.284500e-03	2.665930e-04	1.213390e-03
948           	2.053230e-03	1.334470e-03	2.723640e-04	1.252070e-03
949           	2.136920e-03	1.380710e-03	2.766590e-04	1.284420e-03
950           	2.219650e-03	1.422860e-03	2.796430e-04	1.314560e-03
951           	2.300300e-03	1.459370e-03	2.814380e-04	1.342550e-03
952           	2.379590e-03	1.491400e-03	2.820930e-04	1.367610e-03
953           	2.453600e-03	1.518060e-03	2.816330e-04	1.388780e-03
954           	2.520210e-03	1.538870e-03	2.801610e-04	1.405260e-03
955           	2.578530e-03	1.550790e-03	2.777190e-04	1.416190e-03
956           	2.614870e-03	1.554210e-03	2.747880e-04	1.417680e-03
957           	2.643720e-03	1.547210e-03	2.705740e-04	1.419330e-03
958           	2.658060e-03	1.528940e-03	2.659400e-04	1.411760e-03
959           	2.660240e-03	1.498960e-03	2.605560e-04	1.392750e-03
960           	2.650940e-03	1.463210e-03	2.551940e-04	1.370180e-03
961           	2.626350e-03	1.420620e-03	2.485070e-04	1.341180e-03
962           	2.584220e-03	1.369270e-03	2.405090e-04	1.300790e-03
963           	2.523830e-03	1.311090e-03	2.316240e-04	1.254610e-03
964           	2.445210e-03	1.243060e-03	2.225520e-04	1.201370e-03
965           	2.353390e-03	1.172300e-03	2.139640e-04	1.145080e-03
966           	2.254510e-03	1.102000e-03	2.060070e-04	1.090570e-03
967           	2.153990e-03	1.037610e-03	1.991590e-04	1.043190e-03
968           	2.053430e-03	9.848640e-04	1.947930e-04	1.003920e-03
969           	1.957530e-03	9.537790e-04	1.923820e-04	9.778370e-04
970           	1.870400e-03	9.385930e-04	1.925280e-04	9.607850e-04
971           	1.795440e-03	9.377160e-04	1.959100e-04	9.540490e-04
972           	1.737330e-03	9.528580e-04	2.026990e-04	9.591780e-04
973           	1.700870e-03	9.824400e-04	2.111100e-04	9.727500e-04
974           	1.691270e-03	1.022390e-03	2.202810e-04	9.988550e-04
975           	1.712300e-03	1.069480e-03	2.302540e-04	1.035550e-03
976           	1.757660e-03	1.123290e-03	2.405830e-04	1.080700e-03
977           	1.828600e-03	1.182900e-03	2.500940e-04	1.127250e-03
978           	1.909980e-03	1.241140e-03	2.586330e-04	1.173530e-03
979           	1.996270e-03	1.296010e-03	2.658430e-04	1.217560e-03
980           	2.083440e-03	1.348050e-03	2.716000e-04	1.256940e-03
981           	2.168610e-03	1.395100e-03	2.757570e-04	1.290150e-03
982           	2.249460e-03	1.436140e-03	2.786850e-04	1.321180e-03
983           	2.328680e-03	1.471730e-03	2.804590e-04	1.349460e-03
984           	2.401760e-03	1.499170e-03	2.806210e-04	1.371290e-03
985           	2.467180e-03	1.519160e-03	2.795730e-04	1.389870e-03
986           	2.525350e-03	1.534440e-03	2.773570e-04	1.399100e-03
987           	2.566200e-03	1.538610e-03	2.742620e-04	1.401490e-03
988           	2.599480e-03	1.533130e-03	2.697460e-04	1.401690e-03
989           	2.613980e-03	1.516440e-03	2.648080e-04	1.391980e-03
990           	2.614110e-03	1.482920e-03	2.591350e-04	1.369780e-03
991           	2.599340e-03	1.445110e-03	2.526220e-04	1.344610e-03
992           	2.572170e-03	1.402330e-03	2.457740e-04	1.312220e-03
993           	2.529400e-03	1.350620e-03	2.372370e-04	1.274570e-03
994           	2.470020e-03	1.288700e-03	2.279660e-04	1.228010e-03
995           	2.393570e-03	1.222350e-03	2.185900e-04	1.175790e-03
996           	2.303090e-03	1.153070e-03	2.095510e-04	1.120040e-03
997           	2.207710e-03	1.083320e-03	2.012520e-04	1.066360e-03
998           	2.110020e-03	1.018200e-03	1.940580e-04	1.018180e-03
999           	2.011100e-03	9.643960e-04	1.894330e-04	9.785970e-04
1000          	1.913900e-03	9.306720e-04	1.870800e-04	9.528460e-04
