# Residuals   
# Time        	p             	Ux            	Uy            	Uz            
1             	1.000000e+00	4.938870e-01	1.000000e+00	4.470720e-01
2             	4.198650e-01	5.999820e-01	2.570120e-01	5.959440e-01
3             	4.618010e-02	4.883490e-01	1.574000e-01	4.602110e-01
4             	5.564560e-02	3.324200e-01	1.030140e-01	2.991610e-01
5             	8.762220e-02	2.576000e-01	7.912560e-02	2.384540e-01
6             	1.211580e-01	2.165070e-01	6.384790e-02	2.080360e-01
7             	1.328520e-01	1.829870e-01	5.487370e-02	1.758960e-01
8             	1.210180e-01	1.529090e-01	4.891670e-02	1.466010e-01
9             	1.075130e-01	1.282180e-01	4.300940e-02	1.171490e-01
10            	8.135350e-02	1.190680e-01	3.658480e-02	1.064300e-01
11            	6.472690e-02	1.099820e-01	3.084220e-02	1.016610e-01
12            	5.889720e-02	9.722520e-02	2.618300e-02	9.182600e-02
13            	5.716060e-02	8.299200e-02	2.294810e-02	7.963230e-02
14            	5.827350e-02	7.249970e-02	2.080200e-02	7.023830e-02
15            	6.345480e-02	6.576480e-02	1.923940e-02	6.400400e-02
16            	6.709370e-02	6.152170e-02	1.757530e-02	5.846760e-02
17            	7.014770e-02	5.823010e-02	1.600510e-02	5.426100e-02
18            	7.165160e-02	5.511490e-02	1.433130e-02	5.151570e-02
19            	7.281390e-02	5.232090e-02	1.266490e-02	4.930440e-02
20            	7.224600e-02	4.976120e-02	1.129850e-02	4.727570e-02
21            	7.043810e-02	4.769720e-02	1.046570e-02	4.553580e-02
22            	7.069950e-02	4.547980e-02	9.888970e-03	4.359320e-02
23            	7.288680e-02	4.400660e-02	9.600180e-03	4.253020e-02
24            	7.598960e-02	4.292430e-02	9.382790e-03	4.194310e-02
25            	7.799310e-02	4.202380e-02	9.255060e-03	4.128000e-02
26            	7.886410e-02	4.080190e-02	8.998420e-03	4.028740e-02
27            	7.870530e-02	4.009620e-02	8.946140e-03	3.989990e-02
28            	7.735880e-02	3.974270e-02	9.004200e-03	3.962690e-02
29            	7.564870e-02	3.914510e-02	8.913050e-03	3.910260e-02
30            	7.498970e-02	3.851590e-02	8.634550e-03	3.841360e-02
31            	7.428500e-02	3.766790e-02	8.328410e-03	3.761400e-02
32            	7.288220e-02	3.658810e-02	8.025510e-03	3.618920e-02
33            	7.198250e-02	3.592310e-02	7.847140e-03	3.512250e-02
34            	7.158420e-02	3.590240e-02	7.938100e-03	3.487290e-02
35            	6.936610e-02	3.653130e-02	8.136870e-03	3.576710e-02
36            	6.673620e-02	3.677330e-02	8.199690e-03	3.616380e-02
37            	6.548710e-02	3.685320e-02	8.141090e-03	3.626590e-02
38            	6.629810e-02	3.714640e-02	8.156290e-03	3.670110e-02
39            	6.721410e-02	3.796500e-02	8.389200e-03	3.824240e-02
40            	6.744460e-02	3.954830e-02	8.798400e-03	3.970150e-02
41            	6.745640e-02	4.172720e-02	9.385210e-03	4.108110e-02
42            	6.812220e-02	4.421270e-02	1.029100e-02	4.350860e-02
43            	7.112500e-02	4.652720e-02	1.111710e-02	4.645580e-02
44            	7.340430e-02	4.876930e-02	1.183550e-02	4.976510e-02
45            	7.574310e-02	4.946760e-02	1.230330e-02	5.148160e-02
46            	7.507440e-02	4.934790e-02	1.216080e-02	5.050980e-02
47            	7.497160e-02	4.737820e-02	1.153470e-02	4.770690e-02
48            	7.536950e-02	4.483110e-02	1.075790e-02	4.466670e-02
49            	7.476190e-02	4.343130e-02	1.026830e-02	4.320520e-02
50            	7.231980e-02	4.207400e-02	9.767350e-03	4.147080e-02
51            	7.212940e-02	4.121890e-02	9.538010e-03	3.991630e-02
52            	7.356520e-02	4.089030e-02	9.331840e-03	3.910400e-02
53            	7.301130e-02	4.074470e-02	9.167400e-03	3.827550e-02
54            	7.108090e-02	3.985520e-02	8.940570e-03	3.838280e-02
55            	7.154430e-02	4.000250e-02	9.095410e-03	3.960930e-02
56            	7.183920e-02	4.129430e-02	9.509780e-03	4.177210e-02
57            	7.149940e-02	4.224790e-02	1.003530e-02	4.440060e-02
58            	7.090210e-02	4.301570e-02	1.029230e-02	4.533530e-02
59            	7.104080e-02	4.337760e-02	1.015580e-02	4.513480e-02
60            	7.271930e-02	4.397630e-02	9.909080e-03	4.446500e-02
61            	7.392190e-02	4.525330e-02	9.774200e-03	4.438520e-02
62            	7.470980e-02	4.723560e-02	9.993740e-03	4.656410e-02
63            	7.434620e-02	4.874720e-02	1.057630e-02	4.846060e-02
64            	7.488950e-02	4.968920e-02	1.120840e-02	4.900680e-02
65            	7.824740e-02	5.003310e-02	1.175680e-02	4.929770e-02
66            	8.177240e-02	4.998540e-02	1.211750e-02	5.011140e-02
67            	8.257370e-02	5.089810e-02	1.240540e-02	5.122800e-02
68            	8.181310e-02	5.239030e-02	1.262650e-02	5.231180e-02
69            	7.957460e-02	5.261190e-02	1.216000e-02	5.126110e-02
70            	7.852480e-02	4.943040e-02	1.109070e-02	4.721870e-02
71            	7.819470e-02	4.622290e-02	1.054600e-02	4.435350e-02
72            	7.782910e-02	4.609990e-02	1.057700e-02	4.426290e-02
73            	7.864360e-02	4.739760e-02	1.057370e-02	4.416690e-02
74            	8.028830e-02	4.817980e-02	1.062240e-02	4.439000e-02
75            	7.969370e-02	4.948550e-02	1.073750e-02	4.448080e-02
76            	7.913050e-02	5.103470e-02	1.081560e-02	4.536830e-02
77            	7.784910e-02	5.090120e-02	1.091440e-02	4.571700e-02
78            	7.520120e-02	4.870210e-02	1.093390e-02	4.580740e-02
79            	7.301220e-02	4.659840e-02	1.093760e-02	4.560060e-02
80            	7.083780e-02	4.524240e-02	1.080160e-02	4.527300e-02
81            	6.968140e-02	4.524060e-02	1.082140e-02	4.445950e-02
82            	6.819630e-02	4.609350e-02	1.068330e-02	4.372690e-02
83            	6.905300e-02	4.665330e-02	1.049030e-02	4.332260e-02
84            	7.150680e-02	4.694640e-02	1.037160e-02	4.269910e-02
85            	7.237870e-02	4.620710e-02	9.985540e-03	4.155570e-02
86            	7.462350e-02	4.482830e-02	9.965040e-03	4.060690e-02
87            	7.676600e-02	4.542690e-02	1.032550e-02	4.096160e-02
88            	7.844800e-02	4.635720e-02	1.083450e-02	4.235310e-02
89            	7.920750e-02	4.710340e-02	1.133850e-02	4.436610e-02
90            	7.992150e-02	4.795910e-02	1.167410e-02	4.671590e-02
91            	8.052480e-02	4.848540e-02	1.182320e-02	4.903090e-02
92            	8.140720e-02	4.990300e-02	1.212070e-02	5.221900e-02
93            	8.255750e-02	5.240130e-02	1.252160e-02	5.559090e-02
94            	8.456250e-02	5.532000e-02	1.311890e-02	5.848520e-02
95            	8.671030e-02	5.843550e-02	1.386480e-02	6.060160e-02
96            	8.737340e-02	6.139460e-02	1.471760e-02	6.223330e-02
97            	8.800520e-02	6.334970e-02	1.558260e-02	6.260590e-02
98            	8.952670e-02	6.504310e-02	1.674940e-02	6.239270e-02
99            	8.950630e-02	6.595060e-02	1.746900e-02	6.244060e-02
100           	9.051280e-02	6.484860e-02	1.739380e-02	6.105220e-02
101           	8.875600e-02	6.245150e-02	1.693070e-02	5.853800e-02
102           	8.358100e-02	5.959130e-02	1.619430e-02	5.721540e-02
103           	7.774580e-02	5.768180e-02	1.515940e-02	5.718900e-02
104           	7.408120e-02	5.559630e-02	1.421710e-02	5.701440e-02
105           	7.202200e-02	5.383180e-02	1.367950e-02	5.635220e-02
106           	7.207260e-02	5.332930e-02	1.352380e-02	5.597320e-02
107           	7.526780e-02	5.441850e-02	1.355570e-02	5.681420e-02
108           	7.773570e-02	5.559210e-02	1.328230e-02	5.750900e-02
109           	7.891940e-02	5.440400e-02	1.270330e-02	5.726590e-02
110           	7.932380e-02	5.441790e-02	1.251440e-02	5.668410e-02
111           	7.901300e-02	5.433740e-02	1.254830e-02	5.580110e-02
112           	7.992660e-02	5.349170e-02	1.279090e-02	5.415320e-02
113           	8.116390e-02	5.234930e-02	1.288720e-02	5.295120e-02
114           	8.256280e-02	5.130810e-02	1.298780e-02	5.197500e-02
115           	8.165720e-02	5.114590e-02	1.315530e-02	5.148120e-02
116           	8.144100e-02	5.145520e-02	1.306080e-02	5.171520e-02
117           	8.156170e-02	5.295430e-02	1.303150e-02	5.205490e-02
118           	8.542660e-02	5.566260e-02	1.329090e-02	5.367780e-02
119           	8.828890e-02	5.802860e-02	1.383260e-02	5.510110e-02
120           	8.468170e-02	5.923810e-02	1.423140e-02	5.563410e-02
121           	8.122550e-02	5.954060e-02	1.442480e-02	5.608150e-02
122           	7.732550e-02	5.899830e-02	1.447130e-02	5.607850e-02
123           	7.635850e-02	5.793260e-02	1.446120e-02	5.584110e-02
124           	7.604720e-02	5.986920e-02	1.484990e-02	5.739570e-02
125           	7.682320e-02	6.249860e-02	1.537560e-02	5.904350e-02
126           	7.923040e-02	6.495500e-02	1.583870e-02	6.088340e-02
127           	8.174370e-02	6.636780e-02	1.620890e-02	6.253140e-02
128           	8.042280e-02	6.730730e-02	1.682630e-02	6.516450e-02
129           	7.944770e-02	6.808180e-02	1.755950e-02	6.892130e-02
130           	8.171000e-02	6.852190e-02	1.781220e-02	7.114090e-02
131           	8.332200e-02	6.657450e-02	1.739670e-02	6.825070e-02
132           	8.252840e-02	6.265380e-02	1.633880e-02	6.455020e-02
133           	8.104840e-02	5.814680e-02	1.527630e-02	6.158240e-02
134           	7.611460e-02	5.302870e-02	1.431650e-02	5.861930e-02
135           	7.147190e-02	4.944480e-02	1.354720e-02	5.570340e-02
136           	6.902670e-02	4.646840e-02	1.269430e-02	5.179100e-02
137           	6.884170e-02	4.520040e-02	1.193860e-02	4.878900e-02
138           	6.928730e-02	4.445570e-02	1.118050e-02	4.665480e-02
139           	6.856390e-02	4.302020e-02	1.051940e-02	4.440620e-02
140           	6.672960e-02	4.091450e-02	1.003080e-02	4.240180e-02
141           	6.489790e-02	3.969610e-02	9.763920e-03	4.124960e-02
142           	6.384930e-02	4.001040e-02	9.716020e-03	4.081500e-02
143           	6.459020e-02	4.142770e-02	9.760120e-03	4.090680e-02
144           	6.531130e-02	4.258310e-02	9.612410e-03	4.088850e-02
145           	6.591200e-02	4.318080e-02	9.308600e-03	4.110650e-02
146           	6.491420e-02	4.282710e-02	8.997520e-03	4.117980e-02
147           	6.316360e-02	4.134890e-02	8.656130e-03	4.013990e-02
148           	6.316350e-02	3.908680e-02	8.431950e-03	3.839990e-02
149           	6.339310e-02	3.665620e-02	8.245390e-03	3.679690e-02
150           	6.255240e-02	3.397110e-02	8.015850e-03	3.482470e-02
151           	6.040680e-02	3.250880e-02	7.736290e-03	3.292770e-02
152           	5.857400e-02	3.203170e-02	7.657900e-03	3.173400e-02
153           	5.768220e-02	3.211610e-02	7.833450e-03	3.142690e-02
154           	5.761980e-02	3.264830e-02	8.058920e-03	3.241110e-02
155           	5.779560e-02	3.390450e-02	8.287820e-03	3.350820e-02
156           	5.904290e-02	3.538960e-02	8.598620e-03	3.487570e-02
157           	6.115710e-02	3.687090e-02	8.918640e-03	3.570220e-02
158           	6.151920e-02	3.947400e-02	9.195020e-03	3.718320e-02
159           	6.195580e-02	4.195970e-02	9.522150e-03	3.877880e-02
160           	6.145640e-02	4.355830e-02	9.912080e-03	4.089910e-02
161           	6.061830e-02	4.502020e-02	1.037020e-02	4.351970e-02
162           	6.194590e-02	4.694270e-02	1.102640e-02	4.622980e-02
163           	6.466500e-02	4.956630e-02	1.176930e-02	4.947890e-02
164           	6.645000e-02	5.244090e-02	1.257550e-02	5.225210e-02
165           	6.799680e-02	5.707730e-02	1.368510e-02	5.551530e-02
166           	7.156860e-02	6.186180e-02	1.510640e-02	5.821660e-02
167           	7.463800e-02	6.601340e-02	1.633970e-02	5.943060e-02
168           	7.508510e-02	6.748350e-02	1.687350e-02	5.851850e-02
169           	7.302380e-02	6.516560e-02	1.639830e-02	5.516180e-02
170           	7.043600e-02	5.936870e-02	1.526000e-02	5.053690e-02
171           	6.750120e-02	5.274870e-02	1.401890e-02	4.736060e-02
172           	6.491650e-02	4.688520e-02	1.294950e-02	4.504760e-02
173           	6.283720e-02	4.308020e-02	1.187740e-02	4.354070e-02
174           	6.016630e-02	4.115250e-02	1.098810e-02	4.185420e-02
175           	5.873600e-02	4.062930e-02	1.047760e-02	3.979730e-02
176           	5.823140e-02	4.070280e-02	1.000100e-02	3.761840e-02
177           	5.769410e-02	4.107320e-02	9.817940e-03	3.695270e-02
178           	5.729470e-02	4.214920e-02	9.902840e-03	3.803400e-02
179           	5.760890e-02	4.326330e-02	1.014510e-02	3.996140e-02
180           	5.923330e-02	4.445800e-02	1.037540e-02	4.184480e-02
181           	6.141870e-02	4.548050e-02	1.038280e-02	4.306710e-02
182           	6.308110e-02	4.628030e-02	1.028440e-02	4.384520e-02
183           	6.424820e-02	4.679130e-02	1.025700e-02	4.374970e-02
184           	6.348440e-02	4.608380e-02	1.048770e-02	4.289250e-02
185           	6.283800e-02	4.436150e-02	1.064480e-02	4.211880e-02
186           	6.078790e-02	4.153080e-02	1.059890e-02	4.071440e-02
187           	5.689840e-02	3.897700e-02	1.042610e-02	3.951750e-02
188           	5.378200e-02	3.812550e-02	1.023650e-02	3.898940e-02
189           	5.077230e-02	3.827680e-02	9.972520e-03	3.906580e-02
190           	4.874580e-02	3.861770e-02	9.595400e-03	3.760920e-02
191           	4.724510e-02	3.879940e-02	9.131360e-03	3.588540e-02
192           	4.629400e-02	3.825030e-02	8.683390e-03	3.394000e-02
193           	4.624620e-02	3.656050e-02	8.331550e-03	3.177390e-02
194           	4.700020e-02	3.416520e-02	8.002220e-03	2.977170e-02
195           	4.780570e-02	3.191980e-02	7.499160e-03	2.808660e-02
196           	4.866220e-02	3.004520e-02	7.034600e-03	2.639900e-02
197           	4.884170e-02	2.814690e-02	6.731570e-03	2.482250e-02
198           	4.919320e-02	2.694580e-02	6.736170e-03	2.456310e-02
199           	4.950560e-02	2.656220e-02	6.921390e-03	2.557060e-02
200           	4.951590e-02	2.675160e-02	7.175940e-03	2.698380e-02
201           	4.899020e-02	2.725400e-02	7.447800e-03	2.861560e-02
202           	4.895560e-02	2.804660e-02	7.685060e-03	3.031190e-02
203           	4.910110e-02	2.895260e-02	7.847600e-03	3.169290e-02
204           	4.898720e-02	2.980840e-02	7.904410e-03	3.253830e-02
205           	4.859940e-02	3.060640e-02	7.906780e-03	3.319610e-02
206           	4.764760e-02	3.120710e-02	7.890350e-03	3.371500e-02
207           	4.570260e-02	3.194260e-02	7.938650e-03	3.497130e-02
208           	4.357550e-02	3.276560e-02	8.070310e-03	3.657500e-02
209           	4.256540e-02	3.327010e-02	8.280170e-03	3.796560e-02
210           	4.310930e-02	3.356790e-02	8.582410e-03	3.836130e-02
211           	4.499040e-02	3.398560e-02	9.067290e-03	3.802090e-02
212           	4.728320e-02	3.448440e-02	9.666360e-03	3.749660e-02
213           	4.869300e-02	3.467650e-02	1.015110e-02	3.705060e-02
214           	4.829920e-02	3.404540e-02	1.033350e-02	3.632090e-02
215           	4.586960e-02	3.238430e-02	1.014070e-02	3.606950e-02
216           	4.302990e-02	3.027510e-02	9.727920e-03	3.598390e-02
217           	4.088670e-02	2.922780e-02	9.174730e-03	3.563240e-02
218           	3.966720e-02	2.922490e-02	8.564350e-03	3.542700e-02
219           	3.921650e-02	2.966460e-02	7.989640e-03	3.452280e-02
220           	3.948520e-02	2.992070e-02	7.534520e-03	3.293540e-02
221           	3.998790e-02	2.983350e-02	7.296080e-03	3.120480e-02
222           	4.158650e-02	2.917010e-02	7.358990e-03	2.979410e-02
223           	4.363750e-02	2.839170e-02	7.531880e-03	2.868720e-02
224           	4.506040e-02	2.788250e-02	7.637230e-03	2.798220e-02
225           	4.591720e-02	2.719980e-02	7.580280e-03	2.744300e-02
226           	4.618600e-02	2.603870e-02	7.363600e-03	2.627730e-02
227           	4.570060e-02	2.509820e-02	7.075050e-03	2.529180e-02
228           	4.477550e-02	2.432600e-02	6.780640e-03	2.481660e-02
229           	4.437210e-02	2.371570e-02	6.614280e-03	2.462080e-02
230           	4.357770e-02	2.399840e-02	6.695620e-03	2.546450e-02
231           	4.281700e-02	2.496590e-02	6.956200e-03	2.701610e-02
232           	4.201140e-02	2.649170e-02	7.262230e-03	2.862950e-02
233           	4.067800e-02	2.918110e-02	7.557860e-03	3.052270e-02
234           	3.968170e-02	3.121740e-02	7.713830e-03	3.107260e-02
235           	3.860280e-02	3.256520e-02	7.801790e-03	3.067750e-02
236           	3.755570e-02	3.229730e-02	7.906430e-03	2.955810e-02
237           	3.677470e-02	3.066450e-02	7.924290e-03	2.891420e-02
238           	3.610250e-02	2.860020e-02	7.883980e-03	2.899720e-02
239           	3.506530e-02	2.692190e-02	7.761280e-03	2.917060e-02
240           	3.422270e-02	2.608680e-02	7.492560e-03	2.863140e-02
241           	3.406820e-02	2.615980e-02	7.164250e-03	2.745690e-02
242           	3.403340e-02	2.656800e-02	6.871110e-03	2.624410e-02
243           	3.404000e-02	2.664430e-02	6.650070e-03	2.513330e-02
244           	3.349040e-02	2.620110e-02	6.548660e-03	2.497630e-02
245           	3.268170e-02	2.484700e-02	6.465360e-03	2.541160e-02
246           	3.226530e-02	2.301330e-02	6.335770e-03	2.566090e-02
247           	3.168370e-02	2.199240e-02	6.108040e-03	2.572370e-02
248           	3.100310e-02	2.141590e-02	5.755140e-03	2.515400e-02
249           	3.085540e-02	2.093120e-02	5.369040e-03	2.405440e-02
250           	3.037370e-02	2.044830e-02	5.094410e-03	2.264680e-02
251           	2.942870e-02	1.979860e-02	4.938360e-03	2.125900e-02
252           	2.888520e-02	1.906380e-02	4.924300e-03	2.044520e-02
253           	2.834870e-02	1.833880e-02	5.045120e-03	2.020840e-02
254           	2.817900e-02	1.796810e-02	5.186340e-03	2.055440e-02
255           	2.851520e-02	1.793200e-02	5.294990e-03	2.085030e-02
256           	2.840580e-02	1.802950e-02	5.282940e-03	2.098730e-02
257           	2.810250e-02	1.828220e-02	5.104990e-03	2.091760e-02
258           	2.752430e-02	1.847530e-02	4.840550e-03	2.068140e-02
259           	2.686060e-02	1.831300e-02	4.565350e-03	2.026880e-02
260           	2.606210e-02	1.798460e-02	4.406410e-03	1.984790e-02
261           	2.545860e-02	1.751690e-02	4.414280e-03	1.948910e-02
262           	2.517670e-02	1.705850e-02	4.551430e-03	1.917930e-02
263           	2.488100e-02	1.670880e-02	4.697510e-03	1.867390e-02
264           	2.451870e-02	1.640320e-02	4.745870e-03	1.775220e-02
265           	2.409840e-02	1.605130e-02	4.634410e-03	1.665300e-02
266           	2.327870e-02	1.548080e-02	4.406610e-03	1.535040e-02
267           	2.209370e-02	1.494730e-02	4.139810e-03	1.438240e-02
268           	2.066140e-02	1.434880e-02	3.837650e-03	1.364230e-02
269           	1.922710e-02	1.384460e-02	3.502650e-03	1.308710e-02
270           	1.789770e-02	1.332510e-02	3.236230e-03	1.247960e-02
271           	1.694920e-02	1.288140e-02	3.047560e-03	1.183980e-02
272           	1.642140e-02	1.247760e-02	2.899610e-03	1.119600e-02
273           	1.611890e-02	1.199080e-02	2.767420e-03	1.058870e-02
274           	1.600110e-02	1.140770e-02	2.633810e-03	1.000620e-02
275           	1.574080e-02	1.064120e-02	2.492650e-03	9.459130e-03
276           	1.527570e-02	9.830800e-03	2.339920e-03	8.995150e-03
277           	1.457120e-02	9.084930e-03	2.167920e-03	8.498320e-03
278           	1.368560e-02	8.453760e-03	1.988890e-03	8.029420e-03
279           	1.277890e-02	7.953260e-03	1.815190e-03	7.590730e-03
280           	1.191170e-02	7.591800e-03	1.669550e-03	7.133370e-03
281           	1.114680e-02	7.309770e-03	1.562370e-03	6.724610e-03
282           	1.050420e-02	7.139580e-03	1.492800e-03	6.443280e-03
283           	1.002970e-02	7.019770e-03	1.467990e-03	6.276220e-03
284           	9.748930e-03	6.976860e-03	1.474430e-03	6.246590e-03
285           	9.546690e-03	7.017850e-03	1.492510e-03	6.296360e-03
286           	9.383440e-03	7.099370e-03	1.510090e-03	6.342890e-03
287           	9.180570e-03	7.114370e-03	1.514000e-03	6.336410e-03
288           	8.941820e-03	7.013700e-03	1.492570e-03	6.242510e-03
289           	8.663580e-03	6.747410e-03	1.446840e-03	5.998510e-03
290           	8.355230e-03	6.389220e-03	1.379700e-03	5.715510e-03
291           	8.042150e-03	5.969220e-03	1.298840e-03	5.414640e-03
292           	7.700360e-03	5.584260e-03	1.213820e-03	5.140480e-03
293           	7.361120e-03	5.261010e-03	1.139510e-03	4.829190e-03
294           	7.046350e-03	5.039700e-03	1.083110e-03	4.519080e-03
295           	6.756700e-03	4.945430e-03	1.051940e-03	4.257590e-03
296           	6.527880e-03	4.943670e-03	1.044950e-03	4.121680e-03
297           	6.396240e-03	4.984930e-03	1.056350e-03	4.090660e-03
298           	6.347040e-03	5.033710e-03	1.068190e-03	4.111630e-03
299           	6.294890e-03	5.051360e-03	1.070660e-03	4.129200e-03
300           	6.222010e-03	4.965550e-03	1.058960e-03	4.070650e-03
301           	6.105590e-03	4.844010e-03	1.034010e-03	4.011020e-03
302           	5.964140e-03	4.667220e-03	9.935950e-04	3.922630e-03
303           	5.796160e-03	4.424410e-03	9.413510e-04	3.813120e-03
304           	5.626700e-03	4.157470e-03	8.851240e-04	3.706310e-03
305           	5.493690e-03	3.936270e-03	8.336990e-04	3.606470e-03
306           	5.372820e-03	3.819480e-03	7.932750e-04	3.534080e-03
307           	5.306330e-03	3.775620e-03	7.708540e-04	3.476780e-03
308           	5.296310e-03	3.811850e-03	7.709330e-04	3.453730e-03
309           	5.308110e-03	3.924680e-03	7.871150e-04	3.478710e-03
310           	5.358770e-03	4.069060e-03	8.133900e-04	3.547460e-03
311           	5.415530e-03	4.207360e-03	8.375780e-04	3.608740e-03
312           	5.466020e-03	4.310810e-03	8.565420e-04	3.643940e-03
313           	5.477090e-03	4.348230e-03	8.682560e-04	3.647300e-03
314           	5.427100e-03	4.309520e-03	8.688980e-04	3.619880e-03
315           	5.334090e-03	4.158760e-03	8.553280e-04	3.534020e-03
316           	5.199760e-03	3.954240e-03	8.324320e-04	3.436490e-03
317           	5.019860e-03	3.718650e-03	8.006430e-04	3.335840e-03
318           	4.810440e-03	3.469380e-03	7.613280e-04	3.229220e-03
319           	4.612550e-03	3.242720e-03	7.176500e-04	3.121060e-03
320           	4.402670e-03	3.105860e-03	6.753680e-04	3.022100e-03
321           	4.198880e-03	3.011820e-03	6.421010e-04	2.919830e-03
322           	4.028320e-03	2.960130e-03	6.243190e-04	2.842660e-03
323           	3.937440e-03	2.956610e-03	6.198500e-04	2.800480e-03
324           	3.897980e-03	2.988690e-03	6.229080e-04	2.788010e-03
325           	3.893060e-03	3.035610e-03	6.297080e-04	2.790810e-03
326           	3.882840e-03	3.071150e-03	6.341060e-04	2.775460e-03
327           	3.850030e-03	3.071770e-03	6.327810e-04	2.729100e-03
328           	3.790520e-03	3.039980e-03	6.239860e-04	2.657820e-03
329           	3.711440e-03	2.950740e-03	6.075220e-04	2.555520e-03
330           	3.623220e-03	2.840080e-03	5.882060e-04	2.462280e-03
331           	3.543280e-03	2.715810e-03	5.689430e-04	2.389390e-03
332           	3.454970e-03	2.606720e-03	5.516590e-04	2.361820e-03
333           	3.364400e-03	2.497170e-03	5.359250e-04	2.347010e-03
334           	3.278320e-03	2.399420e-03	5.179570e-04	2.333820e-03
335           	3.200340e-03	2.315510e-03	4.976150e-04	2.311670e-03
336           	3.139750e-03	2.246210e-03	4.775100e-04	2.280290e-03
337           	3.095890e-03	2.188530e-03	4.609100e-04	2.239390e-03
338           	3.060590e-03	2.141340e-03	4.511440e-04	2.185910e-03
339           	3.028460e-03	2.099620e-03	4.470630e-04	2.119980e-03
340           	2.996560e-03	2.057970e-03	4.458520e-04	2.049760e-03
341           	2.956810e-03	2.012650e-03	4.444410e-04	1.981230e-03
342           	2.903600e-03	1.964770e-03	4.408830e-04	1.908590e-03
343           	2.835270e-03	1.918680e-03	4.350020e-04	1.836380e-03
344           	2.749190e-03	1.872880e-03	4.270090e-04	1.768090e-03
345           	2.647150e-03	1.822660e-03	4.152570e-04	1.703800e-03
346           	2.533520e-03	1.768080e-03	3.981470e-04	1.651210e-03
347           	2.418630e-03	1.708750e-03	3.780230e-04	1.607520e-03
348           	2.313390e-03	1.644060e-03	3.560090e-04	1.565820e-03
349           	2.214450e-03	1.576380e-03	3.336510e-04	1.523680e-03
350           	2.132740e-03	1.511100e-03	3.134680e-04	1.486020e-03
351           	2.064970e-03	1.453330e-03	2.985900e-04	1.442110e-03
352           	1.996030e-03	1.400960e-03	2.883930e-04	1.387030e-03
353           	1.931280e-03	1.353260e-03	2.805400e-04	1.331190e-03
354           	1.871600e-03	1.313530e-03	2.752100e-04	1.275970e-03
355           	1.816420e-03	1.279780e-03	2.705300e-04	1.227740e-03
356           	1.767690e-03	1.253460e-03	2.660100e-04	1.189870e-03
357           	1.727870e-03	1.238860e-03	2.625160e-04	1.166160e-03
358           	1.701370e-03	1.213050e-03	2.588400e-04	1.139990e-03
359           	1.685950e-03	1.186790e-03	2.550120e-04	1.117870e-03
360           	1.677450e-03	1.161640e-03	2.496640e-04	1.100640e-03
361           	1.673510e-03	1.137790e-03	2.431700e-04	1.086110e-03
362           	1.672510e-03	1.114760e-03	2.358560e-04	1.076090e-03
363           	1.674340e-03	1.098670e-03	2.290000e-04	1.072770e-03
364           	1.681520e-03	1.096250e-03	2.244650e-04	1.077760e-03
365           	1.695290e-03	1.116800e-03	2.232900e-04	1.099320e-03
366           	1.717820e-03	1.151450e-03	2.259620e-04	1.133140e-03
367           	1.746520e-03	1.194490e-03	2.318260e-04	1.175090e-03
368           	1.780870e-03	1.240800e-03	2.402090e-04	1.215660e-03
369           	1.815760e-03	1.287260e-03	2.493860e-04	1.252530e-03
370           	1.847100e-03	1.328390e-03	2.580800e-04	1.283890e-03
371           	1.869400e-03	1.360650e-03	2.654800e-04	1.307180e-03
372           	1.878330e-03	1.379860e-03	2.708090e-04	1.320070e-03
373           	1.876870e-03	1.375280e-03	2.724700e-04	1.313610e-03
374           	1.865670e-03	1.357310e-03	2.707270e-04	1.299290e-03
375           	1.844420e-03	1.327800e-03	2.659970e-04	1.277430e-03
376           	1.813300e-03	1.286420e-03	2.585430e-04	1.246560e-03
377           	1.775230e-03	1.237600e-03	2.491650e-04	1.209920e-03
378           	1.734110e-03	1.186580e-03	2.394810e-04	1.172340e-03
379           	1.692570e-03	1.145310e-03	2.313930e-04	1.137680e-03
380           	1.660990e-03	1.118630e-03	2.259140e-04	1.110140e-03
381           	1.643720e-03	1.113440e-03	2.241830e-04	1.102410e-03
382           	1.639790e-03	1.126760e-03	2.261610e-04	1.099480e-03
383           	1.647790e-03	1.156350e-03	2.312040e-04	1.105180e-03
384           	1.672120e-03	1.191070e-03	2.379500e-04	1.125410e-03
385           	1.703830e-03	1.224340e-03	2.453130e-04	1.146990e-03
386           	1.737630e-03	1.251910e-03	2.519410e-04	1.164540e-03
387           	1.764590e-03	1.270760e-03	2.565170e-04	1.175190e-03
388           	1.783990e-03	1.269210e-03	2.577180e-04	1.171660e-03
389           	1.793620e-03	1.257250e-03	2.558120e-04	1.162860e-03
390           	1.792530e-03	1.234410e-03	2.509330e-04	1.149620e-03
391           	1.781420e-03	1.199870e-03	2.436810e-04	1.132130e-03
392           	1.762040e-03	1.155350e-03	2.350410e-04	1.110380e-03
393           	1.734360e-03	1.105730e-03	2.255640e-04	1.086000e-03
394           	1.702930e-03	1.059380e-03	2.163250e-04	1.063420e-03
395           	1.671110e-03	1.022180e-03	2.080330e-04	1.042860e-03
396           	1.641130e-03	9.969870e-04	2.011960e-04	1.023310e-03
397           	1.617300e-03	9.836440e-04	1.964050e-04	1.006500e-03
398           	1.597930e-03	9.874510e-04	1.938720e-04	9.974860e-04
399           	1.585670e-03	9.970760e-04	1.938280e-04	9.902920e-04
400           	1.580620e-03	1.008800e-03	1.952010e-04	9.847690e-04
401           	1.577770e-03	1.019570e-03	1.970520e-04	9.798330e-04
402           	1.574270e-03	1.020860e-03	1.979010e-04	9.693790e-04
403           	1.567840e-03	1.017900e-03	1.972540e-04	9.574570e-04
404           	1.557150e-03	1.009250e-03	1.948000e-04	9.430700e-04
405           	1.541480e-03	9.926620e-04	1.907390e-04	9.263300e-04
406           	1.521560e-03	9.677240e-04	1.853270e-04	9.063410e-04
407           	1.497050e-03	9.358440e-04	1.789180e-04	8.848880e-04
408           	1.469100e-03	9.004510e-04	1.720640e-04	8.650230e-04
409           	1.439360e-03	8.665550e-04	1.655800e-04	8.473250e-04
410           	1.410440e-03	8.409010e-04	1.599280e-04	8.323930e-04
411           	1.381790e-03	8.229450e-04	1.554850e-04	8.204060e-04
412           	1.355690e-03	8.105390e-04	1.525790e-04	8.091630e-04
413           	1.331160e-03	8.073140e-04	1.512190e-04	8.023580e-04
414           	1.306240e-03	8.056940e-04	1.508930e-04	7.949230e-04
415           	1.281890e-03	7.991500e-04	1.510690e-04	7.812730e-04
416           	1.256650e-03	7.922490e-04	1.510820e-04	7.669150e-04
417           	1.229610e-03	7.822660e-04	1.500330e-04	7.507540e-04
418           	1.200510e-03	7.659650e-04	1.476110e-04	7.310520e-04
419           	1.170090e-03	7.426480e-04	1.438360e-04	7.075210e-04
420           	1.137720e-03	7.132230e-04	1.387670e-04	6.806790e-04
421           	1.104780e-03	6.802450e-04	1.328400e-04	6.524490e-04
422           	1.071760e-03	6.485840e-04	1.269010e-04	6.254870e-04
423           	1.041860e-03	6.252350e-04	1.216920e-04	6.043130e-04
424           	1.019840e-03	6.140980e-04	1.180360e-04	5.930250e-04
425           	1.010910e-03	6.158950e-04	1.164150e-04	5.922270e-04
426           	1.012600e-03	6.278480e-04	1.173070e-04	5.998270e-04
427           	1.022940e-03	6.467230e-04	1.200580e-04	6.135110e-04
428           	1.036240e-03	6.674270e-04	1.233390e-04	6.294140e-04
429           	1.049130e-03	6.860840e-04	1.266200e-04	6.441540e-04
430           	1.058230e-03	7.003280e-04	1.293270e-04	6.559650e-04
431           	1.067110e-03	7.073960e-04	1.305460e-04	6.651560e-04
432           	1.070920e-03	7.060450e-04	1.303310e-04	6.690190e-04
433           	1.068990e-03	6.975700e-04	1.287680e-04	6.671550e-04
434           	1.063900e-03	6.832460e-04	1.260400e-04	6.598730e-04
435           	1.052090e-03	6.659320e-04	1.226550e-04	6.476490e-04
436           	1.037060e-03	6.456180e-04	1.187040e-04	6.341650e-04
437           	1.020590e-03	6.248360e-04	1.146040e-04	6.197720e-04
438           	1.002940e-03	6.062000e-04	1.107170e-04	6.045710e-04
439           	9.846260e-04	5.919980e-04	1.074840e-04	5.894240e-04
440           	9.661860e-04	5.817210e-04	1.050190e-04	5.744910e-04
441           	9.487140e-04	5.746430e-04	1.033640e-04	5.600000e-04
442           	9.314690e-04	5.724280e-04	1.022730e-04	5.477740e-04
443           	9.143440e-04	5.694350e-04	1.016500e-04	5.350790e-04
444           	8.975830e-04	5.651280e-04	1.010810e-04	5.225280e-04
445           	8.807490e-04	5.588730e-04	1.004270e-04	5.101330e-04
446           	8.619580e-04	5.505680e-04	9.924040e-05	4.979640e-04
447           	8.423520e-04	5.377610e-04	9.755690e-05	4.837230e-04
448           	8.212930e-04	5.234880e-04	9.542700e-05	4.698720e-04
449           	8.009480e-04	5.078990e-04	9.286110e-05	4.568070e-04
450           	7.780340e-04	4.895050e-04	9.004210e-05	4.447140e-04
451           	7.539840e-04	4.707760e-04	8.708790e-05	4.323420e-04
452           	7.302140e-04	4.535080e-04	8.410880e-05	4.198800e-04
453           	7.055030e-04	4.404550e-04	8.122630e-05	4.092180e-04
454           	6.808100e-04	4.287070e-04	7.869760e-05	3.986560e-04
455           	6.568420e-04	4.178740e-04	7.661520e-05	3.886170e-04
456           	6.339130e-04	4.080750e-04	7.500300e-05	3.795260e-04
457           	6.123560e-04	3.989060e-04	7.381700e-05	3.714480e-04
458           	5.931260e-04	3.897510e-04	7.300090e-05	3.640180e-04
459           	5.737950e-04	3.809190e-04	7.249550e-05	3.557580e-04
460           	5.545420e-04	3.718040e-04	7.212110e-05	3.490860e-04
461           	5.367290e-04	3.626410e-04	7.172360e-05	3.435220e-04
462           	5.200400e-04	3.536150e-04	7.114970e-05	3.385240e-04
463           	5.085200e-04	3.467540e-04	7.027190e-05	3.343820e-04
464           	5.022760e-04	3.415600e-04	6.912130e-05	3.318790e-04
465           	5.016580e-04	3.373660e-04	6.778380e-05	3.317000e-04
466           	5.064560e-04	3.355730e-04	6.644990e-05	3.347740e-04
467           	5.160490e-04	3.373940e-04	6.534700e-05	3.408040e-04
468           	5.294190e-04	3.430600e-04	6.490090e-05	3.500100e-04
469           	5.435710e-04	3.517830e-04	6.530600e-05	3.609240e-04
470           	5.598570e-04	3.619750e-04	6.605050e-05	3.726130e-04
471           	5.765900e-04	3.729090e-04	6.729170e-05	3.836470e-04
472           	5.922920e-04	3.838070e-04	6.878670e-05	3.930950e-04
473           	6.068980e-04	3.918180e-04	7.033360e-05	3.984270e-04
474           	6.193550e-04	3.987860e-04	7.164060e-05	4.018540e-04
475           	6.292290e-04	4.041160e-04	7.247900e-05	4.032520e-04
476           	6.356040e-04	4.065250e-04	7.274680e-05	4.022920e-04
477           	6.383470e-04	4.059250e-04	7.238850e-05	3.989080e-04
478           	6.375460e-04	4.026090e-04	7.148720e-05	3.934400e-04
479           	6.337510e-04	3.968860e-04	7.005150e-05	3.862130e-04
480           	6.269280e-04	3.887080e-04	6.818280e-05	3.777130e-04
481           	6.176810e-04	3.791730e-04	6.605200e-05	3.679190e-04
482           	6.067250e-04	3.688320e-04	6.375120e-05	3.576870e-04
483           	5.947670e-04	3.581900e-04	6.143380e-05	3.473350e-04
484           	5.821130e-04	3.477290e-04	5.922550e-05	3.369910e-04
485           	5.690940e-04	3.377190e-04	5.731240e-05	3.272540e-04
486           	5.564290e-04	3.285090e-04	5.572890e-05	3.180670e-04
487           	5.435040e-04	3.217220e-04	5.443480e-05	3.105320e-04
488           	5.305620e-04	3.152920e-04	5.344960e-05	3.031050e-04
489           	5.189080e-04	3.091600e-04	5.265430e-05	2.959650e-04
490           	5.065480e-04	3.025580e-04	5.209070e-05	2.900040e-04
491           	4.939820e-04	2.968970e-04	5.151310e-05	2.844830e-04
492           	4.814650e-04	2.920140e-04	5.079730e-05	2.792470e-04
493           	4.694120e-04	2.876070e-04	4.997450e-05	2.742980e-04
494           	4.580300e-04	2.835570e-04	4.912500e-05	2.697350e-04
495           	4.473960e-04	2.800240e-04	4.833700e-05	2.657070e-04
496           	4.373610e-04	2.771880e-04	4.766370e-05	2.623700e-04
497           	4.288510e-04	2.750270e-04	4.710560e-05	2.598070e-04
498           	4.207110e-04	2.738830e-04	4.683670e-05	2.569700e-04
499           	4.126840e-04	2.735540e-04	4.691180e-05	2.550500e-04
500           	4.063650e-04	2.732770e-04	4.726590e-05	2.546220e-04
501           	4.010470e-04	2.730290e-04	4.787590e-05	2.539530e-04
502           	3.961990e-04	2.727020e-04	4.857680e-05	2.529500e-04
503           	3.906130e-04	2.720370e-04	4.926120e-05	2.515270e-04
504           	3.856180e-04	2.716050e-04	4.971940e-05	2.491550e-04
505           	3.804930e-04	2.700080e-04	4.988570e-05	2.460560e-04
506           	3.747870e-04	2.667000e-04	4.970080e-05	2.420390e-04
507           	3.685510e-04	2.619120e-04	4.914500e-05	2.372960e-04
508           	3.620180e-04	2.557140e-04	4.828880e-05	2.318810e-04
509           	3.550630e-04	2.483800e-04	4.721600e-05	2.259980e-04
510           	3.475810e-04	2.404280e-04	4.602650e-05	2.200120e-04
511           	3.397480e-04	2.326390e-04	4.479780e-05	2.145440e-04
512           	3.323290e-04	2.254630e-04	4.355940e-05	2.100680e-04
513           	3.256610e-04	2.192420e-04	4.240230e-05	2.067060e-04
514           	3.194890e-04	2.144360e-04	4.145970e-05	2.042510e-04
515           	3.144020e-04	2.110520e-04	4.079670e-05	2.023650e-04
516           	3.108320e-04	2.087550e-04	4.049620e-05	2.007360e-04
517           	3.079130e-04	2.069850e-04	4.034330e-05	1.992490e-04
518           	3.051740e-04	2.052060e-04	4.019980e-05	1.977580e-04
519           	3.023890e-04	2.031480e-04	4.002730e-05	1.961810e-04
520           	2.994770e-04	2.007240e-04	3.972560e-05	1.943270e-04
521           	2.964350e-04	1.978250e-04	3.921670e-05	1.921500e-04
522           	2.927450e-04	1.944280e-04	3.849600e-05	1.895260e-04
523           	2.887770e-04	1.896880e-04	3.760130e-05	1.857230e-04
524           	2.848200e-04	1.848930e-04	3.661930e-05	1.819420e-04
525           	2.807960e-04	1.805270e-04	3.561580e-05	1.783990e-04
526           	2.773110e-04	1.767590e-04	3.470780e-05	1.754360e-04
527           	2.740510e-04	1.746780e-04	3.395660e-05	1.738350e-04
528           	2.713870e-04	1.732470e-04	3.335420e-05	1.727930e-04
529           	2.693150e-04	1.724310e-04	3.296030e-05	1.721570e-04
530           	2.677780e-04	1.723770e-04	3.283350e-05	1.721150e-04
531           	2.669840e-04	1.731190e-04	3.288340e-05	1.726780e-04
532           	2.667720e-04	1.743410e-04	3.307980e-05	1.736210e-04
533           	2.670380e-04	1.756180e-04	3.332690e-05	1.746470e-04
534           	2.675320e-04	1.764550e-04	3.349610e-05	1.753390e-04
535           	2.679250e-04	1.765400e-04	3.352260e-05	1.754380e-04
536           	2.674870e-04	1.757020e-04	3.336980e-05	1.747980e-04
537           	2.667800e-04	1.731240e-04	3.303500e-05	1.726570e-04
538           	2.653860e-04	1.699090e-04	3.254580e-05	1.701030e-04
539           	2.636040e-04	1.662530e-04	3.192220e-05	1.672760e-04
540           	2.609100e-04	1.629450e-04	3.118600e-05	1.649330e-04
541           	2.577260e-04	1.591740e-04	3.040340e-05	1.623260e-04
542           	2.547660e-04	1.552720e-04	2.962770e-05	1.595540e-04
543           	2.515260e-04	1.517920e-04	2.893630e-05	1.562630e-04
544           	2.479130e-04	1.483880e-04	2.837250e-05	1.534940e-04
545           	2.443030e-04	1.455370e-04	2.788800e-05	1.510680e-04
546           	2.406800e-04	1.432550e-04	2.751030e-05	1.488100e-04
547           	2.369850e-04	1.413520e-04	2.718190e-05	1.465900e-04
548           	2.333150e-04	1.396310e-04	2.687140e-05	1.443250e-04
549           	2.296060e-04	1.380840e-04	2.655910e-05	1.420350e-04
550           	2.260390e-04	1.367340e-04	2.623570e-05	1.398030e-04
551           	2.227460e-04	1.357550e-04	2.591360e-05	1.377830e-04
552           	2.199100e-04	1.353170e-04	2.563480e-05	1.361240e-04
553           	2.176740e-04	1.355650e-04	2.546830e-05	1.349280e-04
554           	2.163200e-04	1.365780e-04	2.546830e-05	1.344460e-04
555           	2.160600e-04	1.385370e-04	2.562470e-05	1.348100e-04
556           	2.169830e-04	1.412860e-04	2.591210e-05	1.359490e-04
557           	2.189590e-04	1.445810e-04	2.638630e-05	1.377120e-04
558           	2.212810e-04	1.481860e-04	2.699060e-05	1.398740e-04
559           	2.246080e-04	1.515940e-04	2.760830e-05	1.427940e-04
560           	2.283560e-04	1.546410e-04	2.818770e-05	1.454380e-04
561           	2.316470e-04	1.572380e-04	2.865150e-05	1.476030e-04
562           	2.348610e-04	1.598180e-04	2.891540e-05	1.489920e-04
563           	2.375890e-04	1.614070e-04	2.898860e-05	1.498640e-04
564           	2.396210e-04	1.617660e-04	2.887030e-05	1.502200e-04
565           	2.406040e-04	1.611260e-04	2.856590e-05	1.499920e-04
566           	2.409010e-04	1.589230e-04	2.809300e-05	1.484990e-04
567           	2.404010e-04	1.563990e-04	2.750660e-05	1.468380e-04
568           	2.392390e-04	1.535380e-04	2.682450e-05	1.450870e-04
569           	2.374560e-04	1.504560e-04	2.607920e-05	1.430570e-04
570           	2.350840e-04	1.471500e-04	2.531200e-05	1.408200e-04
571           	2.325880e-04	1.438850e-04	2.455900e-05	1.384250e-04
572           	2.296960e-04	1.412750e-04	2.382600e-05	1.364740e-04
573           	2.266150e-04	1.386730e-04	2.319720e-05	1.342020e-04
574           	2.241050e-04	1.362640e-04	2.269720e-05	1.318110e-04
575           	2.212990e-04	1.345170e-04	2.236000e-05	1.291170e-04
576           	2.185590e-04	1.331620e-04	2.210970e-05	1.267910e-04
577           	2.165340e-04	1.319650e-04	2.193850e-05	1.247340e-04
578           	2.142290e-04	1.304050e-04	2.184050e-05	1.230340e-04
579           	2.117830e-04	1.288750e-04	2.171760e-05	1.213440e-04
580           	2.092290e-04	1.272910e-04	2.155360e-05	1.196500e-04
581           	2.064890e-04	1.256230e-04	2.134810e-05	1.179430e-04
582           	2.035910e-04	1.238850e-04	2.110730e-05	1.162240e-04
583           	2.004540e-04	1.221220e-04	2.085180e-05	1.145780e-04
584           	1.970990e-04	1.204070e-04	2.060870e-05	1.129890e-04
585           	1.935920e-04	1.187460e-04	2.039740e-05	1.114690e-04
586           	1.899000e-04	1.170920e-04	2.021830e-05	1.100770e-04
587           	1.860400e-04	1.153740e-04	2.007020e-05	1.087330e-04
588           	1.820170e-04	1.135400e-04	1.994550e-05	1.073740e-04
589           	1.775120e-04	1.115580e-04	1.982350e-05	1.060330e-04
590           	1.734910e-04	1.093510e-04	1.966450e-05	1.050150e-04
591           	1.693290e-04	1.071330e-04	1.953410e-05	1.036260e-04
592           	1.650200e-04	1.049860e-04	1.937120e-05	1.023700e-04
593           	1.611140e-04	1.033220e-04	1.917480e-05	1.011120e-04
594           	1.575680e-04	1.017580e-04	1.897230e-05	1.001130e-04
595           	1.545060e-04	1.004320e-04	1.878940e-05	9.942740e-05
596           	1.519580e-04	9.956090e-05	1.864250e-05	9.913700e-05
597           	1.501880e-04	9.914700e-05	1.852310e-05	9.921140e-05
598           	1.494750e-04	9.911840e-05	1.843660e-05	9.966140e-05
599           	1.497990e-04	9.941930e-05	1.839990e-05	1.004180e-04
600           	1.510320e-04	1.001180e-04	1.839880e-05	1.015300e-04
601           	1.528160e-04	1.011590e-04	1.842710e-05	1.028540e-04
602           	1.549730e-04	1.024150e-04	1.846620e-05	1.042830e-04
603           	1.572870e-04	1.037640e-04	1.850770e-05	1.057060e-04
604           	1.595260e-04	1.050670e-04	1.853640e-05	1.069740e-04
605           	1.616040e-04	1.062800e-04	1.854100e-05	1.079050e-04
606           	1.629150e-04	1.071580e-04	1.851490e-05	1.084060e-04
607           	1.640190e-04	1.073720e-04	1.840910e-05	1.086730e-04
608           	1.645960e-04	1.071390e-04	1.826420e-05	1.083710e-04
609           	1.645880e-04	1.065380e-04	1.809150e-05	1.074800e-04
610           	1.639380e-04	1.056660e-04	1.788630e-05	1.061340e-04
611           	1.627610e-04	1.045560e-04	1.766830e-05	1.044120e-04
612           	1.611110e-04	1.032240e-04	1.746120e-05	1.023980e-04
613           	1.593360e-04	1.017870e-04	1.727920e-05	1.001700e-04
614           	1.573310e-04	9.998520e-05	1.716050e-05	9.793690e-05
615           	1.546330e-04	9.846920e-05	1.712330e-05	9.533400e-05
616           	1.515950e-04	9.707540e-05	1.712180e-05	9.293160e-05
617           	1.483830e-04	9.583980e-05	1.714110e-05	9.073150e-05
618           	1.448840e-04	9.482350e-05	1.717170e-05	8.884260e-05
619           	1.417850e-04	9.386870e-05	1.717690e-05	8.755700e-05
620           	1.391590e-04	9.322440e-05	1.718420e-05	8.656140e-05
621           	1.369820e-04	9.272180e-05	1.717010e-05	8.593010e-05
622           	1.351960e-04	9.227980e-05	1.713340e-05	8.558890e-05
623           	1.335810e-04	9.192260e-05	1.706940e-05	8.554890e-05
624           	1.324890e-04	9.195790e-05	1.694590e-05	8.568680e-05
625           	1.317980e-04	9.180160e-05	1.679950e-05	8.601430e-05
626           	1.317040e-04	9.104300e-05	1.667090e-05	8.612760e-05
627           	1.321190e-04	9.092740e-05	1.652400e-05	8.691250e-05
628           	1.330410e-04	9.085650e-05	1.640510e-05	8.787310e-05
629           	1.347860e-04	9.047820e-05	1.632340e-05	8.857840e-05
630           	1.371020e-04	9.074800e-05	1.623250e-05	8.978810e-05
631           	1.397480e-04	9.120370e-05	1.616260e-05	9.109950e-05
632           	1.425550e-04	9.142470e-05	1.612780e-05	9.208240e-05
633           	1.454610e-04	9.197100e-05	1.610630e-05	9.312620e-05
634           	1.485240e-04	9.277260e-05	1.608870e-05	9.422060e-05
635           	1.516230e-04	9.377380e-05	1.608310e-05	9.529400e-05
636           	1.547400e-04	9.484920e-05	1.608160e-05	9.624940e-05
637           	1.577810e-04	9.597070e-05	1.608720e-05	9.703870e-05
638           	1.605700e-04	9.709470e-05	1.609200e-05	9.763460e-05
639           	1.631060e-04	9.814930e-05	1.609090e-05	9.800960e-05
640           	1.653470e-04	9.907870e-05	1.608030e-05	9.815780e-05
641           	1.671590e-04	9.985240e-05	1.606050e-05	9.811160e-05
642           	1.685540e-04	1.004270e-04	1.603930e-05	9.784790e-05
643           	1.694880e-04	1.008080e-04	1.601120e-05	9.738270e-05
644           	1.699510e-04	1.009400e-04	1.597040e-05	9.667870e-05
645           	1.699110e-04	1.008390e-04	1.591460e-05	9.581300e-05
646           	1.693420e-04	1.004510e-04	1.583900e-05	9.474010e-05
647           	1.682020e-04	9.976970e-05	1.573870e-05	9.343400e-05
648           	1.666060e-04	9.877510e-05	1.560640e-05	9.196200e-05
649           	1.644800e-04	9.746900e-05	1.544330e-05	9.028890e-05
650           	1.618180e-04	9.583650e-05	1.524470e-05	8.838420e-05
651           	1.586100e-04	9.386680e-05	1.500930e-05	8.623160e-05
652           	1.549080e-04	9.160540e-05	1.473810e-05	8.387390e-05
653           	1.507720e-04	8.907660e-05	1.443550e-05	8.131250e-05
654           	1.462420e-04	8.627730e-05	1.409970e-05	7.857110e-05
655           	1.413690e-04	8.331010e-05	1.373380e-05	7.567540e-05
656           	1.362440e-04	8.021350e-05	1.334230e-05	7.272530e-05
657           	1.309940e-04	7.706730e-05	1.294370e-05	6.982070e-05
658           	1.256810e-04	7.395270e-05	1.255160e-05	6.701550e-05
659           	1.203100e-04	7.090840e-05	1.218380e-05	6.437190e-05
660           	1.149020e-04	6.803960e-05	1.185340e-05	6.201050e-05
661           	1.096230e-04	6.545100e-05	1.156710e-05	6.001980e-05
662           	1.046330e-04	6.328970e-05	1.133390e-05	5.845370e-05
663           	1.001670e-04	6.166270e-05	1.114540e-05	5.740730e-05
664           	9.655250e-05	6.056900e-05	1.099630e-05	5.705460e-05
665           	9.386640e-05	6.007710e-05	1.092160e-05	5.715910e-05
666           	9.226070e-05	6.010140e-05	1.091320e-05	5.778590e-05
667           	9.200610e-05	6.050380e-05	1.096350e-05	5.884870e-05
668           	9.314000e-05	6.121100e-05	1.105050e-05	6.014360e-05
669           	9.497240e-05	6.230140e-05	1.113660e-05	6.175010e-05
670           	9.713960e-05	6.339400e-05	1.122370e-05	6.330040e-05
671           	9.945220e-05	6.446840e-05	1.129770e-05	6.470480e-05
672           	1.018720e-04	6.552760e-05	1.135990e-05	6.594440e-05
673           	1.042760e-04	6.659410e-05	1.141280e-05	6.703760e-05
674           	1.065600e-04	6.763680e-05	1.146170e-05	6.793620e-05
675           	1.086140e-04	6.859960e-05	1.150220e-05	6.862260e-05
676           	1.103590e-04	6.940710e-05	1.153150e-05	6.905540e-05
677           	1.114830e-04	7.001670e-05	1.154960e-05	6.921360e-05
678           	1.124670e-04	7.018980e-05	1.151710e-05	6.919160e-05
679           	1.130590e-04	7.013170e-05	1.146960e-05	6.884790e-05
680           	1.132460e-04	6.982590e-05	1.140300e-05	6.821900e-05
681           	1.130100e-04	6.928250e-05	1.131470e-05	6.731500e-05
682           	1.123010e-04	6.852460e-05	1.120250e-05	6.620210e-05
683           	1.111110e-04	6.756680e-05	1.106560e-05	6.491860e-05
684           	1.095160e-04	6.640700e-05	1.090950e-05	6.347340e-05
685           	1.075780e-04	6.507340e-05	1.073150e-05	6.191630e-05
686           	1.052990e-04	6.358990e-05	1.053900e-05	6.027430e-05
687           	1.030140e-04	6.198370e-05	1.033230e-05	5.857330e-05
688           	1.002270e-04	6.007320e-05	1.012520e-05	5.689770e-05
689           	9.716320e-05	5.814800e-05	9.903580e-06	5.516290e-05
690           	9.391710e-05	5.622160e-05	9.666500e-06	5.338100e-05
691           	9.055040e-05	5.426380e-05	9.413910e-06	5.156070e-05
692           	8.690590e-05	5.225930e-05	9.148790e-06	4.975660e-05
693           	8.341100e-05	5.039820e-05	8.861830e-06	4.793400e-05
694           	7.999430e-05	4.852920e-05	8.580670e-06	4.624630e-05
695           	7.666200e-05	4.673510e-05	8.311240e-06	4.479500e-05
696           	7.357000e-05	4.495550e-05	8.085740e-06	4.341360e-05
697           	7.077500e-05	4.345900e-05	7.885910e-06	4.230750e-05
698           	6.848350e-05	4.224720e-05	7.721910e-06	4.149750e-05
699           	6.679960e-05	4.132390e-05	7.597050e-06	4.104230e-05
700           	6.569230e-05	4.074660e-05	7.516480e-06	4.100880e-05
701           	6.518280e-05	4.053750e-05	7.490750e-06	4.134020e-05
702           	6.531740e-05	4.066950e-05	7.518590e-06	4.194430e-05
703           	6.594090e-05	4.109950e-05	7.581840e-06	4.274760e-05
704           	6.700880e-05	4.173540e-05	7.673960e-06	4.366610e-05
705           	6.839860e-05	4.249500e-05	7.780750e-06	4.463970e-05
706           	7.001990e-05	4.334410e-05	7.903270e-06	4.564870e-05
707           	7.173090e-05	4.421530e-05	8.027760e-06	4.662350e-05
708           	7.342280e-05	4.510410e-05	8.147210e-06	4.750200e-05
709           	7.503960e-05	4.596250e-05	8.251540e-06	4.825250e-05
710           	7.652910e-05	4.674630e-05	8.335680e-06	4.885750e-05
711           	7.782170e-05	4.742830e-05	8.392960e-06	4.928100e-05
712           	7.890240e-05	4.798880e-05	8.419250e-06	4.950760e-05
713           	7.974490e-05	4.839010e-05	8.413050e-06	4.953040e-05
714           	8.033340e-05	4.862690e-05	8.374910e-06	4.935740e-05
715           	8.066650e-05	4.868480e-05	8.310790e-06	4.901140e-05
716           	8.072260e-05	4.856780e-05	8.223100e-06	4.849590e-05
717           	8.052370e-05	4.828030e-05	8.113750e-06	4.782470e-05
718           	8.015230e-05	4.786340e-05	7.987770e-06	4.703580e-05
719           	7.953030e-05	4.750070e-05	7.838020e-06	4.628720e-05
720           	7.865690e-05	4.696040e-05	7.682370e-06	4.541230e-05
721           	7.757130e-05	4.626880e-05	7.524980e-06	4.441180e-05
722           	7.626630e-05	4.547600e-05	7.366760e-06	4.333800e-05
723           	7.477660e-05	4.464710e-05	7.210310e-06	4.221720e-05
724           	7.333030e-05	4.377320e-05	7.051860e-06	4.105600e-05
725           	7.162680e-05	4.272700e-05	6.904080e-06	3.994100e-05
726           	6.977970e-05	4.169420e-05	6.754230e-06	3.880240e-05
727           	6.783020e-05	4.068150e-05	6.604910e-06	3.763830e-05
728           	6.581670e-05	3.966300e-05	6.454850e-06	3.645350e-05
729           	6.376300e-05	3.863690e-05	6.307660e-06	3.527120e-05
730           	6.167690e-05	3.759990e-05	6.164170e-06	3.409880e-05
731           	5.957450e-05	3.654230e-05	6.024160e-06	3.295480e-05
732           	5.747250e-05	3.546050e-05	5.885580e-06	3.186690e-05
733           	5.541280e-05	3.437790e-05	5.748920e-06	3.082760e-05
734           	5.340170e-05	3.327700e-05	5.612100e-06	2.983390e-05
735           	5.146020e-05	3.217100e-05	5.475710e-06	2.887420e-05
736           	4.957380e-05	3.106460e-05	5.338820e-06	2.795550e-05
737           	4.774580e-05	2.997120e-05	5.204210e-06	2.708660e-05
738           	4.600590e-05	2.890230e-05	5.075590e-06	2.628130e-05
739           	4.429920e-05	2.789740e-05	4.955660e-06	2.557710e-05
740           	4.279110e-05	2.706750e-05	4.842110e-06	2.498200e-05
741           	4.151530e-05	2.634110e-05	4.745770e-06	2.455250e-05
742           	4.050030e-05	2.573800e-05	4.675060e-06	2.429400e-05
743           	3.977000e-05	2.526840e-05	4.629020e-06	2.420370e-05
744           	3.935280e-05	2.491740e-05	4.599830e-06	2.424630e-05
745           	3.918680e-05	2.469500e-05	4.587460e-06	2.437760e-05
746           	3.920910e-05	2.460130e-05	4.592870e-06	2.454620e-05
747           	3.931670e-05	2.461880e-05	4.611280e-06	2.472900e-05
748           	3.946210e-05	2.471470e-05	4.632110e-06	2.491710e-05
749           	3.964180e-05	2.486830e-05	4.649690e-06	2.508680e-05
750           	3.983970e-05	2.505790e-05	4.663140e-06	2.523140e-05
751           	4.006190e-05	2.525640e-05	4.669320e-06	2.533690e-05
752           	4.026730e-05	2.542750e-05	4.664090e-06	2.538830e-05
753           	4.042350e-05	2.554140e-05	4.642300e-06	2.537920e-05
754           	4.049660e-05	2.559030e-05	4.601510e-06	2.530300e-05
755           	4.048200e-05	2.557050e-05	4.542800e-06	2.515950e-05
756           	4.036470e-05	2.549120e-05	4.471170e-06	2.495090e-05
757           	4.024080e-05	2.535350e-05	4.388850e-06	2.468460e-05
758           	4.008810e-05	2.522920e-05	4.310770e-06	2.431290e-05
759           	3.979170e-05	2.497010e-05	4.232720e-06	2.398490e-05
760           	3.941160e-05	2.470300e-05	4.149290e-06	2.363960e-05
761           	3.895950e-05	2.442320e-05	4.064650e-06	2.327660e-05
762           	3.844850e-05	2.412910e-05	3.982050e-06	2.289730e-05
763           	3.786860e-05	2.381080e-05	3.904830e-06	2.250940e-05
764           	3.721660e-05	2.346550e-05	3.832630e-06	2.211960e-05
765           	3.651350e-05	2.309450e-05	3.766450e-06	2.173470e-05
766           	3.578650e-05	2.269770e-05	3.704660e-06	2.135060e-05
767           	3.506300e-05	2.227810e-05	3.646840e-06	2.097020e-05
768           	3.435070e-05	2.183970e-05	3.591820e-06	2.058820e-05
769           	3.364750e-05	2.138940e-05	3.539680e-06	2.021870e-05
770           	3.293440e-05	2.093020e-05	3.487970e-06	1.986430e-05
771           	3.220490e-05	2.046910e-05	3.437410e-06	1.951050e-05
772           	3.147360e-05	2.001110e-05	3.386720e-06	1.916720e-05
773           	3.074030e-05	1.955520e-05	3.335730e-06	1.883030e-05
774           	3.001300e-05	1.910820e-05	3.284870e-06	1.848690e-05
775           	2.932970e-05	1.869120e-05	3.237040e-06	1.814230e-05
776           	2.867580e-05	1.830050e-05	3.190940e-06	1.781080e-05
777           	2.805780e-05	1.792900e-05	3.151350e-06	1.749920e-05
778           	2.748770e-05	1.758640e-05	3.118450e-06	1.721380e-05
779           	2.698510e-05	1.729420e-05	3.093860e-06	1.697090e-05
780           	2.654710e-05	1.706420e-05	3.078570e-06	1.678420e-05
781           	2.615350e-05	1.691070e-05	3.075350e-06	1.666530e-05
782           	2.588820e-05	1.682140e-05	3.081440e-06	1.667880e-05
783           	2.575900e-05	1.683630e-05	3.100780e-06	1.675660e-05
784           	2.574240e-05	1.694880e-05	3.131690e-06	1.691260e-05
785           	2.594540e-05	1.720520e-05	3.167620e-06	1.711000e-05
786           	2.634900e-05	1.750290e-05	3.212030e-06	1.737190e-05
787           	2.688210e-05	1.783890e-05	3.263670e-06	1.768770e-05
788           	2.751360e-05	1.821070e-05	3.318820e-06	1.803920e-05
789           	2.821570e-05	1.862680e-05	3.376050e-06	1.841330e-05
790           	2.895220e-05	1.906230e-05	3.432630e-06	1.880100e-05
791           	2.969840e-05	1.949890e-05	3.486300e-06	1.918750e-05
792           	3.044910e-05	1.992710e-05	3.534550e-06	1.956050e-05
793           	3.117550e-05	2.034010e-05	3.576540e-06	1.991740e-05
794           	3.186090e-05	2.072430e-05	3.612240e-06	2.025300e-05
795           	3.250270e-05	2.107600e-05	3.641290e-06	2.055270e-05
796           	3.305800e-05	2.139410e-05	3.662330e-06	2.081090e-05
797           	3.357860e-05	2.159190e-05	3.680640e-06	2.095470e-05
798           	3.403410e-05	2.187260e-05	3.680750e-06	2.113850e-05
799           	3.442620e-05	2.211390e-05	3.675830e-06	2.129170e-05
800           	3.474840e-05	2.228400e-05	3.660520e-06	2.138310e-05
801           	3.499580e-05	2.239180e-05	3.638720e-06	2.141390e-05
802           	3.516580e-05	2.244730e-05	3.612960e-06	2.139380e-05
803           	3.526350e-05	2.245200e-05	3.582800e-06	2.131670e-05
804           	3.529130e-05	2.240950e-05	3.548320e-06	2.119160e-05
805           	3.534900e-05	2.232290e-05	3.510730e-06	2.102480e-05
806           	3.539310e-05	2.225920e-05	3.478850e-06	2.077910e-05
807           	3.522130e-05	2.207570e-05	3.446870e-06	2.056740e-05
808           	3.513710e-05	2.193060e-05	3.405650e-06	2.027420e-05
809           	3.493640e-05	2.166680e-05	3.368400e-06	2.000500e-05
810           	3.465440e-05	2.137250e-05	3.326710e-06	1.969450e-05
811           	3.410720e-05	2.104370e-05	3.280350e-06	1.934120e-05
812           	3.368200e-05	2.068590e-05	3.218560e-06	1.895880e-05
813           	3.314000e-05	2.020850e-05	3.162060e-06	1.857090e-05
814           	3.241940e-05	1.970870e-05	3.104630e-06	1.812790e-05
815           	3.176800e-05	1.923610e-05	3.044010e-06	1.761810e-05
816           	3.099900e-05	1.867460e-05	2.992040e-06	1.713600e-05
817           	3.008280e-05	1.810030e-05	2.940650e-06	1.662620e-05
818           	2.926440e-05	1.756700e-05	2.889100e-06	1.607230e-05
819           	2.836720e-05	1.697700e-05	2.846190e-06	1.556710e-05
820           	2.737850e-05	1.640160e-05	2.805800e-06	1.506760e-05
821           	2.645160e-05	1.589540e-05	2.763540e-06	1.456590e-05
822           	2.555750e-05	1.542410e-05	2.725590e-06	1.411770e-05
823           	2.469550e-05	1.500930e-05	2.691950e-06	1.374300e-05
824           	2.388260e-05	1.467250e-05	2.668050e-06	1.349430e-05
825           	2.317320e-05	1.444490e-05	2.652160e-06	1.340150e-05
826           	2.260110e-05	1.432770e-05	2.648750e-06	1.344000e-05
827           	2.222680e-05	1.430670e-05	2.655050e-06	1.357550e-05
828           	2.206900e-05	1.436760e-05	2.668930e-06	1.379800e-05
829           	2.211510e-05	1.445360e-05	2.696410e-06	1.405500e-05
830           	2.238100e-05	1.462230e-05	2.724360e-06	1.436690e-05
831           	2.283480e-05	1.485710e-05	2.752690e-06	1.472690e-05
832           	2.342010e-05	1.513840e-05	2.782210e-06	1.512670e-05
833           	2.405140e-05	1.544290e-05	2.809720e-06	1.553530e-05
834           	2.471890e-05	1.576130e-05	2.834300e-06	1.593560e-05
835           	2.538440e-05	1.608350e-05	2.855090e-06	1.631140e-05
836           	2.602420e-05	1.641330e-05	2.872700e-06	1.665030e-05
837           	2.663400e-05	1.674010e-05	2.886630e-06	1.694640e-05
838           	2.718690e-05	1.705530e-05	2.897130e-06	1.719420e-05
839           	2.767590e-05	1.734820e-05	2.903460e-06	1.738440e-05
840           	2.812450e-05	1.760470e-05	2.905610e-06	1.751730e-05
841           	2.848300e-05	1.787080e-05	2.898050e-06	1.764520e-05
842           	2.875090e-05	1.804500e-05	2.887290e-06	1.768960e-05
843           	2.892920e-05	1.812970e-05	2.870740e-06	1.764800e-05
844           	2.903140e-05	1.814440e-05	2.850580e-06	1.753580e-05
845           	2.904420e-05	1.809460e-05	2.826090e-06	1.735910e-05
846           	2.896210e-05	1.797420e-05	2.796990e-06	1.711670e-05
847           	2.878560e-05	1.778670e-05	2.763890e-06	1.682020e-05
848           	2.851100e-05	1.753480e-05	2.726650e-06	1.647000e-05
849           	2.822500e-05	1.722230e-05	2.686080e-06	1.608070e-05
850           	2.778410e-05	1.680300e-05	2.648340e-06	1.568170e-05
851           	2.722020e-05	1.635870e-05	2.606350e-06	1.523310e-05
852           	2.655150e-05	1.588780e-05	2.562190e-06	1.473540e-05
853           	2.578890e-05	1.539210e-05	2.517070e-06	1.420920e-05
854           	2.494680e-05	1.487490e-05	2.469990e-06	1.366660e-05
855           	2.405010e-05	1.435090e-05	2.423960e-06	1.312400e-05
856           	2.313290e-05	1.383470e-05	2.380740e-06	1.259540e-05
857           	2.221180e-05	1.333870e-05	2.340260e-06	1.209410e-05
858           	2.130780e-05	1.286620e-05	2.301020e-06	1.164460e-05
859           	2.044180e-05	1.245130e-05	2.264540e-06	1.128140e-05
860           	1.961590e-05	1.211560e-05	2.233290e-06	1.102940e-05
861           	1.887090e-05	1.186990e-05	2.206120e-06	1.089600e-05
862           	1.821750e-05	1.169850e-05	2.187480e-06	1.087330e-05
863           	1.779510e-05	1.159210e-05	2.179750e-06	1.088390e-05
864           	1.758270e-05	1.156300e-05	2.176200e-06	1.097610e-05
865           	1.756440e-05	1.159800e-05	2.179810e-06	1.115340e-05
866           	1.772100e-05	1.169750e-05	2.193000e-06	1.141400e-05
867           	1.805590e-05	1.186240e-05	2.213280e-06	1.172570e-05
868           	1.856350e-05	1.208520e-05	2.235580e-06	1.207790e-05
869           	1.919560e-05	1.235040e-05	2.258550e-06	1.245940e-05
870           	1.988280e-05	1.264580e-05	2.282010e-06	1.285300e-05
871           	2.059000e-05	1.296090e-05	2.305870e-06	1.324290e-05
872           	2.131390e-05	1.329230e-05	2.327810e-06	1.361650e-05
873           	2.202900e-05	1.362590e-05	2.349160e-06	1.396370e-05
874           	2.269980e-05	1.395790e-05	2.370570e-06	1.427430e-05
875           	2.332470e-05	1.428270e-05	2.390950e-06	1.453960e-05
876           	2.388760e-05	1.459300e-05	2.409410e-06	1.475240e-05
877           	2.438870e-05	1.487650e-05	2.425760e-06	1.490780e-05
878           	2.482040e-05	1.511520e-05	2.438590e-06	1.500760e-05
879           	2.517360e-05	1.530190e-05	2.446970e-06	1.505840e-05
880           	2.544750e-05	1.543190e-05	2.450830e-06	1.505420e-05
881           	2.564270e-05	1.550450e-05	2.450080e-06	1.499450e-05
882           	2.574000e-05	1.552390e-05	2.445280e-06	1.487560e-05
883           	2.574680e-05	1.548270e-05	2.434480e-06	1.471140e-05
884           	2.566000e-05	1.538590e-05	2.417900e-06	1.450460e-05
885           	2.548210e-05	1.522980e-05	2.395900e-06	1.425540e-05
886           	2.521270e-05	1.502070e-05	2.369700e-06	1.396840e-05
887           	2.485490e-05	1.475970e-05	2.338020e-06	1.364280e-05
888           	2.440770e-05	1.445320e-05	2.302340e-06	1.328690e-05
889           	2.388300e-05	1.410160e-05	2.262100e-06	1.290020e-05
890           	2.329570e-05	1.371160e-05	2.217970e-06	1.248980e-05
891           	2.264490e-05	1.328930e-05	2.170410e-06	1.205750e-05
892           	2.193520e-05	1.284350e-05	2.120780e-06	1.160890e-05
893           	2.117960e-05	1.237770e-05	2.069340e-06	1.114800e-05
894           	2.040100e-05	1.190180e-05	2.016840e-06	1.068630e-05
895           	1.957710e-05	1.145310e-05	1.959690e-06	1.026230e-05
896           	1.875140e-05	1.096980e-05	1.911500e-06	9.827680e-06
897           	1.791840e-05	1.050180e-05	1.863090e-06	9.422670e-06
898           	1.708940e-05	1.006210e-05	1.815400e-06	9.061710e-06
899           	1.628290e-05	9.679670e-06	1.771890e-06	8.791210e-06
900           	1.554300e-05	9.370190e-06	1.733600e-06	8.613240e-06
901           	1.492280e-05	9.139870e-06	1.703110e-06	8.528110e-06
902           	1.444800e-05	8.979200e-06	1.682550e-06	8.522870e-06
903           	1.414260e-05	8.890900e-06	1.672480e-06	8.596180e-06
904           	1.402630e-05	8.871920e-06	1.672850e-06	8.731540e-06
905           	1.411610e-05	8.915230e-06	1.682350e-06	8.917340e-06
906           	1.436490e-05	9.024230e-06	1.696180e-06	9.132440e-06
907           	1.472010e-05	9.176190e-06	1.712240e-06	9.369180e-06
908           	1.513610e-05	9.355890e-06	1.727980e-06	9.616100e-06
909           	1.557460e-05	9.554190e-06	1.742030e-06	9.862850e-06
910           	1.602820e-05	9.762730e-06	1.754870e-06	1.009750e-05
911           	1.648160e-05	9.974910e-06	1.767260e-06	1.031780e-05
912           	1.691120e-05	1.019030e-05	1.778730e-06	1.050970e-05
913           	1.730590e-05	1.040300e-05	1.790040e-06	1.066920e-05
914           	1.766400e-05	1.060010e-05	1.800560e-06	1.079010e-05
915           	1.796530e-05	1.077380e-05	1.809780e-06	1.087130e-05
916           	1.820690e-05	1.091270e-05	1.816190e-06	1.091340e-05
917           	1.838770e-05	1.101490e-05	1.819770e-06	1.090970e-05
918           	1.850290e-05	1.107170e-05	1.819860e-06	1.086220e-05
919           	1.855360e-05	1.108140e-05	1.815710e-06	1.077290e-05
920           	1.852920e-05	1.104430e-05	1.807170e-06	1.064260e-05
921           	1.843180e-05	1.096230e-05	1.793810e-06	1.047230e-05
922           	1.826150e-05	1.083580e-05	1.775050e-06	1.026610e-05
923           	1.802180e-05	1.066740e-05	1.751050e-06	1.002610e-05
924           	1.770930e-05	1.045900e-05	1.721760e-06	9.754130e-06
925           	1.733640e-05	1.021290e-05	1.687630e-06	9.454140e-06
926           	1.690350e-05	9.932790e-06	1.649110e-06	9.130480e-06
927           	1.641040e-05	9.624940e-06	1.606770e-06	8.791080e-06
928           	1.586130e-05	9.289970e-06	1.561380e-06	8.437850e-06
929           	1.531800e-05	8.936740e-06	1.513810e-06	8.076730e-06
930           	1.470410e-05	8.542080e-06	1.466250e-06	7.723840e-06
931           	1.405670e-05	8.146510e-06	1.416890e-06	7.364190e-06
932           	1.339020e-05	7.755230e-06	1.367030e-06	7.004300e-06
933           	1.271960e-05	7.379390e-06	1.317580e-06	6.658200e-06
934           	1.204240e-05	7.019450e-06	1.269810e-06	6.335440e-06
935           	1.141670e-05	6.705240e-06	1.223290e-06	6.052500e-06
936           	1.082810e-05	6.436220e-06	1.183650e-06	5.857840e-06
937           	1.031260e-05	6.228290e-06	1.154980e-06	5.744130e-06
938           	9.902300e-06	6.104360e-06	1.138950e-06	5.705780e-06
939           	9.636520e-06	6.048850e-06	1.134390e-06	5.732530e-06
940           	9.523940e-06	6.036630e-06	1.137850e-06	5.816120e-06
941           	9.556170e-06	6.064530e-06	1.146510e-06	5.941000e-06
942           	9.725630e-06	6.126200e-06	1.157790e-06	6.094340e-06
943           	9.964960e-06	6.219740e-06	1.170770e-06	6.266090e-06
944           	1.024880e-05	6.340430e-06	1.185020e-06	6.450000e-06
945           	1.056030e-05	6.480330e-06	1.199420e-06	6.637140e-06
946           	1.088990e-05	6.632030e-06	1.213500e-06	6.823610e-06
947           	1.122620e-05	6.790950e-06	1.226840e-06	7.001580e-06
948           	1.156640e-05	6.952710e-06	1.240730e-06	7.166840e-06
949           	1.189810e-05	7.119790e-06	1.254880e-06	7.313930e-06
950           	1.220800e-05	7.284280e-06	1.268210e-06	7.440480e-06
951           	1.248750e-05	7.441850e-06	1.280530e-06	7.545100e-06
952           	1.273350e-05	7.587460e-06	1.291020e-06	7.626150e-06
953           	1.294430e-05	7.718960e-06	1.299320e-06	7.681480e-06
954           	1.311670e-05	7.828940e-06	1.305150e-06	7.709250e-06
955           	1.324720e-05	7.914150e-06	1.308220e-06	7.710850e-06
956           	1.333160e-05	7.972210e-06	1.308080e-06	7.686290e-06
957           	1.336890e-05	8.002490e-06	1.305140e-06	7.638080e-06
958           	1.336380e-05	8.005810e-06	1.299050e-06	7.568910e-06
959           	1.331850e-05	7.981880e-06	1.289970e-06	7.478580e-06
960           	1.323550e-05	7.933350e-06	1.277550e-06	7.368960e-06
961           	1.311430e-05	7.862110e-06	1.262210e-06	7.239640e-06
962           	1.295700e-05	7.767370e-06	1.244010e-06	7.092890e-06
963           	1.276010e-05	7.650240e-06	1.223240e-06	6.929270e-06
964           	1.252610e-05	7.510570e-06	1.199950e-06	6.750560e-06
965           	1.229530e-05	7.351690e-06	1.174210e-06	6.558400e-06
966           	1.200610e-05	7.150620e-06	1.147930e-06	6.371010e-06
967           	1.167910e-05	6.939780e-06	1.119350e-06	6.166330e-06
968           	1.132200e-05	6.720360e-06	1.088610e-06	5.948090e-06
969           	1.093990e-05	6.494800e-06	1.056100e-06	5.718840e-06
970           	1.054050e-05	6.259230e-06	1.022640e-06	5.484580e-06
971           	1.012660e-05	6.017740e-06	9.892810e-07	5.250010e-06
972           	9.703120e-06	5.770680e-06	9.567560e-07	5.018870e-06
973           	9.280490e-06	5.524100e-06	9.250890e-07	4.799730e-06
974           	8.861390e-06	5.279840e-06	8.953550e-07	4.595480e-06
975           	8.461370e-06	5.044900e-06	8.684540e-07	4.411800e-06
976           	8.076670e-06	4.825310e-06	8.446010e-07	4.250960e-06
977           	7.698150e-06	4.632660e-06	8.258440e-07	4.127120e-06
978           	7.382050e-06	4.492480e-06	8.119860e-07	4.039390e-06
979           	7.137930e-06	4.390840e-06	8.040380e-07	3.998950e-06
980           	6.966520e-06	4.321290e-06	8.020590e-07	3.996710e-06
981           	6.866490e-06	4.282030e-06	8.043720e-07	4.027540e-06
982           	6.839140e-06	4.266030e-06	8.102970e-07	4.082210e-06
983           	6.886410e-06	4.271310e-06	8.187470e-07	4.154130e-06
984           	6.974310e-06	4.297260e-06	8.288360e-07	4.236030e-06
985           	7.090450e-06	4.344560e-06	8.394040e-07	4.325810e-06
986           	7.220350e-06	4.418540e-06	8.478700e-07	4.430390e-06
987           	7.363040e-06	4.488500e-06	8.602230e-07	4.528140e-06
988           	7.510750e-06	4.567850e-06	8.659380e-07	4.620360e-06
989           	7.666040e-06	4.639960e-06	8.762610e-07	4.703730e-06
990           	7.813770e-06	4.728560e-06	8.801470e-07	4.784880e-06
991           	7.963740e-06	4.802000e-06	8.876780e-07	4.848950e-06
992           	8.094170e-06	4.887410e-06	8.881050e-07	4.906710e-06
993           	8.214700e-06	4.948150e-06	8.914240e-07	4.941170e-06
994           	8.304880e-06	5.016460e-06	8.874620e-07	4.968240e-06
995           	8.379200e-06	5.052060e-06	8.865020e-07	4.968520e-06
996           	8.419640e-06	5.093010e-06	8.783560e-07	4.963600e-06
997           	8.444610e-06	5.097050e-06	8.734390e-07	4.933270e-06
998           	8.445410e-06	5.107100e-06	8.616510e-07	4.900820e-06
999           	8.417090e-06	5.103400e-06	8.509830e-07	4.860670e-06
1000          	8.368720e-06	5.081240e-06	8.381780e-07	4.804460e-06
