# Residuals   
# Time        	p             	Ux            	Uy            	Uz            
1             	1.000000e+00	5.770670e-01	1.000000e+00	5.306340e-01
2             	4.749580e-01	6.003850e-01	2.570840e-01	5.963400e-01
3             	4.859760e-02	4.900280e-01	1.599510e-01	4.604350e-01
4             	5.568820e-02	3.315000e-01	1.062280e-01	2.993380e-01
5             	8.688490e-02	2.560830e-01	8.154500e-02	2.380200e-01
6             	1.193370e-01	2.171060e-01	6.590800e-02	2.085160e-01
7             	1.307190e-01	1.850100e-01	5.668040e-02	1.774760e-01
8             	1.204880e-01	1.550850e-01	5.058240e-02	1.481650e-01
9             	1.076130e-01	1.300740e-01	4.447060e-02	1.183340e-01
10            	8.166670e-02	1.210250e-01	3.780600e-02	1.078180e-01
11            	6.530470e-02	1.119660e-01	3.191260e-02	1.033440e-01
12            	5.987790e-02	9.918520e-02	2.713270e-02	9.334920e-02
13            	5.811960e-02	8.498150e-02	2.381790e-02	8.109370e-02
14            	5.998900e-02	7.440260e-02	2.169290e-02	7.184890e-02
15            	6.552540e-02	6.738680e-02	2.007030e-02	6.571550e-02
16            	6.979530e-02	6.310770e-02	1.834030e-02	6.021300e-02
17            	7.243120e-02	6.005260e-02	1.667530e-02	5.615900e-02
18            	7.498680e-02	5.719270e-02	1.496070e-02	5.352540e-02
19            	7.593920e-02	5.434530e-02	1.326090e-02	5.148980e-02
20            	7.464990e-02	5.188340e-02	1.196560e-02	4.961100e-02
21            	7.272330e-02	4.979450e-02	1.103340e-02	4.784250e-02
22            	7.306980e-02	4.819280e-02	1.044110e-02	4.624800e-02
23            	7.589650e-02	4.691410e-02	1.018990e-02	4.474800e-02
24            	7.930470e-02	4.544200e-02	1.003990e-02	4.374250e-02
25            	8.121410e-02	4.448290e-02	1.000340e-02	4.321540e-02
26            	8.203540e-02	4.345190e-02	9.932100e-03	4.266340e-02
27            	8.073010e-02	4.300910e-02	9.986880e-03	4.316300e-02
28            	7.852160e-02	4.272430e-02	1.004880e-02	4.341500e-02
29            	7.868610e-02	4.267390e-02	1.010890e-02	4.332090e-02
30            	7.896150e-02	4.267140e-02	9.997560e-03	4.291990e-02
31            	7.893800e-02	4.229160e-02	9.703630e-03	4.204770e-02
32            	7.873750e-02	4.183530e-02	9.364390e-03	4.060050e-02
33            	7.884740e-02	4.216010e-02	9.424540e-03	3.998170e-02
34            	7.913580e-02	4.319330e-02	9.915670e-03	4.050140e-02
35            	7.850260e-02	4.488470e-02	1.059600e-02	4.263430e-02
36            	7.885080e-02	4.623090e-02	1.108630e-02	4.505050e-02
37            	7.845280e-02	4.725350e-02	1.136440e-02	4.693950e-02
38            	7.862740e-02	4.865980e-02	1.164540e-02	4.823180e-02
39            	7.991710e-02	5.120040e-02	1.217030e-02	5.102790e-02
40            	8.038170e-02	5.407050e-02	1.262260e-02	5.433140e-02
41            	8.065810e-02	5.601030e-02	1.338700e-02	5.749850e-02
42            	8.300600e-02	5.681680e-02	1.440640e-02	6.175760e-02
43            	8.571860e-02	5.752270e-02	1.538330e-02	6.475950e-02
44            	8.661200e-02	5.853580e-02	1.583380e-02	6.488870e-02
45            	8.534600e-02	5.892170e-02	1.579260e-02	6.156560e-02
46            	8.199350e-02	5.888570e-02	1.532590e-02	5.828250e-02
47            	8.056420e-02	5.690820e-02	1.470510e-02	5.556310e-02
48            	8.051280e-02	5.423280e-02	1.356230e-02	5.260360e-02
49            	8.044050e-02	5.060600e-02	1.240790e-02	4.898630e-02
50            	7.801900e-02	4.674720e-02	1.133650e-02	4.450310e-02
51            	7.436220e-02	4.390080e-02	1.048220e-02	4.093300e-02
52            	6.925570e-02	4.096670e-02	9.733440e-03	3.817350e-02
53            	6.709620e-02	3.880530e-02	9.081920e-03	3.700640e-02
54            	6.551320e-02	3.757510e-02	8.710670e-03	3.654130e-02
55            	6.315690e-02	3.728600e-02	8.476430e-03	3.557400e-02
56            	6.050840e-02	3.666470e-02	8.225050e-03	3.474020e-02
57            	5.964760e-02	3.608090e-02	8.166010e-03	3.476920e-02
58            	5.937500e-02	3.553100e-02	8.059400e-03	3.479520e-02
59            	5.812450e-02	3.507060e-02	8.086470e-03	3.477600e-02
60            	5.713180e-02	3.509170e-02	8.194240e-03	3.534410e-02
61            	5.757620e-02	3.584410e-02	8.433560e-03	3.641250e-02
62            	5.820340e-02	3.750620e-02	8.880900e-03	3.788290e-02
63            	5.953300e-02	3.952740e-02	9.449490e-03	3.955300e-02
64            	6.269690e-02	4.161050e-02	1.008510e-02	4.125120e-02
65            	6.692670e-02	4.379930e-02	1.067850e-02	4.251930e-02
66            	7.197700e-02	4.597060e-02	1.127850e-02	4.423860e-02
67            	7.765710e-02	4.846590e-02	1.198900e-02	4.678860e-02
68            	8.283830e-02	5.110030e-02	1.279460e-02	4.992550e-02
69            	8.723510e-02	5.393480e-02	1.382570e-02	5.423890e-02
70            	9.104550e-02	5.790650e-02	1.493470e-02	5.943070e-02
71            	9.271890e-02	6.279060e-02	1.608760e-02	6.526340e-02
72            	9.287800e-02	6.825400e-02	1.740940e-02	7.158800e-02
73            	9.508170e-02	7.341770e-02	1.884420e-02	7.727880e-02
74            	1.012110e-01	7.813140e-02	2.024370e-02	8.061840e-02
75            	1.043620e-01	7.810810e-02	2.092270e-02	8.253910e-02
76            	1.005900e-01	7.371430e-02	2.109740e-02	7.964590e-02
77            	9.032860e-02	6.821420e-02	2.074240e-02	7.432170e-02
78            	8.384740e-02	6.315160e-02	1.983080e-02	6.914490e-02
79            	7.760940e-02	5.897550e-02	1.816510e-02	6.516100e-02
80            	7.101280e-02	5.693470e-02	1.642180e-02	6.190190e-02
81            	6.707090e-02	5.531830e-02	1.497330e-02	5.946660e-02
82            	6.647490e-02	5.278320e-02	1.373530e-02	5.634010e-02
83            	6.605150e-02	5.061460e-02	1.283010e-02	5.336560e-02
84            	6.703690e-02	5.001010e-02	1.237020e-02	5.078950e-02
85            	6.917390e-02	4.976730e-02	1.203890e-02	4.879160e-02
86            	7.117300e-02	4.947020e-02	1.169980e-02	4.713210e-02
87            	7.175430e-02	4.785110e-02	1.131780e-02	4.573290e-02
88            	7.382620e-02	4.625660e-02	1.114670e-02	4.418230e-02
89            	7.682490e-02	4.486510e-02	1.120600e-02	4.264170e-02
90            	7.700400e-02	4.417990e-02	1.162390e-02	4.233650e-02
91            	7.752780e-02	4.517510e-02	1.243170e-02	4.389100e-02
92            	7.743630e-02	4.696770e-02	1.344720e-02	4.740810e-02
93            	7.739170e-02	4.957730e-02	1.447910e-02	5.203000e-02
94            	7.823740e-02	5.361250e-02	1.577810e-02	5.772070e-02
95            	8.009690e-02	5.941930e-02	1.700650e-02	6.369810e-02
96            	8.277300e-02	6.568610e-02	1.826210e-02	6.932780e-02
97            	8.545650e-02	7.176430e-02	1.950070e-02	7.537090e-02
98            	8.821650e-02	7.748140e-02	2.049410e-02	8.183510e-02
99            	8.936180e-02	8.024530e-02	2.089860e-02	8.446880e-02
100           	9.421000e-02	8.095340e-02	2.140760e-02	8.413640e-02
101           	9.867510e-02	8.225110e-02	2.246310e-02	8.381820e-02
102           	9.797220e-02	8.237540e-02	2.388310e-02	8.408570e-02
103           	9.383280e-02	8.252040e-02	2.506120e-02	8.301880e-02
104           	8.653760e-02	8.362780e-02	2.530350e-02	8.052420e-02
105           	8.029960e-02	8.194840e-02	2.398090e-02	7.768970e-02
106           	7.630840e-02	7.523550e-02	2.150280e-02	7.499530e-02
107           	7.088720e-02	6.759630e-02	1.906330e-02	7.119230e-02
108           	6.922800e-02	6.414220e-02	1.756640e-02	6.765980e-02
109           	7.242800e-02	6.269400e-02	1.642620e-02	6.616950e-02
110           	7.185490e-02	6.142230e-02	1.564410e-02	6.385610e-02
111           	7.015280e-02	6.030590e-02	1.516620e-02	5.984890e-02
112           	7.060810e-02	5.934200e-02	1.463730e-02	5.590200e-02
113           	7.201550e-02	5.872550e-02	1.453000e-02	5.342180e-02
114           	7.292260e-02	5.801080e-02	1.466720e-02	5.264660e-02
115           	7.273820e-02	5.660130e-02	1.469270e-02	5.261660e-02
116           	7.245650e-02	5.548430e-02	1.475010e-02	5.325540e-02
117           	7.240270e-02	5.584850e-02	1.476250e-02	5.466180e-02
118           	7.372740e-02	5.755570e-02	1.493890e-02	5.774550e-02
119           	7.479980e-02	6.021220e-02	1.514450e-02	6.040230e-02
120           	7.702990e-02	6.323710e-02	1.529430e-02	6.315140e-02
121           	8.239770e-02	6.699500e-02	1.589030e-02	6.681260e-02
122           	8.661140e-02	6.997640e-02	1.672140e-02	6.986570e-02
123           	8.778290e-02	7.296840e-02	1.781460e-02	7.290220e-02
124           	8.505700e-02	7.607800e-02	1.874940e-02	7.539690e-02
125           	8.299750e-02	7.794850e-02	1.956200e-02	7.472360e-02
126           	8.037060e-02	7.687080e-02	1.964080e-02	7.107970e-02
127           	7.935370e-02	7.245470e-02	1.868960e-02	6.721710e-02
128           	7.623830e-02	6.735580e-02	1.729900e-02	6.406100e-02
129           	7.215680e-02	6.189340e-02	1.607640e-02	6.021510e-02
130           	6.939540e-02	5.659200e-02	1.471860e-02	5.586580e-02
131           	6.822540e-02	5.206180e-02	1.357030e-02	5.247980e-02
132           	6.687110e-02	4.846390e-02	1.287170e-02	5.026450e-02
133           	6.525080e-02	4.585480e-02	1.225230e-02	4.844150e-02
134           	6.420770e-02	4.446890e-02	1.156650e-02	4.674900e-02
135           	6.334880e-02	4.368640e-02	1.114900e-02	4.485900e-02
136           	6.093370e-02	4.296050e-02	1.079700e-02	4.332450e-02
137           	5.851620e-02	4.252930e-02	1.048180e-02	4.246580e-02
138           	5.758550e-02	4.261260e-02	1.033240e-02	4.222160e-02
139           	5.821030e-02	4.278660e-02	1.022760e-02	4.234790e-02
140           	5.836240e-02	4.269970e-02	1.008440e-02	4.242280e-02
141           	5.842910e-02	4.235560e-02	9.981470e-03	4.177330e-02
142           	5.923840e-02	4.166230e-02	9.963550e-03	4.088920e-02
143           	5.994300e-02	4.047580e-02	9.741130e-03	3.969870e-02
144           	6.063770e-02	3.916320e-02	9.495770e-03	3.855700e-02
145           	6.055870e-02	3.781610e-02	9.101800e-03	3.753750e-02
146           	5.972530e-02	3.676450e-02	8.616480e-03	3.576540e-02
147           	5.835910e-02	3.581370e-02	8.225300e-03	3.401770e-02
148           	5.702490e-02	3.580680e-02	8.086080e-03	3.286100e-02
149           	5.583730e-02	3.663060e-02	8.493120e-03	3.291920e-02
150           	5.537640e-02	3.749180e-02	8.985820e-03	3.345900e-02
151           	5.614250e-02	3.843640e-02	9.232590e-03	3.420630e-02
152           	5.668280e-02	3.923640e-02	9.446130e-03	3.544640e-02
153           	5.727910e-02	4.022570e-02	9.494940e-03	3.642830e-02
154           	5.683930e-02	4.090670e-02	9.527750e-03	3.745730e-02
155           	5.585420e-02	4.187210e-02	9.599880e-03	3.841600e-02
156           	5.490160e-02	4.296150e-02	9.564260e-03	3.883880e-02
157           	5.437470e-02	4.464260e-02	9.607360e-03	3.908690e-02
158           	5.599640e-02	4.694410e-02	9.884460e-03	3.977410e-02
159           	5.846290e-02	4.979010e-02	1.068800e-02	4.187400e-02
160           	6.095540e-02	5.156730e-02	1.182630e-02	4.425170e-02
161           	6.394080e-02	5.186410e-02	1.284980e-02	4.623990e-02
162           	6.592260e-02	5.139990e-02	1.326310e-02	4.781580e-02
163           	6.715970e-02	4.968870e-02	1.324330e-02	4.837920e-02
164           	6.773820e-02	4.711380e-02	1.281200e-02	4.732820e-02
165           	6.583270e-02	4.562470e-02	1.243190e-02	4.595110e-02
166           	6.312780e-02	4.654700e-02	1.211960e-02	4.551980e-02
167           	6.335690e-02	4.886580e-02	1.198650e-02	4.530930e-02
168           	6.398480e-02	5.259160e-02	1.213380e-02	4.579830e-02
169           	6.559420e-02	5.474470e-02	1.236480e-02	4.569160e-02
170           	6.716480e-02	5.634190e-02	1.255120e-02	4.661240e-02
171           	6.671570e-02	5.629620e-02	1.263900e-02	4.731070e-02
172           	6.502120e-02	5.470960e-02	1.241270e-02	4.727800e-02
173           	6.227190e-02	5.098700e-02	1.208860e-02	4.649820e-02
174           	5.899780e-02	4.710540e-02	1.163200e-02	4.471810e-02
175           	5.585730e-02	4.433380e-02	1.100520e-02	4.200300e-02
176           	5.502240e-02	4.359980e-02	1.033050e-02	3.942360e-02
177           	5.460790e-02	4.377540e-02	9.777020e-03	3.762260e-02
178           	5.352240e-02	4.367440e-02	9.434900e-03	3.686460e-02
179           	5.180510e-02	4.349400e-02	9.227040e-03	3.627810e-02
180           	5.048400e-02	4.295610e-02	9.040850e-03	3.509520e-02
181           	5.005610e-02	4.186760e-02	8.734790e-03	3.358920e-02
182           	5.099900e-02	4.104500e-02	8.546060e-03	3.286350e-02
183           	5.172440e-02	4.059550e-02	8.555230e-03	3.301000e-02
184           	5.147970e-02	3.981560e-02	8.685770e-03	3.340500e-02
185           	5.232080e-02	3.911150e-02	8.723380e-03	3.356940e-02
186           	5.383290e-02	3.890890e-02	8.885810e-03	3.413420e-02
187           	5.409800e-02	3.943390e-02	9.179910e-03	3.484360e-02
188           	5.299250e-02	4.029100e-02	9.507980e-03	3.551230e-02
189           	5.173910e-02	4.172720e-02	9.600740e-03	3.602320e-02
190           	5.150230e-02	4.401960e-02	9.621290e-03	3.660270e-02
191           	5.200370e-02	4.662250e-02	9.943830e-03	3.762070e-02
192           	5.266650e-02	4.925520e-02	1.057440e-02	3.974170e-02
193           	5.425580e-02	5.090910e-02	1.126570e-02	4.147220e-02
194           	5.567540e-02	5.196750e-02	1.189440e-02	4.304430e-02
195           	5.633570e-02	5.152130e-02	1.211370e-02	4.422280e-02
196           	5.617470e-02	4.909650e-02	1.191080e-02	4.451330e-02
197           	5.634500e-02	4.716170e-02	1.158490e-02	4.382530e-02
198           	5.552780e-02	4.643500e-02	1.151870e-02	4.303890e-02
199           	5.297260e-02	4.719870e-02	1.154960e-02	4.240060e-02
200           	5.162830e-02	4.955240e-02	1.161360e-02	4.264880e-02
201           	5.235000e-02	5.342770e-02	1.178350e-02	4.329940e-02
202           	5.454520e-02	5.540730e-02	1.207400e-02	4.370860e-02
203           	5.608150e-02	5.620050e-02	1.231970e-02	4.422750e-02
204           	5.626790e-02	5.530850e-02	1.231520e-02	4.435200e-02
205           	5.457190e-02	5.200380e-02	1.187830e-02	4.322580e-02
206           	5.246980e-02	4.709350e-02	1.118940e-02	4.113750e-02
207           	5.045630e-02	4.193540e-02	1.052750e-02	3.784790e-02
208           	4.915440e-02	3.851820e-02	9.836690e-03	3.523120e-02
209           	4.795560e-02	3.654010e-02	9.085280e-03	3.310050e-02
210           	4.671900e-02	3.566440e-02	8.538260e-03	3.124980e-02
211           	4.579990e-02	3.563780e-02	8.307570e-03	3.025160e-02
212           	4.524270e-02	3.597380e-02	8.239540e-03	2.950690e-02
213           	4.421030e-02	3.678480e-02	8.163800e-03	2.902400e-02
214           	4.340910e-02	3.756130e-02	8.115420e-03	2.850310e-02
215           	4.306360e-02	3.873510e-02	8.230630e-03	2.858130e-02
216           	4.383420e-02	3.948810e-02	8.446910e-03	2.903210e-02
217           	4.538230e-02	3.971570e-02	8.635970e-03	2.944450e-02
218           	4.618800e-02	3.938280e-02	8.763530e-03	2.958340e-02
219           	4.767320e-02	3.839950e-02	8.698570e-03	2.979790e-02
220           	4.873340e-02	3.721420e-02	8.616170e-03	3.097500e-02
221           	4.806290e-02	3.618020e-02	8.444330e-03	3.201090e-02
222           	4.687320e-02	3.582270e-02	8.331450e-03	3.213810e-02
223           	4.515540e-02	3.745090e-02	8.405470e-03	3.249730e-02
224           	4.311780e-02	4.001080e-02	8.665520e-03	3.313010e-02
225           	4.257430e-02	4.309190e-02	9.157380e-03	3.392160e-02
226           	4.417630e-02	4.581010e-02	9.738740e-03	3.483280e-02
227           	4.652060e-02	4.737180e-02	1.023780e-02	3.559440e-02
228           	4.776130e-02	4.795060e-02	1.049860e-02	3.629990e-02
229           	4.784830e-02	4.625370e-02	1.033070e-02	3.602100e-02
230           	4.638340e-02	4.245520e-02	9.751000e-03	3.389710e-02
231           	4.505630e-02	3.771480e-02	9.068630e-03	3.156090e-02
232           	4.340500e-02	3.461380e-02	8.624100e-03	3.024240e-02
233           	4.121720e-02	3.368670e-02	8.327680e-03	2.969330e-02
234           	3.928190e-02	3.505230e-02	8.128780e-03	2.965020e-02
235           	3.918090e-02	3.723420e-02	8.279180e-03	2.982680e-02
236           	4.129660e-02	3.977170e-02	8.666320e-03	3.060090e-02
237           	4.286580e-02	4.186640e-02	9.013700e-03	3.183320e-02
238           	4.360960e-02	4.301470e-02	9.149530e-03	3.237370e-02
239           	4.384720e-02	4.255720e-02	8.988920e-03	3.184070e-02
240           	4.369710e-02	4.139400e-02	8.676960e-03	3.113470e-02
241           	4.322850e-02	3.922330e-02	8.279420e-03	3.015970e-02
242           	4.225730e-02	3.635980e-02	7.906450e-03	2.896550e-02
243           	4.133520e-02	3.317570e-02	7.593360e-03	2.793530e-02
244           	4.067010e-02	3.065600e-02	7.277400e-03	2.696990e-02
245           	4.037020e-02	2.984210e-02	7.145740e-03	2.659650e-02
246           	3.959630e-02	3.066970e-02	7.172340e-03	2.702430e-02
247           	3.846070e-02	3.241630e-02	7.321280e-03	2.746200e-02
248           	3.807620e-02	3.457240e-02	7.579590e-03	2.751550e-02
249           	3.891740e-02	3.699410e-02	7.953470e-03	2.800240e-02
250           	4.065170e-02	3.921760e-02	8.363920e-03	2.908990e-02
251           	4.223900e-02	4.045820e-02	8.663160e-03	2.974090e-02
252           	4.391120e-02	4.094980e-02	8.756890e-03	3.013900e-02
253           	4.500710e-02	4.018870e-02	8.641800e-03	2.985530e-02
254           	4.487980e-02	3.823340e-02	8.326940e-03	2.918720e-02
255           	4.366600e-02	3.554590e-02	7.996820e-03	2.900470e-02
256           	4.148830e-02	3.303700e-02	7.695610e-03	2.904200e-02
257           	3.888320e-02	3.163950e-02	7.430530e-03	2.840420e-02
258           	3.637820e-02	3.165220e-02	7.282970e-03	2.737150e-02
259           	3.473180e-02	3.354400e-02	7.260960e-03	2.690220e-02
260           	3.502720e-02	3.609440e-02	7.484590e-03	2.681910e-02
261           	3.658090e-02	3.820370e-02	7.964390e-03	2.722600e-02
262           	3.813590e-02	3.984230e-02	8.419190e-03	2.783120e-02
263           	3.923220e-02	4.011900e-02	8.594120e-03	2.779880e-02
264           	3.936820e-02	3.929770e-02	8.502620e-03	2.734780e-02
265           	3.850360e-02	3.738120e-02	8.153270e-03	2.667200e-02
266           	3.703030e-02	3.438750e-02	7.669410e-03	2.576300e-02
267           	3.568470e-02	3.089960e-02	7.171830e-03	2.476580e-02
268           	3.455320e-02	2.823300e-02	6.678640e-03	2.385180e-02
269           	3.349140e-02	2.692120e-02	6.329280e-03	2.320830e-02
270           	3.253010e-02	2.673050e-02	6.148520e-03	2.292600e-02
271           	3.164180e-02	2.783890e-02	6.193710e-03	2.294650e-02
272           	3.127970e-02	2.952190e-02	6.400850e-03	2.262580e-02
273           	3.184480e-02	3.140470e-02	6.736450e-03	2.263860e-02
274           	3.351110e-02	3.321460e-02	7.115670e-03	2.312900e-02
275           	3.528600e-02	3.414120e-02	7.394550e-03	2.366590e-02
276           	3.646790e-02	3.468090e-02	7.466160e-03	2.404610e-02
277           	3.670850e-02	3.424700e-02	7.317110e-03	2.399950e-02
278           	3.590800e-02	3.271230e-02	6.994680e-03	2.370150e-02
279           	3.455850e-02	3.027800e-02	6.558150e-03	2.326050e-02
280           	3.295630e-02	2.749990e-02	6.122690e-03	2.286550e-02
281           	3.117690e-02	2.564460e-02	5.780230e-03	2.225170e-02
282           	2.946350e-02	2.504980e-02	5.600340e-03	2.128660e-02
283           	2.825790e-02	2.612020e-02	5.634840e-03	2.069010e-02
284           	2.830620e-02	2.789150e-02	5.808810e-03	2.051630e-02
285           	2.937950e-02	2.958180e-02	6.180750e-03	2.069100e-02
286           	3.042160e-02	3.090720e-02	6.543980e-03	2.104100e-02
287           	3.108380e-02	3.121060e-02	6.707290e-03	2.134210e-02
288           	3.130810e-02	3.087530e-02	6.645790e-03	2.131050e-02
289           	3.079060e-02	2.975370e-02	6.382820e-03	2.091000e-02
290           	2.961240e-02	2.776620e-02	5.993430e-03	2.016110e-02
291           	2.802150e-02	2.517610e-02	5.535350e-03	1.906150e-02
292           	2.661020e-02	2.259890e-02	5.087190e-03	1.807410e-02
293           	2.546070e-02	2.102040e-02	4.743000e-03	1.738630e-02
294           	2.445550e-02	2.036940e-02	4.542180e-03	1.693320e-02
295           	2.363310e-02	2.065280e-02	4.508740e-03	1.693780e-02
296           	2.333720e-02	2.160840e-02	4.649000e-03	1.700580e-02
297           	2.377390e-02	2.302930e-02	4.932560e-03	1.732110e-02
298           	2.505090e-02	2.457690e-02	5.262620e-03	1.780970e-02
299           	2.671200e-02	2.586390e-02	5.529840e-03	1.830660e-02
300           	2.805850e-02	2.643210e-02	5.662520e-03	1.836190e-02
301           	2.885010e-02	2.665320e-02	5.657960e-03	1.845660e-02
302           	2.894080e-02	2.629650e-02	5.550440e-03	1.836400e-02
303           	2.827380e-02	2.529580e-02	5.340350e-03	1.800870e-02
304           	2.707820e-02	2.369530e-02	5.074780e-03	1.758060e-02
305           	2.566280e-02	2.183110e-02	4.772980e-03	1.722040e-02
306           	2.425690e-02	2.062020e-02	4.562510e-03	1.698540e-02
307           	2.295180e-02	2.018130e-02	4.468660e-03	1.665520e-02
308           	2.209610e-02	2.087260e-02	4.472830e-03	1.649150e-02
309           	2.223200e-02	2.200630e-02	4.592570e-03	1.640310e-02
310           	2.311480e-02	2.335840e-02	4.822120e-03	1.646380e-02
311           	2.453460e-02	2.457770e-02	5.086140e-03	1.669700e-02
312           	2.582280e-02	2.543560e-02	5.269550e-03	1.703790e-02
313           	2.639430e-02	2.550430e-02	5.294230e-03	1.700650e-02
314           	2.626430e-02	2.497350e-02	5.160740e-03	1.680690e-02
315           	2.548990e-02	2.366490e-02	4.917530e-03	1.641050e-02
316           	2.425200e-02	2.178870e-02	4.591590e-03	1.587910e-02
317           	2.284950e-02	1.968600e-02	4.256430e-03	1.529330e-02
318           	2.149970e-02	1.821210e-02	3.977080e-03	1.478290e-02
319           	2.027220e-02	1.758090e-02	3.792680e-03	1.431490e-02
320           	1.927190e-02	1.782380e-02	3.729530e-03	1.403770e-02
321           	1.887380e-02	1.848190e-02	3.813990e-03	1.385570e-02
322           	1.936380e-02	1.945950e-02	4.031140e-03	1.387620e-02
323           	2.057060e-02	2.043230e-02	4.278100e-03	1.411340e-02
324           	2.164350e-02	2.123950e-02	4.472850e-03	1.445240e-02
325           	2.221000e-02	2.146750e-02	4.529090e-03	1.462330e-02
326           	2.217660e-02	2.127370e-02	4.465830e-03	1.477130e-02
327           	2.174170e-02	2.049180e-02	4.307700e-03	1.462270e-02
328           	2.079340e-02	1.917040e-02	4.060880e-03	1.411420e-02
329           	1.960830e-02	1.742820e-02	3.769480e-03	1.358950e-02
330           	1.850620e-02	1.581180e-02	3.484640e-03	1.314430e-02
331           	1.749370e-02	1.488700e-02	3.276360e-03	1.268960e-02
332           	1.673270e-02	1.461130e-02	3.148090e-03	1.218290e-02
333           	1.631430e-02	1.493540e-02	3.089580e-03	1.180350e-02
334           	1.633110e-02	1.544760e-02	3.139490e-03	1.157270e-02
335           	1.689640e-02	1.610700e-02	3.266780e-03	1.153360e-02
336           	1.753040e-02	1.664350e-02	3.399050e-03	1.174650e-02
337           	1.794480e-02	1.678340e-02	3.460940e-03	1.184900e-02
338           	1.797140e-02	1.658900e-02	3.436040e-03	1.184440e-02
339           	1.768340e-02	1.603370e-02	3.318340e-03	1.172000e-02
340           	1.710140e-02	1.511330e-02	3.113080e-03	1.144130e-02
341           	1.633420e-02	1.391070e-02	2.868360e-03	1.109750e-02
342           	1.553330e-02	1.259130e-02	2.636410e-03	1.066340e-02
343           	1.482130e-02	1.158450e-02	2.438410e-03	1.020830e-02
344           	1.427660e-02	1.098750e-02	2.299440e-03	9.807680e-03
345           	1.390780e-02	1.085260e-02	2.220990e-03	9.544480e-03
346           	1.369960e-02	1.085450e-02	2.204080e-03	9.263680e-03
347           	1.353720e-02	1.086270e-02	2.226570e-03	9.066460e-03
348           	1.338040e-02	1.094200e-02	2.250000e-03	8.896490e-03
349           	1.319900e-02	1.098680e-02	2.253750e-03	8.707960e-03
350           	1.291780e-02	1.082370e-02	2.230860e-03	8.361460e-03
351           	1.247100e-02	1.054180e-02	2.179460e-03	8.006150e-03
352           	1.185310e-02	1.009950e-02	2.096200e-03	7.702530e-03
353           	1.109670e-02	9.508650e-03	1.985800e-03	7.406800e-03
354           	1.028600e-02	8.842780e-03	1.866440e-03	7.115850e-03
355           	9.586640e-03	8.290970e-03	1.760660e-03	6.875080e-03
356           	9.031890e-03	7.952990e-03	1.680910e-03	6.716640e-03
357           	8.709520e-03	7.713130e-03	1.616530e-03	6.544450e-03
358           	8.614160e-03	7.599370e-03	1.569850e-03	6.371250e-03
359           	8.627120e-03	7.628880e-03	1.550930e-03	6.238830e-03
360           	8.740850e-03	7.733700e-03	1.540920e-03	6.173690e-03
361           	8.797210e-03	7.795310e-03	1.530560e-03	6.089960e-03
362           	8.720460e-03	7.720350e-03	1.502760e-03	5.955060e-03
363           	8.438200e-03	7.484210e-03	1.451630e-03	5.738710e-03
364           	8.063060e-03	7.057810e-03	1.388000e-03	5.457710e-03
365           	7.618860e-03	6.557430e-03	1.318510e-03	5.220920e-03
366           	7.148350e-03	6.145260e-03	1.255090e-03	5.097750e-03
367           	6.762500e-03	5.918090e-03	1.216460e-03	5.044140e-03
368           	6.574470e-03	5.874120e-03	1.207820e-03	5.043410e-03
369           	6.592060e-03	5.903680e-03	1.219740e-03	5.067040e-03
370           	6.704310e-03	5.986900e-03	1.244990e-03	5.103720e-03
371           	6.827260e-03	6.083150e-03	1.264840e-03	5.126800e-03
372           	6.894040e-03	6.154590e-03	1.271520e-03	5.093980e-03
373           	6.878200e-03	6.158110e-03	1.261170e-03	4.982530e-03
374           	6.736600e-03	6.055770e-03	1.227480e-03	4.813970e-03
375           	6.496900e-03	5.780660e-03	1.174500e-03	4.558610e-03
376           	6.172510e-03	5.423020e-03	1.110530e-03	4.323520e-03
377           	5.823500e-03	5.017330e-03	1.046310e-03	4.116560e-03
378           	5.430830e-03	4.685720e-03	9.928720e-04	3.975270e-03
379           	5.073090e-03	4.471870e-03	9.517270e-04	3.850400e-03
380           	4.821660e-03	4.379020e-03	9.211110e-04	3.758700e-03
381           	4.674370e-03	4.345780e-03	9.057510e-04	3.701410e-03
382           	4.618190e-03	4.371760e-03	9.059010e-04	3.689560e-03
383           	4.618900e-03	4.435250e-03	9.171840e-04	3.705570e-03
384           	4.644730e-03	4.500650e-03	9.277460e-04	3.708390e-03
385           	4.649940e-03	4.523730e-03	9.311420e-04	3.703160e-03
386           	4.622310e-03	4.497010e-03	9.261540e-04	3.684430e-03
387           	4.574940e-03	4.405800e-03	9.134080e-04	3.665080e-03
388           	4.532390e-03	4.262780e-03	8.975330e-04	3.628780e-03
389           	4.526830e-03	4.089380e-03	8.791840e-04	3.590170e-03
390           	4.520120e-03	3.923000e-03	8.616370e-04	3.558940e-03
391           	4.519830e-03	3.829610e-03	8.481120e-04	3.550020e-03
392           	4.545270e-03	3.803040e-03	8.381290e-04	3.563720e-03
393           	4.565780e-03	3.825310e-03	8.316110e-04	3.573520e-03
394           	4.575690e-03	3.870710e-03	8.266880e-04	3.578280e-03
395           	4.587420e-03	3.911950e-03	8.227320e-04	3.581470e-03
396           	4.595530e-03	3.938510e-03	8.172450e-04	3.571950e-03
397           	4.570550e-03	3.968580e-03	8.146340e-04	3.576500e-03
398           	4.539930e-03	3.944360e-03	8.181010e-04	3.550570e-03
399           	4.534140e-03	3.932130e-03	8.285870e-04	3.549950e-03
400           	4.557740e-03	3.942990e-03	8.431930e-04	3.570060e-03
401           	4.619280e-03	3.962530e-03	8.574580e-04	3.587070e-03
402           	4.707400e-03	3.994430e-03	8.718960e-04	3.617250e-03
403           	4.816280e-03	4.020080e-03	8.803960e-04	3.656400e-03
404           	4.925150e-03	4.023210e-03	8.800670e-04	3.683030e-03
405           	5.003580e-03	4.008490e-03	8.746270e-04	3.694470e-03
406           	5.045940e-03	3.967710e-03	8.632390e-04	3.699930e-03
407           	5.048590e-03	3.897280e-03	8.473100e-04	3.711600e-03
408           	5.019050e-03	3.818020e-03	8.277580e-04	3.724960e-03
409           	4.966350e-03	3.769930e-03	8.026660e-04	3.720600e-03
410           	4.898730e-03	3.760140e-03	7.796580e-04	3.686830e-03
411           	4.839610e-03	3.788920e-03	7.762520e-04	3.630810e-03
412           	4.782700e-03	3.918470e-03	7.891510e-04	3.591570e-03
413           	4.749720e-03	4.048240e-03	8.119110e-04	3.530320e-03
414           	4.741990e-03	4.215250e-03	8.407930e-04	3.486310e-03
415           	4.778330e-03	4.376110e-03	8.764030e-04	3.474260e-03
416           	4.875560e-03	4.517510e-03	9.150570e-04	3.507230e-03
417           	4.989850e-03	4.603500e-03	9.454590e-04	3.530270e-03
418           	5.049420e-03	4.607830e-03	9.610430e-04	3.534720e-03
419           	5.048810e-03	4.486560e-03	9.569070e-04	3.474880e-03
420           	4.984670e-03	4.309610e-03	9.388320e-04	3.426240e-03
421           	4.862350e-03	4.071980e-03	9.055930e-04	3.370670e-03
422           	4.739720e-03	3.863220e-03	8.652810e-04	3.334480e-03
423           	4.616800e-03	3.766210e-03	8.276550e-04	3.342710e-03
424           	4.527770e-03	3.742440e-03	8.013240e-04	3.329540e-03
425           	4.528130e-03	3.818340e-03	7.990260e-04	3.317460e-03
426           	4.666440e-03	3.975820e-03	8.186520e-04	3.334970e-03
427           	4.869840e-03	4.190330e-03	8.482010e-04	3.368090e-03
428           	5.052130e-03	4.408580e-03	8.821560e-04	3.417440e-03
429           	5.208690e-03	4.579600e-03	9.086600e-04	3.477700e-03
430           	5.294770e-03	4.625300e-03	9.190670e-04	3.464070e-03
431           	5.291800e-03	4.590080e-03	9.110740e-04	3.431490e-03
432           	5.212960e-03	4.464630e-03	8.864150e-04	3.368920e-03
433           	5.092280e-03	4.247980e-03	8.472370e-04	3.284120e-03
434           	4.913220e-03	3.967090e-03	8.016860e-04	3.183570e-03
435           	4.728910e-03	3.727470e-03	7.587590e-04	3.103370e-03
436           	4.572040e-03	3.574540e-03	7.264640e-04	3.047400e-03
437           	4.457280e-03	3.537820e-03	7.063050e-04	3.023820e-03
438           	4.410790e-03	3.584600e-03	7.049850e-04	3.007370e-03
439           	4.450810e-03	3.694240e-03	7.245030e-04	3.013620e-03
440           	4.513370e-03	3.843580e-03	7.550800e-04	3.036150e-03
441           	4.593680e-03	3.980290e-03	7.882080e-04	3.086450e-03
442           	4.646150e-03	4.076740e-03	8.103630e-04	3.120920e-03
443           	4.633690e-03	4.095510e-03	8.154180e-04	3.132380e-03
444           	4.567170e-03	3.988940e-03	8.024360e-04	3.094830e-03
445           	4.442550e-03	3.813070e-03	7.788890e-04	3.044200e-03
446           	4.271410e-03	3.577380e-03	7.457020e-04	2.975190e-03
447           	4.084670e-03	3.316670e-03	7.082780e-04	2.897780e-03
448           	3.895580e-03	3.129450e-03	6.724610e-04	2.802050e-03
449           	3.723030e-03	3.059320e-03	6.480470e-04	2.740990e-03
450           	3.609240e-03	3.067380e-03	6.411860e-04	2.688840e-03
451           	3.592340e-03	3.155620e-03	6.529030e-04	2.659390e-03
452           	3.664520e-03	3.309310e-03	6.809800e-04	2.672950e-03
453           	3.778760e-03	3.480690e-03	7.168230e-04	2.730800e-03
454           	3.918770e-03	3.642740e-03	7.478250e-04	2.830140e-03
455           	4.036000e-03	3.753290e-03	7.644830e-04	2.925070e-03
456           	4.120350e-03	3.760470e-03	7.623690e-04	2.967470e-03
457           	4.181150e-03	3.698150e-03	7.460390e-04	2.997530e-03
458           	4.211840e-03	3.568970e-03	7.186490e-04	3.002840e-03
459           	4.208070e-03	3.389280e-03	6.847820e-04	2.974850e-03
460           	4.200010e-03	3.196150e-03	6.513790e-04	2.940960e-03
461           	4.190720e-03	3.081950e-03	6.231310e-04	2.931570e-03
462           	4.212500e-03	3.026720e-03	6.016680e-04	2.914480e-03
463           	4.257640e-03	3.019240e-03	5.907540e-04	2.894720e-03
464           	4.317400e-03	3.056230e-03	5.922860e-04	2.879290e-03
465           	4.387560e-03	3.138470e-03	6.006230e-04	2.890940e-03
466           	4.457200e-03	3.187960e-03	6.122580e-04	2.875420e-03
467           	4.511190e-03	3.209980e-03	6.191660e-04	2.851990e-03
468           	4.536940e-03	3.198970e-03	6.174850e-04	2.819530e-03
469           	4.529030e-03	3.144910e-03	6.068700e-04	2.772980e-03
470           	4.491500e-03	3.052980e-03	5.890990e-04	2.713850e-03
471           	4.426060e-03	2.959000e-03	5.667110e-04	2.648170e-03
472           	4.334920e-03	2.886130e-03	5.446940e-04	2.580890e-03
473           	4.243930e-03	2.847770e-03	5.280160e-04	2.530570e-03
474           	4.147560e-03	2.836700e-03	5.197950e-04	2.502560e-03
475           	4.062180e-03	2.848710e-03	5.195100e-04	2.482560e-03
476           	3.989390e-03	2.883300e-03	5.279660e-04	2.464130e-03
477           	3.935390e-03	2.933080e-03	5.390390e-04	2.446280e-03
478           	3.887090e-03	2.983460e-03	5.516100e-04	2.440350e-03
479           	3.831540e-03	3.015760e-03	5.633000e-04	2.432370e-03
480           	3.772260e-03	3.014010e-03	5.684640e-04	2.430450e-03
481           	3.698070e-03	2.973390e-03	5.659000e-04	2.411550e-03
482           	3.604850e-03	2.891770e-03	5.549080e-04	2.368670e-03
483           	3.508410e-03	2.773030e-03	5.365670e-04	2.307060e-03
484           	3.396390e-03	2.627890e-03	5.125570e-04	2.223860e-03
485           	3.277350e-03	2.466330e-03	4.853530e-04	2.135630e-03
486           	3.156420e-03	2.306270e-03	4.584040e-04	2.050510e-03
487           	3.042220e-03	2.176050e-03	4.360000e-04	1.974520e-03
488           	2.940680e-03	2.092300e-03	4.199910e-04	1.921270e-03
489           	2.867190e-03	2.055790e-03	4.109400e-04	1.891620e-03
490           	2.834980e-03	2.053510e-03	4.075070e-04	1.880620e-03
491           	2.832560e-03	2.071430e-03	4.100620e-04	1.884440e-03
492           	2.849030e-03	2.094070e-03	4.135050e-04	1.892890e-03
493           	2.858600e-03	2.114830e-03	4.152680e-04	1.898560e-03
494           	2.855420e-03	2.116900e-03	4.142400e-04	1.897030e-03
495           	2.838050e-03	2.095520e-03	4.092240e-04	1.880870e-03
496           	2.805720e-03	2.048950e-03	3.995260e-04	1.851240e-03
497           	2.754010e-03	1.984940e-03	3.888350e-04	1.815680e-03
498           	2.684590e-03	1.906530e-03	3.776250e-04	1.771520e-03
499           	2.602370e-03	1.826630e-03	3.676650e-04	1.724960e-03
500           	2.516010e-03	1.761680e-03	3.601590e-04	1.683200e-03
501           	2.437580e-03	1.719450e-03	3.558370e-04	1.655380e-03
502           	2.372720e-03	1.706140e-03	3.560160e-04	1.643270e-03
503           	2.328380e-03	1.727470e-03	3.607060e-04	1.657400e-03
504           	2.313330e-03	1.775780e-03	3.680880e-04	1.697320e-03
505           	2.336440e-03	1.841620e-03	3.772390e-04	1.760760e-03
506           	2.392970e-03	1.918420e-03	3.886790e-04	1.843990e-03
507           	2.476500e-03	1.998240e-03	4.012790e-04	1.928230e-03
508           	2.578800e-03	2.076130e-03	4.131220e-04	2.002430e-03
509           	2.678730e-03	2.141080e-03	4.228850e-04	2.061900e-03
510           	2.769340e-03	2.186290e-03	4.295480e-04	2.102480e-03
511           	2.845900e-03	2.210180e-03	4.313760e-04	2.123620e-03
512           	2.905070e-03	2.216700e-03	4.295100e-04	2.128890e-03
513           	2.937130e-03	2.203690e-03	4.246150e-04	2.115340e-03
514           	2.943990e-03	2.174670e-03	4.180320e-04	2.081940e-03
515           	2.931990e-03	2.135760e-03	4.113390e-04	2.033490e-03
516           	2.901060e-03	2.089270e-03	4.046000e-04	1.979820e-03
517           	2.856340e-03	2.036100e-03	3.985510e-04	1.926830e-03
518           	2.810170e-03	1.985490e-03	3.937120e-04	1.886430e-03
519           	2.776170e-03	1.940900e-03	3.895930e-04	1.856920e-03
520           	2.752700e-03	1.910410e-03	3.868130e-04	1.832980e-03
521           	2.734290e-03	1.886400e-03	3.848410e-04	1.829040e-03
522           	2.726220e-03	1.885520e-03	3.826680e-04	1.833610e-03
523           	2.731570e-03	1.902880e-03	3.797910e-04	1.862650e-03
524           	2.751740e-03	1.915980e-03	3.787450e-04	1.882960e-03
525           	2.780100e-03	1.935650e-03	3.798940e-04	1.903820e-03
526           	2.816520e-03	1.956730e-03	3.817800e-04	1.920000e-03
527           	2.851290e-03	1.977520e-03	3.839230e-04	1.931550e-03
528           	2.882830e-03	1.993630e-03	3.859660e-04	1.938400e-03
529           	2.913670e-03	2.007400e-03	3.881190e-04	1.940780e-03
530           	2.943010e-03	2.020730e-03	3.907400e-04	1.941350e-03
531           	2.971600e-03	2.033120e-03	3.927740e-04	1.945150e-03
532           	2.999640e-03	2.041830e-03	3.944080e-04	1.955750e-03
533           	3.029610e-03	2.050560e-03	3.959490e-04	1.973050e-03
534           	3.066590e-03	2.057960e-03	3.975530e-04	1.992180e-03
535           	3.113040e-03	2.062710e-03	3.988730e-04	2.017100e-03
536           	3.166090e-03	2.063730e-03	3.989880e-04	2.044550e-03
537           	3.232390e-03	2.065750e-03	3.979890e-04	2.076180e-03
538           	3.307370e-03	2.067570e-03	3.955290e-04	2.104040e-03
539           	3.379430e-03	2.068120e-03	3.911360e-04	2.126380e-03
540           	3.436190e-03	2.069630e-03	3.856560e-04	2.139090e-03
541           	3.478640e-03	2.066460e-03	3.794510e-04	2.134720e-03
542           	3.507560e-03	2.056300e-03	3.727460e-04	2.114580e-03
543           	3.513620e-03	2.040000e-03	3.667570e-04	2.085750e-03
544           	3.493040e-03	2.013800e-03	3.597790e-04	2.045580e-03
545           	3.446920e-03	1.976790e-03	3.522100e-04	1.994920e-03
546           	3.374820e-03	1.931350e-03	3.448040e-04	1.935180e-03
547           	3.279040e-03	1.877290e-03	3.368390e-04	1.866740e-03
548           	3.160370e-03	1.819240e-03	3.283120e-04	1.796090e-03
549           	3.032620e-03	1.762670e-03	3.203240e-04	1.728750e-03
550           	2.896220e-03	1.708460e-03	3.123440e-04	1.667710e-03
551           	2.762840e-03	1.660890e-03	3.043850e-04	1.612790e-03
552           	2.638870e-03	1.621910e-03	2.971930e-04	1.563540e-03
553           	2.526290e-03	1.597770e-03	2.914970e-04	1.526290e-03
554           	2.428790e-03	1.578700e-03	2.881630e-04	1.493160e-03
555           	2.346490e-03	1.563130e-03	2.864280e-04	1.463730e-03
556           	2.274670e-03	1.539160e-03	2.846690e-04	1.432080e-03
557           	2.215140e-03	1.517130e-03	2.821310e-04	1.405440e-03
558           	2.164970e-03	1.495790e-03	2.783670e-04	1.382510e-03
559           	2.125050e-03	1.469420e-03	2.727350e-04	1.363730e-03
560           	2.094080e-03	1.432900e-03	2.670390e-04	1.351790e-03
561           	2.073710e-03	1.400940e-03	2.630500e-04	1.350470e-03
562           	2.070520e-03	1.388320e-03	2.624730e-04	1.363760e-03
563           	2.082730e-03	1.409410e-03	2.653210e-04	1.401860e-03
564           	2.106350e-03	1.456680e-03	2.728510e-04	1.449480e-03
565           	2.155050e-03	1.524010e-03	2.846610e-04	1.497000e-03
566           	2.215490e-03	1.599970e-03	2.993940e-04	1.547370e-03
567           	2.282520e-03	1.683750e-03	3.160700e-04	1.601870e-03
568           	2.352180e-03	1.762380e-03	3.323550e-04	1.652890e-03
569           	2.418700e-03	1.831660e-03	3.467100e-04	1.697530e-03
570           	2.477130e-03	1.873230e-03	3.567840e-04	1.726970e-03
571           	2.525760e-03	1.900850e-03	3.622120e-04	1.749480e-03
572           	2.560470e-03	1.914470e-03	3.629920e-04	1.766080e-03
573           	2.584240e-03	1.909770e-03	3.596510e-04	1.769140e-03
574           	2.597330e-03	1.883680e-03	3.530480e-04	1.761430e-03
575           	2.603530e-03	1.845630e-03	3.443510e-04	1.745820e-03
576           	2.603930e-03	1.800380e-03	3.350430e-04	1.727300e-03
577           	2.608060e-03	1.753980e-03	3.254700e-04	1.705910e-03
578           	2.610220e-03	1.719870e-03	3.177560e-04	1.680270e-03
579           	2.609370e-03	1.705550e-03	3.107570e-04	1.665150e-03
580           	2.602750e-03	1.694990e-03	3.059770e-04	1.647730e-03
581           	2.603580e-03	1.684340e-03	3.034420e-04	1.633330e-03
582           	2.609580e-03	1.676910e-03	3.028990e-04	1.614630e-03
583           	2.606340e-03	1.664510e-03	3.024040e-04	1.589360e-03
584           	2.588550e-03	1.642910e-03	3.009850e-04	1.561320e-03
585           	2.554020e-03	1.608030e-03	2.984590e-04	1.522230e-03
586           	2.505780e-03	1.567870e-03	2.941550e-04	1.479880e-03
587           	2.437980e-03	1.522000e-03	2.879530e-04	1.436100e-03
588           	2.359530e-03	1.472970e-03	2.811560e-04	1.390960e-03
589           	2.271240e-03	1.428810e-03	2.748500e-04	1.346350e-03
590           	2.182270e-03	1.389500e-03	2.694960e-04	1.305320e-03
591           	2.088710e-03	1.359570e-03	2.657330e-04	1.272360e-03
592           	2.006250e-03	1.341100e-03	2.636280e-04	1.246950e-03
593           	1.939870e-03	1.334630e-03	2.621150e-04	1.235130e-03
594           	1.881150e-03	1.336640e-03	2.632450e-04	1.230620e-03
595           	1.837850e-03	1.344960e-03	2.646280e-04	1.239090e-03
596           	1.824820e-03	1.355140e-03	2.657190e-04	1.259500e-03
597           	1.839960e-03	1.366790e-03	2.662750e-04	1.284400e-03
598           	1.880430e-03	1.374750e-03	2.654020e-04	1.307170e-03
599           	1.934810e-03	1.375780e-03	2.626110e-04	1.325920e-03
600           	1.993240e-03	1.367270e-03	2.582510e-04	1.335570e-03
601           	2.046130e-03	1.354900e-03	2.527990e-04	1.340430e-03
602           	2.093170e-03	1.346970e-03	2.472080e-04	1.343650e-03
603           	2.134800e-03	1.346850e-03	2.427590e-04	1.347700e-03
604           	2.169490e-03	1.349490e-03	2.400370e-04	1.354490e-03
605           	2.200050e-03	1.358820e-03	2.404990e-04	1.363270e-03
606           	2.223120e-03	1.385220e-03	2.430130e-04	1.378070e-03
607           	2.236670e-03	1.412020e-03	2.469060e-04	1.386550e-03
608           	2.237540e-03	1.435220e-03	2.516130e-04	1.388890e-03
609           	2.228070e-03	1.445490e-03	2.561060e-04	1.377640e-03
610           	2.206320e-03	1.449770e-03	2.592050e-04	1.362860e-03
611           	2.173950e-03	1.447360e-03	2.607830e-04	1.343590e-03
612           	2.122070e-03	1.434030e-03	2.599070e-04	1.317700e-03
613           	2.063760e-03	1.403210e-03	2.557370e-04	1.286410e-03
614           	1.999590e-03	1.359910e-03	2.492710e-04	1.246890e-03
615           	1.922060e-03	1.309020e-03	2.413460e-04	1.196540e-03
616           	1.834520e-03	1.249830e-03	2.322310e-04	1.144680e-03
617           	1.744850e-03	1.187070e-03	2.233080e-04	1.094510e-03
618           	1.655690e-03	1.123940e-03	2.153340e-04	1.047610e-03
619           	1.576750e-03	1.068420e-03	2.090830e-04	1.007590e-03
620           	1.510720e-03	1.030580e-03	2.059200e-04	9.812440e-04
621           	1.463120e-03	1.017710e-03	2.050440e-04	9.710760e-04
622           	1.430980e-03	1.025050e-03	2.066520e-04	9.718860e-04
623           	1.421190e-03	1.053510e-03	2.105590e-04	9.879370e-04
624           	1.433630e-03	1.085410e-03	2.161430e-04	1.014620e-03
625           	1.460070e-03	1.118880e-03	2.217390e-04	1.041190e-03
626           	1.486990e-03	1.145120e-03	2.261940e-04	1.062170e-03
627           	1.509390e-03	1.164690e-03	2.295250e-04	1.077740e-03
628           	1.525900e-03	1.165840e-03	2.305310e-04	1.080320e-03
629           	1.536570e-03	1.159250e-03	2.299010e-04	1.078340e-03
630           	1.539540e-03	1.144780e-03	2.268650e-04	1.072460e-03
631           	1.533970e-03	1.122760e-03	2.217580e-04	1.060040e-03
632           	1.521240e-03	1.091480e-03	2.152560e-04	1.042590e-03
633           	1.507370e-03	1.058740e-03	2.087950e-04	1.022090e-03
634           	1.485780e-03	1.030430e-03	2.026650e-04	1.002550e-03
635           	1.463110e-03	1.004180e-03	1.971430e-04	9.842460e-04
636           	1.442440e-03	9.802890e-04	1.921980e-04	9.696940e-04
637           	1.422960e-03	9.681640e-04	1.885790e-04	9.594530e-04
638           	1.405260e-03	9.594850e-04	1.856380e-04	9.510360e-04
639           	1.392230e-03	9.535740e-04	1.835690e-04	9.431990e-04
640           	1.383630e-03	9.524340e-04	1.828580e-04	9.361140e-04
641           	1.378980e-03	9.533280e-04	1.827700e-04	9.281070e-04
642           	1.366400e-03	9.459080e-04	1.824200e-04	9.177630e-04
643           	1.356130e-03	9.378720e-04	1.815320e-04	9.053070e-04
644           	1.341390e-03	9.214990e-04	1.802040e-04	8.900040e-04
645           	1.320820e-03	8.963100e-04	1.781490e-04	8.680660e-04
646           	1.297220e-03	8.713500e-04	1.760790e-04	8.454280e-04
647           	1.271530e-03	8.514110e-04	1.740170e-04	8.250430e-04
648           	1.239310e-03	8.340780e-04	1.724730e-04	8.047040e-04
649           	1.208760e-03	8.238350e-04	1.721120e-04	7.906030e-04
650           	1.183260e-03	8.234810e-04	1.718660e-04	7.882520e-04
651           	1.161790e-03	8.264310e-04	1.720540e-04	7.929680e-04
652           	1.149850e-03	8.340550e-04	1.722970e-04	8.047330e-04
653           	1.146150e-03	8.484040e-04	1.733150e-04	8.242960e-04
654           	1.155130e-03	8.634300e-04	1.739770e-04	8.454120e-04
655           	1.177730e-03	8.821780e-04	1.752600e-04	8.677110e-04
656           	1.212370e-03	9.003140e-04	1.762670e-04	8.899200e-04
657           	1.257490e-03	9.172850e-04	1.769090e-04	9.057950e-04
658           	1.302100e-03	9.274670e-04	1.765800e-04	9.174760e-04
659           	1.341420e-03	9.328420e-04	1.757230e-04	9.265040e-04
660           	1.374240e-03	9.339440e-04	1.738470e-04	9.299520e-04
661           	1.399840e-03	9.328890e-04	1.717720e-04	9.293230e-04
662           	1.414930e-03	9.308220e-04	1.698460e-04	9.247280e-04
663           	1.423990e-03	9.262350e-04	1.682040e-04	9.213260e-04
664           	1.426630e-03	9.221560e-04	1.676260e-04	9.171020e-04
665           	1.419660e-03	9.192080e-04	1.671570e-04	9.117310e-04
666           	1.403950e-03	9.138730e-04	1.662520e-04	9.015620e-04
667           	1.382440e-03	9.097610e-04	1.661620e-04	8.899160e-04
668           	1.354540e-03	9.052570e-04	1.664040e-04	8.767560e-04
669           	1.320060e-03	8.981680e-04	1.663020e-04	8.618800e-04
670           	1.279490e-03	8.889410e-04	1.656920e-04	8.444400e-04
671           	1.236770e-03	8.730650e-04	1.646820e-04	8.236840e-04
672           	1.193030e-03	8.520770e-04	1.630410e-04	8.052410e-04
673           	1.152620e-03	8.298730e-04	1.611780e-04	7.909310e-04
674           	1.121750e-03	8.081340e-04	1.593370e-04	7.813960e-04
675           	1.100800e-03	7.943870e-04	1.586520e-04	7.777910e-04
676           	1.091340e-03	7.938600e-04	1.595120e-04	7.858410e-04
677           	1.098020e-03	8.147350e-04	1.622740e-04	8.151270e-04
678           	1.131560e-03	8.523880e-04	1.672590e-04	8.573530e-04
679           	1.185080e-03	8.973680e-04	1.738220e-04	9.035600e-04
680           	1.255310e-03	9.539500e-04	1.819030e-04	9.523980e-04
681           	1.331070e-03	1.014670e-03	1.910080e-04	1.001330e-03
682           	1.412060e-03	1.070480e-03	1.995520e-04	1.047010e-03
683           	1.486480e-03	1.120880e-03	2.077160e-04	1.088240e-03
684           	1.558870e-03	1.163090e-03	2.143280e-04	1.126390e-03
685           	1.620190e-03	1.193760e-03	2.188160e-04	1.153760e-03
686           	1.670270e-03	1.209310e-03	2.215610e-04	1.166730e-03
687           	1.708400e-03	1.218930e-03	2.225860e-04	1.173830e-03
688           	1.734450e-03	1.219070e-03	2.216570e-04	1.173480e-03
689           	1.750970e-03	1.207230e-03	2.191480e-04	1.165620e-03
690           	1.758470e-03	1.190140e-03	2.158260e-04	1.153280e-03
691           	1.765820e-03	1.164690e-03	2.114850e-04	1.136970e-03
692           	1.759720e-03	1.142050e-03	2.070180e-04	1.120750e-03
693           	1.747830e-03	1.117360e-03	2.028030e-04	1.103790e-03
694           	1.729380e-03	1.091080e-03	1.984170e-04	1.085210e-03
695           	1.703110e-03	1.065610e-03	1.944170e-04	1.065290e-03
696           	1.676260e-03	1.040860e-03	1.913080e-04	1.048580e-03
697           	1.648570e-03	1.019960e-03	1.892110e-04	1.029700e-03
698           	1.618790e-03	1.003300e-03	1.883080e-04	1.011690e-03
699           	1.587310e-03	9.880820e-04	1.873980e-04	9.935650e-04
700           	1.550180e-03	9.686800e-04	1.869950e-04	9.736860e-04
701           	1.515320e-03	9.567360e-04	1.864050e-04	9.536570e-04
702           	1.479730e-03	9.478560e-04	1.863170e-04	9.402290e-04
703           	1.443580e-03	9.406010e-04	1.860300e-04	9.291880e-04
704           	1.422950e-03	9.375460e-04	1.857680e-04	9.216910e-04
705           	1.402040e-03	9.380250e-04	1.862790e-04	9.185470e-04
706           	1.393680e-03	9.447070e-04	1.869120e-04	9.247720e-04
707           	1.399350e-03	9.561980e-04	1.880300e-04	9.427040e-04
708           	1.415450e-03	9.775780e-04	1.896920e-04	9.700400e-04
709           	1.443730e-03	9.996560e-04	1.910930e-04	1.001470e-03
710           	1.489470e-03	1.025570e-03	1.928030e-04	1.036960e-03
711           	1.549760e-03	1.051430e-03	1.940560e-04	1.071480e-03
712           	1.621360e-03	1.075430e-03	1.949820e-04	1.102600e-03
713           	1.693370e-03	1.100400e-03	1.959840e-04	1.131900e-03
714           	1.756270e-03	1.122570e-03	1.965150e-04	1.155010e-03
715           	1.816970e-03	1.135580e-03	1.960630e-04	1.173980e-03
716           	1.868590e-03	1.148630e-03	1.959510e-04	1.188820e-03
717           	1.909050e-03	1.158540e-03	1.958360e-04	1.196350e-03
718           	1.935670e-03	1.162560e-03	1.954220e-04	1.197800e-03
719           	1.948270e-03	1.164840e-03	1.955960e-04	1.194490e-03
720           	1.945850e-03	1.155350e-03	1.955300e-04	1.180500e-03
721           	1.934190e-03	1.145690e-03	1.957330e-04	1.164160e-03
722           	1.906060e-03	1.141340e-03	1.958130e-04	1.149490e-03
723           	1.870270e-03	1.126400e-03	1.953230e-04	1.124180e-03
724           	1.823450e-03	1.108600e-03	1.947050e-04	1.095630e-03
725           	1.770320e-03	1.090860e-03	1.940350e-04	1.064530e-03
726           	1.709390e-03	1.069710e-03	1.925770e-04	1.032020e-03
727           	1.643500e-03	1.044260e-03	1.900160e-04	9.982380e-04
728           	1.572590e-03	1.016930e-03	1.867190e-04	9.655750e-04
729           	1.504100e-03	9.880810e-04	1.830350e-04	9.341120e-04
730           	1.442960e-03	9.551650e-04	1.786870e-04	9.056150e-04
731           	1.388900e-03	9.222220e-04	1.751220e-04	8.839550e-04
732           	1.344170e-03	8.935980e-04	1.723150e-04	8.682720e-04
733           	1.316420e-03	8.736050e-04	1.706120e-04	8.613510e-04
734           	1.299270e-03	8.713970e-04	1.714630e-04	8.666770e-04
735           	1.299080e-03	8.900190e-04	1.741160e-04	8.920590e-04
736           	1.322880e-03	9.225570e-04	1.780930e-04	9.255040e-04
737           	1.363100e-03	9.636940e-04	1.842840e-04	9.645180e-04
738           	1.409320e-03	1.008930e-03	1.917680e-04	1.005630e-03
739           	1.465010e-03	1.052300e-03	1.987630e-04	1.047810e-03
740           	1.524650e-03	1.094140e-03	2.053640e-04	1.086610e-03
741           	1.583060e-03	1.135130e-03	2.115050e-04	1.119570e-03
742           	1.636980e-03	1.161080e-03	2.160660e-04	1.140190e-03
743           	1.684140e-03	1.182700e-03	2.190610e-04	1.157160e-03
744           	1.722660e-03	1.200010e-03	2.206640e-04	1.169610e-03
745           	1.752870e-03	1.207760e-03	2.200720e-04	1.174480e-03
746           	1.775700e-03	1.207460e-03	2.181460e-04	1.174050e-03
747           	1.788400e-03	1.199650e-03	2.150670e-04	1.167760e-03
748           	1.794990e-03	1.183560e-03	2.112070e-04	1.154760e-03
749           	1.792670e-03	1.160840e-03	2.064330e-04	1.137950e-03
750           	1.786210e-03	1.135860e-03	2.016340e-04	1.118820e-03
751           	1.775460e-03	1.108060e-03	1.965820e-04	1.098530e-03
752           	1.758010e-03	1.084160e-03	1.914170e-04	1.081320e-03
753           	1.734310e-03	1.059300e-03	1.868720e-04	1.061370e-03
754           	1.707870e-03	1.034730e-03	1.833150e-04	1.038430e-03
755           	1.677320e-03	1.010270e-03	1.806560e-04	1.012270e-03
756           	1.642740e-03	9.873610e-04	1.789490e-04	9.858710e-04
757           	1.603570e-03	9.595170e-04	1.773510e-04	9.557790e-04
758           	1.561870e-03	9.348510e-04	1.762240e-04	9.290550e-04
759           	1.514260e-03	9.141920e-04	1.750450e-04	9.037570e-04
760           	1.468340e-03	8.956860e-04	1.736560e-04	8.813690e-04
761           	1.419330e-03	8.785050e-04	1.725540e-04	8.639680e-04
762           	1.371380e-03	8.638820e-04	1.720440e-04	8.496170e-04
763           	1.332250e-03	8.533240e-04	1.717810e-04	8.406570e-04
764           	1.299770e-03	8.521100e-04	1.722590e-04	8.389940e-04
765           	1.279570e-03	8.585990e-04	1.724440e-04	8.470070e-04
766           	1.273900e-03	8.736380e-04	1.727020e-04	8.680540e-04
767           	1.285170e-03	8.924800e-04	1.732100e-04	8.945410e-04
768           	1.311000e-03	9.135290e-04	1.738240e-04	9.246000e-04
769           	1.355390e-03	9.346340e-04	1.740720e-04	9.538350e-04
770           	1.414460e-03	9.558430e-04	1.742220e-04	9.821030e-04
771           	1.473400e-03	9.761640e-04	1.744740e-04	1.005870e-03
772           	1.534990e-03	9.897830e-04	1.739200e-04	1.027460e-03
773           	1.593420e-03	1.003180e-03	1.733260e-04	1.043560e-03
774           	1.639800e-03	1.014180e-03	1.725900e-04	1.053290e-03
775           	1.680480e-03	1.020320e-03	1.724080e-04	1.056990e-03
776           	1.710730e-03	1.028260e-03	1.728050e-04	1.061200e-03
777           	1.731870e-03	1.033160e-03	1.732420e-04	1.060350e-03
778           	1.741710e-03	1.035240e-03	1.740310e-04	1.057300e-03
779           	1.742640e-03	1.036850e-03	1.750940e-04	1.051320e-03
780           	1.732450e-03	1.034490e-03	1.758610e-04	1.040430e-03
781           	1.713940e-03	1.028840e-03	1.766240e-04	1.025150e-03
782           	1.683810e-03	1.018690e-03	1.765420e-04	1.006190e-03
783           	1.646380e-03	1.004720e-03	1.757090e-04	9.816300e-04
784           	1.599930e-03	9.856610e-04	1.741260e-04	9.533580e-04
785           	1.545740e-03	9.624330e-04	1.718110e-04	9.230030e-04
786           	1.484350e-03	9.347040e-04	1.684900e-04	8.909460e-04
787           	1.418970e-03	9.049050e-04	1.648320e-04	8.601440e-04
788           	1.353660e-03	8.725160e-04	1.611650e-04	8.301220e-04
789           	1.294820e-03	8.394420e-04	1.573450e-04	8.017750e-04
790           	1.241810e-03	8.084470e-04	1.546080e-04	7.808420e-04
791           	1.199910e-03	7.827490e-04	1.527650e-04	7.660480e-04
792           	1.165170e-03	7.699040e-04	1.521380e-04	7.586950e-04
793           	1.147830e-03	7.754290e-04	1.534650e-04	7.682510e-04
794           	1.149240e-03	7.986400e-04	1.560480e-04	7.925060e-04
795           	1.170620e-03	8.296470e-04	1.602140e-04	8.235380e-04
796           	1.206970e-03	8.644740e-04	1.655760e-04	8.592340e-04
797           	1.251070e-03	9.040760e-04	1.717980e-04	8.967530e-04
798           	1.303180e-03	9.396830e-04	1.770610e-04	9.343900e-04
799           	1.359690e-03	9.733330e-04	1.814380e-04	9.677230e-04
800           	1.413440e-03	1.002980e-03	1.852980e-04	9.960490e-04
801           	1.462260e-03	1.023710e-03	1.879400e-04	1.014060e-03
802           	1.504810e-03	1.040410e-03	1.894820e-04	1.028920e-03
803           	1.541360e-03	1.052060e-03	1.897630e-04	1.039800e-03
804           	1.573130e-03	1.058890e-03	1.891710e-04	1.046360e-03
805           	1.596140e-03	1.058900e-03	1.873960e-04	1.046990e-03
806           	1.613900e-03	1.051910e-03	1.851370e-04	1.043550e-03
807           	1.624890e-03	1.041090e-03	1.821260e-04	1.035460e-03
808           	1.631340e-03	1.025310e-03	1.789090e-04	1.024690e-03
809           	1.632740e-03	1.008030e-03	1.754160e-04	1.011390e-03
810           	1.628390e-03	9.926650e-04	1.716300e-04	1.000490e-03
811           	1.614820e-03	9.721120e-04	1.678000e-04	9.831470e-04
812           	1.597150e-03	9.466570e-04	1.647130e-04	9.590670e-04
813           	1.572800e-03	9.232100e-04	1.623200e-04	9.341410e-04
814           	1.544370e-03	8.997430e-04	1.604440e-04	9.079280e-04
815           	1.509080e-03	8.754070e-04	1.586350e-04	8.813640e-04
816           	1.470520e-03	8.526210e-04	1.573510e-04	8.550020e-04
817           	1.426670e-03	8.316820e-04	1.562700e-04	8.299160e-04
818           	1.381600e-03	8.120430e-04	1.554050e-04	8.089130e-04
819           	1.332730e-03	7.922850e-04	1.547050e-04	7.908780e-04
820           	1.284870e-03	7.755000e-04	1.544870e-04	7.762570e-04
821           	1.242980e-03	7.648940e-04	1.545590e-04	7.666360e-04
822           	1.204540e-03	7.612900e-04	1.552670e-04	7.600620e-04
823           	1.173090e-03	7.663880e-04	1.555250e-04	7.653970e-04
824           	1.154600e-03	7.785100e-04	1.559100e-04	7.793040e-04
825           	1.151680e-03	7.936270e-04	1.563500e-04	7.986800e-04
826           	1.165730e-03	8.112680e-04	1.569190e-04	8.223650e-04
827           	1.196350e-03	8.317380e-04	1.573670e-04	8.487230e-04
828           	1.242140e-03	8.509660e-04	1.574190e-04	8.737770e-04
829           	1.295160e-03	8.689650e-04	1.574460e-04	8.954020e-04
830           	1.352260e-03	8.836350e-04	1.569940e-04	9.169620e-04
831           	1.406000e-03	8.955470e-04	1.562200e-04	9.322950e-04
832           	1.452610e-03	9.023190e-04	1.554190e-04	9.396990e-04
833           	1.491940e-03	9.113470e-04	1.552010e-04	9.458260e-04
834           	1.521650e-03	9.193910e-04	1.552350e-04	9.499960e-04
835           	1.544380e-03	9.239470e-04	1.553490e-04	9.504860e-04
836           	1.556580e-03	9.285760e-04	1.561800e-04	9.495650e-04
837           	1.559540e-03	9.298500e-04	1.568300e-04	9.434180e-04
838           	1.551580e-03	9.255600e-04	1.571660e-04	9.323150e-04
839           	1.535390e-03	9.212820e-04	1.576310e-04	9.187720e-04
840           	1.508940e-03	9.102170e-04	1.571890e-04	8.997990e-04
841           	1.475480e-03	8.940560e-04	1.558800e-04	8.761900e-04
842           	1.433660e-03	8.770040e-04	1.544660e-04	8.511760e-04
843           	1.384360e-03	8.552230e-04	1.520760e-04	8.231160e-04
844           	1.330240e-03	8.289970e-04	1.490960e-04	7.943930e-04
845           	1.272440e-03	8.023910e-04	1.462560e-04	7.676530e-04
846           	1.215280e-03	7.739080e-04	1.433220e-04	7.418390e-04
847           	1.160500e-03	7.436130e-04	1.405590e-04	7.186940e-04
848           	1.112740e-03	7.163320e-04	1.386130e-04	6.999280e-04
849           	1.075250e-03	6.957750e-04	1.373170e-04	6.869500e-04
850           	1.044200e-03	6.872770e-04	1.373260e-04	6.809690e-04
851           	1.027260e-03	6.963980e-04	1.385980e-04	6.925370e-04
852           	1.025220e-03	7.131120e-04	1.409050e-04	7.125720e-04
853           	1.040110e-03	7.397700e-04	1.443630e-04	7.368140e-04
854           	1.069260e-03	7.715500e-04	1.490480e-04	7.662200e-04
855           	1.108470e-03	8.024760e-04	1.534670e-04	7.951940e-04
856           	1.148690e-03	8.319830e-04	1.576760e-04	8.230820e-04
857           	1.195630e-03	8.605180e-04	1.612890e-04	8.522480e-04
858           	1.239720e-03	8.826190e-04	1.636760e-04	8.747040e-04
859           	1.279730e-03	8.971930e-04	1.652320e-04	8.875750e-04
860           	1.315450e-03	9.097930e-04	1.661420e-04	8.986010e-04
861           	1.343130e-03	9.162480e-04	1.656970e-04	9.052480e-04
862           	1.366830e-03	9.162010e-04	1.642560e-04	9.068700e-04
863           	1.384480e-03	9.147300e-04	1.627520e-04	9.057910e-04
864           	1.395960e-03	9.058140e-04	1.603430e-04	9.003590e-04
865           	1.401640e-03	8.923130e-04	1.573940e-04	8.909120e-04
866           	1.405330e-03	8.775570e-04	1.543280e-04	8.804370e-04
867           	1.400910e-03	8.635800e-04	1.506120e-04	8.705960e-04
868           	1.393390e-03	8.456700e-04	1.471320e-04	8.564670e-04
869           	1.378580e-03	8.283070e-04	1.440520e-04	8.388890e-04
870           	1.358390e-03	8.085160e-04	1.412710e-04	8.186900e-04
871           	1.333550e-03	7.856590e-04	1.395080e-04	7.933590e-04
872           	1.304930e-03	7.662940e-04	1.383190e-04	7.699000e-04
873           	1.270680e-03	7.466670e-04	1.372880e-04	7.471380e-04
874           	1.234590e-03	7.278750e-04	1.364120e-04	7.256560e-04
875           	1.196430e-03	7.123390e-04	1.360630e-04	7.072760e-04
876           	1.154800e-03	6.952780e-04	1.358330e-04	6.934150e-04
877           	1.114340e-03	6.835120e-04	1.360770e-04	6.822030e-04
878           	1.078610e-03	6.734770e-04	1.363420e-04	6.739700e-04
879           	1.046140e-03	6.692780e-04	1.370400e-04	6.692470e-04
880           	1.021930e-03	6.749230e-04	1.376550e-04	6.755300e-04
881           	1.007000e-03	6.858010e-04	1.383790e-04	6.904280e-04
882           	1.006550e-03	7.005890e-04	1.388690e-04	7.084270e-04
883           	1.021880e-03	7.191080e-04	1.394650e-04	7.315670e-04
884           	1.052350e-03	7.401730e-04	1.402220e-04	7.564250e-04
885           	1.097080e-03	7.602680e-04	1.406330e-04	7.806750e-04
886           	1.152840e-03	7.793960e-04	1.409660e-04	8.028250e-04
887           	1.208540e-03	7.976600e-04	1.413150e-04	8.218520e-04
888           	1.259320e-03	8.139990e-04	1.412950e-04	8.371650e-04
889           	1.306750e-03	8.273410e-04	1.410830e-04	8.526790e-04
890           	1.348570e-03	8.362120e-04	1.411760e-04	8.613470e-04
891           	1.381890e-03	8.432430e-04	1.412970e-04	8.676760e-04
892           	1.407740e-03	8.507290e-04	1.418550e-04	8.721130e-04
893           	1.423560e-03	8.561460e-04	1.426810e-04	8.728130e-04
894           	1.430980e-03	8.576820e-04	1.432850e-04	8.685800e-04
895           	1.429750e-03	8.565100e-04	1.438660e-04	8.611490e-04
896           	1.420360e-03	8.524570e-04	1.446050e-04	8.496090e-04
897           	1.401830e-03	8.442580e-04	1.447050e-04	8.348010e-04
898           	1.375280e-03	8.305240e-04	1.437480e-04	8.154480e-04
899           	1.341100e-03	8.155750e-04	1.425590e-04	7.934930e-04
900           	1.300050e-03	7.958250e-04	1.405740e-04	7.683870e-04
901           	1.252600e-03	7.722770e-04	1.380700e-04	7.432210e-04
902           	1.199520e-03	7.476820e-04	1.353980e-04	7.185130e-04
903           	1.146260e-03	7.207440e-04	1.324360e-04	6.939040e-04
904           	1.096470e-03	6.934510e-04	1.296800e-04	6.715170e-04
905           	1.051080e-03	6.682320e-04	1.279530e-04	6.535160e-04
906           	1.014030e-03	6.461610e-04	1.264910e-04	6.404540e-04
907           	9.841230e-04	6.355290e-04	1.261410e-04	6.327190e-04
908           	9.641160e-04	6.409640e-04	1.271740e-04	6.397960e-04
909           	9.584460e-04	6.566880e-04	1.294050e-04	6.570620e-04
910           	9.683050e-04	6.794440e-04	1.323530e-04	6.800840e-04
911           	9.927500e-04	7.090320e-04	1.364510e-04	7.073340e-04
912           	1.028790e-03	7.394350e-04	1.408570e-04	7.368330e-04
913           	1.068560e-03	7.705200e-04	1.450030e-04	7.667750e-04
914           	1.114580e-03	7.991230e-04	1.486250e-04	7.968360e-04
915           	1.162090e-03	8.255050e-04	1.514690e-04	8.224080e-04
916           	1.208140e-03	8.432850e-04	1.534510e-04	8.402570e-04
917           	1.247600e-03	8.612290e-04	1.550300e-04	8.553360e-04
918           	1.284860e-03	8.734200e-04	1.556540e-04	8.669010e-04
919           	1.315190e-03	8.813830e-04	1.554010e-04	8.745790e-04
920           	1.341270e-03	8.843490e-04	1.547120e-04	8.780210e-04
921           	1.360930e-03	8.821400e-04	1.533780e-04	8.772490e-04
922           	1.375580e-03	8.738930e-04	1.513380e-04	8.721660e-04
923           	1.384200e-03	8.645980e-04	1.492840e-04	8.642780e-04
924           	1.387860e-03	8.515530e-04	1.467110e-04	8.548620e-04
925           	1.383390e-03	8.337230e-04	1.435990e-04	8.405800e-04
926           	1.374700e-03	8.163380e-04	1.409920e-04	8.236320e-04
927           	1.357010e-03	7.978260e-04	1.382960e-04	8.046500e-04
928           	1.335830e-03	7.753380e-04	1.356030e-04	7.814760e-04
929           	1.308330e-03	7.563280e-04	1.339870e-04	7.594190e-04
930           	1.275380e-03	7.354790e-04	1.323380e-04	7.359140e-04
931           	1.238600e-03	7.134480e-04	1.309390e-04	7.131310e-04
932           	1.199060e-03	6.954020e-04	1.301070e-04	6.931100e-04
933           	1.157760e-03	6.786620e-04	1.292930e-04	6.756230e-04
934           	1.114290e-03	6.595600e-04	1.288040e-04	6.614430e-04
935           	1.074080e-03	6.474720e-04	1.291190e-04	6.516710e-04
936           	1.039270e-03	6.399420e-04	1.292900e-04	6.455110e-04
937           	1.005440e-03	6.366710e-04	1.296900e-04	6.416880e-04
938           	9.822040e-04	6.451030e-04	1.302160e-04	6.481800e-04
939           	9.707790e-04	6.574410e-04	1.307230e-04	6.620400e-04
940           	9.734530e-04	6.725880e-04	1.312960e-04	6.800120e-04
941           	9.919300e-04	6.915470e-04	1.322930e-04	7.036120e-04
942           	1.024330e-03	7.114580e-04	1.330440e-04	7.278380e-04
943           	1.071410e-03	7.301840e-04	1.334260e-04	7.504170e-04
944           	1.121360e-03	7.504400e-04	1.341060e-04	7.725410e-04
945           	1.174470e-03	7.626240e-04	1.341300e-04	7.897930e-04
946           	1.224260e-03	7.748800e-04	1.341300e-04	8.046360e-04
947           	1.268380e-03	7.900730e-04	1.345040e-04	8.179240e-04
948           	1.304710e-03	8.010880e-04	1.347620e-04	8.266050e-04
949           	1.335610e-03	8.091910e-04	1.351770e-04	8.323320e-04
950           	1.357690e-03	8.180500e-04	1.363600e-04	8.366210e-04
951           	1.371430e-03	8.221770e-04	1.370540e-04	8.357450e-04
952           	1.376340e-03	8.230800e-04	1.374600e-04	8.307770e-04
953           	1.373350e-03	8.209710e-04	1.379390e-04	8.217520e-04
954           	1.360860e-03	8.140770e-04	1.379790e-04	8.088990e-04
955           	1.340450e-03	8.021710e-04	1.370860e-04	7.916870e-04
956           	1.311920e-03	7.877830e-04	1.357820e-04	7.715850e-04
957           	1.276500e-03	7.686710e-04	1.337860e-04	7.477880e-04
958           	1.234580e-03	7.462530e-04	1.313580e-04	7.224390e-04
959           	1.186400e-03	7.232370e-04	1.289100e-04	6.977560e-04
960           	1.134570e-03	6.970850e-04	1.260380e-04	6.725040e-04
961           	1.081830e-03	6.696810e-04	1.231960e-04	6.481740e-04
962           	1.034020e-03	6.455130e-04	1.211940e-04	6.269050e-04
963           	9.894410e-04	6.213300e-04	1.194990e-04	6.099550e-04
964           	9.552890e-04	6.017800e-04	1.182710e-04	5.972510e-04
965           	9.263260e-04	5.954250e-04	1.185690e-04	5.915640e-04
966           	9.056420e-04	6.031710e-04	1.197790e-04	5.996690e-04
967           	9.005640e-04	6.187460e-04	1.214880e-04	6.143100e-04
968           	9.104370e-04	6.407730e-04	1.242540e-04	6.356460e-04
969           	9.315670e-04	6.663620e-04	1.278100e-04	6.614140e-04
970           	9.657190e-04	6.922810e-04	1.312090e-04	6.874180e-04
971           	1.002120e-03	7.189850e-04	1.345600e-04	7.137060e-04
972           	1.043520e-03	7.435760e-04	1.373250e-04	7.404740e-04
973           	1.087290e-03	7.605780e-04	1.391350e-04	7.588410e-04
974           	1.127340e-03	7.774920e-04	1.407770e-04	7.752740e-04
975           	1.163910e-03	7.931380e-04	1.417740e-04	7.896440e-04
976           	1.196290e-03	8.021810e-04	1.419250e-04	7.990770e-04
977           	1.224400e-03	8.081040e-04	1.415120e-04	8.053980e-04
978           	1.247400e-03	8.115340e-04	1.408870e-04	8.083340e-04
979           	1.265610e-03	8.080830e-04	1.394080e-04	8.069620e-04
980           	1.278550e-03	8.017450e-04	1.378240e-04	8.022460e-04
981           	1.287590e-03	7.931340e-04	1.358600e-04	7.953080e-04
982           	1.289810e-03	7.814520e-04	1.336400e-04	7.861190e-04
983           	1.287260e-03	7.667810e-04	1.311190e-04	7.727910e-04
984           	1.276350e-03	7.503350e-04	1.285770e-04	7.561670e-04
985           	1.260730e-03	7.325800e-04	1.260520e-04	7.378630e-04
986           	1.238920e-03	7.149220e-04	1.243190e-04	7.175470e-04
987           	1.212420e-03	6.951800e-04	1.224980e-04	6.959940e-04
988           	1.179930e-03	6.755060e-04	1.210500e-04	6.747380e-04
989           	1.144280e-03	6.561770e-04	1.198620e-04	6.536540e-04
990           	1.104930e-03	6.384880e-04	1.191070e-04	6.351050e-04
991           	1.065310e-03	6.211820e-04	1.183610e-04	6.201750e-04
992           	1.024280e-03	6.060140e-04	1.183320e-04	6.081120e-04
993           	9.850310e-04	5.930660e-04	1.183470e-04	5.986330e-04
994           	9.517940e-04	5.855890e-04	1.186020e-04	5.942660e-04
995           	9.225650e-04	5.901870e-04	1.191020e-04	5.932440e-04
996           	8.996810e-04	5.954540e-04	1.192810e-04	5.989070e-04
997           	8.905390e-04	6.057500e-04	1.196910e-04	6.117140e-04
998           	8.941480e-04	6.218040e-04	1.207200e-04	6.294930e-04
999           	9.140900e-04	6.392290e-04	1.214520e-04	6.508970e-04
1000          	9.472040e-04	6.567130e-04	1.218220e-04	6.726790e-04
