# Force coefficients
# liftDir     : (0.000000e+00 0.000000e+00 1.000000e+00)
# dragDir     : (0.000000e+00 1.000000e+00 0.000000e+00)
# pitchAxis   : (1.000000e+00 0.000000e+00 0.000000e+00)
# magUInf     : 7.847395e-02
# lRef        : 4.000000e+00
# Aref        : 2.562000e-02
# CofR        : (0.000000e+00 0.000000e+00 0.000000e+00)
# Time        	Cm            	Cd            	Cl            	Cl(f)         	Cl(r)         
1             	-1.011447e-03	2.357634e-01	-2.678804e-02	-1.440547e-02	-1.238257e-02
2             	-3.246904e-03	8.382240e-01	-8.428405e-02	-4.538893e-02	-3.889512e-02
3             	-3.529926e-03	1.042052e+00	-4.310294e-02	-2.508140e-02	-1.802154e-02
4             	-2.752064e-03	9.951146e-01	2.307364e-02	8.784756e-03	1.428888e-02
5             	-2.029235e-03	9.104672e-01	5.881274e-02	2.737714e-02	3.143560e-02
6             	-1.678490e-03	8.575005e-01	6.813531e-02	3.238916e-02	3.574614e-02
7             	-1.537879e-03	8.240293e-01	6.224894e-02	2.958659e-02	3.266235e-02
8             	-1.719915e-03	8.394285e-01	4.603664e-02	2.129840e-02	2.473823e-02
9             	-1.904720e-03	8.515412e-01	3.509902e-02	1.564479e-02	1.945423e-02
10            	-2.089550e-03	8.717792e-01	2.202767e-02	8.924285e-03	1.310338e-02
11            	-2.218474e-03	8.880360e-01	1.162940e-02	3.596226e-03	8.033173e-03
12            	-2.320626e-03	9.021176e-01	1.666150e-03	-1.487551e-03	3.153701e-03
13            	-2.390661e-03	9.129170e-01	-1.174447e-02	-8.262895e-03	-3.481573e-03
14            	-2.389881e-03	9.124692e-01	-2.028463e-02	-1.253219e-02	-7.752432e-03
15            	-2.375269e-03	9.067296e-01	-2.344266e-02	-1.409660e-02	-9.346059e-03
16            	-2.390047e-03	9.024732e-01	-2.316718e-02	-1.397364e-02	-9.193545e-03
17            	-2.445754e-03	9.023891e-01	-2.045894e-02	-1.267522e-02	-7.783714e-03
18            	-2.531190e-03	9.058771e-01	-1.581590e-02	-1.043914e-02	-5.376762e-03
19            	-2.632128e-03	9.118523e-01	-1.036966e-02	-7.816957e-03	-2.552702e-03
20            	-2.733217e-03	9.189462e-01	-5.258015e-03	-5.362225e-03	1.042093e-04
21            	-2.822498e-03	9.257607e-01	-1.147398e-03	-3.396196e-03	2.248799e-03
22            	-2.890161e-03	9.312815e-01	1.782820e-03	-1.998751e-03	3.781571e-03
23            	-2.937962e-03	9.354006e-01	3.820665e-03	-1.027629e-03	4.848295e-03
24            	-2.967489e-03	9.383028e-01	5.490413e-03	-2.222830e-04	5.712696e-03
25            	-2.982497e-03	9.403409e-01	7.204294e-03	6.196500e-04	6.584644e-03
26            	-2.987351e-03	9.417430e-01	9.047541e-03	1.536420e-03	7.511121e-03
27            	-2.988499e-03	9.433552e-01	1.096908e-02	2.496041e-03	8.473039e-03
28            	-2.987298e-03	9.452486e-01	1.274178e-02	3.383593e-03	9.358190e-03
29            	-2.984983e-03	9.474563e-01	1.412206e-02	4.076046e-03	1.004601e-02
30            	-2.982183e-03	9.498274e-01	1.499575e-02	4.515694e-03	1.048006e-02
31            	-2.978609e-03	9.521068e-01	1.536442e-02	4.703602e-03	1.066082e-02
32            	-2.974683e-03	9.541669e-01	1.527551e-02	4.663072e-03	1.061244e-02
33            	-2.971803e-03	9.561118e-01	1.482430e-02	4.440348e-03	1.038395e-02
34            	-2.969748e-03	9.576904e-01	1.412196e-02	4.091232e-03	1.003073e-02
35            	-2.969189e-03	9.589340e-01	1.324235e-02	3.651985e-03	9.590362e-03
36            	-2.970309e-03	9.598580e-01	1.226438e-02	3.161880e-03	9.102498e-03
37            	-2.972769e-03	9.604903e-01	1.127063e-02	2.662546e-03	8.608084e-03
38            	-2.975470e-03	9.607975e-01	1.035604e-02	2.202548e-03	8.153488e-03
39            	-2.977504e-03	9.607349e-01	9.598427e-03	1.821709e-03	7.776718e-03
40            	-2.978235e-03	9.603234e-01	9.041262e-03	1.542396e-03	7.498866e-03
41            	-2.979020e-03	9.597256e-01	8.677655e-03	1.359807e-03	7.317848e-03
42            	-2.981588e-03	9.591293e-01	8.486302e-03	1.261563e-03	7.224739e-03
43            	-2.986315e-03	9.586745e-01	8.519553e-03	1.273461e-03	7.246092e-03
44            	-2.993161e-03	9.583548e-01	8.856357e-03	1.435018e-03	7.421339e-03
45            	-3.001341e-03	9.581139e-01	9.494618e-03	1.745968e-03	7.748650e-03
46            	-3.009892e-03	9.578849e-01	1.032984e-02	2.155026e-03	8.174810e-03
47            	-3.018408e-03	9.576961e-01	1.121677e-02	2.589977e-03	8.626794e-03
48            	-3.027252e-03	9.576480e-01	1.210010e-02	3.022799e-03	9.077303e-03
49            	-3.037928e-03	9.580292e-01	1.298654e-02	3.455340e-03	9.531196e-03
50            	-3.051769e-03	9.590881e-01	1.385044e-02	3.873453e-03	9.976991e-03
51            	-3.070142e-03	9.611647e-01	1.467732e-02	4.268518e-03	1.040880e-02
52            	-3.093741e-03	9.644374e-01	1.543950e-02	4.626011e-03	1.081349e-02
53            	-3.123534e-03	9.690873e-01	1.626160e-02	5.007267e-03	1.125433e-02
54            	-3.155764e-03	9.745376e-01	1.705384e-02	5.371155e-03	1.168268e-02
55            	-3.184949e-03	9.797333e-01	1.775193e-02	5.691015e-03	1.206091e-02
56            	-3.206812e-03	9.839570e-01	1.838495e-02	5.985661e-03	1.239929e-02
57            	-3.218923e-03	9.865943e-01	1.896377e-02	6.262963e-03	1.270081e-02
58            	-3.221333e-03	9.872523e-01	1.949492e-02	6.526127e-03	1.296879e-02
59            	-3.217634e-03	9.861183e-01	1.998083e-02	6.772779e-03	1.320805e-02
60            	-3.211800e-03	9.836031e-01	2.045027e-02	7.013338e-03	1.343694e-02
61            	-3.205929e-03	9.800101e-01	2.093314e-02	7.260640e-03	1.367250e-02
62            	-3.200871e-03	9.757314e-01	2.142929e-02	7.513776e-03	1.391552e-02
63            	-3.197865e-03	9.714235e-01	2.186046e-02	7.732365e-03	1.412810e-02
64            	-3.197152e-03	9.676318e-01	2.218025e-02	7.892974e-03	1.428728e-02
65            	-3.201968e-03	9.653050e-01	2.234691e-02	7.971486e-03	1.437542e-02
66            	-3.210404e-03	9.644289e-01	2.248890e-02	8.034043e-03	1.445485e-02
67            	-3.219665e-03	9.646512e-01	2.275819e-02	8.159429e-03	1.459876e-02
68            	-3.231073e-03	9.660147e-01	2.370350e-02	8.620676e-03	1.508282e-02
69            	-3.243774e-03	9.683002e-01	2.656994e-02	1.004119e-02	1.652874e-02
70            	-3.249691e-03	9.702162e-01	3.243479e-02	1.296770e-02	1.946709e-02
71            	-3.243006e-03	9.704962e-01	4.068257e-02	1.709828e-02	2.358429e-02
72            	-3.227562e-03	9.692267e-01	4.929526e-02	2.142007e-02	2.787519e-02
73            	-3.214509e-03	9.677751e-01	5.561198e-02	2.459148e-02	3.102050e-02
74            	-3.207501e-03	9.667089e-01	5.850143e-02	2.604322e-02	3.245822e-02
75            	-3.207096e-03	9.662111e-01	5.778621e-02	2.568601e-02	3.210020e-02
76            	-3.209897e-03	9.659808e-01	5.419891e-02	2.388956e-02	3.030935e-02
77            	-3.211894e-03	9.655776e-01	4.898330e-02	2.127976e-02	2.770354e-02
78            	-3.210871e-03	9.647769e-01	4.341745e-02	1.849785e-02	2.491959e-02
79            	-3.206772e-03	9.636498e-01	3.853321e-02	1.605983e-02	2.247338e-02
80            	-3.201307e-03	9.625098e-01	3.472094e-02	1.415916e-02	2.056178e-02
81            	-3.194894e-03	9.615062e-01	3.215864e-02	1.288442e-02	1.927421e-02
82            	-3.190024e-03	9.610565e-01	3.105797e-02	1.233896e-02	1.871901e-02
83            	-3.188500e-03	9.614352e-01	3.145479e-02	1.253890e-02	1.891590e-02
84            	-3.189881e-03	9.625180e-01	3.309277e-02	1.335651e-02	1.973627e-02
85            	-3.193532e-03	9.641009e-01	3.562929e-02	1.462111e-02	2.100818e-02
86            	-3.199159e-03	9.659844e-01	3.856287e-02	1.608227e-02	2.248059e-02
87            	-3.207974e-03	9.683630e-01	4.132047e-02	1.745226e-02	2.386821e-02
88            	-3.221088e-03	9.713897e-01	4.335265e-02	1.845524e-02	2.489741e-02
89            	-3.238928e-03	9.752036e-01	4.427739e-02	1.889977e-02	2.537762e-02
90            	-3.258527e-03	9.793555e-01	4.398574e-02	1.873434e-02	2.525140e-02
91            	-3.277035e-03	9.834018e-01	4.264995e-02	1.804794e-02	2.460201e-02
92            	-3.291666e-03	9.868544e-01	4.057408e-02	1.699538e-02	2.357871e-02
93            	-3.299375e-03	9.891492e-01	3.823184e-02	1.581654e-02	2.241529e-02
94            	-3.299869e-03	9.902242e-01	3.588249e-02	1.464138e-02	2.124112e-02
95            	-3.292949e-03	9.899860e-01	3.386104e-02	1.363757e-02	2.022347e-02
96            	-3.278310e-03	9.882557e-01	3.257922e-02	1.301130e-02	1.956792e-02
97            	-3.255880e-03	9.847575e-01	3.250658e-02	1.299741e-02	1.950917e-02
98            	-3.227093e-03	9.795831e-01	3.380233e-02	1.367407e-02	2.012826e-02
99            	-3.195624e-03	9.732852e-01	3.629864e-02	1.495370e-02	2.134494e-02
100           	-3.166939e-03	9.669372e-01	3.937185e-02	1.651899e-02	2.285286e-02
101           	-3.143599e-03	9.611549e-01	4.232846e-02	1.802063e-02	2.430783e-02
102           	-3.127464e-03	9.564361e-01	4.458853e-02	1.916680e-02	2.542173e-02
103           	-3.120026e-03	9.531639e-01	4.579588e-02	1.977791e-02	2.601797e-02
104           	-3.119608e-03	9.511031e-01	4.597904e-02	1.986991e-02	2.610913e-02
105           	-3.123312e-03	9.499155e-01	4.539509e-02	1.957423e-02	2.582086e-02
106           	-3.130341e-03	9.495604e-01	4.438652e-02	1.906292e-02	2.532360e-02
107           	-3.138102e-03	9.499481e-01	4.310094e-02	1.841237e-02	2.468857e-02
108           	-3.143422e-03	9.510031e-01	4.168378e-02	1.769847e-02	2.398531e-02
109           	-3.144468e-03	9.524859e-01	4.028086e-02	1.699596e-02	2.328490e-02
110           	-3.137828e-03	9.538113e-01	3.910941e-02	1.641688e-02	2.269253e-02
111           	-3.127302e-03	9.550955e-01	3.815573e-02	1.595056e-02	2.220517e-02
112           	-3.116183e-03	9.561880e-01	3.761363e-02	1.569063e-02	2.192300e-02
113           	-3.104652e-03	9.568205e-01	3.790821e-02	1.584945e-02	2.205876e-02
114           	-3.094927e-03	9.571126e-01	3.954087e-02	1.667551e-02	2.286536e-02
115           	-3.089812e-03	9.573565e-01	4.295454e-02	1.838746e-02	2.456708e-02
116           	-3.093845e-03	9.580567e-01	4.809499e-02	2.095365e-02	2.714134e-02
117           	-3.112630e-03	9.599022e-01	5.395663e-02	2.386568e-02	3.009094e-02
118           	-3.145859e-03	9.630301e-01	5.953443e-02	2.662136e-02	3.291307e-02
119           	-3.184609e-03	9.665708e-01	6.391396e-02	2.877237e-02	3.514159e-02
120           	-3.221466e-03	9.698395e-01	6.666142e-02	3.010924e-02	3.655217e-02
121           	-3.255595e-03	9.729636e-01	6.764153e-02	3.056517e-02	3.707636e-02
122           	-3.283126e-03	9.758337e-01	6.663603e-02	3.003489e-02	3.660114e-02
123           	-3.298602e-03	9.781461e-01	6.375844e-02	2.858062e-02	3.517782e-02
124           	-3.300299e-03	9.796024e-01	5.967489e-02	2.653715e-02	3.313775e-02
125           	-3.290575e-03	9.800701e-01	5.538764e-02	2.440324e-02	3.098439e-02
126           	-3.275251e-03	9.797222e-01	5.164707e-02	2.254829e-02	2.909879e-02
127           	-3.259948e-03	9.790014e-01	4.865939e-02	2.106975e-02	2.758964e-02
128           	-3.248512e-03	9.783523e-01	4.626350e-02	1.988324e-02	2.638026e-02
129           	-3.242700e-03	9.780546e-01	4.416804e-02	1.884132e-02	2.532672e-02
130           	-3.243770e-03	9.783755e-01	4.210295e-02	1.780771e-02	2.429525e-02
131           	-3.250697e-03	9.791909e-01	3.993450e-02	1.671655e-02	2.321795e-02
132           	-3.260821e-03	9.802487e-01	3.758837e-02	1.553337e-02	2.205501e-02
133           	-3.271144e-03	9.812281e-01	3.514540e-02	1.430156e-02	2.084385e-02
134           	-3.279826e-03	9.819342e-01	3.278563e-02	1.311299e-02	1.967264e-02
135           	-3.286435e-03	9.823326e-01	3.067987e-02	1.205350e-02	1.862637e-02
136           	-3.291219e-03	9.824774e-01	2.905633e-02	1.123695e-02	1.781939e-02
137           	-3.294229e-03	9.823735e-01	2.801686e-02	1.071420e-02	1.730266e-02
138           	-3.295490e-03	9.820486e-01	2.759178e-02	1.050040e-02	1.709138e-02
139           	-3.294761e-03	9.814611e-01	2.780629e-02	1.060839e-02	1.719791e-02
140           	-3.292458e-03	9.807108e-01	2.868739e-02	1.105124e-02	1.763615e-02
141           	-3.289479e-03	9.799772e-01	3.016796e-02	1.179450e-02	1.837346e-02
142           	-3.286887e-03	9.794745e-01	3.201091e-02	1.271857e-02	1.929234e-02
143           	-3.285391e-03	9.793442e-01	3.387326e-02	1.365124e-02	2.022202e-02
144           	-3.284994e-03	9.795953e-01	3.545233e-02	1.444117e-02	2.101116e-02
145           	-3.285211e-03	9.801066e-01	3.659466e-02	1.501212e-02	2.158254e-02
146           	-3.285839e-03	9.808022e-01	3.725195e-02	1.534014e-02	2.191181e-02
147           	-3.287090e-03	9.816848e-01	3.741783e-02	1.542183e-02	2.199601e-02
148           	-3.289541e-03	9.827982e-01	3.709742e-02	1.525917e-02	2.183825e-02
149           	-3.293575e-03	9.841569e-01	3.632528e-02	1.486907e-02	2.145622e-02
150           	-3.299361e-03	9.858144e-01	3.512166e-02	1.426147e-02	2.086019e-02
151           	-3.305210e-03	9.874560e-01	3.364804e-02	1.351881e-02	2.012923e-02
152           	-3.308716e-03	9.886920e-01	3.213066e-02	1.275662e-02	1.937405e-02
153           	-3.307741e-03	9.891466e-01	3.083400e-02	1.210926e-02	1.872474e-02
154           	-3.301117e-03	9.885427e-01	2.998015e-02	1.168896e-02	1.829119e-02
155           	-3.289378e-03	9.868826e-01	2.965168e-02	1.153646e-02	1.811522e-02
156           	-3.273109e-03	9.842067e-01	2.983941e-02	1.164660e-02	1.819281e-02
157           	-3.253780e-03	9.807706e-01	3.044824e-02	1.197034e-02	1.847790e-02
158           	-3.232615e-03	9.767717e-01	3.135396e-02	1.244436e-02	1.890959e-02
159           	-3.210752e-03	9.724344e-01	3.243891e-02	1.300870e-02	1.943021e-02
160           	-3.189677e-03	9.680755e-01	3.360057e-02	1.361061e-02	1.998996e-02
161           	-3.170772e-03	9.640093e-01	3.475374e-02	1.420610e-02	2.054764e-02
162           	-3.154501e-03	9.603791e-01	3.579362e-02	1.474231e-02	2.105131e-02
163           	-3.141634e-03	9.574623e-01	3.652750e-02	1.512212e-02	2.140539e-02
164           	-3.133938e-03	9.556958e-01	3.672277e-02	1.522745e-02	2.149532e-02
165           	-3.134807e-03	9.557069e-01	3.626243e-02	1.499641e-02	2.126602e-02
166           	-3.147304e-03	9.579916e-01	3.523308e-02	1.446923e-02	2.076384e-02
167           	-3.170425e-03	9.624449e-01	3.390382e-02	1.378149e-02	2.012234e-02
168           	-3.198177e-03	9.682265e-01	3.251260e-02	1.305812e-02	1.945448e-02
169           	-3.222689e-03	9.741890e-01	3.108967e-02	1.232215e-02	1.876752e-02
170           	-3.241153e-03	9.799637e-01	2.964505e-02	1.158137e-02	1.806368e-02
171           	-3.255022e-03	9.855734e-01	2.838219e-02	1.093607e-02	1.744612e-02
172           	-3.267077e-03	9.911798e-01	2.765913e-02	1.056249e-02	1.709664e-02
173           	-3.277252e-03	9.963643e-01	2.770179e-02	1.057365e-02	1.712815e-02
174           	-3.282898e-03	1.000090e+00	2.836402e-02	1.089911e-02	1.746491e-02
175           	-3.281868e-03	1.001513e+00	2.917132e-02	1.130379e-02	1.786753e-02
176           	-3.273225e-03	1.000256e+00	2.951703e-02	1.148529e-02	1.803174e-02
177           	-3.256410e-03	9.963179e-01	2.898416e-02	1.123567e-02	1.774849e-02
178           	-3.231242e-03	9.900362e-01	2.748091e-02	1.050921e-02	1.697170e-02
179           	-3.199223e-03	9.819859e-01	2.524150e-02	9.421525e-03	1.581997e-02
180           	-3.164471e-03	9.732204e-01	2.266265e-02	8.166854e-03	1.449579e-02
181           	-3.130181e-03	9.643889e-01	2.030539e-02	7.022515e-03	1.328288e-02
182           	-3.102520e-03	9.564893e-01	1.885553e-02	6.325246e-03	1.253029e-02
183           	-3.087456e-03	9.503644e-01	1.907010e-02	6.447596e-03	1.262251e-02
184           	-3.084607e-03	9.458997e-01	2.153128e-02	7.681034e-03	1.385025e-02
185           	-3.089989e-03	9.429883e-01	2.600425e-02	9.912137e-03	1.609212e-02
186           	-3.099035e-03	9.417036e-01	3.158826e-02	1.269509e-02	1.889316e-02
187           	-3.109284e-03	9.421682e-01	3.738770e-02	1.558457e-02	2.180313e-02
188           	-3.119159e-03	9.443264e-01	4.280650e-02	1.828409e-02	2.452241e-02
189           	-3.127476e-03	9.478179e-01	4.729940e-02	2.052222e-02	2.677718e-02
190           	-3.135280e-03	9.523341e-01	5.031843e-02	2.202394e-02	2.829450e-02
191           	-3.143574e-03	9.572793e-01	5.153826e-02	2.262555e-02	2.891270e-02
192           	-3.147274e-03	9.615597e-01	5.095622e-02	2.233083e-02	2.862538e-02
193           	-3.142400e-03	9.643374e-01	4.861061e-02	2.116290e-02	2.744770e-02
194           	-3.128657e-03	9.651690e-01	4.507409e-02	1.940839e-02	2.566570e-02
195           	-3.110675e-03	9.644884e-01	4.078938e-02	1.728401e-02	2.350536e-02
196           	-3.094586e-03	9.630734e-01	3.591134e-02	1.486108e-02	2.105026e-02
197           	-3.086365e-03	9.614712e-01	3.058607e-02	1.220667e-02	1.837940e-02
198           	-3.086244e-03	9.598249e-01	2.532225e-02	9.574880e-03	1.574737e-02
199           	-3.093031e-03	9.583998e-01	2.050361e-02	7.158774e-03	1.334484e-02
200           	-3.106121e-03	9.575482e-01	1.654442e-02	5.166088e-03	1.137833e-02
201           	-3.125357e-03	9.577191e-01	1.386575e-02	3.807518e-03	1.005823e-02
202           	-3.150635e-03	9.591623e-01	1.286377e-02	3.281251e-03	9.582522e-03
203           	-3.181629e-03	9.620556e-01	1.411311e-02	3.874927e-03	1.023819e-02
204           	-3.214883e-03	9.661658e-01	1.823370e-02	5.901965e-03	1.233173e-02
205           	-3.243502e-03	9.705562e-01	2.519054e-02	9.351768e-03	1.583877e-02
206           	-3.261990e-03	9.740831e-01	3.401038e-02	1.374320e-02	2.026718e-02
207           	-3.269751e-03	9.761686e-01	4.328416e-02	1.837233e-02	2.491183e-02
208           	-3.271389e-03	9.769804e-01	5.182985e-02	2.264354e-02	2.918631e-02
209           	-3.268664e-03	9.767840e-01	5.813346e-02	2.579807e-02	3.233539e-02
210           	-3.267126e-03	9.764130e-01	6.164812e-02	2.755693e-02	3.409118e-02
211           	-3.269027e-03	9.763160e-01	6.230019e-02	2.788107e-02	3.441912e-02
212           	-3.273897e-03	9.765881e-01	6.040867e-02	2.693044e-02	3.347823e-02
213           	-3.279799e-03	9.771601e-01	5.649725e-02	2.496883e-02	3.152843e-02
214           	-3.284400e-03	9.778900e-01	5.131771e-02	2.237446e-02	2.894326e-02
215           	-3.286144e-03	9.786286e-01	4.575996e-02	1.959384e-02	2.616612e-02
216           	-3.284817e-03	9.793582e-01	4.060405e-02	1.701721e-02	2.358684e-02
217           	-3.280437e-03	9.799708e-01	3.641004e-02	1.492458e-02	2.148546e-02
218           	-3.273162e-03	9.803761e-01	3.340676e-02	1.343022e-02	1.997654e-02
219           	-3.263183e-03	9.805029e-01	3.157433e-02	1.252398e-02	1.905035e-02
220           	-3.250910e-03	9.803215e-01	3.078462e-02	1.214140e-02	1.864322e-02
221           	-3.237096e-03	9.798360e-01	3.086632e-02	1.219606e-02	1.867025e-02
222           	-3.223099e-03	9.791175e-01	3.158816e-02	1.257098e-02	1.901718e-02
223           	-3.210436e-03	9.782970e-01	3.263768e-02	1.310840e-02	1.952928e-02
224           	-3.200188e-03	9.775182e-01	3.367001e-02	1.363482e-02	2.003519e-02
225           	-3.192662e-03	9.768846e-01	3.440654e-02	1.401061e-02	2.039593e-02
226           	-3.187565e-03	9.764360e-01	3.468419e-02	1.415453e-02	2.052966e-02
227           	-3.184370e-03	9.761754e-01	3.445800e-02	1.404463e-02	2.041337e-02
228           	-3.182408e-03	9.760830e-01	3.375921e-02	1.369720e-02	2.006202e-02
229           	-3.180924e-03	9.760962e-01	3.270539e-02	1.317177e-02	1.953362e-02
230           	-3.179256e-03	9.761383e-01	3.148257e-02	1.256203e-02	1.892054e-02
231           	-3.177289e-03	9.761661e-01	3.029604e-02	1.197073e-02	1.832531e-02
232           	-3.174604e-03	9.761278e-01	2.929493e-02	1.147286e-02	1.782207e-02
233           	-3.171350e-03	9.760149e-01	2.854688e-02	1.110209e-02	1.744479e-02
234           	-3.167653e-03	9.758503e-01	2.807172e-02	1.086821e-02	1.720351e-02
235           	-3.163911e-03	9.756842e-01	2.787282e-02	1.077250e-02	1.710032e-02
236           	-3.160858e-03	9.755957e-01	2.792686e-02	1.080257e-02	1.712429e-02
237           	-3.158979e-03	9.756281e-01	2.817808e-02	1.093006e-02	1.724802e-02
238           	-3.158358e-03	9.757931e-01	2.853349e-02	1.110839e-02	1.742511e-02
239           	-3.159060e-03	9.760712e-01	2.890474e-02	1.129331e-02	1.761143e-02
240           	-3.160868e-03	9.764508e-01	2.919626e-02	1.143726e-02	1.775900e-02
241           	-3.163562e-03	9.769437e-01	2.933798e-02	1.150543e-02	1.783255e-02
242           	-3.166858e-03	9.775449e-01	2.930765e-02	1.148697e-02	1.782068e-02
243           	-3.170405e-03	9.782098e-01	2.912636e-02	1.139278e-02	1.773359e-02
244           	-3.173943e-03	9.789069e-01	2.884758e-02	1.124985e-02	1.759773e-02
245           	-3.177330e-03	9.796159e-01	2.853804e-02	1.109169e-02	1.744635e-02
246           	-3.180479e-03	9.803284e-01	2.825862e-02	1.094883e-02	1.730979e-02
247           	-3.183268e-03	9.810358e-01	2.806295e-02	1.084821e-02	1.721474e-02
248           	-3.185515e-03	9.817206e-01	2.801709e-02	1.082303e-02	1.719406e-02
249           	-3.187359e-03	9.823610e-01	2.820932e-02	1.091730e-02	1.729202e-02
250           	-3.188464e-03	9.828569e-01	2.869672e-02	1.115989e-02	1.753682e-02
251           	-3.188761e-03	9.831383e-01	2.943973e-02	1.153110e-02	1.790862e-02
252           	-3.188328e-03	9.831893e-01	3.032888e-02	1.197611e-02	1.835277e-02
253           	-3.187371e-03	9.830573e-01	3.123209e-02	1.242867e-02	1.880342e-02
254           	-3.186092e-03	9.828065e-01	3.204086e-02	1.283434e-02	1.920652e-02
255           	-3.184277e-03	9.824679e-01	3.268432e-02	1.315788e-02	1.952644e-02
256           	-3.182406e-03	9.820964e-01	3.314931e-02	1.339225e-02	1.975706e-02
257           	-3.180712e-03	9.817445e-01	3.344429e-02	1.354143e-02	1.990286e-02
258           	-3.179197e-03	9.814282e-01	3.359746e-02	1.361953e-02	1.997792e-02
259           	-3.177768e-03	9.811462e-01	3.364257e-02	1.364352e-02	1.999905e-02
260           	-3.176334e-03	9.808932e-01	3.361886e-02	1.363309e-02	1.998576e-02
261           	-3.174875e-03	9.806699e-01	3.357083e-02	1.361054e-02	1.996029e-02
262           	-3.173456e-03	9.804729e-01	3.354730e-02	1.360019e-02	1.994711e-02
263           	-3.172000e-03	9.803036e-01	3.359363e-02	1.362481e-02	1.996881e-02
264           	-3.170845e-03	9.801992e-01	3.371776e-02	1.368804e-02	2.002972e-02
265           	-3.169968e-03	9.801419e-01	3.392925e-02	1.379466e-02	2.013459e-02
266           	-3.169449e-03	9.801357e-01	3.420342e-02	1.393226e-02	2.027116e-02
267           	-3.169241e-03	9.801523e-01	3.452732e-02	1.409442e-02	2.043290e-02
268           	-3.169276e-03	9.801922e-01	3.487322e-02	1.426733e-02	2.060589e-02
269           	-3.169463e-03	9.802450e-01	3.520997e-02	1.443552e-02	2.077445e-02
270           	-3.169754e-03	9.803091e-01	3.550271e-02	1.458160e-02	2.092111e-02
271           	-3.170008e-03	9.803704e-01	3.571916e-02	1.468957e-02	2.102959e-02
272           	-3.170061e-03	9.804161e-01	3.581384e-02	1.473686e-02	2.107698e-02
273           	-3.169628e-03	9.804126e-01	3.574578e-02	1.470326e-02	2.104252e-02
274           	-3.168604e-03	9.803509e-01	3.549674e-02	1.457976e-02	2.091697e-02
275           	-3.166956e-03	9.802211e-01	3.509274e-02	1.437941e-02	2.071333e-02
276           	-3.164698e-03	9.800246e-01	3.458005e-02	1.412533e-02	2.045472e-02
277           	-3.161892e-03	9.797683e-01	3.400535e-02	1.384078e-02	2.016457e-02
278           	-3.158629e-03	9.794664e-01	3.340950e-02	1.354612e-02	1.986338e-02
279           	-3.154983e-03	9.791317e-01	3.282387e-02	1.325695e-02	1.956692e-02
280           	-3.151027e-03	9.787745e-01	3.226907e-02	1.298351e-02	1.928556e-02
281           	-3.146826e-03	9.784016e-01	3.175970e-02	1.273303e-02	1.902668e-02
282           	-3.142474e-03	9.780201e-01	3.130511e-02	1.251008e-02	1.879503e-02
283           	-3.138082e-03	9.776387e-01	3.091301e-02	1.231842e-02	1.859459e-02
284           	-3.133718e-03	9.772657e-01	3.058337e-02	1.215797e-02	1.842540e-02
285           	-3.129585e-03	9.769177e-01	3.030961e-02	1.202522e-02	1.828439e-02
286           	-3.125798e-03	9.766041e-01	3.008283e-02	1.191562e-02	1.816721e-02
287           	-3.122413e-03	9.763281e-01	2.989205e-02	1.182361e-02	1.806844e-02
288           	-3.119461e-03	9.760877e-01	2.972932e-02	1.174520e-02	1.798412e-02
289           	-3.116964e-03	9.758769e-01	2.958719e-02	1.167663e-02	1.791056e-02
290           	-3.114886e-03	9.756881e-01	2.946200e-02	1.161611e-02	1.784588e-02
291           	-3.113221e-03	9.755149e-01	2.934720e-02	1.156038e-02	1.778682e-02
292           	-3.111914e-03	9.753475e-01	2.923679e-02	1.150648e-02	1.773031e-02
293           	-3.110907e-03	9.751797e-01	2.912381e-02	1.145100e-02	1.767281e-02
294           	-3.110145e-03	9.750039e-01	2.900013e-02	1.138992e-02	1.761021e-02
295           	-3.109564e-03	9.748131e-01	2.885593e-02	1.131840e-02	1.753753e-02
296           	-3.109083e-03	9.746029e-01	2.868164e-02	1.123174e-02	1.744990e-02
297           	-3.108601e-03	9.743683e-01	2.846133e-02	1.112207e-02	1.733927e-02
298           	-3.108050e-03	9.741097e-01	2.818732e-02	1.098561e-02	1.720171e-02
299           	-3.107354e-03	9.738274e-01	2.786012e-02	1.082271e-02	1.703742e-02
300           	-3.106463e-03	9.735253e-01	2.748803e-02	1.063755e-02	1.685048e-02
301           	-3.105387e-03	9.732091e-01	2.708137e-02	1.043530e-02	1.664607e-02
302           	-3.104172e-03	9.728880e-01	2.665354e-02	1.022260e-02	1.643094e-02
303           	-3.102833e-03	9.725664e-01	2.621894e-02	1.000664e-02	1.621230e-02
304           	-3.101414e-03	9.722484e-01	2.579024e-02	9.793704e-03	1.599653e-02
305           	-3.099828e-03	9.719162e-01	2.536765e-02	9.583999e-03	1.578365e-02
306           	-3.098236e-03	9.715970e-01	2.496524e-02	9.384383e-03	1.558086e-02
307           	-3.096645e-03	9.712915e-01	2.458753e-02	9.197120e-03	1.539041e-02
308           	-3.095030e-03	9.709982e-01	2.423856e-02	9.024249e-03	1.521431e-02
309           	-3.093357e-03	9.707103e-01	2.392025e-02	8.866768e-03	1.505348e-02
310           	-3.091633e-03	9.704259e-01	2.362463e-02	8.720684e-03	1.490395e-02
311           	-3.089847e-03	9.701469e-01	2.334266e-02	8.581483e-03	1.476118e-02
312           	-3.087994e-03	9.698763e-01	2.306312e-02	8.443565e-03	1.461955e-02
313           	-3.086093e-03	9.696174e-01	2.277565e-02	8.301732e-03	1.447392e-02
314           	-3.084148e-03	9.693731e-01	2.247174e-02	8.151722e-03	1.432002e-02
315           	-3.082176e-03	9.691451e-01	2.214516e-02	7.990403e-03	1.415475e-02
316           	-3.080203e-03	9.689353e-01	2.179273e-02	7.816162e-03	1.397657e-02
317           	-3.078248e-03	9.687446e-01	2.141431e-02	7.628908e-03	1.378540e-02
318           	-3.076337e-03	9.685743e-01	2.101151e-02	7.429417e-03	1.358209e-02
319           	-3.074485e-03	9.684252e-01	2.059019e-02	7.220610e-03	1.336958e-02
320           	-3.072693e-03	9.682968e-01	2.015745e-02	7.006030e-03	1.315142e-02
321           	-3.070972e-03	9.681878e-01	1.972080e-02	6.789430e-03	1.293137e-02
322           	-3.069332e-03	9.680973e-01	1.928845e-02	6.574894e-03	1.271356e-02
323           	-3.067791e-03	9.680243e-01	1.886765e-02	6.366036e-03	1.250162e-02
324           	-3.066358e-03	9.679674e-01	1.846663e-02	6.166957e-03	1.229967e-02
325           	-3.065042e-03	9.679257e-01	1.809180e-02	5.980856e-03	1.211094e-02
326           	-3.063852e-03	9.678980e-01	1.774690e-02	5.809597e-03	1.193730e-02
327           	-3.062801e-03	9.678842e-01	1.743357e-02	5.653985e-03	1.177959e-02
328           	-3.061878e-03	9.678829e-01	1.715074e-02	5.513491e-03	1.163725e-02
329           	-3.061087e-03	9.678940e-01	1.689603e-02	5.386926e-03	1.150910e-02
330           	-3.060413e-03	9.679160e-01	1.666542e-02	5.272295e-03	1.139312e-02
331           	-3.059843e-03	9.679495e-01	1.645474e-02	5.167525e-03	1.128721e-02
332           	-3.059357e-03	9.679924e-01	1.625854e-02	5.069911e-03	1.118863e-02
333           	-3.058909e-03	9.680333e-01	1.607631e-02	4.979244e-03	1.109706e-02
334           	-3.058498e-03	9.680774e-01	1.590157e-02	4.892288e-03	1.100928e-02
335           	-3.058105e-03	9.681290e-01	1.572803e-02	4.805907e-03	1.092212e-02
336           	-3.057695e-03	9.681869e-01	1.555155e-02	4.718081e-03	1.083347e-02
337           	-3.057249e-03	9.682510e-01	1.536953e-02	4.627513e-03	1.074201e-02
338           	-3.056749e-03	9.683188e-01	1.518104e-02	4.533769e-03	1.064727e-02
339           	-3.056170e-03	9.683884e-01	1.498624e-02	4.436950e-03	1.054929e-02
340           	-3.055514e-03	9.684574e-01	1.478517e-02	4.337069e-03	1.044810e-02
341           	-3.054768e-03	9.685243e-01	1.457998e-02	4.235223e-03	1.034476e-02
342           	-3.053936e-03	9.685888e-01	1.437307e-02	4.132598e-03	1.024047e-02
343           	-3.053042e-03	9.686537e-01	1.416556e-02	4.029738e-03	1.013582e-02
344           	-3.052089e-03	9.687165e-01	1.396009e-02	3.927955e-03	1.003213e-02
345           	-3.051086e-03	9.687775e-01	1.375756e-02	3.827693e-03	9.929864e-03
346           	-3.050042e-03	9.688348e-01	1.355885e-02	3.729382e-03	9.829467e-03
347           	-3.048986e-03	9.688924e-01	1.336420e-02	3.633115e-03	9.731088e-03
348           	-3.047928e-03	9.689501e-01	1.317426e-02	3.539200e-03	9.635057e-03
349           	-3.046880e-03	9.690067e-01	1.299098e-02	3.448608e-03	9.542368e-03
350           	-3.045848e-03	9.690622e-01	1.281621e-02	3.362257e-03	9.453952e-03
351           	-3.044850e-03	9.691162e-01	1.265151e-02	3.280904e-03	9.370604e-03
352           	-3.043894e-03	9.691693e-01	1.249889e-02	3.205550e-03	9.293339e-03
353           	-3.042997e-03	9.692210e-01	1.236057e-02	3.137291e-03	9.223284e-03
354           	-3.042161e-03	9.692711e-01	1.223869e-02	3.077184e-03	9.161505e-03
355           	-3.041395e-03	9.693196e-01	1.213465e-02	3.025931e-03	9.108720e-03
356           	-3.040697e-03	9.693643e-01	1.204934e-02	2.983975e-03	9.065369e-03
357           	-3.040077e-03	9.694074e-01	1.198284e-02	2.951343e-03	9.031497e-03
358           	-3.039533e-03	9.694485e-01	1.193527e-02	2.928105e-03	9.007170e-03
359           	-3.039065e-03	9.694878e-01	1.190529e-02	2.913583e-03	8.991712e-03
360           	-3.038655e-03	9.695252e-01	1.189161e-02	2.907149e-03	8.984459e-03
361           	-3.038297e-03	9.695604e-01	1.189285e-02	2.908128e-03	8.984722e-03
362           	-3.037978e-03	9.695937e-01	1.190719e-02	2.915615e-03	8.991571e-03
363           	-3.037685e-03	9.696249e-01	1.193263e-02	2.928631e-03	9.004002e-03
364           	-3.037411e-03	9.696543e-01	1.196720e-02	2.946189e-03	9.021012e-03
365           	-3.037151e-03	9.696823e-01	1.200871e-02	2.967205e-03	9.041507e-03
366           	-3.036887e-03	9.697095e-01	1.205515e-02	2.990689e-03	9.064464e-03
367           	-3.036610e-03	9.697358e-01	1.210568e-02	3.016230e-03	9.089451e-03
368           	-3.036310e-03	9.697617e-01	1.215907e-02	3.043226e-03	9.115846e-03
369           	-3.036004e-03	9.697938e-01	1.221445e-02	3.071219e-03	9.143226e-03
370           	-3.035669e-03	9.698309e-01	1.227153e-02	3.100098e-03	9.171435e-03
371           	-3.035274e-03	9.698687e-01	1.233063e-02	3.130040e-03	9.200588e-03
372           	-3.034807e-03	9.699058e-01	1.239100e-02	3.160694e-03	9.230307e-03
373           	-3.034265e-03	9.699424e-01	1.245188e-02	3.191675e-03	9.260205e-03
374           	-3.033653e-03	9.699797e-01	1.251336e-02	3.223028e-03	9.290335e-03
375           	-3.032980e-03	9.700185e-01	1.257584e-02	3.254940e-03	9.320899e-03
376           	-3.032247e-03	9.700600e-01	1.263936e-02	3.287430e-03	9.351925e-03
377           	-3.031466e-03	9.701043e-01	1.270411e-02	3.320590e-03	9.383521e-03
378           	-3.030639e-03	9.701514e-01	1.276987e-02	3.354298e-03	9.415576e-03
379           	-3.029771e-03	9.702010e-01	1.283634e-02	3.388401e-03	9.447942e-03
380           	-3.028868e-03	9.702529e-01	1.290336e-02	3.422813e-03	9.480550e-03
381           	-3.027947e-03	9.703053e-01	1.297078e-02	3.457442e-03	9.513336e-03
382           	-3.027000e-03	9.703599e-01	1.303785e-02	3.491925e-03	9.545924e-03
383           	-3.026027e-03	9.704161e-01	1.310317e-02	3.525555e-03	9.577610e-03
384           	-3.025034e-03	9.704732e-01	1.316530e-02	3.557617e-03	9.607685e-03
385           	-3.024026e-03	9.705305e-01	1.322311e-02	3.587530e-03	9.635581e-03
386           	-3.022994e-03	9.705885e-01	1.327549e-02	3.614752e-03	9.660739e-03
387           	-3.021959e-03	9.706453e-01	1.332035e-02	3.638218e-03	9.682136e-03
388           	-3.020932e-03	9.707009e-01	1.335703e-02	3.657583e-03	9.699448e-03
389           	-3.019913e-03	9.707557e-01	1.338478e-02	3.672479e-03	9.712306e-03
390           	-3.018904e-03	9.708096e-01	1.340309e-02	3.682640e-03	9.720447e-03
391           	-3.017904e-03	9.708625e-01	1.341161e-02	3.687901e-03	9.723710e-03
392           	-3.016918e-03	9.709141e-01	1.340989e-02	3.688027e-03	9.721864e-03
393           	-3.015946e-03	9.709644e-01	1.339797e-02	3.683038e-03	9.714929e-03
394           	-3.014990e-03	9.710131e-01	1.337611e-02	3.673062e-03	9.703043e-03
395           	-3.014057e-03	9.710602e-01	1.334464e-02	3.658262e-03	9.686376e-03
396           	-3.013151e-03	9.711058e-01	1.330453e-02	3.639112e-03	9.665415e-03
397           	-3.012276e-03	9.711501e-01	1.325667e-02	3.616060e-03	9.640613e-03
398           	-3.011435e-03	9.711933e-01	1.320208e-02	3.589605e-03	9.612476e-03
399           	-3.010634e-03	9.712367e-01	1.314176e-02	3.560248e-03	9.581515e-03
400           	-3.009867e-03	9.712792e-01	1.307682e-02	3.528541e-03	9.548276e-03
401           	-3.009136e-03	9.713206e-01	1.300813e-02	3.494930e-03	9.513201e-03
402           	-3.008438e-03	9.713609e-01	1.293670e-02	3.459910e-03	9.476786e-03
403           	-3.007773e-03	9.713997e-01	1.286318e-02	3.423814e-03	9.439361e-03
404           	-3.007131e-03	9.714367e-01	1.278793e-02	3.386833e-03	9.401095e-03
405           	-3.006523e-03	9.714721e-01	1.271160e-02	3.349277e-03	9.362323e-03
406           	-3.005949e-03	9.715056e-01	1.263551e-02	3.311805e-03	9.323704e-03
407           	-3.005405e-03	9.715370e-01	1.256084e-02	3.275015e-03	9.285825e-03
408           	-3.004888e-03	9.715659e-01	1.248889e-02	3.239557e-03	9.249333e-03
409           	-3.004394e-03	9.715918e-01	1.242109e-02	3.206151e-03	9.214940e-03
410           	-3.003922e-03	9.716145e-01	1.235829e-02	3.175223e-03	9.183068e-03
411           	-3.003469e-03	9.716343e-01	1.230149e-02	3.147275e-03	9.154214e-03
412           	-3.003030e-03	9.716507e-01	1.225124e-02	3.122591e-03	9.128651e-03
413           	-3.002595e-03	9.716624e-01	1.220756e-02	3.101186e-03	9.106376e-03
414           	-3.002166e-03	9.716714e-01	1.217020e-02	3.082934e-03	9.087267e-03
415           	-3.001737e-03	9.716775e-01	1.213890e-02	3.067714e-03	9.071187e-03
416           	-3.001301e-03	9.716807e-01	1.211307e-02	3.055235e-03	9.057837e-03
417           	-3.000845e-03	9.716803e-01	1.209321e-02	3.045758e-03	9.047449e-03
418           	-3.000383e-03	9.716783e-01	1.207437e-02	3.036800e-03	9.037567e-03
419           	-2.999889e-03	9.716729e-01	1.205978e-02	3.030001e-03	9.029778e-03
420           	-2.999382e-03	9.716663e-01	1.204420e-02	3.022718e-03	9.021483e-03
421           	-2.998843e-03	9.716576e-01	1.202983e-02	3.016072e-03	9.013758e-03
422           	-2.998273e-03	9.716471e-01	1.201502e-02	3.009239e-03	9.005785e-03
423           	-2.997667e-03	9.716351e-01	1.199926e-02	3.001964e-03	8.997299e-03
424           	-2.997029e-03	9.716221e-01	1.198148e-02	2.993712e-03	8.987771e-03
425           	-2.996357e-03	9.716084e-01	1.196098e-02	2.984135e-03	8.976848e-03
426           	-2.995649e-03	9.715943e-01	1.193744e-02	2.973071e-03	8.964368e-03
427           	-2.994904e-03	9.715803e-01	1.191047e-02	2.960330e-03	8.950138e-03
428           	-2.994128e-03	9.715664e-01	1.187997e-02	2.945859e-03	8.934116e-03
429           	-2.993321e-03	9.715529e-01	1.184619e-02	2.929771e-03	8.916414e-03
430           	-2.992492e-03	9.715406e-01	1.180879e-02	2.911905e-03	8.896888e-03
431           	-2.991643e-03	9.715288e-01	1.176770e-02	2.892206e-03	8.875491e-03
432           	-2.990780e-03	9.715177e-01	1.172264e-02	2.870538e-03	8.852097e-03
433           	-2.989906e-03	9.715073e-01	1.167320e-02	2.846693e-03	8.826504e-03
434           	-2.989028e-03	9.714977e-01	1.161900e-02	2.820471e-03	8.798527e-03
435           	-2.988154e-03	9.714890e-01	1.155942e-02	2.791555e-03	8.767863e-03
436           	-2.987291e-03	9.714812e-01	1.149394e-02	2.759680e-03	8.734262e-03
437           	-2.986449e-03	9.714749e-01	1.142366e-02	2.725382e-03	8.698281e-03
438           	-2.985636e-03	9.714696e-01	1.134721e-02	2.687967e-03	8.659240e-03
439           	-2.984852e-03	9.714649e-01	1.126491e-02	2.647604e-03	8.617308e-03
440           	-2.984099e-03	9.714606e-01	1.117713e-02	2.604467e-03	8.572664e-03
441           	-2.983381e-03	9.714569e-01	1.108415e-02	2.558692e-03	8.525453e-03
442           	-2.982704e-03	9.714541e-01	1.098629e-02	2.510440e-03	8.475848e-03
443           	-2.982075e-03	9.714525e-01	1.088412e-02	2.459988e-03	8.424137e-03
444           	-2.981497e-03	9.714517e-01	1.077853e-02	2.407767e-03	8.370761e-03
445           	-2.980972e-03	9.714512e-01	1.066857e-02	2.353314e-03	8.315258e-03
446           	-2.980509e-03	9.714524e-01	1.055809e-02	2.298538e-03	8.259556e-03
447           	-2.980107e-03	9.714541e-01	1.044569e-02	2.242737e-03	8.202950e-03
448           	-2.979766e-03	9.714568e-01	1.033336e-02	2.186913e-03	8.146445e-03
449           	-2.979486e-03	9.714604e-01	1.022267e-02	2.131850e-03	8.090823e-03
450           	-2.979267e-03	9.714643e-01	1.011498e-02	2.078221e-03	8.036755e-03
451           	-2.979102e-03	9.714675e-01	1.001147e-02	2.026631e-03	7.984835e-03
452           	-2.978993e-03	9.714706e-01	9.913048e-03	1.977531e-03	7.935516e-03
453           	-2.978937e-03	9.714737e-01	9.820718e-03	1.931422e-03	7.889296e-03
454           	-2.978932e-03	9.714757e-01	9.735319e-03	1.888727e-03	7.846592e-03
455           	-2.978967e-03	9.714757e-01	9.658598e-03	1.850332e-03	7.808266e-03
456           	-2.979044e-03	9.714736e-01	9.589612e-03	1.815762e-03	7.773850e-03
457           	-2.979162e-03	9.714697e-01	9.527807e-03	1.784741e-03	7.743066e-03
458           	-2.979322e-03	9.714637e-01	9.473049e-03	1.757202e-03	7.715847e-03
459           	-2.979518e-03	9.714555e-01	9.425135e-03	1.733050e-03	7.692085e-03
460           	-2.979746e-03	9.714447e-01	9.384029e-03	1.712268e-03	7.671761e-03
461           	-2.980002e-03	9.714307e-01	9.349633e-03	1.694814e-03	7.654819e-03
462           	-2.980284e-03	9.714132e-01	9.321927e-03	1.680680e-03	7.641247e-03
463           	-2.980583e-03	9.713923e-01	9.300947e-03	1.669891e-03	7.631056e-03
464           	-2.980898e-03	9.713677e-01	9.286808e-03	1.662506e-03	7.624301e-03
465           	-2.981222e-03	9.713396e-01	9.279630e-03	1.658593e-03	7.621037e-03
466           	-2.981553e-03	9.713077e-01	9.279570e-03	1.658232e-03	7.621338e-03
467           	-2.981883e-03	9.712723e-01	9.286672e-03	1.661453e-03	7.625219e-03
468           	-2.982211e-03	9.712332e-01	9.301031e-03	1.668305e-03	7.632726e-03
469           	-2.982529e-03	9.711906e-01	9.322560e-03	1.678751e-03	7.643809e-03
470           	-2.982835e-03	9.711445e-01	9.351189e-03	1.692759e-03	7.658429e-03
471           	-2.983122e-03	9.710951e-01	9.386730e-03	1.710243e-03	7.676487e-03
472           	-2.983387e-03	9.710419e-01	9.428984e-03	1.731104e-03	7.697879e-03
473           	-2.983628e-03	9.709859e-01	9.477377e-03	1.755061e-03	7.722317e-03
474           	-2.983842e-03	9.709272e-01	9.531569e-03	1.781943e-03	7.749626e-03
475           	-2.984026e-03	9.708661e-01	9.590929e-03	1.811438e-03	7.779491e-03
476           	-2.984180e-03	9.708028e-01	9.654876e-03	1.843258e-03	7.811618e-03
477           	-2.984300e-03	9.707379e-01	9.722746e-03	1.877073e-03	7.845673e-03
478           	-2.984388e-03	9.706718e-01	9.793442e-03	1.912333e-03	7.881109e-03
479           	-2.984441e-03	9.706046e-01	9.866180e-03	1.948649e-03	7.917531e-03
480           	-2.984459e-03	9.705366e-01	9.939934e-03	1.985508e-03	7.954425e-03
481           	-2.984440e-03	9.704682e-01	1.001365e-02	2.022386e-03	7.991266e-03
482           	-2.984384e-03	9.703992e-01	1.008640e-02	2.058818e-03	8.027585e-03
483           	-2.984290e-03	9.703304e-01	1.015719e-02	2.094303e-03	8.062884e-03
484           	-2.984176e-03	9.702633e-01	1.022622e-02	2.128934e-03	8.097287e-03
485           	-2.984016e-03	9.701959e-01	1.029287e-02	2.162421e-03	8.130452e-03
486           	-2.983807e-03	9.701280e-01	1.035591e-02	2.194148e-03	8.161763e-03
487           	-2.983557e-03	9.700601e-01	1.041429e-02	2.223589e-03	8.190704e-03
488           	-2.983271e-03	9.699932e-01	1.046723e-02	2.250344e-03	8.216886e-03
489           	-2.982952e-03	9.699276e-01	1.051423e-02	2.274164e-03	8.240069e-03
490           	-2.982604e-03	9.698639e-01	1.055494e-02	2.294868e-03	8.260076e-03
491           	-2.982229e-03	9.698023e-01	1.058912e-02	2.312332e-03	8.276791e-03
492           	-2.981829e-03	9.697429e-01	1.061673e-02	2.326533e-03	8.290192e-03
493           	-2.981406e-03	9.696861e-01	1.063638e-02	2.336784e-03	8.299595e-03
494           	-2.980969e-03	9.696322e-01	1.064941e-02	2.343738e-03	8.305675e-03
495           	-2.980520e-03	9.695814e-01	1.065655e-02	2.347758e-03	8.308797e-03
496           	-2.980058e-03	9.695335e-01	1.065831e-02	2.349094e-03	8.309211e-03
497           	-2.979585e-03	9.694886e-01	1.065494e-02	2.347885e-03	8.307054e-03
498           	-2.979101e-03	9.694467e-01	1.064667e-02	2.344235e-03	8.302437e-03
499           	-2.978610e-03	9.694080e-01	1.063368e-02	2.338229e-03	8.295448e-03
500           	-2.978114e-03	9.693725e-01	1.061617e-02	2.329969e-03	8.286198e-03
501           	-2.977618e-03	9.693402e-01	1.059430e-02	2.319532e-03	8.274767e-03
502           	-2.977122e-03	9.693112e-01	1.056823e-02	2.306993e-03	8.261238e-03
503           	-2.976630e-03	9.692854e-01	1.053806e-02	2.292398e-03	8.245658e-03
504           	-2.976142e-03	9.692627e-01	1.050389e-02	2.275804e-03	8.228088e-03
505           	-2.975660e-03	9.692430e-01	1.046577e-02	2.257227e-03	8.208546e-03
506           	-2.975184e-03	9.692261e-01	1.042379e-02	2.236712e-03	8.187080e-03
507           	-2.974716e-03	9.692119e-01	1.037808e-02	2.214321e-03	8.163754e-03
508           	-2.974257e-03	9.692004e-01	1.032875e-02	2.190116e-03	8.138631e-03
509           	-2.973807e-03	9.691916e-01	1.027608e-02	2.164234e-03	8.111847e-03
510           	-2.973364e-03	9.691850e-01	1.022044e-02	2.136858e-03	8.083586e-03
511           	-2.972928e-03	9.691807e-01	1.016221e-02	2.108178e-03	8.054034e-03
512           	-2.972499e-03	9.691784e-01	1.010170e-02	2.078351e-03	8.023349e-03
513           	-2.972076e-03	9.691780e-01	1.003935e-02	2.047601e-03	7.991754e-03
514           	-2.971658e-03	9.691793e-01	9.975666e-03	2.016175e-03	7.959491e-03
515           	-2.971243e-03	9.691822e-01	9.911118e-03	1.984316e-03	7.926802e-03
516           	-2.970829e-03	9.691863e-01	9.846173e-03	1.952258e-03	7.893915e-03
517           	-2.970414e-03	9.691916e-01	9.781222e-03	1.920197e-03	7.861025e-03
518           	-2.969996e-03	9.691977e-01	9.716643e-03	1.888326e-03	7.828317e-03
519           	-2.969572e-03	9.692047e-01	9.652839e-03	1.856848e-03	7.795991e-03
520           	-2.969139e-03	9.692124e-01	9.590039e-03	1.825880e-03	7.764159e-03
521           	-2.968694e-03	9.692199e-01	9.528546e-03	1.795579e-03	7.732966e-03
522           	-2.968234e-03	9.692275e-01	9.468231e-03	1.765882e-03	7.702349e-03
523           	-2.967757e-03	9.692352e-01	9.409166e-03	1.736826e-03	7.672340e-03
524           	-2.967262e-03	9.692432e-01	9.351205e-03	1.708340e-03	7.642865e-03
525           	-2.966745e-03	9.692505e-01	9.294440e-03	1.680475e-03	7.613965e-03
526           	-2.966188e-03	9.692557e-01	9.238740e-03	1.653182e-03	7.585558e-03
527           	-2.965609e-03	9.692603e-01	9.183547e-03	1.626165e-03	7.557382e-03
528           	-2.965003e-03	9.692644e-01	9.128525e-03	1.599259e-03	7.529265e-03
529           	-2.964366e-03	9.692681e-01	9.073394e-03	1.572331e-03	7.501063e-03
530           	-2.963695e-03	9.692712e-01	9.017899e-03	1.545254e-03	7.472645e-03
531           	-2.962990e-03	9.692735e-01	8.961651e-03	1.517835e-03	7.443815e-03
532           	-2.962249e-03	9.692752e-01	8.904289e-03	1.489895e-03	7.414394e-03
533           	-2.961474e-03	9.692764e-01	8.845498e-03	1.461275e-03	7.384224e-03
534           	-2.960665e-03	9.692772e-01	8.784950e-03	1.431809e-03	7.353140e-03
535           	-2.959823e-03	9.692778e-01	8.722332e-03	1.401344e-03	7.320989e-03
536           	-2.958947e-03	9.692781e-01	8.657326e-03	1.369716e-03	7.287610e-03
537           	-2.958039e-03	9.692785e-01	8.589700e-03	1.336811e-03	7.252890e-03
538           	-2.957101e-03	9.692789e-01	8.519263e-03	1.302530e-03	7.216732e-03
539           	-2.956134e-03	9.692797e-01	8.445856e-03	1.266794e-03	7.179062e-03
540           	-2.955140e-03	9.692810e-01	8.369430e-03	1.229575e-03	7.139856e-03
541           	-2.954122e-03	9.692829e-01	8.289992e-03	1.190874e-03	7.099118e-03
542           	-2.953081e-03	9.692858e-01	8.207551e-03	1.150695e-03	7.056856e-03
543           	-2.952020e-03	9.692896e-01	8.122174e-03	1.109067e-03	7.013106e-03
544           	-2.950940e-03	9.692946e-01	8.033925e-03	1.066022e-03	6.967903e-03
545           	-2.949847e-03	9.693009e-01	7.942873e-03	1.021590e-03	6.921283e-03
546           	-2.948740e-03	9.693085e-01	7.849072e-03	9.757961e-04	6.873276e-03
547           	-2.947623e-03	9.693175e-01	7.752561e-03	9.286574e-04	6.823903e-03
548           	-2.946498e-03	9.693281e-01	7.653432e-03	8.802184e-04	6.773214e-03
549           	-2.945367e-03	9.693402e-01	7.551720e-03	8.304931e-04	6.721227e-03
550           	-2.944233e-03	9.693541e-01	7.447654e-03	7.795944e-04	6.668060e-03
551           	-2.943098e-03	9.693696e-01	7.341410e-03	7.276068e-04	6.613803e-03
552           	-2.941965e-03	9.693869e-01	7.233183e-03	6.746261e-04	6.558556e-03
553           	-2.940838e-03	9.694060e-01	7.123138e-03	6.207314e-04	6.502406e-03
554           	-2.939717e-03	9.694269e-01	7.011484e-03	5.660253e-04	6.445458e-03
555           	-2.938605e-03	9.694495e-01	6.898530e-03	5.106598e-04	6.387870e-03
556           	-2.937504e-03	9.694738e-01	6.784552e-03	4.547717e-04	6.329780e-03
557           	-2.936417e-03	9.694994e-01	6.669760e-03	3.984630e-04	6.271297e-03
558           	-2.935343e-03	9.695266e-01	6.554345e-03	3.418290e-04	6.212516e-03
559           	-2.934283e-03	9.695550e-01	6.438540e-03	2.849865e-04	6.153553e-03
560           	-2.933237e-03	9.695846e-01	6.322528e-03	2.280272e-04	6.094501e-03
561           	-2.932206e-03	9.696151e-01	6.206451e-03	1.710194e-04	6.035432e-03
562           	-2.931190e-03	9.696464e-01	6.090563e-03	1.140914e-04	5.976472e-03
563           	-2.930190e-03	9.696784e-01	5.975167e-03	5.739330e-05	5.917774e-03
564           	-2.929194e-03	9.697113e-01	5.859892e-03	7.517696e-07	5.859140e-03
565           	-2.928225e-03	9.697439e-01	5.746308e-03	-5.507116e-05	5.801379e-03
566           	-2.927262e-03	9.697772e-01	5.633672e-03	-1.104263e-04	5.744098e-03
567           	-2.926325e-03	9.698105e-01	5.523321e-03	-1.646647e-04	5.687986e-03
568           	-2.925391e-03	9.698439e-01	5.414623e-03	-2.180800e-04	5.632703e-03
569           	-2.924479e-03	9.698763e-01	5.308852e-03	-2.700529e-04	5.578905e-03
570           	-2.923566e-03	9.699085e-01	5.204648e-03	-3.212422e-04	5.525891e-03
571           	-2.922662e-03	9.699393e-01	5.102510e-03	-3.714072e-04	5.473917e-03
572           	-2.921779e-03	9.699699e-01	5.002835e-03	-4.203616e-04	5.423196e-03
573           	-2.920891e-03	9.699988e-01	4.904818e-03	-4.684823e-04	5.373300e-03
574           	-2.920006e-03	9.700273e-01	4.808009e-03	-5.160017e-04	5.324010e-03
575           	-2.919132e-03	9.700530e-01	4.713884e-03	-5.621901e-04	5.276074e-03
576           	-2.918247e-03	9.700777e-01	4.620366e-03	-6.080640e-04	5.228430e-03
577           	-2.917358e-03	9.701006e-01	4.527678e-03	-6.535189e-04	5.181197e-03
578           	-2.916476e-03	9.701216e-01	4.436466e-03	-6.982432e-04	5.134709e-03
579           	-2.915582e-03	9.701411e-01	4.345175e-03	-7.429945e-04	5.088169e-03
580           	-2.914681e-03	9.701587e-01	4.253933e-03	-7.877142e-04	5.041647e-03
581           	-2.913775e-03	9.701746e-01	4.162686e-03	-8.324314e-04	4.995118e-03
582           	-2.912873e-03	9.701884e-01	4.071883e-03	-8.769310e-04	4.948814e-03
583           	-2.911956e-03	9.702008e-01	3.980210e-03	-9.218505e-04	4.902061e-03
584           	-2.911030e-03	9.702115e-01	3.887902e-03	-9.670790e-04	4.854981e-03
585           	-2.910099e-03	9.702205e-01	3.794953e-03	-1.012622e-03	4.807576e-03
586           	-2.909164e-03	9.702281e-01	3.701266e-03	-1.058531e-03	4.759797e-03
587           	-2.908225e-03	9.702342e-01	3.606744e-03	-1.104853e-03	4.711597e-03
588           	-2.907282e-03	9.702390e-01	3.511308e-03	-1.151628e-03	4.662936e-03
589           	-2.906336e-03	9.702426e-01	3.414853e-03	-1.198910e-03	4.613762e-03
590           	-2.905387e-03	9.702449e-01	3.317285e-03	-1.246745e-03	4.564030e-03
591           	-2.904437e-03	9.702462e-01	3.218596e-03	-1.295139e-03	4.513735e-03
592           	-2.903486e-03	9.702465e-01	3.118705e-03	-1.344134e-03	4.462838e-03
593           	-2.902536e-03	9.702460e-01	3.017571e-03	-1.393751e-03	4.411321e-03
594           	-2.901588e-03	9.702449e-01	2.915208e-03	-1.443984e-03	4.359192e-03
595           	-2.900643e-03	9.702432e-01	2.811616e-03	-1.494834e-03	4.306451e-03
596           	-2.899701e-03	9.702412e-01	2.706905e-03	-1.546249e-03	4.253153e-03
597           	-2.898764e-03	9.702389e-01	2.601198e-03	-1.598165e-03	4.199363e-03
598           	-2.897832e-03	9.702364e-01	2.494646e-03	-1.650509e-03	4.145155e-03
599           	-2.896905e-03	9.702339e-01	2.387422e-03	-1.703194e-03	4.090616e-03
600           	-2.895985e-03	9.702314e-01	2.279739e-03	-1.756115e-03	4.035854e-03
601           	-2.895070e-03	9.702289e-01	2.171816e-03	-1.809163e-03	3.980978e-03
602           	-2.894164e-03	9.702264e-01	2.063894e-03	-1.862217e-03	3.926110e-03
603           	-2.893265e-03	9.702240e-01	1.956144e-03	-1.915193e-03	3.871337e-03
604           	-2.892375e-03	9.702217e-01	1.848762e-03	-1.967994e-03	3.816756e-03
605           	-2.891494e-03	9.702194e-01	1.741885e-03	-2.020551e-03	3.762436e-03
606           	-2.890622e-03	9.702170e-01	1.635677e-03	-2.072784e-03	3.708460e-03
607           	-2.889760e-03	9.702146e-01	1.530217e-03	-2.124651e-03	3.654868e-03
608           	-2.888907e-03	9.702121e-01	1.425556e-03	-2.176129e-03	3.601685e-03
609           	-2.888064e-03	9.702094e-01	1.321737e-03	-2.227196e-03	3.548933e-03
610           	-2.887231e-03	9.702066e-01	1.218806e-03	-2.277828e-03	3.496634e-03
611           	-2.886408e-03	9.702037e-01	1.116780e-03	-2.328018e-03	3.444798e-03
612           	-2.885594e-03	9.702006e-01	1.015745e-03	-2.377721e-03	3.393466e-03
613           	-2.884788e-03	9.701973e-01	9.157688e-04	-2.426904e-03	3.342673e-03
614           	-2.883991e-03	9.701938e-01	8.169631e-04	-2.475510e-03	3.292473e-03
615           	-2.883202e-03	9.701901e-01	7.194317e-04	-2.523486e-03	3.242917e-03
616           	-2.882418e-03	9.701861e-01	6.233009e-04	-2.570768e-03	3.194069e-03
617           	-2.881641e-03	9.701817e-01	5.286390e-04	-2.617321e-03	3.145960e-03
618           	-2.880868e-03	9.701770e-01	4.355529e-04	-2.663092e-03	3.098645e-03
619           	-2.880101e-03	9.701717e-01	3.440930e-04	-2.708054e-03	3.052147e-03
620           	-2.879336e-03	9.701659e-01	2.543103e-04	-2.752181e-03	3.006491e-03
621           	-2.878575e-03	9.701596e-01	1.661812e-04	-2.795484e-03	2.961665e-03
622           	-2.877815e-03	9.701525e-01	7.965024e-05	-2.837990e-03	2.917640e-03
623           	-2.877056e-03	9.701448e-01	-5.364189e-06	-2.879738e-03	2.874374e-03
624           	-2.876297e-03	9.701364e-01	-8.896440e-05	-2.920779e-03	2.831815e-03
625           	-2.875537e-03	9.701272e-01	-1.713312e-04	-2.961203e-03	2.789871e-03
626           	-2.874775e-03	9.701173e-01	-2.526211e-04	-3.001086e-03	2.748464e-03
627           	-2.874010e-03	9.701066e-01	-3.329966e-04	-3.040508e-03	2.707511e-03
628           	-2.873241e-03	9.700951e-01	-4.126295e-04	-3.079556e-03	2.666926e-03
629           	-2.872468e-03	9.700828e-01	-4.917098e-04	-3.118323e-03	2.626613e-03
630           	-2.871690e-03	9.700698e-01	-5.703991e-04	-3.156890e-03	2.586491e-03
631           	-2.870907e-03	9.700560e-01	-6.488501e-04	-3.195333e-03	2.546482e-03
632           	-2.870119e-03	9.700414e-01	-7.272187e-04	-3.233728e-03	2.506510e-03
633           	-2.869325e-03	9.700262e-01	-8.056902e-04	-3.272170e-03	2.466480e-03
634           	-2.868525e-03	9.700103e-01	-8.844037e-04	-3.310727e-03	2.426323e-03
635           	-2.867719e-03	9.699937e-01	-9.634744e-04	-3.349456e-03	2.385982e-03
636           	-2.866906e-03	9.699765e-01	-1.042981e-03	-3.388397e-03	2.345416e-03
637           	-2.866088e-03	9.699587e-01	-1.123047e-03	-3.427611e-03	2.304564e-03
638           	-2.865263e-03	9.699404e-01	-1.203736e-03	-3.467131e-03	2.263395e-03
639           	-2.864432e-03	9.699216e-01	-1.285137e-03	-3.507001e-03	2.221864e-03
640           	-2.863597e-03	9.699024e-01	-1.367300e-03	-3.547247e-03	2.179946e-03
641           	-2.862756e-03	9.698829e-01	-1.450315e-03	-3.587913e-03	2.137598e-03
642           	-2.861911e-03	9.698631e-01	-1.534212e-03	-3.629017e-03	2.094805e-03
643           	-2.861063e-03	9.698431e-01	-1.619045e-03	-3.670586e-03	2.051540e-03
644           	-2.860212e-03	9.698229e-01	-1.704782e-03	-3.712602e-03	2.007821e-03
645           	-2.859358e-03	9.698027e-01	-1.791413e-03	-3.755065e-03	1.963652e-03
646           	-2.858503e-03	9.697823e-01	-1.878845e-03	-3.797925e-03	1.919080e-03
647           	-2.857646e-03	9.697619e-01	-1.967048e-03	-3.841170e-03	1.874123e-03
648           	-2.856789e-03	9.697415e-01	-2.055927e-03	-3.884753e-03	1.828826e-03
649           	-2.855932e-03	9.697211e-01	-2.145413e-03	-3.928638e-03	1.783225e-03
650           	-2.855075e-03	9.697007e-01	-2.235406e-03	-3.972778e-03	1.737372e-03
651           	-2.854219e-03	9.696804e-01	-2.325851e-03	-4.017144e-03	1.691293e-03
652           	-2.853363e-03	9.696601e-01	-2.416681e-03	-4.061704e-03	1.645023e-03
653           	-2.852510e-03	9.696398e-01	-2.507836e-03	-4.106427e-03	1.598592e-03
654           	-2.851657e-03	9.696196e-01	-2.599268e-03	-4.151291e-03	1.552023e-03
655           	-2.850807e-03	9.695995e-01	-2.690926e-03	-4.196270e-03	1.505344e-03
656           	-2.849959e-03	9.695795e-01	-2.782750e-03	-4.241334e-03	1.458584e-03
657           	-2.849113e-03	9.695595e-01	-2.874724e-03	-4.286475e-03	1.411751e-03
658           	-2.848269e-03	9.695396e-01	-2.966802e-03	-4.331670e-03	1.364868e-03
659           	-2.847428e-03	9.695197e-01	-3.059003e-03	-4.376930e-03	1.317927e-03
660           	-2.846590e-03	9.694999e-01	-3.151220e-03	-4.422200e-03	1.270979e-03
661           	-2.845753e-03	9.694799e-01	-3.243442e-03	-4.467474e-03	1.224032e-03
662           	-2.844918e-03	9.694600e-01	-3.335576e-03	-4.512706e-03	1.177130e-03
663           	-2.844085e-03	9.694400e-01	-3.427595e-03	-4.557882e-03	1.130287e-03
664           	-2.843253e-03	9.694199e-01	-3.519417e-03	-4.602962e-03	1.083545e-03
665           	-2.842423e-03	9.693996e-01	-3.611018e-03	-4.647932e-03	1.036914e-03
666           	-2.841595e-03	9.693793e-01	-3.702381e-03	-4.692786e-03	9.904042e-04
667           	-2.840768e-03	9.693589e-01	-3.793514e-03	-4.737525e-03	9.440104e-04
668           	-2.839941e-03	9.693382e-01	-3.884388e-03	-4.782135e-03	8.977472e-04
669           	-2.839115e-03	9.693174e-01	-3.975067e-03	-4.826648e-03	8.515816e-04
670           	-2.838289e-03	9.692964e-01	-4.065535e-03	-4.871057e-03	8.055219e-04
671           	-2.837464e-03	9.692752e-01	-4.155890e-03	-4.915409e-03	7.595186e-04
672           	-2.836638e-03	9.692538e-01	-4.246114e-03	-4.959695e-03	7.135806e-04
673           	-2.835811e-03	9.692320e-01	-4.336324e-03	-5.003973e-03	6.676488e-04
674           	-2.834984e-03	9.692101e-01	-4.426522e-03	-5.048245e-03	6.217228e-04
675           	-2.834155e-03	9.691879e-01	-4.516812e-03	-5.092561e-03	5.757494e-04
676           	-2.833326e-03	9.691655e-01	-4.607186e-03	-5.136919e-03	5.297327e-04
677           	-2.832495e-03	9.691428e-01	-4.697755e-03	-5.181373e-03	4.836179e-04
678           	-2.831664e-03	9.691199e-01	-4.788469e-03	-5.225898e-03	4.374293e-04
679           	-2.830831e-03	9.690968e-01	-4.879436e-03	-5.270549e-03	3.911133e-04
680           	-2.829997e-03	9.690735e-01	-4.970615e-03	-5.315305e-03	3.446900e-04
681           	-2.829162e-03	9.690499e-01	-5.062103e-03	-5.360214e-03	2.981106e-04
682           	-2.828326e-03	9.690261e-01	-5.153844e-03	-5.405248e-03	2.514034e-04
683           	-2.827487e-03	9.690021e-01	-5.245914e-03	-5.450444e-03	2.045304e-04
684           	-2.826647e-03	9.689780e-01	-5.338256e-03	-5.495775e-03	1.575196e-04
685           	-2.825806e-03	9.689536e-01	-5.430987e-03	-5.541300e-03	1.103122e-04
686           	-2.824963e-03	9.689291e-01	-5.524013e-03	-5.586969e-03	6.295646e-05
687           	-2.824119e-03	9.689045e-01	-5.617399e-03	-5.632818e-03	1.541905e-05
688           	-2.823273e-03	9.688798e-01	-5.711033e-03	-5.678790e-03	-3.224328e-05
689           	-2.822427e-03	9.688550e-01	-5.805015e-03	-5.724934e-03	-8.008025e-05
690           	-2.821581e-03	9.688302e-01	-5.899223e-03	-5.771192e-03	-1.280311e-04
691           	-2.820734e-03	9.688054e-01	-5.993756e-03	-5.817612e-03	-1.761445e-04
692           	-2.819887e-03	9.687806e-01	-6.088482e-03	-5.864128e-03	-2.243543e-04
693           	-2.819040e-03	9.687557e-01	-6.183476e-03	-5.910777e-03	-2.726982e-04
694           	-2.818192e-03	9.687309e-01	-6.278657e-03	-5.957521e-03	-3.211359e-04
695           	-2.817345e-03	9.687060e-01	-6.374164e-03	-6.004427e-03	-3.697368e-04
696           	-2.816498e-03	9.686812e-01	-6.469905e-03	-6.051451e-03	-4.184542e-04
697           	-2.815652e-03	9.686563e-01	-6.565996e-03	-6.098650e-03	-4.673459e-04
698           	-2.814806e-03	9.686315e-01	-6.662332e-03	-6.145972e-03	-5.163600e-04
699           	-2.813961e-03	9.686067e-01	-6.758981e-03	-6.193452e-03	-5.655294e-04
700           	-2.813117e-03	9.685819e-01	-6.855829e-03	-6.241031e-03	-6.147978e-04
701           	-2.812273e-03	9.685571e-01	-6.952930e-03	-6.288738e-03	-6.641919e-04
702           	-2.811430e-03	9.685323e-01	-7.050155e-03	-6.336507e-03	-7.136479e-04
703           	-2.810587e-03	9.685075e-01	-7.147553e-03	-6.384363e-03	-7.631894e-04
704           	-2.809745e-03	9.684828e-01	-7.244986e-03	-6.432238e-03	-8.127478e-04
705           	-2.808905e-03	9.684581e-01	-7.342461e-03	-6.480135e-03	-8.623260e-04
706           	-2.808065e-03	9.684334e-01	-7.439826e-03	-6.527978e-03	-9.118480e-04
707           	-2.807227e-03	9.684088e-01	-7.537088e-03	-6.575771e-03	-9.613167e-04
708           	-2.806391e-03	9.683843e-01	-7.634119e-03	-6.623451e-03	-1.010669e-03
709           	-2.805557e-03	9.683598e-01	-7.730921e-03	-6.671017e-03	-1.059904e-03
710           	-2.804724e-03	9.683354e-01	-7.827413e-03	-6.718430e-03	-1.108982e-03
711           	-2.803893e-03	9.683109e-01	-7.923652e-03	-6.765719e-03	-1.157933e-03
712           	-2.803064e-03	9.682865e-01	-8.019644e-03	-6.812886e-03	-1.206758e-03
713           	-2.802235e-03	9.682620e-01	-8.115462e-03	-6.859966e-03	-1.255495e-03
714           	-2.801409e-03	9.682375e-01	-8.211118e-03	-6.906967e-03	-1.304150e-03
715           	-2.800583e-03	9.682130e-01	-8.306678e-03	-6.953922e-03	-1.352756e-03
716           	-2.799759e-03	9.681884e-01	-8.402130e-03	-7.000824e-03	-1.401306e-03
717           	-2.798935e-03	9.681637e-01	-8.497525e-03	-7.047698e-03	-1.449827e-03
718           	-2.798113e-03	9.681390e-01	-8.592846e-03	-7.094536e-03	-1.498310e-03
719           	-2.797291e-03	9.681142e-01	-8.688100e-03	-7.141342e-03	-1.546759e-03
720           	-2.796471e-03	9.680894e-01	-8.783264e-03	-7.188103e-03	-1.595161e-03
721           	-2.795652e-03	9.680646e-01	-8.878289e-03	-7.234796e-03	-1.643492e-03
722           	-2.794834e-03	9.680398e-01	-8.973121e-03	-7.281395e-03	-1.691727e-03
723           	-2.794017e-03	9.680150e-01	-9.067732e-03	-7.327883e-03	-1.739849e-03
724           	-2.793201e-03	9.679901e-01	-9.162075e-03	-7.374239e-03	-1.787836e-03
725           	-2.792387e-03	9.679653e-01	-9.256135e-03	-7.420454e-03	-1.835681e-03
726           	-2.791574e-03	9.679405e-01	-9.349922e-03	-7.466535e-03	-1.883387e-03
727           	-2.790762e-03	9.679157e-01	-9.443488e-03	-7.512506e-03	-1.930982e-03
728           	-2.789952e-03	9.678909e-01	-9.536872e-03	-7.558388e-03	-1.978484e-03
729           	-2.789144e-03	9.678662e-01	-9.630115e-03	-7.604201e-03	-2.025914e-03
730           	-2.788337e-03	9.678414e-01	-9.723241e-03	-7.649958e-03	-2.073283e-03
731           	-2.787532e-03	9.678167e-01	-9.816319e-03	-7.695692e-03	-2.120627e-03
732           	-2.786730e-03	9.677920e-01	-9.909406e-03	-7.741433e-03	-2.167973e-03
733           	-2.785929e-03	9.677674e-01	-1.000256e-02	-7.787208e-03	-2.215351e-03
734           	-2.785130e-03	9.677427e-01	-1.009576e-02	-7.833011e-03	-2.262751e-03
735           	-2.784333e-03	9.677181e-01	-1.018902e-02	-7.878844e-03	-2.310179e-03
736           	-2.783538e-03	9.676936e-01	-1.028231e-02	-7.924692e-03	-2.357616e-03
737           	-2.782745e-03	9.676690e-01	-1.037561e-02	-7.970548e-03	-2.405058e-03
738           	-2.781955e-03	9.676446e-01	-1.046888e-02	-8.016393e-03	-2.452483e-03
739           	-2.781168e-03	9.676202e-01	-1.056207e-02	-8.062203e-03	-2.499867e-03
740           	-2.780385e-03	9.675959e-01	-1.065514e-02	-8.107957e-03	-2.547187e-03
741           	-2.779605e-03	9.675718e-01	-1.074803e-02	-8.153621e-03	-2.594411e-03
742           	-2.778830e-03	9.675479e-01	-1.084071e-02	-8.199185e-03	-2.641525e-03
743           	-2.778058e-03	9.675241e-01	-1.093316e-02	-8.244636e-03	-2.688520e-03
744           	-2.777291e-03	9.675005e-01	-1.102533e-02	-8.289956e-03	-2.735375e-03
745           	-2.776527e-03	9.674771e-01	-1.111721e-02	-8.335134e-03	-2.782080e-03
746           	-2.775768e-03	9.674538e-01	-1.120877e-02	-8.380154e-03	-2.828619e-03
747           	-2.775012e-03	9.674307e-01	-1.129999e-02	-8.425007e-03	-2.874983e-03
748           	-2.774260e-03	9.674077e-01	-1.139083e-02	-8.469677e-03	-2.921157e-03
749           	-2.773511e-03	9.673848e-01	-1.148129e-02	-8.514159e-03	-2.967136e-03
750           	-2.772767e-03	9.673621e-01	-1.157136e-02	-8.558445e-03	-3.012910e-03
751           	-2.772027e-03	9.673394e-01	-1.166100e-02	-8.602526e-03	-3.058473e-03
752           	-2.771291e-03	9.673168e-01	-1.175020e-02	-8.646388e-03	-3.103807e-03
753           	-2.770559e-03	9.672943e-01	-1.183896e-02	-8.690039e-03	-3.148922e-03
754           	-2.769831e-03	9.672718e-01	-1.192728e-02	-8.733473e-03	-3.193811e-03
755           	-2.769107e-03	9.672495e-01	-1.201519e-02	-8.776704e-03	-3.238490e-03
756           	-2.768388e-03	9.672272e-01	-1.210269e-02	-8.819733e-03	-3.282958e-03
757           	-2.767672e-03	9.672050e-01	-1.218985e-02	-8.862598e-03	-3.327255e-03
758           	-2.766959e-03	9.671829e-01	-1.227668e-02	-8.905301e-03	-3.371382e-03
759           	-2.766251e-03	9.671608e-01	-1.236324e-02	-8.947872e-03	-3.415369e-03
760           	-2.765547e-03	9.671389e-01	-1.244950e-02	-8.990295e-03	-3.459200e-03
761           	-2.764848e-03	9.671171e-01	-1.253549e-02	-9.032591e-03	-3.502895e-03
762           	-2.764152e-03	9.670954e-01	-1.262118e-02	-9.074744e-03	-3.546439e-03
763           	-2.763461e-03	9.670738e-01	-1.270658e-02	-9.116752e-03	-3.589830e-03
764           	-2.762775e-03	9.670524e-01	-1.279164e-02	-9.158597e-03	-3.633047e-03
765           	-2.762092e-03	9.670310e-01	-1.287637e-02	-9.200276e-03	-3.676091e-03
766           	-2.761414e-03	9.670098e-01	-1.296073e-02	-9.241780e-03	-3.718951e-03
767           	-2.760741e-03	9.669886e-01	-1.304475e-02	-9.283114e-03	-3.761632e-03
768           	-2.760072e-03	9.669676e-01	-1.312838e-02	-9.324262e-03	-3.804118e-03
769           	-2.759407e-03	9.669467e-01	-1.321169e-02	-9.365251e-03	-3.846436e-03
770           	-2.758747e-03	9.669259e-01	-1.329463e-02	-9.406064e-03	-3.888570e-03
771           	-2.758092e-03	9.669052e-01	-1.337724e-02	-9.446714e-03	-3.930531e-03
772           	-2.757441e-03	9.668847e-01	-1.345952e-02	-9.487201e-03	-3.972320e-03
773           	-2.756794e-03	9.668643e-01	-1.354150e-02	-9.527547e-03	-4.013958e-03
774           	-2.756153e-03	9.668440e-01	-1.362320e-02	-9.567751e-03	-4.055446e-03
775           	-2.755516e-03	9.668238e-01	-1.370461e-02	-9.607823e-03	-4.096792e-03
776           	-2.754884e-03	9.668039e-01	-1.378575e-02	-9.647757e-03	-4.137989e-03
777           	-2.754257e-03	9.667840e-01	-1.386662e-02	-9.687567e-03	-4.179053e-03
778           	-2.753635e-03	9.667643e-01	-1.394721e-02	-9.727241e-03	-4.219972e-03
779           	-2.753018e-03	9.667448e-01	-1.402753e-02	-9.766781e-03	-4.260746e-03
780           	-2.752406e-03	9.667255e-01	-1.410754e-02	-9.806176e-03	-4.301365e-03
781           	-2.751798e-03	9.667063e-01	-1.418726e-02	-9.845426e-03	-4.341830e-03
782           	-2.751196e-03	9.666873e-01	-1.426665e-02	-9.884519e-03	-4.382127e-03
783           	-2.750598e-03	9.666684e-01	-1.434572e-02	-9.923458e-03	-4.422262e-03
784           	-2.750005e-03	9.666497e-01	-1.442445e-02	-9.962228e-03	-4.462218e-03
785           	-2.749417e-03	9.666312e-01	-1.450282e-02	-1.000083e-02	-4.501992e-03
786           	-2.748833e-03	9.666128e-01	-1.458081e-02	-1.003924e-02	-4.541571e-03
787           	-2.748254e-03	9.665944e-01	-1.465841e-02	-1.007746e-02	-4.580949e-03
788           	-2.747679e-03	9.665762e-01	-1.473559e-02	-1.011548e-02	-4.620119e-03
789           	-2.747109e-03	9.665581e-01	-1.481238e-02	-1.015330e-02	-4.659080e-03
790           	-2.746543e-03	9.665402e-01	-1.488874e-02	-1.019091e-02	-4.697827e-03
791           	-2.745982e-03	9.665223e-01	-1.496470e-02	-1.022833e-02	-4.736367e-03
792           	-2.745426e-03	9.665046e-01	-1.504025e-02	-1.026555e-02	-4.774697e-03
793           	-2.744874e-03	9.664870e-01	-1.511538e-02	-1.030257e-02	-4.812817e-03
794           	-2.744327e-03	9.664696e-01	-1.519010e-02	-1.033938e-02	-4.850724e-03
795           	-2.743785e-03	9.664523e-01	-1.526443e-02	-1.037600e-02	-4.888428e-03
796           	-2.743248e-03	9.664351e-01	-1.533836e-02	-1.041243e-02	-4.925932e-03
797           	-2.742714e-03	9.664180e-01	-1.541192e-02	-1.044868e-02	-4.963247e-03
798           	-2.742186e-03	9.664011e-01	-1.548514e-02	-1.048475e-02	-5.000383e-03
799           	-2.741662e-03	9.663843e-01	-1.555804e-02	-1.052068e-02	-5.037356e-03
800           	-2.741142e-03	9.663676e-01	-1.563064e-02	-1.055646e-02	-5.074180e-03
801           	-2.740626e-03	9.663510e-01	-1.570297e-02	-1.059211e-02	-5.110857e-03
802           	-2.740115e-03	9.663345e-01	-1.577501e-02	-1.062762e-02	-5.147388e-03
803           	-2.739608e-03	9.663182e-01	-1.584675e-02	-1.066298e-02	-5.183766e-03
804           	-2.739106e-03	9.663020e-01	-1.591818e-02	-1.069819e-02	-5.219982e-03
805           	-2.738608e-03	9.662860e-01	-1.598927e-02	-1.073324e-02	-5.256028e-03
806           	-2.738115e-03	9.662701e-01	-1.606004e-02	-1.076813e-02	-5.291903e-03
807           	-2.737625e-03	9.662543e-01	-1.613047e-02	-1.080286e-02	-5.327608e-03
808           	-2.737140e-03	9.662387e-01	-1.620059e-02	-1.083743e-02	-5.363154e-03
809           	-2.736659e-03	9.662232e-01	-1.627040e-02	-1.087186e-02	-5.398541e-03
810           	-2.736183e-03	9.662079e-01	-1.633992e-02	-1.090614e-02	-5.433777e-03
811           	-2.735710e-03	9.661927e-01	-1.640917e-02	-1.094029e-02	-5.468874e-03
812           	-2.735242e-03	9.661776e-01	-1.647816e-02	-1.097432e-02	-5.503840e-03
813           	-2.734778e-03	9.661627e-01	-1.654690e-02	-1.100823e-02	-5.538673e-03
814           	-2.734318e-03	9.661479e-01	-1.661538e-02	-1.104201e-02	-5.573370e-03
815           	-2.733863e-03	9.661333e-01	-1.668358e-02	-1.107565e-02	-5.607927e-03
816           	-2.733413e-03	9.661189e-01	-1.675150e-02	-1.110916e-02	-5.642336e-03
817           	-2.732968e-03	9.661046e-01	-1.681911e-02	-1.114252e-02	-5.676587e-03
818           	-2.732527e-03	9.660905e-01	-1.688640e-02	-1.117573e-02	-5.710673e-03
819           	-2.732091e-03	9.660766e-01	-1.695338e-02	-1.120878e-02	-5.744597e-03
820           	-2.731661e-03	9.660628e-01	-1.702004e-02	-1.124168e-02	-5.778360e-03
821           	-2.731234e-03	9.660492e-01	-1.708640e-02	-1.127444e-02	-5.811967e-03
822           	-2.730813e-03	9.660358e-01	-1.715246e-02	-1.130704e-02	-5.845418e-03
823           	-2.730396e-03	9.660226e-01	-1.721822e-02	-1.133951e-02	-5.878713e-03
824           	-2.729985e-03	9.660095e-01	-1.728368e-02	-1.137183e-02	-5.911857e-03
825           	-2.729577e-03	9.659966e-01	-1.734887e-02	-1.140401e-02	-5.944856e-03
826           	-2.729175e-03	9.659839e-01	-1.741376e-02	-1.143605e-02	-5.977705e-03
827           	-2.728778e-03	9.659714e-01	-1.747836e-02	-1.146796e-02	-6.010403e-03
828           	-2.728386e-03	9.659591e-01	-1.754266e-02	-1.149971e-02	-6.042942e-03
829           	-2.727998e-03	9.659469e-01	-1.760663e-02	-1.153131e-02	-6.075318e-03
830           	-2.727616e-03	9.659349e-01	-1.767027e-02	-1.156275e-02	-6.107521e-03
831           	-2.727239e-03	9.659231e-01	-1.773357e-02	-1.159402e-02	-6.139546e-03
832           	-2.726866e-03	9.659114e-01	-1.779651e-02	-1.162512e-02	-6.171387e-03
833           	-2.726499e-03	9.658998e-01	-1.785909e-02	-1.165604e-02	-6.203044e-03
834           	-2.726136e-03	9.658884e-01	-1.792131e-02	-1.168679e-02	-6.234520e-03
835           	-2.725779e-03	9.658770e-01	-1.798320e-02	-1.171738e-02	-6.265822e-03
836           	-2.725426e-03	9.658659e-01	-1.804476e-02	-1.174781e-02	-6.296955e-03
837           	-2.725079e-03	9.658548e-01	-1.810602e-02	-1.177809e-02	-6.327929e-03
838           	-2.724736e-03	9.658440e-01	-1.816699e-02	-1.180823e-02	-6.358757e-03
839           	-2.724399e-03	9.658332e-01	-1.822768e-02	-1.183824e-02	-6.389443e-03
840           	-2.724066e-03	9.658226e-01	-1.828813e-02	-1.186813e-02	-6.419998e-03
841           	-2.723739e-03	9.658121e-01	-1.834833e-02	-1.189791e-02	-6.450428e-03
842           	-2.723416e-03	9.658018e-01	-1.840829e-02	-1.192756e-02	-6.480727e-03
843           	-2.723099e-03	9.657917e-01	-1.846799e-02	-1.195709e-02	-6.510897e-03
844           	-2.722787e-03	9.657817e-01	-1.852744e-02	-1.198651e-02	-6.540933e-03
845           	-2.722479e-03	9.657718e-01	-1.858663e-02	-1.201580e-02	-6.570836e-03
846           	-2.722177e-03	9.657621e-01	-1.864555e-02	-1.204495e-02	-6.600599e-03
847           	-2.721880e-03	9.657526e-01	-1.870419e-02	-1.207398e-02	-6.630217e-03
848           	-2.721588e-03	9.657433e-01	-1.876253e-02	-1.210285e-02	-6.659675e-03
849           	-2.721301e-03	9.657340e-01	-1.882053e-02	-1.213157e-02	-6.688964e-03
850           	-2.721019e-03	9.657249e-01	-1.887820e-02	-1.216012e-02	-6.718080e-03
851           	-2.720741e-03	9.657160e-01	-1.893556e-02	-1.218852e-02	-6.747037e-03
852           	-2.720468e-03	9.657071e-01	-1.899260e-02	-1.221677e-02	-6.775832e-03
853           	-2.720200e-03	9.656984e-01	-1.904935e-02	-1.224487e-02	-6.804474e-03
854           	-2.719938e-03	9.656898e-01	-1.910582e-02	-1.227285e-02	-6.832971e-03
855           	-2.719680e-03	9.656813e-01	-1.916203e-02	-1.230069e-02	-6.861335e-03
856           	-2.719428e-03	9.656729e-01	-1.921801e-02	-1.232843e-02	-6.889575e-03
857           	-2.719180e-03	9.656647e-01	-1.927377e-02	-1.235607e-02	-6.917705e-03
858           	-2.718939e-03	9.656566e-01	-1.932934e-02	-1.238361e-02	-6.945733e-03
859           	-2.718702e-03	9.656487e-01	-1.938475e-02	-1.241108e-02	-6.973674e-03
860           	-2.718471e-03	9.656409e-01	-1.944003e-02	-1.243849e-02	-7.001543e-03
861           	-2.718245e-03	9.656332e-01	-1.949520e-02	-1.246585e-02	-7.029355e-03
862           	-2.718025e-03	9.656257e-01	-1.955029e-02	-1.249317e-02	-7.057121e-03
863           	-2.717809e-03	9.656183e-01	-1.960533e-02	-1.252047e-02	-7.084856e-03
864           	-2.717599e-03	9.656110e-01	-1.966033e-02	-1.254776e-02	-7.112565e-03
865           	-2.717393e-03	9.656039e-01	-1.971530e-02	-1.257504e-02	-7.140258e-03
866           	-2.717193e-03	9.655969e-01	-1.977025e-02	-1.260232e-02	-7.167933e-03
867           	-2.716999e-03	9.655900e-01	-1.982517e-02	-1.262958e-02	-7.195585e-03
868           	-2.716810e-03	9.655832e-01	-1.987997e-02	-1.265679e-02	-7.223174e-03
869           	-2.716626e-03	9.655766e-01	-1.993477e-02	-1.268401e-02	-7.250757e-03
870           	-2.716448e-03	9.655700e-01	-1.998934e-02	-1.271112e-02	-7.278221e-03
871           	-2.716274e-03	9.655635e-01	-2.004384e-02	-1.273820e-02	-7.305648e-03
872           	-2.716106e-03	9.655571e-01	-2.009807e-02	-1.276514e-02	-7.332932e-03
873           	-2.715942e-03	9.655509e-01	-2.015223e-02	-1.279206e-02	-7.360172e-03
874           	-2.715785e-03	9.655448e-01	-2.020608e-02	-1.281882e-02	-7.387254e-03
875           	-2.715633e-03	9.655389e-01	-2.025976e-02	-1.284551e-02	-7.414244e-03
876           	-2.715487e-03	9.655332e-01	-2.031324e-02	-1.287211e-02	-7.441135e-03
877           	-2.715346e-03	9.655275e-01	-2.036653e-02	-1.289861e-02	-7.467918e-03
878           	-2.715211e-03	9.655219e-01	-2.041960e-02	-1.292501e-02	-7.494587e-03
879           	-2.715082e-03	9.655164e-01	-2.047246e-02	-1.295131e-02	-7.521149e-03
880           	-2.714958e-03	9.655110e-01	-2.052515e-02	-1.297753e-02	-7.547616e-03
881           	-2.714840e-03	9.655057e-01	-2.057767e-02	-1.300368e-02	-7.573998e-03
882           	-2.714727e-03	9.655005e-01	-2.063005e-02	-1.302975e-02	-7.600296e-03
883           	-2.714620e-03	9.654954e-01	-2.068226e-02	-1.305575e-02	-7.626510e-03
884           	-2.714520e-03	9.654905e-01	-2.073431e-02	-1.308168e-02	-7.652638e-03
885           	-2.714425e-03	9.654856e-01	-2.078620e-02	-1.310753e-02	-7.678678e-03
886           	-2.714336e-03	9.654809e-01	-2.083791e-02	-1.313329e-02	-7.704622e-03
887           	-2.714253e-03	9.654762e-01	-2.088945e-02	-1.315898e-02	-7.730473e-03
888           	-2.714176e-03	9.654717e-01	-2.094082e-02	-1.318458e-02	-7.756233e-03
889           	-2.714105e-03	9.654673e-01	-2.099202e-02	-1.321011e-02	-7.781903e-03
890           	-2.714041e-03	9.654629e-01	-2.104304e-02	-1.323556e-02	-7.807478e-03
891           	-2.713983e-03	9.654587e-01	-2.109386e-02	-1.326091e-02	-7.832948e-03
892           	-2.713931e-03	9.654546e-01	-2.114445e-02	-1.328615e-02	-7.858292e-03
893           	-2.713886e-03	9.654506e-01	-2.119481e-02	-1.331129e-02	-7.883519e-03
894           	-2.713847e-03	9.654467e-01	-2.124492e-02	-1.333631e-02	-7.908612e-03
895           	-2.713816e-03	9.654429e-01	-2.129474e-02	-1.336119e-02	-7.933555e-03
896           	-2.713791e-03	9.654391e-01	-2.134425e-02	-1.338592e-02	-7.958333e-03
897           	-2.713774e-03	9.654354e-01	-2.139344e-02	-1.341049e-02	-7.982945e-03
898           	-2.713763e-03	9.654318e-01	-2.144232e-02	-1.343492e-02	-8.007396e-03
899           	-2.713759e-03	9.654281e-01	-2.149087e-02	-1.345919e-02	-8.031675e-03
900           	-2.713761e-03	9.654244e-01	-2.154027e-02	-1.348390e-02	-8.056373e-03
901           	-2.713774e-03	9.654211e-01	-2.158859e-02	-1.350807e-02	-8.080522e-03
902           	-2.713791e-03	9.654176e-01	-2.163739e-02	-1.353248e-02	-8.104902e-03
903           	-2.713817e-03	9.654144e-01	-2.168604e-02	-1.355684e-02	-8.129203e-03
904           	-2.713849e-03	9.654112e-01	-2.173426e-02	-1.358098e-02	-8.153278e-03
905           	-2.713889e-03	9.654082e-01	-2.178195e-02	-1.360486e-02	-8.177086e-03
906           	-2.713934e-03	9.654050e-01	-2.182912e-02	-1.362849e-02	-8.200625e-03
907           	-2.713987e-03	9.654018e-01	-2.187582e-02	-1.365190e-02	-8.223924e-03
908           	-2.714046e-03	9.653985e-01	-2.192213e-02	-1.367511e-02	-8.247019e-03
909           	-2.714114e-03	9.653951e-01	-2.196807e-02	-1.369815e-02	-8.269921e-03
910           	-2.714189e-03	9.653917e-01	-2.201367e-02	-1.372102e-02	-8.292646e-03
911           	-2.714272e-03	9.653883e-01	-2.205894e-02	-1.374374e-02	-8.315199e-03
912           	-2.714364e-03	9.653848e-01	-2.210393e-02	-1.376633e-02	-8.337599e-03
913           	-2.714465e-03	9.653813e-01	-2.214865e-02	-1.378879e-02	-8.359861e-03
914           	-2.714575e-03	9.653778e-01	-2.219316e-02	-1.381115e-02	-8.382004e-03
915           	-2.714694e-03	9.653744e-01	-2.223743e-02	-1.383341e-02	-8.404023e-03
916           	-2.714823e-03	9.653710e-01	-2.228141e-02	-1.385553e-02	-8.425883e-03
917           	-2.714960e-03	9.653676e-01	-2.232499e-02	-1.387746e-02	-8.447537e-03
918           	-2.715107e-03	9.653641e-01	-2.236813e-02	-1.389917e-02	-8.468958e-03
919           	-2.715262e-03	9.653604e-01	-2.241077e-02	-1.392065e-02	-8.490123e-03
920           	-2.715426e-03	9.653566e-01	-2.245280e-02	-1.394182e-02	-8.510972e-03
921           	-2.715599e-03	9.653527e-01	-2.249415e-02	-1.396267e-02	-8.531474e-03
922           	-2.715782e-03	9.653486e-01	-2.253475e-02	-1.398316e-02	-8.551591e-03
923           	-2.715975e-03	9.653444e-01	-2.257450e-02	-1.400322e-02	-8.571275e-03
924           	-2.716177e-03	9.653400e-01	-2.261332e-02	-1.402284e-02	-8.590485e-03
925           	-2.716389e-03	9.653354e-01	-2.265113e-02	-1.404195e-02	-8.609175e-03
926           	-2.716611e-03	9.653307e-01	-2.268785e-02	-1.406054e-02	-8.627315e-03
927           	-2.716843e-03	9.653259e-01	-2.272346e-02	-1.407857e-02	-8.644886e-03
928           	-2.717085e-03	9.653208e-01	-2.275786e-02	-1.409602e-02	-8.661845e-03
929           	-2.717338e-03	9.653154e-01	-2.279103e-02	-1.411285e-02	-8.678178e-03
930           	-2.717600e-03	9.653098e-01	-2.282299e-02	-1.412909e-02	-8.693893e-03
931           	-2.717873e-03	9.653039e-01	-2.285370e-02	-1.414472e-02	-8.708978e-03
932           	-2.718156e-03	9.652976e-01	-2.288323e-02	-1.415977e-02	-8.723457e-03
933           	-2.718450e-03	9.652912e-01	-2.291146e-02	-1.417418e-02	-8.737279e-03
934           	-2.718756e-03	9.652844e-01	-2.293849e-02	-1.418800e-02	-8.750491e-03
935           	-2.719074e-03	9.652773e-01	-2.296427e-02	-1.420121e-02	-8.763060e-03
936           	-2.719406e-03	9.652700e-01	-2.298901e-02	-1.421391e-02	-8.775101e-03
937           	-2.719748e-03	9.652623e-01	-2.301223e-02	-1.422586e-02	-8.786367e-03
938           	-2.720103e-03	9.652543e-01	-2.303432e-02	-1.423726e-02	-8.797055e-03
939           	-2.720485e-03	9.652472e-01	-2.305519e-02	-1.424808e-02	-8.807109e-03
940           	-2.720864e-03	9.652383e-01	-2.307357e-02	-1.425765e-02	-8.815923e-03
941           	-2.721246e-03	9.652280e-01	-2.308901e-02	-1.426575e-02	-8.823257e-03
942           	-2.721646e-03	9.652175e-01	-2.310354e-02	-1.427341e-02	-8.830123e-03
943           	-2.722050e-03	9.652061e-01	-2.311474e-02	-1.427942e-02	-8.835322e-03
944           	-2.722477e-03	9.651948e-01	-2.312497e-02	-1.428496e-02	-8.840006e-03
945           	-2.722907e-03	9.651828e-01	-2.313153e-02	-1.428867e-02	-8.842859e-03
946           	-2.723360e-03	9.651707e-01	-2.313689e-02	-1.429181e-02	-8.845087e-03
947           	-2.723817e-03	9.651577e-01	-2.313850e-02	-1.429307e-02	-8.845434e-03
948           	-2.724296e-03	9.651442e-01	-2.313894e-02	-1.429377e-02	-8.845176e-03
949           	-2.724778e-03	9.651295e-01	-2.313581e-02	-1.429268e-02	-8.843126e-03
950           	-2.725282e-03	9.651142e-01	-2.313155e-02	-1.429106e-02	-8.840492e-03
951           	-2.725785e-03	9.650976e-01	-2.312368e-02	-1.428763e-02	-8.836055e-03
952           	-2.726310e-03	9.650803e-01	-2.311463e-02	-1.428363e-02	-8.831008e-03
953           	-2.726839e-03	9.650620e-01	-2.310224e-02	-1.427796e-02	-8.824279e-03
954           	-2.727388e-03	9.650428e-01	-2.308826e-02	-1.427152e-02	-8.816742e-03
955           	-2.727941e-03	9.650224e-01	-2.307065e-02	-1.426327e-02	-8.807385e-03
956           	-2.728512e-03	9.650012e-01	-2.305084e-02	-1.425393e-02	-8.796907e-03
957           	-2.729091e-03	9.649789e-01	-2.302703e-02	-1.424260e-02	-8.784424e-03
958           	-2.729686e-03	9.649555e-01	-2.300029e-02	-1.422983e-02	-8.770459e-03
959           	-2.730288e-03	9.649310e-01	-2.296922e-02	-1.421490e-02	-8.754322e-03
960           	-2.730907e-03	9.649054e-01	-2.293458e-02	-1.419820e-02	-8.736383e-03
961           	-2.731536e-03	9.648787e-01	-2.289528e-02	-1.417917e-02	-8.716104e-03
962           	-2.732180e-03	9.648507e-01	-2.285175e-02	-1.415806e-02	-8.693697e-03
963           	-2.732836e-03	9.648215e-01	-2.280317e-02	-1.413442e-02	-8.668751e-03
964           	-2.733506e-03	9.647908e-01	-2.274972e-02	-1.410836e-02	-8.641353e-03
965           	-2.734187e-03	9.647586e-01	-2.269086e-02	-1.407962e-02	-8.611244e-03
966           	-2.734881e-03	9.647248e-01	-2.262659e-02	-1.404818e-02	-8.578414e-03
967           	-2.735588e-03	9.646894e-01	-2.255664e-02	-1.401391e-02	-8.542734e-03
968           	-2.736308e-03	9.646523e-01	-2.248081e-02	-1.397672e-02	-8.504099e-03
969           	-2.737041e-03	9.646134e-01	-2.239882e-02	-1.393645e-02	-8.462371e-03
970           	-2.737787e-03	9.645728e-01	-2.231038e-02	-1.389298e-02	-8.417402e-03
971           	-2.738546e-03	9.645304e-01	-2.221529e-02	-1.384619e-02	-8.369097e-03
972           	-2.739319e-03	9.644861e-01	-2.211348e-02	-1.379606e-02	-8.317418e-03
973           	-2.740105e-03	9.644401e-01	-2.200482e-02	-1.374251e-02	-8.262304e-03
974           	-2.740900e-03	9.643919e-01	-2.188923e-02	-1.368552e-02	-8.203715e-03
975           	-2.741706e-03	9.643416e-01	-2.176678e-02	-1.362510e-02	-8.141686e-03
976           	-2.742519e-03	9.642891e-01	-2.163769e-02	-1.356137e-02	-8.076327e-03
977           	-2.743340e-03	9.642340e-01	-2.150236e-02	-1.349452e-02	-8.007840e-03
978           	-2.744167e-03	9.641765e-01	-2.136117e-02	-1.342475e-02	-7.936419e-03
979           	-2.745001e-03	9.641163e-01	-2.121463e-02	-1.335232e-02	-7.862314e-03
980           	-2.745838e-03	9.640534e-01	-2.106315e-02	-1.327741e-02	-7.785737e-03
981           	-2.746678e-03	9.639876e-01	-2.090714e-02	-1.320025e-02	-7.706893e-03
982           	-2.747518e-03	9.639188e-01	-2.074690e-02	-1.312097e-02	-7.625930e-03
983           	-2.748359e-03	9.638470e-01	-2.058256e-02	-1.303964e-02	-7.542923e-03
984           	-2.749201e-03	9.637724e-01	-2.041425e-02	-1.295632e-02	-7.457921e-03
985           	-2.750047e-03	9.636953e-01	-2.024168e-02	-1.287089e-02	-7.370796e-03
986           	-2.750899e-03	9.636230e-01	-2.006936e-02	-1.278558e-02	-7.283783e-03
987           	-2.751738e-03	9.635485e-01	-1.989341e-02	-1.269844e-02	-7.194968e-03
988           	-2.752564e-03	9.634692e-01	-1.971186e-02	-1.260849e-02	-7.103364e-03
989           	-2.753384e-03	9.633848e-01	-1.952412e-02	-1.251544e-02	-7.008675e-03
990           	-2.754205e-03	9.632965e-01	-1.933015e-02	-1.241928e-02	-6.910869e-03
991           	-2.755031e-03	9.632055e-01	-1.913040e-02	-1.232023e-02	-6.810171e-03
992           	-2.755864e-03	9.631125e-01	-1.892552e-02	-1.221863e-02	-6.706898e-03
993           	-2.756698e-03	9.630178e-01	-1.871630e-02	-1.211485e-02	-6.601452e-03
994           	-2.757534e-03	9.629215e-01	-1.850388e-02	-1.200947e-02	-6.494407e-03
995           	-2.758368e-03	9.628236e-01	-1.828923e-02	-1.190298e-02	-6.386248e-03
996           	-2.759196e-03	9.627240e-01	-1.807315e-02	-1.179577e-02	-6.277380e-03
997           	-2.760015e-03	9.626225e-01	-1.785653e-02	-1.168828e-02	-6.168249e-03
998           	-2.760824e-03	9.625192e-01	-1.764001e-02	-1.158083e-02	-6.059179e-03
999           	-2.761623e-03	9.624142e-01	-1.742397e-02	-1.147361e-02	-5.950361e-03
1000          	-2.762412e-03	9.623076e-01	-1.720878e-02	-1.136680e-02	-5.841979e-03
