# Force coefficients
# liftDir     : (0.000000e+00 0.000000e+00 1.000000e+00)
# dragDir     : (0.000000e+00 1.000000e+00 0.000000e+00)
# pitchAxis   : (1.000000e+00 0.000000e+00 0.000000e+00)
# magUInf     : 1.569479e-02
# lRef        : 4.000000e+00
# Aref        : 2.562000e-02
# CofR        : (0.000000e+00 0.000000e+00 0.000000e+00)
# Time        	Cm            	Cd            	Cl            	Cl(f)         	Cl(r)         
1             	-5.048246e-03	1.176659e+00	-1.336518e-01	-7.187414e-02	-6.177764e-02
2             	-7.553421e-03	1.886099e+00	-1.842410e-01	-9.967390e-02	-8.456706e-02
3             	-5.817114e-03	1.627409e+00	-7.651405e-02	-4.407414e-02	-3.243991e-02
4             	-3.564095e-03	1.207463e+00	2.515970e-02	9.015755e-03	1.614395e-02
5             	-2.359976e-03	9.720119e-01	7.798767e-02	3.663386e-02	4.135381e-02
6             	-1.928453e-03	8.837292e-01	9.427623e-02	4.520966e-02	4.906657e-02
7             	-2.064901e-03	9.073131e-01	8.393581e-02	3.990300e-02	4.403281e-02
8             	-2.339404e-03	9.683072e-01	6.531668e-02	3.031893e-02	3.499774e-02
9             	-2.597024e-03	1.032128e+00	4.324662e-02	1.902628e-02	2.422033e-02
10            	-2.749184e-03	1.076567e+00	2.757466e-02	1.103814e-02	1.653651e-02
11            	-2.820043e-03	1.104614e+00	1.624342e-02	5.301668e-03	1.094175e-02
12            	-2.838074e-03	1.123564e+00	4.922944e-03	-3.766024e-04	5.299547e-03
13            	-2.797680e-03	1.129273e+00	-4.554650e-03	-5.075005e-03	5.203545e-04
14            	-2.726286e-03	1.124298e+00	-9.468551e-03	-7.460562e-03	-2.007989e-03
15            	-2.668118e-03	1.117689e+00	-1.002079e-02	-7.678512e-03	-2.342276e-03
16            	-2.638820e-03	1.114769e+00	-8.691752e-03	-6.984696e-03	-1.707056e-03
17            	-2.633884e-03	1.115763e+00	-6.732037e-03	-5.999902e-03	-7.321347e-04
18            	-2.648958e-03	1.120136e+00	-4.496351e-03	-4.897134e-03	4.007831e-04
19            	-2.673959e-03	1.126566e+00	-2.508411e-03	-3.928165e-03	1.419753e-03
20            	-2.698229e-03	1.133546e+00	-1.280113e-03	-3.338285e-03	2.058172e-03
21            	-2.713661e-03	1.139465e+00	-1.101213e-03	-3.264267e-03	2.163054e-03
22            	-2.722057e-03	1.144136e+00	-2.048328e-03	-3.746222e-03	1.697893e-03
23            	-2.719747e-03	1.147227e+00	-4.067998e-03	-4.753747e-03	6.857482e-04
24            	-2.715823e-03	1.150012e+00	-6.992581e-03	-6.212114e-03	-7.804668e-04
25            	-2.711779e-03	1.152593e+00	-1.046642e-02	-7.944992e-03	-2.521433e-03
26            	-2.708669e-03	1.155014e+00	-1.395498e-02	-9.686160e-03	-4.268823e-03
27            	-2.705830e-03	1.157267e+00	-1.729483e-02	-1.135325e-02	-5.941587e-03
28            	-2.703569e-03	1.159412e+00	-2.034939e-02	-1.287826e-02	-7.471124e-03
29            	-2.702853e-03	1.161657e+00	-2.300466e-02	-1.420518e-02	-8.799477e-03
30            	-2.702522e-03	1.163756e+00	-2.522812e-02	-1.531658e-02	-9.911539e-03
31            	-2.703355e-03	1.165902e+00	-2.697894e-02	-1.619282e-02	-1.078611e-02
32            	-2.705128e-03	1.168091e+00	-2.834760e-02	-1.687893e-02	-1.146867e-02
33            	-2.707428e-03	1.170284e+00	-2.944177e-02	-1.742831e-02	-1.201346e-02
34            	-2.709928e-03	1.172452e+00	-3.036288e-02	-1.789137e-02	-1.247151e-02
35            	-2.712343e-03	1.174568e+00	-3.119692e-02	-1.831080e-02	-1.288612e-02
36            	-2.714435e-03	1.176615e+00	-3.201019e-02	-1.871953e-02	-1.329066e-02
37            	-2.716047e-03	1.178662e+00	-3.288710e-02	-1.915959e-02	-1.372750e-02
38            	-2.716883e-03	1.180595e+00	-3.380971e-02	-1.962174e-02	-1.418797e-02
39            	-2.717119e-03	1.182429e+00	-3.477644e-02	-2.010534e-02	-1.467110e-02
40            	-2.716917e-03	1.184198e+00	-3.578832e-02	-2.061108e-02	-1.517725e-02
41            	-2.716361e-03	1.185926e+00	-3.683841e-02	-2.113556e-02	-1.570284e-02
42            	-2.715500e-03	1.187628e+00	-3.791578e-02	-2.167339e-02	-1.624239e-02
43            	-2.714529e-03	1.189325e+00	-3.894359e-02	-2.218632e-02	-1.675727e-02
44            	-2.712943e-03	1.190966e+00	-4.003081e-02	-2.272835e-02	-1.730246e-02
45            	-2.711194e-03	1.192582e+00	-4.111632e-02	-2.326935e-02	-1.784696e-02
46            	-2.709483e-03	1.194192e+00	-4.212553e-02	-2.377225e-02	-1.835328e-02
47            	-2.707234e-03	1.195735e+00	-4.314528e-02	-2.427987e-02	-1.886541e-02
48            	-2.704859e-03	1.197238e+00	-4.412930e-02	-2.476951e-02	-1.935979e-02
49            	-2.702348e-03	1.198703e+00	-4.506398e-02	-2.523434e-02	-1.982964e-02
50            	-2.699708e-03	1.200123e+00	-4.594424e-02	-2.567183e-02	-2.027241e-02
51            	-2.696909e-03	1.201494e+00	-4.676676e-02	-2.608029e-02	-2.068647e-02
52            	-2.693976e-03	1.202807e+00	-4.753203e-02	-2.645999e-02	-2.107204e-02
53            	-2.690914e-03	1.204058e+00	-4.824012e-02	-2.681097e-02	-2.142915e-02
54            	-2.687746e-03	1.205246e+00	-4.889100e-02	-2.713324e-02	-2.175775e-02
55            	-2.684488e-03	1.206371e+00	-4.948696e-02	-2.742797e-02	-2.205899e-02
56            	-2.681171e-03	1.207434e+00	-5.003246e-02	-2.769740e-02	-2.233506e-02
57            	-2.677941e-03	1.208472e+00	-5.053674e-02	-2.794631e-02	-2.259043e-02
58            	-2.674637e-03	1.209439e+00	-5.100317e-02	-2.817622e-02	-2.282695e-02
59            	-2.671266e-03	1.210339e+00	-5.144059e-02	-2.839156e-02	-2.304903e-02
60            	-2.667848e-03	1.211176e+00	-5.186016e-02	-2.859793e-02	-2.326223e-02
61            	-2.664371e-03	1.211952e+00	-5.226916e-02	-2.879895e-02	-2.347021e-02
62            	-2.660830e-03	1.212667e+00	-5.267380e-02	-2.899773e-02	-2.367607e-02
63            	-2.657222e-03	1.213319e+00	-5.307822e-02	-2.919633e-02	-2.388189e-02
64            	-2.653555e-03	1.213909e+00	-5.348312e-02	-2.939511e-02	-2.408801e-02
65            	-2.649714e-03	1.214347e+00	-5.386022e-02	-2.957982e-02	-2.428039e-02
66            	-2.646035e-03	1.214744e+00	-5.422682e-02	-2.975944e-02	-2.446737e-02
67            	-2.642473e-03	1.215118e+00	-5.459452e-02	-2.993973e-02	-2.465479e-02
68            	-2.639086e-03	1.215503e+00	-5.496711e-02	-3.012264e-02	-2.484447e-02
69            	-2.635808e-03	1.215882e+00	-5.533678e-02	-3.030420e-02	-2.503258e-02
70            	-2.632581e-03	1.216239e+00	-5.569174e-02	-3.047845e-02	-2.521329e-02
71            	-2.629406e-03	1.216566e+00	-5.602521e-02	-3.064201e-02	-2.538320e-02
72            	-2.626289e-03	1.216861e+00	-5.633207e-02	-3.079233e-02	-2.553975e-02
73            	-2.623253e-03	1.217129e+00	-5.661058e-02	-3.092854e-02	-2.568204e-02
74            	-2.620326e-03	1.217375e+00	-5.686116e-02	-3.105091e-02	-2.581025e-02
75            	-2.617522e-03	1.217605e+00	-5.708526e-02	-3.116015e-02	-2.592511e-02
76            	-2.614858e-03	1.217824e+00	-5.728535e-02	-3.125753e-02	-2.602782e-02
77            	-2.612337e-03	1.218035e+00	-5.746458e-02	-3.134463e-02	-2.611995e-02
78            	-2.609959e-03	1.218241e+00	-5.762614e-02	-3.142303e-02	-2.620311e-02
79            	-2.607721e-03	1.218443e+00	-5.777341e-02	-3.149443e-02	-2.627898e-02
80            	-2.605617e-03	1.218640e+00	-5.790914e-02	-3.156019e-02	-2.634895e-02
81            	-2.603637e-03	1.218833e+00	-5.803575e-02	-3.162151e-02	-2.641424e-02
82            	-2.601769e-03	1.219021e+00	-5.815496e-02	-3.167925e-02	-2.647571e-02
83            	-2.600001e-03	1.219203e+00	-5.826791e-02	-3.173395e-02	-2.653395e-02
84            	-2.598325e-03	1.219378e+00	-5.837548e-02	-3.178606e-02	-2.658941e-02
85            	-2.596729e-03	1.219545e+00	-5.847806e-02	-3.183576e-02	-2.664230e-02
86            	-2.595204e-03	1.219704e+00	-5.857571e-02	-3.188306e-02	-2.669265e-02
87            	-2.593742e-03	1.219854e+00	-5.866849e-02	-3.192799e-02	-2.674050e-02
88            	-2.592338e-03	1.219995e+00	-5.875613e-02	-3.197040e-02	-2.678573e-02
89            	-2.590983e-03	1.220126e+00	-5.883844e-02	-3.201020e-02	-2.682824e-02
90            	-2.589676e-03	1.220248e+00	-5.891534e-02	-3.204734e-02	-2.686799e-02
91            	-2.588413e-03	1.220361e+00	-5.898679e-02	-3.208181e-02	-2.690498e-02
92            	-2.587191e-03	1.220464e+00	-5.905275e-02	-3.211356e-02	-2.693918e-02
93            	-2.586009e-03	1.220557e+00	-5.911337e-02	-3.214269e-02	-2.697067e-02
94            	-2.584865e-03	1.220642e+00	-5.916893e-02	-3.216933e-02	-2.699960e-02
95            	-2.583756e-03	1.220719e+00	-5.921987e-02	-3.219369e-02	-2.702618e-02
96            	-2.582685e-03	1.220789e+00	-5.926665e-02	-3.221601e-02	-2.705064e-02
97            	-2.581650e-03	1.220851e+00	-5.930980e-02	-3.223655e-02	-2.707325e-02
98            	-2.580653e-03	1.220907e+00	-5.934987e-02	-3.225559e-02	-2.709428e-02
99            	-2.579694e-03	1.220958e+00	-5.938733e-02	-3.227336e-02	-2.711397e-02
100           	-2.578784e-03	1.221007e+00	-5.942287e-02	-3.229022e-02	-2.713265e-02
101           	-2.577907e-03	1.221051e+00	-5.945660e-02	-3.230620e-02	-2.715039e-02
102           	-2.577065e-03	1.221090e+00	-5.948878e-02	-3.232145e-02	-2.716732e-02
103           	-2.576259e-03	1.221125e+00	-5.951973e-02	-3.233613e-02	-2.718361e-02
104           	-2.575488e-03	1.221157e+00	-5.954951e-02	-3.235024e-02	-2.719927e-02
105           	-2.574753e-03	1.221187e+00	-5.957818e-02	-3.236384e-02	-2.721434e-02
106           	-2.574053e-03	1.221215e+00	-5.960570e-02	-3.237690e-02	-2.722879e-02
107           	-2.573390e-03	1.221241e+00	-5.963203e-02	-3.238941e-02	-2.724263e-02
108           	-2.572763e-03	1.221266e+00	-5.965706e-02	-3.240129e-02	-2.725577e-02
109           	-2.572171e-03	1.221290e+00	-5.968070e-02	-3.241252e-02	-2.726818e-02
110           	-2.571613e-03	1.221314e+00	-5.970288e-02	-3.242305e-02	-2.727983e-02
111           	-2.571088e-03	1.221337e+00	-5.972355e-02	-3.243286e-02	-2.729069e-02
112           	-2.570594e-03	1.221359e+00	-5.974268e-02	-3.244194e-02	-2.730075e-02
113           	-2.570128e-03	1.221381e+00	-5.976028e-02	-3.245027e-02	-2.731001e-02
114           	-2.569690e-03	1.221402e+00	-5.977644e-02	-3.245791e-02	-2.731853e-02
115           	-2.569275e-03	1.221423e+00	-5.979121e-02	-3.246488e-02	-2.732633e-02
116           	-2.568879e-03	1.221441e+00	-5.980468e-02	-3.247122e-02	-2.733346e-02
117           	-2.568510e-03	1.221460e+00	-5.981716e-02	-3.247709e-02	-2.734007e-02
118           	-2.568158e-03	1.221477e+00	-5.982862e-02	-3.248247e-02	-2.734615e-02
119           	-2.567825e-03	1.221494e+00	-5.983925e-02	-3.248745e-02	-2.735180e-02
120           	-2.567510e-03	1.221510e+00	-5.984921e-02	-3.249211e-02	-2.735709e-02
121           	-2.567211e-03	1.221525e+00	-5.985857e-02	-3.249650e-02	-2.736207e-02
122           	-2.566927e-03	1.221539e+00	-5.986746e-02	-3.250066e-02	-2.736680e-02
123           	-2.566657e-03	1.221552e+00	-5.987591e-02	-3.250461e-02	-2.737130e-02
124           	-2.566400e-03	1.221564e+00	-5.988402e-02	-3.250841e-02	-2.737561e-02
125           	-2.566153e-03	1.221575e+00	-5.989174e-02	-3.251202e-02	-2.737972e-02
126           	-2.565917e-03	1.221585e+00	-5.989917e-02	-3.251550e-02	-2.738367e-02
127           	-2.565691e-03	1.221594e+00	-5.990624e-02	-3.251881e-02	-2.738743e-02
128           	-2.565474e-03	1.221602e+00	-5.991301e-02	-3.252198e-02	-2.739103e-02
129           	-2.565266e-03	1.221609e+00	-5.991942e-02	-3.252498e-02	-2.739444e-02
130           	-2.565068e-03	1.221615e+00	-5.992553e-02	-3.252784e-02	-2.739770e-02
131           	-2.564879e-03	1.221621e+00	-5.993131e-02	-3.253053e-02	-2.740078e-02
132           	-2.564698e-03	1.221626e+00	-5.993682e-02	-3.253311e-02	-2.740371e-02
133           	-2.564527e-03	1.221630e+00	-5.994200e-02	-3.253553e-02	-2.740648e-02
134           	-2.564364e-03	1.221635e+00	-5.994694e-02	-3.253783e-02	-2.740910e-02
135           	-2.564210e-03	1.221639e+00	-5.995158e-02	-3.254000e-02	-2.741158e-02
136           	-2.564064e-03	1.221642e+00	-5.995599e-02	-3.254206e-02	-2.741393e-02
137           	-2.563926e-03	1.221646e+00	-5.996011e-02	-3.254398e-02	-2.741613e-02
138           	-2.563795e-03	1.221649e+00	-5.996402e-02	-3.254581e-02	-2.741822e-02
139           	-2.563672e-03	1.221652e+00	-5.996767e-02	-3.254751e-02	-2.742016e-02
140           	-2.563555e-03	1.221655e+00	-5.997112e-02	-3.254911e-02	-2.742200e-02
141           	-2.563445e-03	1.221658e+00	-5.997434e-02	-3.255061e-02	-2.742372e-02
142           	-2.563341e-03	1.221661e+00	-5.997739e-02	-3.255204e-02	-2.742535e-02
143           	-2.563244e-03	1.221664e+00	-5.998024e-02	-3.255336e-02	-2.742687e-02
144           	-2.563152e-03	1.221666e+00	-5.998294e-02	-3.255462e-02	-2.742832e-02
145           	-2.563065e-03	1.221669e+00	-5.998547e-02	-3.255580e-02	-2.742967e-02
146           	-2.562983e-03	1.221671e+00	-5.998788e-02	-3.255692e-02	-2.743096e-02
147           	-2.562906e-03	1.221674e+00	-5.999013e-02	-3.255797e-02	-2.743216e-02
148           	-2.562834e-03	1.221676e+00	-5.999228e-02	-3.255898e-02	-2.743331e-02
149           	-2.562766e-03	1.221678e+00	-5.999430e-02	-3.255991e-02	-2.743438e-02
150           	-2.562701e-03	1.221680e+00	-5.999622e-02	-3.256081e-02	-2.743541e-02
151           	-2.562640e-03	1.221682e+00	-5.999802e-02	-3.256165e-02	-2.743637e-02
152           	-2.562583e-03	1.221684e+00	-5.999974e-02	-3.256245e-02	-2.743729e-02
153           	-2.562528e-03	1.221686e+00	-6.000134e-02	-3.256320e-02	-2.743814e-02
154           	-2.562476e-03	1.221688e+00	-6.000287e-02	-3.256391e-02	-2.743896e-02
155           	-2.562427e-03	1.221689e+00	-6.000430e-02	-3.256458e-02	-2.743972e-02
156           	-2.562380e-03	1.221691e+00	-6.000565e-02	-3.256521e-02	-2.744045e-02
157           	-2.562335e-03	1.221692e+00	-6.000691e-02	-3.256579e-02	-2.744112e-02
158           	-2.562293e-03	1.221693e+00	-6.000811e-02	-3.256635e-02	-2.744176e-02
159           	-2.562253e-03	1.221695e+00	-6.000922e-02	-3.256686e-02	-2.744236e-02
160           	-2.562215e-03	1.221696e+00	-6.001028e-02	-3.256735e-02	-2.744292e-02
161           	-2.562179e-03	1.221697e+00	-6.001127e-02	-3.256781e-02	-2.744345e-02
162           	-2.562144e-03	1.221697e+00	-6.001221e-02	-3.256825e-02	-2.744396e-02
163           	-2.562112e-03	1.221698e+00	-6.001310e-02	-3.256866e-02	-2.744444e-02
164           	-2.562081e-03	1.221699e+00	-6.001397e-02	-3.256906e-02	-2.744490e-02
165           	-2.562052e-03	1.221700e+00	-6.001478e-02	-3.256944e-02	-2.744534e-02
166           	-2.562025e-03	1.221700e+00	-6.001557e-02	-3.256981e-02	-2.744576e-02
167           	-2.561999e-03	1.221701e+00	-6.001633e-02	-3.257016e-02	-2.744617e-02
168           	-2.561975e-03	1.221702e+00	-6.001707e-02	-3.257051e-02	-2.744656e-02
169           	-2.561952e-03	1.221702e+00	-6.001777e-02	-3.257083e-02	-2.744693e-02
170           	-2.561929e-03	1.221703e+00	-6.001851e-02	-3.257119e-02	-2.744733e-02
171           	-2.561908e-03	1.221704e+00	-6.001924e-02	-3.257153e-02	-2.744771e-02
172           	-2.561889e-03	1.221705e+00	-6.001985e-02	-3.257181e-02	-2.744804e-02
173           	-2.561870e-03	1.221705e+00	-6.002044e-02	-3.257209e-02	-2.744835e-02
174           	-2.561852e-03	1.221706e+00	-6.002102e-02	-3.257236e-02	-2.744866e-02
175           	-2.561836e-03	1.221706e+00	-6.002155e-02	-3.257261e-02	-2.744894e-02
176           	-2.561820e-03	1.221707e+00	-6.002201e-02	-3.257282e-02	-2.744918e-02
177           	-2.561806e-03	1.221707e+00	-6.002249e-02	-3.257305e-02	-2.744944e-02
178           	-2.561792e-03	1.221708e+00	-6.002292e-02	-3.257325e-02	-2.744967e-02
179           	-2.561780e-03	1.221708e+00	-6.002335e-02	-3.257345e-02	-2.744989e-02
180           	-2.561768e-03	1.221709e+00	-6.002378e-02	-3.257366e-02	-2.745012e-02
181           	-2.561757e-03	1.221709e+00	-6.002420e-02	-3.257386e-02	-2.745034e-02
182           	-2.561747e-03	1.221710e+00	-6.002463e-02	-3.257406e-02	-2.745057e-02
183           	-2.561737e-03	1.221710e+00	-6.002504e-02	-3.257426e-02	-2.745078e-02
184           	-2.561728e-03	1.221711e+00	-6.002545e-02	-3.257446e-02	-2.745100e-02
185           	-2.561720e-03	1.221711e+00	-6.002585e-02	-3.257464e-02	-2.745120e-02
186           	-2.561712e-03	1.221712e+00	-6.002623e-02	-3.257483e-02	-2.745141e-02
187           	-2.561704e-03	1.221712e+00	-6.002660e-02	-3.257501e-02	-2.745160e-02
188           	-2.561698e-03	1.221713e+00	-6.002697e-02	-3.257518e-02	-2.745179e-02
189           	-2.561691e-03	1.221713e+00	-6.002732e-02	-3.257535e-02	-2.745197e-02
190           	-2.561685e-03	1.221714e+00	-6.002768e-02	-3.257552e-02	-2.745215e-02
191           	-2.561680e-03	1.221714e+00	-6.002802e-02	-3.257569e-02	-2.745233e-02
192           	-2.561675e-03	1.221715e+00	-6.002836e-02	-3.257585e-02	-2.745250e-02
193           	-2.561670e-03	1.221715e+00	-6.002865e-02	-3.257600e-02	-2.745266e-02
194           	-2.561666e-03	1.221716e+00	-6.002898e-02	-3.257616e-02	-2.745282e-02
195           	-2.561662e-03	1.221716e+00	-6.002928e-02	-3.257630e-02	-2.745298e-02
196           	-2.561658e-03	1.221716e+00	-6.002958e-02	-3.257645e-02	-2.745313e-02
197           	-2.561655e-03	1.221717e+00	-6.002988e-02	-3.257659e-02	-2.745328e-02
198           	-2.561652e-03	1.221717e+00	-6.003019e-02	-3.257675e-02	-2.745344e-02
199           	-2.561649e-03	1.221718e+00	-6.003049e-02	-3.257690e-02	-2.745360e-02
200           	-2.561647e-03	1.221718e+00	-6.003080e-02	-3.257705e-02	-2.745375e-02
201           	-2.561644e-03	1.221719e+00	-6.003110e-02	-3.257719e-02	-2.745391e-02
202           	-2.561642e-03	1.221719e+00	-6.003140e-02	-3.257734e-02	-2.745406e-02
203           	-2.561640e-03	1.221720e+00	-6.003169e-02	-3.257749e-02	-2.745421e-02
204           	-2.561639e-03	1.221720e+00	-6.003198e-02	-3.257763e-02	-2.745435e-02
205           	-2.561637e-03	1.221721e+00	-6.003225e-02	-3.257776e-02	-2.745449e-02
206           	-2.561636e-03	1.221721e+00	-6.003253e-02	-3.257790e-02	-2.745463e-02
207           	-2.561635e-03	1.221722e+00	-6.003281e-02	-3.257804e-02	-2.745477e-02
208           	-2.561634e-03	1.221722e+00	-6.003308e-02	-3.257818e-02	-2.745491e-02
209           	-2.561634e-03	1.221723e+00	-6.003336e-02	-3.257831e-02	-2.745505e-02
210           	-2.561633e-03	1.221723e+00	-6.003365e-02	-3.257846e-02	-2.745519e-02
211           	-2.561633e-03	1.221724e+00	-6.003393e-02	-3.257860e-02	-2.745533e-02
212           	-2.561633e-03	1.221724e+00	-6.003422e-02	-3.257874e-02	-2.745548e-02
213           	-2.561633e-03	1.221725e+00	-6.003450e-02	-3.257888e-02	-2.745562e-02
214           	-2.561633e-03	1.221725e+00	-6.003480e-02	-3.257903e-02	-2.745577e-02
215           	-2.561633e-03	1.221726e+00	-6.003509e-02	-3.257918e-02	-2.745591e-02
216           	-2.561634e-03	1.221726e+00	-6.003539e-02	-3.257933e-02	-2.745606e-02
217           	-2.561634e-03	1.221727e+00	-6.003569e-02	-3.257948e-02	-2.745621e-02
218           	-2.561635e-03	1.221728e+00	-6.003600e-02	-3.257963e-02	-2.745636e-02
219           	-2.561635e-03	1.221728e+00	-6.003631e-02	-3.257979e-02	-2.745652e-02
220           	-2.561636e-03	1.221729e+00	-6.003662e-02	-3.257995e-02	-2.745668e-02
221           	-2.561637e-03	1.221729e+00	-6.003694e-02	-3.258011e-02	-2.745684e-02
222           	-2.561638e-03	1.221730e+00	-6.003727e-02	-3.258027e-02	-2.745700e-02
223           	-2.561639e-03	1.221731e+00	-6.003760e-02	-3.258044e-02	-2.745716e-02
224           	-2.561640e-03	1.221731e+00	-6.003795e-02	-3.258061e-02	-2.745733e-02
225           	-2.561641e-03	1.221732e+00	-6.003829e-02	-3.258079e-02	-2.745751e-02
226           	-2.561643e-03	1.221733e+00	-6.003866e-02	-3.258097e-02	-2.745769e-02
227           	-2.561644e-03	1.221733e+00	-6.003902e-02	-3.258116e-02	-2.745787e-02
228           	-2.561646e-03	1.221734e+00	-6.003940e-02	-3.258135e-02	-2.745806e-02
229           	-2.561648e-03	1.221735e+00	-6.003979e-02	-3.258154e-02	-2.745825e-02
230           	-2.561649e-03	1.221735e+00	-6.004019e-02	-3.258175e-02	-2.745845e-02
231           	-2.561651e-03	1.221736e+00	-6.004061e-02	-3.258196e-02	-2.745865e-02
232           	-2.561653e-03	1.221737e+00	-6.004104e-02	-3.258218e-02	-2.745887e-02
233           	-2.561655e-03	1.221738e+00	-6.004149e-02	-3.258240e-02	-2.745909e-02
234           	-2.561658e-03	1.221738e+00	-6.004195e-02	-3.258263e-02	-2.745932e-02
235           	-2.561660e-03	1.221739e+00	-6.004242e-02	-3.258287e-02	-2.745955e-02
236           	-2.561662e-03	1.221740e+00	-6.004290e-02	-3.258311e-02	-2.745979e-02
237           	-2.561665e-03	1.221741e+00	-6.004338e-02	-3.258336e-02	-2.746003e-02
238           	-2.561667e-03	1.221742e+00	-6.004387e-02	-3.258360e-02	-2.746027e-02
239           	-2.561670e-03	1.221743e+00	-6.004436e-02	-3.258385e-02	-2.746051e-02
240           	-2.561673e-03	1.221744e+00	-6.004485e-02	-3.258410e-02	-2.746075e-02
241           	-2.561676e-03	1.221744e+00	-6.004535e-02	-3.258435e-02	-2.746100e-02
242           	-2.561679e-03	1.221745e+00	-6.004586e-02	-3.258461e-02	-2.746125e-02
243           	-2.561682e-03	1.221746e+00	-6.004638e-02	-3.258487e-02	-2.746151e-02
244           	-2.561685e-03	1.221747e+00	-6.004691e-02	-3.258514e-02	-2.746177e-02
245           	-2.561688e-03	1.221748e+00	-6.004745e-02	-3.258541e-02	-2.746204e-02
246           	-2.561692e-03	1.221749e+00	-6.004801e-02	-3.258570e-02	-2.746231e-02
247           	-2.561695e-03	1.221751e+00	-6.004858e-02	-3.258599e-02	-2.746260e-02
248           	-2.561699e-03	1.221752e+00	-6.004912e-02	-3.258626e-02	-2.746286e-02
249           	-2.561702e-03	1.221753e+00	-6.004969e-02	-3.258655e-02	-2.746314e-02
250           	-2.561706e-03	1.221754e+00	-6.005026e-02	-3.258684e-02	-2.746342e-02
251           	-2.561710e-03	1.221755e+00	-6.005088e-02	-3.258715e-02	-2.746373e-02
252           	-2.561715e-03	1.221756e+00	-6.005148e-02	-3.258746e-02	-2.746403e-02
253           	-2.561719e-03	1.221757e+00	-6.005209e-02	-3.258776e-02	-2.746432e-02
254           	-2.561724e-03	1.221759e+00	-6.005276e-02	-3.258810e-02	-2.746466e-02
255           	-2.561729e-03	1.221760e+00	-6.005342e-02	-3.258844e-02	-2.746498e-02
256           	-2.561734e-03	1.221761e+00	-6.005409e-02	-3.258878e-02	-2.746531e-02
257           	-2.561738e-03	1.221763e+00	-6.005476e-02	-3.258912e-02	-2.746564e-02
258           	-2.561743e-03	1.221764e+00	-6.005551e-02	-3.258950e-02	-2.746601e-02
259           	-2.561749e-03	1.221766e+00	-6.005627e-02	-3.258988e-02	-2.746638e-02
260           	-2.561754e-03	1.221767e+00	-6.005701e-02	-3.259026e-02	-2.746675e-02
261           	-2.561759e-03	1.221769e+00	-6.005777e-02	-3.259064e-02	-2.746712e-02
262           	-2.561764e-03	1.221770e+00	-6.005854e-02	-3.259103e-02	-2.746751e-02
263           	-2.561770e-03	1.221772e+00	-6.005942e-02	-3.259148e-02	-2.746794e-02
264           	-2.561776e-03	1.221773e+00	-6.006029e-02	-3.259192e-02	-2.746837e-02
265           	-2.561782e-03	1.221775e+00	-6.006115e-02	-3.259236e-02	-2.746879e-02
266           	-2.561788e-03	1.221777e+00	-6.006201e-02	-3.259279e-02	-2.746922e-02
267           	-2.561793e-03	1.221778e+00	-6.006289e-02	-3.259324e-02	-2.746965e-02
268           	-2.561800e-03	1.221780e+00	-6.006379e-02	-3.259370e-02	-2.747010e-02
269           	-2.561806e-03	1.221782e+00	-6.006481e-02	-3.259421e-02	-2.747060e-02
270           	-2.561814e-03	1.221784e+00	-6.006582e-02	-3.259473e-02	-2.747110e-02
271           	-2.561820e-03	1.221786e+00	-6.006682e-02	-3.259523e-02	-2.747159e-02
272           	-2.561827e-03	1.221788e+00	-6.006781e-02	-3.259573e-02	-2.747208e-02
273           	-2.561833e-03	1.221789e+00	-6.006882e-02	-3.259624e-02	-2.747258e-02
274           	-2.561840e-03	1.221791e+00	-6.006986e-02	-3.259677e-02	-2.747309e-02
275           	-2.561847e-03	1.221793e+00	-6.007094e-02	-3.259732e-02	-2.747362e-02
276           	-2.561855e-03	1.221796e+00	-6.007205e-02	-3.259788e-02	-2.747417e-02
277           	-2.561863e-03	1.221798e+00	-6.007318e-02	-3.259845e-02	-2.747473e-02
278           	-2.561871e-03	1.221800e+00	-6.007435e-02	-3.259905e-02	-2.747530e-02
279           	-2.561880e-03	1.221802e+00	-6.007555e-02	-3.259965e-02	-2.747589e-02
280           	-2.561888e-03	1.221805e+00	-6.007677e-02	-3.260028e-02	-2.747650e-02
281           	-2.561897e-03	1.221807e+00	-6.007803e-02	-3.260091e-02	-2.747712e-02
282           	-2.561906e-03	1.221810e+00	-6.007944e-02	-3.260163e-02	-2.747782e-02
283           	-2.561916e-03	1.221812e+00	-6.008084e-02	-3.260234e-02	-2.747850e-02
284           	-2.561924e-03	1.221815e+00	-6.008221e-02	-3.260303e-02	-2.747918e-02
285           	-2.561933e-03	1.221817e+00	-6.008359e-02	-3.260373e-02	-2.747986e-02
286           	-2.561941e-03	1.221820e+00	-6.008499e-02	-3.260444e-02	-2.748055e-02
287           	-2.561950e-03	1.221822e+00	-6.008644e-02	-3.260517e-02	-2.748127e-02
288           	-2.561960e-03	1.221825e+00	-6.008793e-02	-3.260593e-02	-2.748201e-02
289           	-2.561972e-03	1.221828e+00	-6.008961e-02	-3.260678e-02	-2.748283e-02
290           	-2.561983e-03	1.221831e+00	-6.009128e-02	-3.260762e-02	-2.748366e-02
291           	-2.561994e-03	1.221834e+00	-6.009291e-02	-3.260845e-02	-2.748446e-02
292           	-2.562004e-03	1.221837e+00	-6.009455e-02	-3.260928e-02	-2.748527e-02
293           	-2.562014e-03	1.221840e+00	-6.009620e-02	-3.261011e-02	-2.748609e-02
294           	-2.562025e-03	1.221843e+00	-6.009790e-02	-3.261098e-02	-2.748693e-02
295           	-2.562038e-03	1.221847e+00	-6.009982e-02	-3.261195e-02	-2.748787e-02
296           	-2.562051e-03	1.221850e+00	-6.010173e-02	-3.261291e-02	-2.748881e-02
297           	-2.562063e-03	1.221854e+00	-6.010360e-02	-3.261386e-02	-2.748974e-02
298           	-2.562074e-03	1.221857e+00	-6.010548e-02	-3.261481e-02	-2.749066e-02
299           	-2.562086e-03	1.221860e+00	-6.010738e-02	-3.261578e-02	-2.749161e-02
300           	-2.562100e-03	1.221864e+00	-6.010953e-02	-3.261687e-02	-2.749267e-02
301           	-2.562114e-03	1.221868e+00	-6.011167e-02	-3.261795e-02	-2.749372e-02
302           	-2.562127e-03	1.221872e+00	-6.011378e-02	-3.261902e-02	-2.749476e-02
303           	-2.562140e-03	1.221876e+00	-6.011590e-02	-3.262009e-02	-2.749581e-02
304           	-2.562155e-03	1.221880e+00	-6.011825e-02	-3.262128e-02	-2.749697e-02
305           	-2.562170e-03	1.221884e+00	-6.012058e-02	-3.262246e-02	-2.749812e-02
306           	-2.562184e-03	1.221888e+00	-6.012289e-02	-3.262363e-02	-2.749926e-02
307           	-2.562198e-03	1.221892e+00	-6.012521e-02	-3.262480e-02	-2.750041e-02
308           	-2.562214e-03	1.221897e+00	-6.012779e-02	-3.262611e-02	-2.750168e-02
309           	-2.562231e-03	1.221901e+00	-6.013035e-02	-3.262741e-02	-2.750294e-02
310           	-2.562247e-03	1.221906e+00	-6.013288e-02	-3.262869e-02	-2.750419e-02
311           	-2.562263e-03	1.221911e+00	-6.013566e-02	-3.263009e-02	-2.750556e-02
312           	-2.562280e-03	1.221915e+00	-6.013839e-02	-3.263147e-02	-2.750691e-02
313           	-2.562298e-03	1.221920e+00	-6.014132e-02	-3.263296e-02	-2.750836e-02
314           	-2.562315e-03	1.221925e+00	-6.014417e-02	-3.263440e-02	-2.750977e-02
315           	-2.562331e-03	1.221930e+00	-6.014695e-02	-3.263581e-02	-2.751115e-02
316           	-2.562348e-03	1.221935e+00	-6.015001e-02	-3.263736e-02	-2.751266e-02
317           	-2.562367e-03	1.221940e+00	-6.015305e-02	-3.263889e-02	-2.751416e-02
318           	-2.562386e-03	1.221946e+00	-6.015633e-02	-3.264055e-02	-2.751578e-02
319           	-2.562406e-03	1.221951e+00	-6.015953e-02	-3.264217e-02	-2.751736e-02
320           	-2.562426e-03	1.221957e+00	-6.016295e-02	-3.264390e-02	-2.751905e-02
321           	-2.562446e-03	1.221963e+00	-6.016627e-02	-3.264558e-02	-2.752069e-02
322           	-2.562465e-03	1.221969e+00	-6.016982e-02	-3.264738e-02	-2.752245e-02
323           	-2.562486e-03	1.221974e+00	-6.017328e-02	-3.264913e-02	-2.752415e-02
324           	-2.562507e-03	1.221981e+00	-6.017698e-02	-3.265100e-02	-2.752598e-02
325           	-2.562528e-03	1.221987e+00	-6.018059e-02	-3.265282e-02	-2.752777e-02
326           	-2.562550e-03	1.221993e+00	-6.018446e-02	-3.265478e-02	-2.752968e-02
327           	-2.562573e-03	1.221999e+00	-6.018823e-02	-3.265669e-02	-2.753154e-02
328           	-2.562596e-03	1.222006e+00	-6.019229e-02	-3.265874e-02	-2.753355e-02
329           	-2.562620e-03	1.222013e+00	-6.019624e-02	-3.266074e-02	-2.753550e-02
330           	-2.562644e-03	1.222020e+00	-6.020049e-02	-3.266289e-02	-2.753760e-02
331           	-2.562669e-03	1.222027e+00	-6.020464e-02	-3.266499e-02	-2.753965e-02
332           	-2.562694e-03	1.222034e+00	-6.020909e-02	-3.266724e-02	-2.754185e-02
333           	-2.562720e-03	1.222041e+00	-6.021343e-02	-3.266943e-02	-2.754399e-02
334           	-2.562746e-03	1.222049e+00	-6.021808e-02	-3.267178e-02	-2.754629e-02
335           	-2.562774e-03	1.222057e+00	-6.022300e-02	-3.267427e-02	-2.754873e-02
336           	-2.562801e-03	1.222065e+00	-6.022769e-02	-3.267665e-02	-2.755105e-02
337           	-2.562827e-03	1.222072e+00	-6.023263e-02	-3.267914e-02	-2.755349e-02
338           	-2.562855e-03	1.222081e+00	-6.023784e-02	-3.268177e-02	-2.755606e-02
339           	-2.562884e-03	1.222089e+00	-6.024322e-02	-3.268449e-02	-2.755872e-02
340           	-2.562911e-03	1.222097e+00	-6.024828e-02	-3.268705e-02	-2.756123e-02
341           	-2.562937e-03	1.222105e+00	-6.025359e-02	-3.268973e-02	-2.756386e-02
342           	-2.562967e-03	1.222114e+00	-6.025920e-02	-3.269257e-02	-2.756663e-02
343           	-2.562999e-03	1.222123e+00	-6.026502e-02	-3.269551e-02	-2.756951e-02
344           	-2.563031e-03	1.222133e+00	-6.027098e-02	-3.269852e-02	-2.757246e-02
345           	-2.563061e-03	1.222141e+00	-6.027654e-02	-3.270133e-02	-2.757521e-02
346           	-2.563089e-03	1.222150e+00	-6.028236e-02	-3.270427e-02	-2.757809e-02
347           	-2.563121e-03	1.222159e+00	-6.028851e-02	-3.270738e-02	-2.758114e-02
348           	-2.563157e-03	1.222170e+00	-6.029492e-02	-3.271061e-02	-2.758430e-02
349           	-2.563193e-03	1.222180e+00	-6.030147e-02	-3.271393e-02	-2.758754e-02
350           	-2.563228e-03	1.222190e+00	-6.030812e-02	-3.271729e-02	-2.759083e-02
351           	-2.563261e-03	1.222200e+00	-6.031486e-02	-3.272069e-02	-2.759417e-02
352           	-2.563295e-03	1.222211e+00	-6.032170e-02	-3.272415e-02	-2.759756e-02
353           	-2.563329e-03	1.222221e+00	-6.032866e-02	-3.272766e-02	-2.760100e-02
354           	-2.563364e-03	1.222231e+00	-6.033576e-02	-3.273124e-02	-2.760452e-02
355           	-2.563400e-03	1.222242e+00	-6.034298e-02	-3.273489e-02	-2.760809e-02
356           	-2.563437e-03	1.222253e+00	-6.035034e-02	-3.273861e-02	-2.761173e-02
357           	-2.563474e-03	1.222264e+00	-6.035782e-02	-3.274238e-02	-2.761544e-02
358           	-2.563513e-03	1.222276e+00	-6.036542e-02	-3.274623e-02	-2.761920e-02
359           	-2.563553e-03	1.222288e+00	-6.037314e-02	-3.275012e-02	-2.762302e-02
360           	-2.563593e-03	1.222300e+00	-6.038098e-02	-3.275408e-02	-2.762690e-02
361           	-2.563633e-03	1.222312e+00	-6.038894e-02	-3.275810e-02	-2.763083e-02
362           	-2.563675e-03	1.222324e+00	-6.039704e-02	-3.276219e-02	-2.763484e-02
363           	-2.563717e-03	1.222337e+00	-6.040527e-02	-3.276635e-02	-2.763892e-02
364           	-2.563759e-03	1.222349e+00	-6.041366e-02	-3.277059e-02	-2.764307e-02
365           	-2.563802e-03	1.222362e+00	-6.042222e-02	-3.277491e-02	-2.764731e-02
366           	-2.563845e-03	1.222375e+00	-6.043095e-02	-3.277932e-02	-2.765163e-02
367           	-2.563889e-03	1.222388e+00	-6.043985e-02	-3.278381e-02	-2.765604e-02
368           	-2.563933e-03	1.222402e+00	-6.044894e-02	-3.278840e-02	-2.766054e-02
369           	-2.563978e-03	1.222415e+00	-6.045821e-02	-3.279309e-02	-2.766513e-02
370           	-2.564023e-03	1.222429e+00	-6.046768e-02	-3.279786e-02	-2.766982e-02
371           	-2.564069e-03	1.222443e+00	-6.047734e-02	-3.280274e-02	-2.767460e-02
372           	-2.564116e-03	1.222457e+00	-6.048720e-02	-3.280772e-02	-2.767948e-02
373           	-2.564163e-03	1.222472e+00	-6.049726e-02	-3.281279e-02	-2.768447e-02
374           	-2.564211e-03	1.222486e+00	-6.050753e-02	-3.281798e-02	-2.768956e-02
375           	-2.564259e-03	1.222501e+00	-6.051801e-02	-3.282326e-02	-2.769475e-02
376           	-2.564308e-03	1.222516e+00	-6.052870e-02	-3.282866e-02	-2.770004e-02
377           	-2.564357e-03	1.222531e+00	-6.053959e-02	-3.283415e-02	-2.770544e-02
378           	-2.564407e-03	1.222547e+00	-6.055067e-02	-3.283974e-02	-2.771093e-02
379           	-2.564457e-03	1.222562e+00	-6.056195e-02	-3.284543e-02	-2.771652e-02
380           	-2.564508e-03	1.222578e+00	-6.057342e-02	-3.285122e-02	-2.772220e-02
381           	-2.564559e-03	1.222594e+00	-6.058509e-02	-3.285710e-02	-2.772798e-02
382           	-2.564612e-03	1.222610e+00	-6.059696e-02	-3.286309e-02	-2.773387e-02
383           	-2.564664e-03	1.222627e+00	-6.060902e-02	-3.286917e-02	-2.773984e-02
384           	-2.564717e-03	1.222643e+00	-6.062127e-02	-3.287535e-02	-2.774592e-02
385           	-2.564770e-03	1.222660e+00	-6.063372e-02	-3.288163e-02	-2.775209e-02
386           	-2.564824e-03	1.222677e+00	-6.064639e-02	-3.288802e-02	-2.775837e-02
387           	-2.564879e-03	1.222694e+00	-6.065926e-02	-3.289451e-02	-2.776475e-02
388           	-2.564934e-03	1.222712e+00	-6.067233e-02	-3.290110e-02	-2.777123e-02
389           	-2.564989e-03	1.222729e+00	-6.068561e-02	-3.290779e-02	-2.777782e-02
390           	-2.565045e-03	1.222747e+00	-6.069909e-02	-3.291459e-02	-2.778450e-02
391           	-2.565101e-03	1.222765e+00	-6.071277e-02	-3.292149e-02	-2.779129e-02
392           	-2.565158e-03	1.222783e+00	-6.072668e-02	-3.292850e-02	-2.779818e-02
393           	-2.565216e-03	1.222802e+00	-6.074080e-02	-3.293561e-02	-2.780518e-02
394           	-2.565273e-03	1.222820e+00	-6.075512e-02	-3.294284e-02	-2.781229e-02
395           	-2.565332e-03	1.222839e+00	-6.076967e-02	-3.295017e-02	-2.781950e-02
396           	-2.565390e-03	1.222858e+00	-6.078443e-02	-3.295760e-02	-2.782682e-02
397           	-2.565450e-03	1.222877e+00	-6.079941e-02	-3.296515e-02	-2.783425e-02
398           	-2.565510e-03	1.222897e+00	-6.081462e-02	-3.297282e-02	-2.784180e-02
399           	-2.565571e-03	1.222916e+00	-6.083007e-02	-3.298060e-02	-2.784946e-02
400           	-2.565632e-03	1.222936e+00	-6.084574e-02	-3.298850e-02	-2.785724e-02
401           	-2.565694e-03	1.222956e+00	-6.086166e-02	-3.299652e-02	-2.786513e-02
402           	-2.565756e-03	1.222977e+00	-6.087781e-02	-3.300466e-02	-2.787315e-02
403           	-2.565819e-03	1.222997e+00	-6.089420e-02	-3.301292e-02	-2.788128e-02
404           	-2.565882e-03	1.223018e+00	-6.091081e-02	-3.302129e-02	-2.788952e-02
405           	-2.565945e-03	1.223039e+00	-6.092765e-02	-3.302977e-02	-2.789788e-02
406           	-2.566009e-03	1.223060e+00	-6.094470e-02	-3.303836e-02	-2.790634e-02
407           	-2.566073e-03	1.223081e+00	-6.096193e-02	-3.304704e-02	-2.791489e-02
408           	-2.566138e-03	1.223103e+00	-6.097933e-02	-3.305580e-02	-2.792353e-02
409           	-2.566202e-03	1.223124e+00	-6.099688e-02	-3.306464e-02	-2.793224e-02
410           	-2.566267e-03	1.223146e+00	-6.101458e-02	-3.307356e-02	-2.794102e-02
411           	-2.566332e-03	1.223168e+00	-6.103243e-02	-3.308255e-02	-2.794988e-02
412           	-2.566398e-03	1.223191e+00	-6.105047e-02	-3.309163e-02	-2.795884e-02
413           	-2.566464e-03	1.223213e+00	-6.106873e-02	-3.310083e-02	-2.796790e-02
414           	-2.566530e-03	1.223235e+00	-6.108725e-02	-3.311016e-02	-2.797710e-02
415           	-2.566596e-03	1.223258e+00	-6.110607e-02	-3.311963e-02	-2.798644e-02
416           	-2.566662e-03	1.223281e+00	-6.112524e-02	-3.312928e-02	-2.799596e-02
417           	-2.566728e-03	1.223304e+00	-6.114478e-02	-3.313912e-02	-2.800566e-02
418           	-2.566794e-03	1.223326e+00	-6.116473e-02	-3.314916e-02	-2.801557e-02
419           	-2.566860e-03	1.223350e+00	-6.118509e-02	-3.315940e-02	-2.802568e-02
420           	-2.566927e-03	1.223373e+00	-6.120585e-02	-3.316985e-02	-2.803600e-02
421           	-2.566993e-03	1.223396e+00	-6.122700e-02	-3.318049e-02	-2.804651e-02
422           	-2.567059e-03	1.223419e+00	-6.124857e-02	-3.319135e-02	-2.805723e-02
423           	-2.567126e-03	1.223443e+00	-6.127051e-02	-3.320238e-02	-2.806813e-02
424           	-2.567192e-03	1.223466e+00	-6.129285e-02	-3.321362e-02	-2.807923e-02
425           	-2.567258e-03	1.223490e+00	-6.131555e-02	-3.322503e-02	-2.809052e-02
426           	-2.567325e-03	1.223514e+00	-6.133863e-02	-3.323664e-02	-2.810199e-02
427           	-2.567392e-03	1.223538e+00	-6.136203e-02	-3.324840e-02	-2.811362e-02
428           	-2.567458e-03	1.223562e+00	-6.138573e-02	-3.326032e-02	-2.812541e-02
429           	-2.567524e-03	1.223586e+00	-6.140965e-02	-3.327235e-02	-2.813730e-02
430           	-2.567589e-03	1.223610e+00	-6.143378e-02	-3.328448e-02	-2.814930e-02
431           	-2.567653e-03	1.223634e+00	-6.145805e-02	-3.329668e-02	-2.816137e-02
432           	-2.567718e-03	1.223659e+00	-6.148249e-02	-3.330896e-02	-2.817353e-02
433           	-2.567782e-03	1.223683e+00	-6.150713e-02	-3.332134e-02	-2.818578e-02
434           	-2.567846e-03	1.223707e+00	-6.153196e-02	-3.333383e-02	-2.819813e-02
435           	-2.567911e-03	1.223732e+00	-6.155707e-02	-3.334645e-02	-2.821063e-02
436           	-2.567975e-03	1.223756e+00	-6.158245e-02	-3.335920e-02	-2.822325e-02
437           	-2.568039e-03	1.223781e+00	-6.160813e-02	-3.337210e-02	-2.823602e-02
438           	-2.568102e-03	1.223806e+00	-6.163407e-02	-3.338514e-02	-2.824893e-02
439           	-2.568165e-03	1.223830e+00	-6.166029e-02	-3.339831e-02	-2.826198e-02
440           	-2.568229e-03	1.223855e+00	-6.168678e-02	-3.341162e-02	-2.827516e-02
441           	-2.568292e-03	1.223880e+00	-6.171352e-02	-3.342505e-02	-2.828847e-02
442           	-2.568354e-03	1.223905e+00	-6.174053e-02	-3.343862e-02	-2.830191e-02
443           	-2.568416e-03	1.223930e+00	-6.176782e-02	-3.345233e-02	-2.831550e-02
444           	-2.568477e-03	1.223954e+00	-6.179546e-02	-3.346621e-02	-2.832925e-02
445           	-2.568538e-03	1.223979e+00	-6.182346e-02	-3.348027e-02	-2.834319e-02
446           	-2.568598e-03	1.224004e+00	-6.185181e-02	-3.349450e-02	-2.835731e-02
447           	-2.568658e-03	1.224029e+00	-6.188050e-02	-3.350891e-02	-2.837159e-02
448           	-2.568716e-03	1.224054e+00	-6.190947e-02	-3.352345e-02	-2.838602e-02
449           	-2.568774e-03	1.224078e+00	-6.193874e-02	-3.353815e-02	-2.840060e-02
450           	-2.568831e-03	1.224103e+00	-6.196830e-02	-3.355298e-02	-2.841532e-02
451           	-2.568888e-03	1.224128e+00	-6.199815e-02	-3.356796e-02	-2.843018e-02
452           	-2.568944e-03	1.224152e+00	-6.202823e-02	-3.358306e-02	-2.844517e-02
453           	-2.568999e-03	1.224177e+00	-6.205860e-02	-3.359830e-02	-2.846030e-02
454           	-2.569053e-03	1.224201e+00	-6.208925e-02	-3.361368e-02	-2.847557e-02
455           	-2.569105e-03	1.224225e+00	-6.212014e-02	-3.362918e-02	-2.849097e-02
456           	-2.569157e-03	1.224249e+00	-6.215133e-02	-3.364482e-02	-2.850651e-02
457           	-2.569207e-03	1.224273e+00	-6.218274e-02	-3.366058e-02	-2.852216e-02
458           	-2.569257e-03	1.224297e+00	-6.221435e-02	-3.367643e-02	-2.853792e-02
459           	-2.569305e-03	1.224321e+00	-6.224612e-02	-3.369237e-02	-2.855376e-02
460           	-2.569352e-03	1.224344e+00	-6.227803e-02	-3.370837e-02	-2.856966e-02
461           	-2.569398e-03	1.224367e+00	-6.231005e-02	-3.372442e-02	-2.858563e-02
462           	-2.569443e-03	1.224391e+00	-6.234223e-02	-3.374056e-02	-2.860167e-02
463           	-2.569487e-03	1.224414e+00	-6.237455e-02	-3.375676e-02	-2.861779e-02
464           	-2.569530e-03	1.224437e+00	-6.240709e-02	-3.377307e-02	-2.863401e-02
465           	-2.569573e-03	1.224459e+00	-6.243980e-02	-3.378947e-02	-2.865033e-02
466           	-2.569615e-03	1.224482e+00	-6.247274e-02	-3.380599e-02	-2.866676e-02
467           	-2.569656e-03	1.224505e+00	-6.250592e-02	-3.382262e-02	-2.868330e-02
468           	-2.569697e-03	1.224527e+00	-6.253934e-02	-3.383937e-02	-2.869997e-02
469           	-2.569737e-03	1.224550e+00	-6.257296e-02	-3.385622e-02	-2.871674e-02
470           	-2.569776e-03	1.224572e+00	-6.260677e-02	-3.387316e-02	-2.873361e-02
471           	-2.569814e-03	1.224595e+00	-6.264073e-02	-3.389018e-02	-2.875055e-02
472           	-2.569850e-03	1.224616e+00	-6.267476e-02	-3.390723e-02	-2.876753e-02
473           	-2.569884e-03	1.224638e+00	-6.270882e-02	-3.392430e-02	-2.878453e-02
474           	-2.569918e-03	1.224660e+00	-6.274291e-02	-3.394137e-02	-2.880154e-02
475           	-2.569951e-03	1.224681e+00	-6.277703e-02	-3.395847e-02	-2.881856e-02
476           	-2.569983e-03	1.224702e+00	-6.281119e-02	-3.397558e-02	-2.883561e-02
477           	-2.570014e-03	1.224723e+00	-6.284543e-02	-3.399273e-02	-2.885270e-02
478           	-2.570044e-03	1.224744e+00	-6.287978e-02	-3.400993e-02	-2.886984e-02
479           	-2.570074e-03	1.224765e+00	-6.291429e-02	-3.402722e-02	-2.888707e-02
480           	-2.570102e-03	1.224785e+00	-6.294895e-02	-3.404458e-02	-2.890437e-02
481           	-2.570129e-03	1.224806e+00	-6.298377e-02	-3.406201e-02	-2.892175e-02
482           	-2.570156e-03	1.224826e+00	-6.301878e-02	-3.407955e-02	-2.893924e-02
483           	-2.570182e-03	1.224846e+00	-6.305396e-02	-3.409716e-02	-2.895680e-02
484           	-2.570207e-03	1.224866e+00	-6.308928e-02	-3.411485e-02	-2.897443e-02
485           	-2.570232e-03	1.224886e+00	-6.312468e-02	-3.413257e-02	-2.899211e-02
486           	-2.570256e-03	1.224905e+00	-6.316018e-02	-3.415035e-02	-2.900984e-02
487           	-2.570279e-03	1.224925e+00	-6.319572e-02	-3.416814e-02	-2.902758e-02
488           	-2.570301e-03	1.224944e+00	-6.323126e-02	-3.418593e-02	-2.904533e-02
489           	-2.570321e-03	1.224963e+00	-6.326682e-02	-3.420373e-02	-2.906309e-02
490           	-2.570341e-03	1.224981e+00	-6.330244e-02	-3.422156e-02	-2.908088e-02
491           	-2.570360e-03	1.225000e+00	-6.333818e-02	-3.423945e-02	-2.909873e-02
492           	-2.570393e-03	1.225019e+00	-6.337415e-02	-3.425747e-02	-2.911668e-02
493           	-2.570404e-03	1.225036e+00	-6.341018e-02	-3.427549e-02	-2.913469e-02
494           	-2.570412e-03	1.225054e+00	-6.344633e-02	-3.429358e-02	-2.915275e-02
495           	-2.570439e-03	1.225073e+00	-6.348267e-02	-3.431178e-02	-2.917090e-02
496           	-2.570445e-03	1.225090e+00	-6.351900e-02	-3.432995e-02	-2.918906e-02
497           	-2.570466e-03	1.225107e+00	-6.355547e-02	-3.434820e-02	-2.920727e-02
498           	-2.570483e-03	1.225125e+00	-6.359197e-02	-3.436647e-02	-2.922550e-02
499           	-2.570479e-03	1.225141e+00	-6.362838e-02	-3.438467e-02	-2.924371e-02
500           	-2.570494e-03	1.225158e+00	-6.366486e-02	-3.440293e-02	-2.926194e-02
501           	-2.570506e-03	1.225175e+00	-6.370135e-02	-3.442118e-02	-2.928017e-02
502           	-2.570515e-03	1.225191e+00	-6.373787e-02	-3.443945e-02	-2.929842e-02
503           	-2.570521e-03	1.225207e+00	-6.377443e-02	-3.445773e-02	-2.931669e-02
504           	-2.570525e-03	1.225223e+00	-6.381102e-02	-3.447604e-02	-2.933499e-02
505           	-2.570529e-03	1.225239e+00	-6.384768e-02	-3.449437e-02	-2.935331e-02
506           	-2.570532e-03	1.225254e+00	-6.388436e-02	-3.451271e-02	-2.937165e-02
507           	-2.570535e-03	1.225270e+00	-6.392106e-02	-3.453106e-02	-2.939000e-02
508           	-2.570536e-03	1.225285e+00	-6.395775e-02	-3.454941e-02	-2.940834e-02
509           	-2.570537e-03	1.225300e+00	-6.399439e-02	-3.456773e-02	-2.942666e-02
510           	-2.570536e-03	1.225315e+00	-6.403096e-02	-3.458602e-02	-2.944494e-02
511           	-2.570535e-03	1.225329e+00	-6.406748e-02	-3.460427e-02	-2.946321e-02
512           	-2.570532e-03	1.225344e+00	-6.410392e-02	-3.462249e-02	-2.948143e-02
513           	-2.570529e-03	1.225358e+00	-6.414034e-02	-3.464070e-02	-2.949964e-02
514           	-2.570526e-03	1.225371e+00	-6.417674e-02	-3.465890e-02	-2.951785e-02
515           	-2.570521e-03	1.225385e+00	-6.421314e-02	-3.467709e-02	-2.953605e-02
516           	-2.570516e-03	1.225398e+00	-6.424952e-02	-3.469527e-02	-2.955424e-02
517           	-2.570509e-03	1.225411e+00	-6.428590e-02	-3.471346e-02	-2.957244e-02
518           	-2.570502e-03	1.225424e+00	-6.432228e-02	-3.473164e-02	-2.959064e-02
519           	-2.570494e-03	1.225437e+00	-6.435864e-02	-3.474981e-02	-2.960883e-02
520           	-2.570485e-03	1.225449e+00	-6.439497e-02	-3.476797e-02	-2.962700e-02
521           	-2.570477e-03	1.225461e+00	-6.443133e-02	-3.478614e-02	-2.964519e-02
522           	-2.570467e-03	1.225473e+00	-6.446766e-02	-3.480429e-02	-2.966336e-02
523           	-2.570455e-03	1.225485e+00	-6.450394e-02	-3.482243e-02	-2.968152e-02
524           	-2.570444e-03	1.225496e+00	-6.454024e-02	-3.484056e-02	-2.969968e-02
525           	-2.570431e-03	1.225508e+00	-6.457655e-02	-3.485871e-02	-2.971785e-02
526           	-2.570418e-03	1.225519e+00	-6.461287e-02	-3.487685e-02	-2.973602e-02
527           	-2.570404e-03	1.225530e+00	-6.464924e-02	-3.489502e-02	-2.975422e-02
528           	-2.570389e-03	1.225541e+00	-6.468566e-02	-3.491322e-02	-2.977244e-02
529           	-2.570368e-03	1.225550e+00	-6.472183e-02	-3.493128e-02	-2.979055e-02
530           	-2.570351e-03	1.225561e+00	-6.475791e-02	-3.494930e-02	-2.980860e-02
531           	-2.570337e-03	1.225571e+00	-6.479418e-02	-3.496743e-02	-2.982675e-02
532           	-2.570316e-03	1.225581e+00	-6.483014e-02	-3.498539e-02	-2.984475e-02
533           	-2.570300e-03	1.225591e+00	-6.486584e-02	-3.500322e-02	-2.986262e-02
534           	-2.570286e-03	1.225601e+00	-6.490163e-02	-3.502110e-02	-2.988053e-02
535           	-2.570266e-03	1.225610e+00	-6.493712e-02	-3.503882e-02	-2.989829e-02
536           	-2.570249e-03	1.225620e+00	-6.497235e-02	-3.505643e-02	-2.991593e-02
537           	-2.570228e-03	1.225629e+00	-6.500747e-02	-3.507396e-02	-2.993351e-02
538           	-2.570212e-03	1.225638e+00	-6.504246e-02	-3.509144e-02	-2.995102e-02
539           	-2.570190e-03	1.225647e+00	-6.507742e-02	-3.510890e-02	-2.996852e-02
540           	-2.570174e-03	1.225657e+00	-6.511232e-02	-3.512633e-02	-2.998598e-02
541           	-2.570152e-03	1.225665e+00	-6.514722e-02	-3.514376e-02	-3.000346e-02
542           	-2.570135e-03	1.225674e+00	-6.518207e-02	-3.516117e-02	-3.002090e-02
543           	-2.570113e-03	1.225682e+00	-6.521698e-02	-3.517861e-02	-3.003838e-02
544           	-2.570088e-03	1.225692e+00	-6.525308e-02	-3.519663e-02	-3.005645e-02
545           	-2.570069e-03	1.225701e+00	-6.528844e-02	-3.521429e-02	-3.007415e-02
546           	-2.570040e-03	1.225709e+00	-6.532451e-02	-3.523229e-02	-3.009221e-02
547           	-2.570013e-03	1.225715e+00	-6.535948e-02	-3.524975e-02	-3.010973e-02
548           	-2.569976e-03	1.225722e+00	-6.539499e-02	-3.526747e-02	-3.012752e-02
549           	-2.569945e-03	1.225728e+00	-6.542947e-02	-3.528468e-02	-3.014479e-02
550           	-2.569909e-03	1.225734e+00	-6.546455e-02	-3.530219e-02	-3.016237e-02
551           	-2.569882e-03	1.225742e+00	-6.550006e-02	-3.531991e-02	-3.018015e-02
552           	-2.569857e-03	1.225750e+00	-6.553564e-02	-3.533767e-02	-3.019796e-02
553           	-2.569829e-03	1.225754e+00	-6.556971e-02	-3.535469e-02	-3.021503e-02
554           	-2.569790e-03	1.225760e+00	-6.560412e-02	-3.537185e-02	-3.023227e-02
555           	-2.569759e-03	1.225766e+00	-6.563887e-02	-3.538919e-02	-3.024967e-02
556           	-2.569732e-03	1.225773e+00	-6.567373e-02	-3.540660e-02	-3.026713e-02
557           	-2.569704e-03	1.225780e+00	-6.570846e-02	-3.542393e-02	-3.028453e-02
558           	-2.569674e-03	1.225786e+00	-6.574291e-02	-3.544113e-02	-3.030178e-02
559           	-2.569641e-03	1.225791e+00	-6.577704e-02	-3.545816e-02	-3.031888e-02
560           	-2.569607e-03	1.225796e+00	-6.581088e-02	-3.547505e-02	-3.033583e-02
561           	-2.569574e-03	1.225802e+00	-6.584447e-02	-3.549181e-02	-3.035266e-02
562           	-2.569543e-03	1.225807e+00	-6.587783e-02	-3.550846e-02	-3.036937e-02
563           	-2.569513e-03	1.225813e+00	-6.591099e-02	-3.552501e-02	-3.038598e-02
564           	-2.569484e-03	1.225818e+00	-6.594396e-02	-3.554146e-02	-3.040249e-02
565           	-2.569456e-03	1.225824e+00	-6.597677e-02	-3.555784e-02	-3.041893e-02
566           	-2.569429e-03	1.225830e+00	-6.600947e-02	-3.557416e-02	-3.043531e-02
567           	-2.569403e-03	1.225836e+00	-6.604208e-02	-3.559044e-02	-3.045164e-02
568           	-2.569376e-03	1.225842e+00	-6.607460e-02	-3.560668e-02	-3.046792e-02
569           	-2.569350e-03	1.225849e+00	-6.610706e-02	-3.562288e-02	-3.048418e-02
570           	-2.569324e-03	1.225855e+00	-6.613949e-02	-3.563907e-02	-3.050042e-02
571           	-2.569299e-03	1.225861e+00	-6.617190e-02	-3.565525e-02	-3.051665e-02
572           	-2.569273e-03	1.225867e+00	-6.620427e-02	-3.567141e-02	-3.053286e-02
573           	-2.569247e-03	1.225873e+00	-6.623658e-02	-3.568753e-02	-3.054904e-02
574           	-2.569221e-03	1.225879e+00	-6.626878e-02	-3.570361e-02	-3.056517e-02
575           	-2.569195e-03	1.225885e+00	-6.630081e-02	-3.571960e-02	-3.058121e-02
576           	-2.569169e-03	1.225890e+00	-6.633262e-02	-3.573548e-02	-3.059714e-02
577           	-2.569143e-03	1.225896e+00	-6.636416e-02	-3.575123e-02	-3.061294e-02
578           	-2.569117e-03	1.225902e+00	-6.639542e-02	-3.576683e-02	-3.062859e-02
579           	-2.569091e-03	1.225908e+00	-6.642638e-02	-3.578228e-02	-3.064410e-02
580           	-2.569065e-03	1.225913e+00	-6.645705e-02	-3.579759e-02	-3.065946e-02
581           	-2.569039e-03	1.225919e+00	-6.648747e-02	-3.581277e-02	-3.067470e-02
582           	-2.569012e-03	1.225924e+00	-6.651767e-02	-3.582785e-02	-3.068982e-02
583           	-2.568986e-03	1.225930e+00	-6.654769e-02	-3.584283e-02	-3.070486e-02
584           	-2.568960e-03	1.225935e+00	-6.657755e-02	-3.585774e-02	-3.071982e-02
585           	-2.568933e-03	1.225940e+00	-6.660728e-02	-3.587257e-02	-3.073471e-02
586           	-2.568906e-03	1.225945e+00	-6.663690e-02	-3.588736e-02	-3.074954e-02
587           	-2.568879e-03	1.225951e+00	-6.666642e-02	-3.590209e-02	-3.076433e-02
588           	-2.568853e-03	1.225956e+00	-6.669585e-02	-3.591678e-02	-3.077907e-02
589           	-2.568826e-03	1.225961e+00	-6.672518e-02	-3.593142e-02	-3.079376e-02
590           	-2.568799e-03	1.225965e+00	-6.675438e-02	-3.594599e-02	-3.080839e-02
591           	-2.568772e-03	1.225970e+00	-6.678344e-02	-3.596049e-02	-3.082295e-02
592           	-2.568745e-03	1.225975e+00	-6.681235e-02	-3.597492e-02	-3.083743e-02
593           	-2.568718e-03	1.225980e+00	-6.684104e-02	-3.598924e-02	-3.085180e-02
594           	-2.568691e-03	1.225985e+00	-6.686950e-02	-3.600344e-02	-3.086606e-02
595           	-2.568663e-03	1.225989e+00	-6.689770e-02	-3.601751e-02	-3.088019e-02
596           	-2.568637e-03	1.225994e+00	-6.692566e-02	-3.603147e-02	-3.089419e-02
597           	-2.568610e-03	1.225998e+00	-6.695337e-02	-3.604529e-02	-3.090807e-02
598           	-2.568583e-03	1.226003e+00	-6.698085e-02	-3.605901e-02	-3.092184e-02
599           	-2.568556e-03	1.226007e+00	-6.700810e-02	-3.607261e-02	-3.093549e-02
600           	-2.568530e-03	1.226012e+00	-6.703517e-02	-3.608611e-02	-3.094906e-02
601           	-2.568503e-03	1.226016e+00	-6.706208e-02	-3.609954e-02	-3.096254e-02
602           	-2.568476e-03	1.226021e+00	-6.708884e-02	-3.611290e-02	-3.097594e-02
603           	-2.568450e-03	1.226025e+00	-6.711547e-02	-3.612618e-02	-3.098928e-02
604           	-2.568424e-03	1.226029e+00	-6.714196e-02	-3.613941e-02	-3.100256e-02
605           	-2.568397e-03	1.226033e+00	-6.716832e-02	-3.615256e-02	-3.101576e-02
606           	-2.568371e-03	1.226038e+00	-6.719454e-02	-3.616564e-02	-3.102890e-02
607           	-2.568345e-03	1.226042e+00	-6.722062e-02	-3.617866e-02	-3.104196e-02
608           	-2.568320e-03	1.226046e+00	-6.724655e-02	-3.619159e-02	-3.105495e-02
609           	-2.568294e-03	1.226050e+00	-6.727226e-02	-3.620442e-02	-3.106783e-02
610           	-2.568269e-03	1.226054e+00	-6.729775e-02	-3.621715e-02	-3.108061e-02
611           	-2.568243e-03	1.226058e+00	-6.732302e-02	-3.622975e-02	-3.109326e-02
612           	-2.568218e-03	1.226062e+00	-6.734804e-02	-3.624224e-02	-3.110580e-02
613           	-2.568193e-03	1.226066e+00	-6.737282e-02	-3.625461e-02	-3.111822e-02
614           	-2.568168e-03	1.226070e+00	-6.739738e-02	-3.626686e-02	-3.113052e-02
615           	-2.568144e-03	1.226074e+00	-6.742169e-02	-3.627899e-02	-3.114270e-02
616           	-2.568119e-03	1.226078e+00	-6.744578e-02	-3.629101e-02	-3.115477e-02
617           	-2.568094e-03	1.226082e+00	-6.746966e-02	-3.630293e-02	-3.116674e-02
618           	-2.568070e-03	1.226085e+00	-6.749335e-02	-3.631475e-02	-3.117861e-02
619           	-2.568046e-03	1.226089e+00	-6.751686e-02	-3.632648e-02	-3.119039e-02
620           	-2.568022e-03	1.226093e+00	-6.754021e-02	-3.633812e-02	-3.120208e-02
621           	-2.567997e-03	1.226096e+00	-6.756339e-02	-3.634969e-02	-3.121370e-02
622           	-2.567973e-03	1.226100e+00	-6.758644e-02	-3.636119e-02	-3.122524e-02
623           	-2.567949e-03	1.226104e+00	-6.760934e-02	-3.637262e-02	-3.123672e-02
624           	-2.567925e-03	1.226107e+00	-6.763211e-02	-3.638398e-02	-3.124813e-02
625           	-2.567901e-03	1.226111e+00	-6.765472e-02	-3.639526e-02	-3.125946e-02
626           	-2.567876e-03	1.226114e+00	-6.767719e-02	-3.640647e-02	-3.127072e-02
627           	-2.567852e-03	1.226118e+00	-6.769951e-02	-3.641761e-02	-3.128190e-02
628           	-2.567828e-03	1.226121e+00	-6.772167e-02	-3.642866e-02	-3.129301e-02
629           	-2.567804e-03	1.226124e+00	-6.774365e-02	-3.643963e-02	-3.130402e-02
630           	-2.567781e-03	1.226128e+00	-6.776542e-02	-3.645049e-02	-3.131493e-02
631           	-2.567757e-03	1.226131e+00	-6.778697e-02	-3.646124e-02	-3.132573e-02
632           	-2.567733e-03	1.226134e+00	-6.780827e-02	-3.647187e-02	-3.133640e-02
633           	-2.567710e-03	1.226137e+00	-6.782932e-02	-3.648237e-02	-3.134695e-02
634           	-2.567687e-03	1.226141e+00	-6.785012e-02	-3.649274e-02	-3.135737e-02
635           	-2.567664e-03	1.226144e+00	-6.787064e-02	-3.650299e-02	-3.136766e-02
636           	-2.567641e-03	1.226147e+00	-6.789092e-02	-3.651310e-02	-3.137782e-02
637           	-2.567619e-03	1.226150e+00	-6.791096e-02	-3.652310e-02	-3.138786e-02
638           	-2.567596e-03	1.226153e+00	-6.793077e-02	-3.653298e-02	-3.139779e-02
639           	-2.567574e-03	1.226156e+00	-6.795035e-02	-3.654275e-02	-3.140760e-02
640           	-2.567552e-03	1.226159e+00	-6.796973e-02	-3.655242e-02	-3.141731e-02
641           	-2.567530e-03	1.226162e+00	-6.798893e-02	-3.656199e-02	-3.142693e-02
642           	-2.567509e-03	1.226165e+00	-6.800796e-02	-3.657149e-02	-3.143647e-02
643           	-2.567487e-03	1.226168e+00	-6.802684e-02	-3.658091e-02	-3.144593e-02
644           	-2.567466e-03	1.226171e+00	-6.804558e-02	-3.659025e-02	-3.145532e-02
645           	-2.567445e-03	1.226174e+00	-6.806419e-02	-3.659954e-02	-3.146465e-02
646           	-2.567424e-03	1.226177e+00	-6.808267e-02	-3.660876e-02	-3.147391e-02
647           	-2.567403e-03	1.226180e+00	-6.810103e-02	-3.661792e-02	-3.148311e-02
648           	-2.567383e-03	1.226183e+00	-6.811925e-02	-3.662701e-02	-3.149224e-02
649           	-2.567362e-03	1.226185e+00	-6.813733e-02	-3.663603e-02	-3.150130e-02
650           	-2.567342e-03	1.226188e+00	-6.815527e-02	-3.664497e-02	-3.151029e-02
651           	-2.567322e-03	1.226191e+00	-6.817306e-02	-3.665385e-02	-3.151921e-02
652           	-2.567302e-03	1.226194e+00	-6.819071e-02	-3.666266e-02	-3.152805e-02
653           	-2.567283e-03	1.226197e+00	-6.820821e-02	-3.667139e-02	-3.153682e-02
654           	-2.567263e-03	1.226199e+00	-6.822556e-02	-3.668004e-02	-3.154552e-02
655           	-2.567244e-03	1.226202e+00	-6.824276e-02	-3.668862e-02	-3.155414e-02
656           	-2.567225e-03	1.226205e+00	-6.825982e-02	-3.669714e-02	-3.156269e-02
657           	-2.567206e-03	1.226207e+00	-6.827675e-02	-3.670558e-02	-3.157117e-02
658           	-2.567188e-03	1.226210e+00	-6.829354e-02	-3.671396e-02	-3.157958e-02
659           	-2.567170e-03	1.226213e+00	-6.831019e-02	-3.672227e-02	-3.158793e-02
660           	-2.567152e-03	1.226215e+00	-6.832672e-02	-3.673051e-02	-3.159621e-02
661           	-2.567134e-03	1.226218e+00	-6.834311e-02	-3.673869e-02	-3.160442e-02
662           	-2.567116e-03	1.226221e+00	-6.835938e-02	-3.674681e-02	-3.161257e-02
663           	-2.567098e-03	1.226223e+00	-6.837552e-02	-3.675486e-02	-3.162066e-02
664           	-2.567081e-03	1.226226e+00	-6.839152e-02	-3.676284e-02	-3.162868e-02
665           	-2.567063e-03	1.226228e+00	-6.840740e-02	-3.677076e-02	-3.163663e-02
666           	-2.567046e-03	1.226231e+00	-6.842313e-02	-3.677861e-02	-3.164452e-02
667           	-2.567029e-03	1.226233e+00	-6.843874e-02	-3.678640e-02	-3.165234e-02
668           	-2.567012e-03	1.226236e+00	-6.845421e-02	-3.679412e-02	-3.166009e-02
669           	-2.566996e-03	1.226238e+00	-6.846955e-02	-3.680177e-02	-3.166778e-02
670           	-2.566979e-03	1.226241e+00	-6.848476e-02	-3.680936e-02	-3.167540e-02
671           	-2.566962e-03	1.226243e+00	-6.849985e-02	-3.681689e-02	-3.168296e-02
672           	-2.566946e-03	1.226246e+00	-6.851481e-02	-3.682435e-02	-3.169046e-02
673           	-2.566930e-03	1.226248e+00	-6.852964e-02	-3.683175e-02	-3.169789e-02
674           	-2.566914e-03	1.226251e+00	-6.854435e-02	-3.683909e-02	-3.170526e-02
675           	-2.566898e-03	1.226253e+00	-6.855894e-02	-3.684637e-02	-3.171257e-02
676           	-2.566882e-03	1.226256e+00	-6.857340e-02	-3.685358e-02	-3.171982e-02
677           	-2.566866e-03	1.226258e+00	-6.858774e-02	-3.686074e-02	-3.172700e-02
678           	-2.566850e-03	1.226261e+00	-6.860196e-02	-3.686783e-02	-3.173413e-02
679           	-2.566835e-03	1.226263e+00	-6.861605e-02	-3.687486e-02	-3.174119e-02
680           	-2.566820e-03	1.226265e+00	-6.863002e-02	-3.688183e-02	-3.174819e-02
681           	-2.566805e-03	1.226268e+00	-6.864387e-02	-3.688874e-02	-3.175513e-02
682           	-2.566790e-03	1.226270e+00	-6.865759e-02	-3.689558e-02	-3.176200e-02
683           	-2.566776e-03	1.226273e+00	-6.867118e-02	-3.690236e-02	-3.176881e-02
684           	-2.566761e-03	1.226275e+00	-6.868465e-02	-3.690909e-02	-3.177556e-02
685           	-2.566747e-03	1.226277e+00	-6.869800e-02	-3.691575e-02	-3.178225e-02
686           	-2.566733e-03	1.226280e+00	-6.871123e-02	-3.692235e-02	-3.178888e-02
687           	-2.566719e-03	1.226282e+00	-6.872434e-02	-3.692889e-02	-3.179545e-02
688           	-2.566704e-03	1.226284e+00	-6.873733e-02	-3.693537e-02	-3.180196e-02
689           	-2.566691e-03	1.226287e+00	-6.875020e-02	-3.694179e-02	-3.180841e-02
690           	-2.566677e-03	1.226289e+00	-6.876296e-02	-3.694816e-02	-3.181480e-02
691           	-2.566663e-03	1.226291e+00	-6.877560e-02	-3.695446e-02	-3.182114e-02
692           	-2.566649e-03	1.226293e+00	-6.878813e-02	-3.696072e-02	-3.182742e-02
693           	-2.566636e-03	1.226296e+00	-6.880055e-02	-3.696691e-02	-3.183364e-02
694           	-2.566623e-03	1.226298e+00	-6.881287e-02	-3.697306e-02	-3.183981e-02
695           	-2.566609e-03	1.226300e+00	-6.882507e-02	-3.697914e-02	-3.184592e-02
696           	-2.566596e-03	1.226302e+00	-6.883716e-02	-3.698517e-02	-3.185198e-02
697           	-2.566583e-03	1.226304e+00	-6.884914e-02	-3.699115e-02	-3.185798e-02
698           	-2.566571e-03	1.226307e+00	-6.886100e-02	-3.699707e-02	-3.186393e-02
699           	-2.566558e-03	1.226309e+00	-6.887276e-02	-3.700294e-02	-3.186982e-02
700           	-2.566546e-03	1.226311e+00	-6.888441e-02	-3.700875e-02	-3.187566e-02
701           	-2.566534e-03	1.226313e+00	-6.889596e-02	-3.701451e-02	-3.188144e-02
702           	-2.566522e-03	1.226315e+00	-6.890739e-02	-3.702021e-02	-3.188717e-02
703           	-2.566510e-03	1.226317e+00	-6.891871e-02	-3.702586e-02	-3.189284e-02
704           	-2.566498e-03	1.226319e+00	-6.892992e-02	-3.703146e-02	-3.189846e-02
705           	-2.566486e-03	1.226322e+00	-6.894103e-02	-3.703700e-02	-3.190403e-02
706           	-2.566474e-03	1.226324e+00	-6.895204e-02	-3.704249e-02	-3.190954e-02
707           	-2.566463e-03	1.226326e+00	-6.896295e-02	-3.704794e-02	-3.191501e-02
708           	-2.566452e-03	1.226328e+00	-6.897375e-02	-3.705333e-02	-3.192042e-02
709           	-2.566441e-03	1.226330e+00	-6.898446e-02	-3.705867e-02	-3.192579e-02
710           	-2.566429e-03	1.226332e+00	-6.899507e-02	-3.706396e-02	-3.193110e-02
711           	-2.566418e-03	1.226334e+00	-6.900558e-02	-3.706921e-02	-3.193637e-02
712           	-2.566408e-03	1.226336e+00	-6.901599e-02	-3.707440e-02	-3.194159e-02
713           	-2.566397e-03	1.226338e+00	-6.902632e-02	-3.707956e-02	-3.194676e-02
714           	-2.566386e-03	1.226340e+00	-6.903655e-02	-3.708466e-02	-3.195189e-02
715           	-2.566376e-03	1.226342e+00	-6.904669e-02	-3.708972e-02	-3.195697e-02
716           	-2.566365e-03	1.226344e+00	-6.905675e-02	-3.709474e-02	-3.196201e-02
717           	-2.566355e-03	1.226346e+00	-6.906672e-02	-3.709971e-02	-3.196700e-02
718           	-2.566345e-03	1.226348e+00	-6.907660e-02	-3.710464e-02	-3.197195e-02
719           	-2.566334e-03	1.226350e+00	-6.908639e-02	-3.710953e-02	-3.197686e-02
720           	-2.566324e-03	1.226352e+00	-6.909610e-02	-3.711437e-02	-3.198172e-02
721           	-2.566314e-03	1.226354e+00	-6.910572e-02	-3.711917e-02	-3.198655e-02
722           	-2.566304e-03	1.226356e+00	-6.911525e-02	-3.712393e-02	-3.199132e-02
723           	-2.566295e-03	1.226358e+00	-6.912470e-02	-3.712865e-02	-3.199606e-02
724           	-2.566285e-03	1.226359e+00	-6.913407e-02	-3.713332e-02	-3.200075e-02
725           	-2.566275e-03	1.226361e+00	-6.914335e-02	-3.713795e-02	-3.200540e-02
726           	-2.566266e-03	1.226363e+00	-6.915255e-02	-3.714254e-02	-3.201001e-02
727           	-2.566257e-03	1.226365e+00	-6.916167e-02	-3.714709e-02	-3.201458e-02
728           	-2.566247e-03	1.226367e+00	-6.917071e-02	-3.715160e-02	-3.201911e-02
729           	-2.566238e-03	1.226369e+00	-6.917967e-02	-3.715607e-02	-3.202360e-02
730           	-2.566229e-03	1.226371e+00	-6.918855e-02	-3.716050e-02	-3.202805e-02
731           	-2.566220e-03	1.226372e+00	-6.919735e-02	-3.716490e-02	-3.203246e-02
732           	-2.566211e-03	1.226374e+00	-6.920608e-02	-3.716925e-02	-3.203683e-02
733           	-2.566202e-03	1.226376e+00	-6.921472e-02	-3.717356e-02	-3.204116e-02
734           	-2.566193e-03	1.226378e+00	-6.922329e-02	-3.717784e-02	-3.204545e-02
735           	-2.566185e-03	1.226380e+00	-6.923179e-02	-3.718208e-02	-3.204971e-02
736           	-2.566176e-03	1.226381e+00	-6.924020e-02	-3.718628e-02	-3.205392e-02
737           	-2.566168e-03	1.226383e+00	-6.924853e-02	-3.719044e-02	-3.205810e-02
738           	-2.566159e-03	1.226385e+00	-6.925679e-02	-3.719455e-02	-3.206224e-02
739           	-2.566151e-03	1.226387e+00	-6.926497e-02	-3.719864e-02	-3.206633e-02
740           	-2.566143e-03	1.226388e+00	-6.927307e-02	-3.720268e-02	-3.207039e-02
741           	-2.566134e-03	1.226390e+00	-6.928110e-02	-3.720669e-02	-3.207442e-02
742           	-2.566126e-03	1.226392e+00	-6.928906e-02	-3.721066e-02	-3.207841e-02
743           	-2.566118e-03	1.226393e+00	-6.929696e-02	-3.721460e-02	-3.208236e-02
744           	-2.566110e-03	1.226395e+00	-6.930479e-02	-3.721851e-02	-3.208628e-02
745           	-2.566102e-03	1.226397e+00	-6.931256e-02	-3.722238e-02	-3.209018e-02
746           	-2.566095e-03	1.226398e+00	-6.932026e-02	-3.722622e-02	-3.209403e-02
747           	-2.566087e-03	1.226400e+00	-6.932789e-02	-3.723003e-02	-3.209786e-02
748           	-2.566079e-03	1.226402e+00	-6.933545e-02	-3.723380e-02	-3.210164e-02
749           	-2.566072e-03	1.226403e+00	-6.934294e-02	-3.723754e-02	-3.210540e-02
750           	-2.566064e-03	1.226405e+00	-6.935035e-02	-3.724124e-02	-3.210911e-02
751           	-2.566057e-03	1.226406e+00	-6.935769e-02	-3.724490e-02	-3.211279e-02
752           	-2.566049e-03	1.226408e+00	-6.936497e-02	-3.724853e-02	-3.211643e-02
753           	-2.566042e-03	1.226410e+00	-6.937217e-02	-3.725213e-02	-3.212004e-02
754           	-2.566035e-03	1.226411e+00	-6.937930e-02	-3.725568e-02	-3.212361e-02
755           	-2.566027e-03	1.226413e+00	-6.938636e-02	-3.725921e-02	-3.212715e-02
756           	-2.566020e-03	1.226414e+00	-6.939336e-02	-3.726270e-02	-3.213066e-02
757           	-2.566013e-03	1.226416e+00	-6.940029e-02	-3.726616e-02	-3.213413e-02
758           	-2.566006e-03	1.226417e+00	-6.940716e-02	-3.726959e-02	-3.213757e-02
759           	-2.565999e-03	1.226419e+00	-6.941396e-02	-3.727298e-02	-3.214098e-02
760           	-2.565993e-03	1.226420e+00	-6.942070e-02	-3.727635e-02	-3.214436e-02
761           	-2.565986e-03	1.226422e+00	-6.942738e-02	-3.727968e-02	-3.214771e-02
762           	-2.565979e-03	1.226424e+00	-6.943400e-02	-3.728298e-02	-3.215102e-02
763           	-2.565972e-03	1.226425e+00	-6.944055e-02	-3.728625e-02	-3.215430e-02
764           	-2.565966e-03	1.226426e+00	-6.944705e-02	-3.728949e-02	-3.215756e-02
765           	-2.565959e-03	1.226428e+00	-6.945348e-02	-3.729270e-02	-3.216078e-02
766           	-2.565953e-03	1.226429e+00	-6.945986e-02	-3.729588e-02	-3.216398e-02
767           	-2.565947e-03	1.226431e+00	-6.946617e-02	-3.729903e-02	-3.216714e-02
768           	-2.565941e-03	1.226432e+00	-6.947242e-02	-3.730215e-02	-3.217027e-02
769           	-2.565934e-03	1.226434e+00	-6.947862e-02	-3.730524e-02	-3.217337e-02
770           	-2.565928e-03	1.226435e+00	-6.948475e-02	-3.730831e-02	-3.217645e-02
771           	-2.565922e-03	1.226437e+00	-6.949084e-02	-3.731134e-02	-3.217950e-02
772           	-2.565916e-03	1.226438e+00	-6.949686e-02	-3.731435e-02	-3.218252e-02
773           	-2.565910e-03	1.226439e+00	-6.950283e-02	-3.731733e-02	-3.218551e-02
774           	-2.565904e-03	1.226441e+00	-6.950875e-02	-3.732028e-02	-3.218847e-02
775           	-2.565898e-03	1.226442e+00	-6.951461e-02	-3.732320e-02	-3.219141e-02
776           	-2.565893e-03	1.226444e+00	-6.952041e-02	-3.732610e-02	-3.219431e-02
777           	-2.565887e-03	1.226445e+00	-6.952616e-02	-3.732897e-02	-3.219720e-02
778           	-2.565881e-03	1.226446e+00	-6.953186e-02	-3.733181e-02	-3.220005e-02
779           	-2.565876e-03	1.226448e+00	-6.953751e-02	-3.733463e-02	-3.220288e-02
780           	-2.565870e-03	1.226449e+00	-6.954310e-02	-3.733742e-02	-3.220568e-02
781           	-2.565864e-03	1.226450e+00	-6.954864e-02	-3.734019e-02	-3.220846e-02
782           	-2.565859e-03	1.226452e+00	-6.955414e-02	-3.734293e-02	-3.221121e-02
783           	-2.565854e-03	1.226453e+00	-6.955958e-02	-3.734565e-02	-3.221394e-02
784           	-2.565848e-03	1.226454e+00	-6.956498e-02	-3.734834e-02	-3.221664e-02
785           	-2.565843e-03	1.226456e+00	-6.957033e-02	-3.735101e-02	-3.221932e-02
786           	-2.565838e-03	1.226457e+00	-6.957564e-02	-3.735366e-02	-3.222198e-02
787           	-2.565833e-03	1.226458e+00	-6.958090e-02	-3.735628e-02	-3.222462e-02
788           	-2.565828e-03	1.226459e+00	-6.958612e-02	-3.735889e-02	-3.222723e-02
789           	-2.565823e-03	1.226461e+00	-6.959129e-02	-3.736147e-02	-3.222982e-02
790           	-2.565818e-03	1.226462e+00	-6.959642e-02	-3.736403e-02	-3.223239e-02
791           	-2.565813e-03	1.226463e+00	-6.960150e-02	-3.736656e-02	-3.223494e-02
792           	-2.565809e-03	1.226464e+00	-6.960653e-02	-3.736907e-02	-3.223746e-02
793           	-2.565804e-03	1.226466e+00	-6.961152e-02	-3.737156e-02	-3.223995e-02
794           	-2.565799e-03	1.226467e+00	-6.961645e-02	-3.737403e-02	-3.224243e-02
795           	-2.565794e-03	1.226468e+00	-6.962134e-02	-3.737647e-02	-3.224488e-02
796           	-2.565790e-03	1.226469e+00	-6.962619e-02	-3.737888e-02	-3.224730e-02
797           	-2.565785e-03	1.226470e+00	-6.963099e-02	-3.738128e-02	-3.224971e-02
798           	-2.565780e-03	1.226472e+00	-6.963575e-02	-3.738366e-02	-3.225209e-02
799           	-2.565776e-03	1.226473e+00	-6.964047e-02	-3.738601e-02	-3.225446e-02
800           	-2.565771e-03	1.226474e+00	-6.964514e-02	-3.738834e-02	-3.225680e-02
801           	-2.565767e-03	1.226475e+00	-6.964978e-02	-3.739066e-02	-3.225912e-02
802           	-2.565763e-03	1.226476e+00	-6.965437e-02	-3.739295e-02	-3.226142e-02
803           	-2.565758e-03	1.226477e+00	-6.965893e-02	-3.739522e-02	-3.226371e-02
804           	-2.565754e-03	1.226479e+00	-6.966344e-02	-3.739747e-02	-3.226597e-02
805           	-2.565750e-03	1.226480e+00	-6.966791e-02	-3.739971e-02	-3.226821e-02
806           	-2.565745e-03	1.226481e+00	-6.967234e-02	-3.740192e-02	-3.227043e-02
807           	-2.565741e-03	1.226482e+00	-6.967673e-02	-3.740411e-02	-3.227263e-02
808           	-2.565737e-03	1.226483e+00	-6.968108e-02	-3.740628e-02	-3.227480e-02
809           	-2.565733e-03	1.226484e+00	-6.968539e-02	-3.740843e-02	-3.227696e-02
810           	-2.565729e-03	1.226485e+00	-6.968966e-02	-3.741056e-02	-3.227910e-02
811           	-2.565725e-03	1.226486e+00	-6.969389e-02	-3.741267e-02	-3.228122e-02
812           	-2.565721e-03	1.226487e+00	-6.969808e-02	-3.741476e-02	-3.228332e-02
813           	-2.565717e-03	1.226489e+00	-6.970223e-02	-3.741683e-02	-3.228540e-02
814           	-2.565713e-03	1.226490e+00	-6.970634e-02	-3.741888e-02	-3.228746e-02
815           	-2.565709e-03	1.226491e+00	-6.971041e-02	-3.742092e-02	-3.228950e-02
816           	-2.565705e-03	1.226492e+00	-6.971445e-02	-3.742293e-02	-3.229152e-02
817           	-2.565701e-03	1.226493e+00	-6.971845e-02	-3.742493e-02	-3.229352e-02
818           	-2.565698e-03	1.226494e+00	-6.972242e-02	-3.742691e-02	-3.229551e-02
819           	-2.565694e-03	1.226495e+00	-6.972635e-02	-3.742887e-02	-3.229748e-02
820           	-2.565690e-03	1.226496e+00	-6.973024e-02	-3.743081e-02	-3.229943e-02
821           	-2.565686e-03	1.226497e+00	-6.973410e-02	-3.743273e-02	-3.230136e-02
822           	-2.565683e-03	1.226498e+00	-6.973792e-02	-3.743464e-02	-3.230328e-02
823           	-2.565679e-03	1.226499e+00	-6.974171e-02	-3.743653e-02	-3.230517e-02
824           	-2.565676e-03	1.226500e+00	-6.974546e-02	-3.743841e-02	-3.230705e-02
825           	-2.565672e-03	1.226501e+00	-6.974918e-02	-3.744026e-02	-3.230892e-02
826           	-2.565669e-03	1.226502e+00	-6.975286e-02	-3.744210e-02	-3.231076e-02
827           	-2.565665e-03	1.226503e+00	-6.975651e-02	-3.744392e-02	-3.231259e-02
828           	-2.565662e-03	1.226504e+00	-6.976013e-02	-3.744573e-02	-3.231440e-02
829           	-2.565659e-03	1.226505e+00	-6.976372e-02	-3.744752e-02	-3.231620e-02
830           	-2.565655e-03	1.226506e+00	-6.976727e-02	-3.744929e-02	-3.231798e-02
831           	-2.565652e-03	1.226506e+00	-6.977078e-02	-3.745104e-02	-3.231974e-02
832           	-2.565649e-03	1.226507e+00	-6.977427e-02	-3.745279e-02	-3.232149e-02
833           	-2.565646e-03	1.226508e+00	-6.977773e-02	-3.745451e-02	-3.232322e-02
834           	-2.565642e-03	1.226509e+00	-6.978116e-02	-3.745622e-02	-3.232494e-02
835           	-2.565639e-03	1.226510e+00	-6.978455e-02	-3.745791e-02	-3.232664e-02
836           	-2.565636e-03	1.226511e+00	-6.978792e-02	-3.745959e-02	-3.232832e-02
837           	-2.565633e-03	1.226512e+00	-6.979125e-02	-3.746126e-02	-3.232999e-02
838           	-2.565630e-03	1.226513e+00	-6.979456e-02	-3.746291e-02	-3.233165e-02
839           	-2.565627e-03	1.226514e+00	-6.979784e-02	-3.746454e-02	-3.233329e-02
840           	-2.565624e-03	1.226515e+00	-6.980109e-02	-3.746617e-02	-3.233492e-02
841           	-2.565621e-03	1.226515e+00	-6.980430e-02	-3.746777e-02	-3.233653e-02
842           	-2.565618e-03	1.226516e+00	-6.980749e-02	-3.746936e-02	-3.233813e-02
843           	-2.565615e-03	1.226517e+00	-6.981064e-02	-3.747094e-02	-3.233971e-02
844           	-2.565612e-03	1.226518e+00	-6.981377e-02	-3.747250e-02	-3.234127e-02
845           	-2.565609e-03	1.226519e+00	-6.981688e-02	-3.747405e-02	-3.234283e-02
846           	-2.565606e-03	1.226520e+00	-6.981995e-02	-3.747558e-02	-3.234437e-02
847           	-2.565603e-03	1.226520e+00	-6.982299e-02	-3.747710e-02	-3.234589e-02
848           	-2.565600e-03	1.226521e+00	-6.982600e-02	-3.747860e-02	-3.234740e-02
849           	-2.565598e-03	1.226522e+00	-6.982899e-02	-3.748009e-02	-3.234890e-02
850           	-2.565595e-03	1.226523e+00	-6.983195e-02	-3.748157e-02	-3.235038e-02
851           	-2.565592e-03	1.226524e+00	-6.983488e-02	-3.748303e-02	-3.235185e-02
852           	-2.565589e-03	1.226525e+00	-6.983779e-02	-3.748448e-02	-3.235330e-02
853           	-2.565587e-03	1.226525e+00	-6.984067e-02	-3.748592e-02	-3.235475e-02
854           	-2.565584e-03	1.226526e+00	-6.984352e-02	-3.748735e-02	-3.235618e-02
855           	-2.565582e-03	1.226527e+00	-6.984635e-02	-3.748876e-02	-3.235759e-02
856           	-2.565579e-03	1.226528e+00	-6.984915e-02	-3.749015e-02	-3.235900e-02
857           	-2.565576e-03	1.226528e+00	-6.985193e-02	-3.749154e-02	-3.236039e-02
858           	-2.565574e-03	1.226529e+00	-6.985468e-02	-3.749291e-02	-3.236177e-02
859           	-2.565571e-03	1.226530e+00	-6.985740e-02	-3.749427e-02	-3.236313e-02
860           	-2.565569e-03	1.226531e+00	-6.986011e-02	-3.749562e-02	-3.236448e-02
861           	-2.565566e-03	1.226531e+00	-6.986278e-02	-3.749696e-02	-3.236583e-02
862           	-2.565564e-03	1.226532e+00	-6.986544e-02	-3.749828e-02	-3.236715e-02
863           	-2.565561e-03	1.226533e+00	-6.986806e-02	-3.749959e-02	-3.236847e-02
864           	-2.565559e-03	1.226534e+00	-6.987067e-02	-3.750089e-02	-3.236978e-02
865           	-2.565557e-03	1.226534e+00	-6.987325e-02	-3.750218e-02	-3.237107e-02
866           	-2.565554e-03	1.226535e+00	-6.987581e-02	-3.750346e-02	-3.237235e-02
867           	-2.565552e-03	1.226536e+00	-6.987835e-02	-3.750472e-02	-3.237362e-02
868           	-2.565549e-03	1.226536e+00	-6.988086e-02	-3.750598e-02	-3.237488e-02
869           	-2.565547e-03	1.226537e+00	-6.988335e-02	-3.750722e-02	-3.237613e-02
870           	-2.565545e-03	1.226538e+00	-6.988582e-02	-3.750845e-02	-3.237736e-02
871           	-2.565543e-03	1.226538e+00	-6.988826e-02	-3.750967e-02	-3.237859e-02
872           	-2.565540e-03	1.226539e+00	-6.989068e-02	-3.751088e-02	-3.237980e-02
873           	-2.565538e-03	1.226540e+00	-6.989308e-02	-3.751208e-02	-3.238100e-02
874           	-2.565536e-03	1.226540e+00	-6.989545e-02	-3.751326e-02	-3.238219e-02
875           	-2.565534e-03	1.226541e+00	-6.989781e-02	-3.751444e-02	-3.238337e-02
876           	-2.565532e-03	1.226542e+00	-6.990014e-02	-3.751560e-02	-3.238454e-02
877           	-2.565529e-03	1.226542e+00	-6.990245e-02	-3.751675e-02	-3.238569e-02
878           	-2.565527e-03	1.226543e+00	-6.990474e-02	-3.751790e-02	-3.238684e-02
879           	-2.565525e-03	1.226544e+00	-6.990701e-02	-3.751903e-02	-3.238798e-02
880           	-2.565523e-03	1.226544e+00	-6.990926e-02	-3.752015e-02	-3.238911e-02
881           	-2.565521e-03	1.226545e+00	-6.991149e-02	-3.752127e-02	-3.239023e-02
882           	-2.565519e-03	1.226546e+00	-6.991370e-02	-3.752237e-02	-3.239133e-02
883           	-2.565517e-03	1.226546e+00	-6.991590e-02	-3.752346e-02	-3.239243e-02
884           	-2.565515e-03	1.226547e+00	-6.991807e-02	-3.752455e-02	-3.239352e-02
885           	-2.565513e-03	1.226547e+00	-6.992022e-02	-3.752562e-02	-3.239460e-02
886           	-2.565511e-03	1.226548e+00	-6.992235e-02	-3.752669e-02	-3.239567e-02
887           	-2.565509e-03	1.226549e+00	-6.992447e-02	-3.752774e-02	-3.239672e-02
888           	-2.565507e-03	1.226549e+00	-6.992656e-02	-3.752879e-02	-3.239777e-02
889           	-2.565506e-03	1.226550e+00	-6.992864e-02	-3.752982e-02	-3.239881e-02
890           	-2.565504e-03	1.226550e+00	-6.993070e-02	-3.753085e-02	-3.239984e-02
891           	-2.565502e-03	1.226551e+00	-6.993274e-02	-3.753187e-02	-3.240087e-02
892           	-2.565500e-03	1.226551e+00	-6.993476e-02	-3.753288e-02	-3.240188e-02
893           	-2.565498e-03	1.226552e+00	-6.993676e-02	-3.753388e-02	-3.240288e-02
894           	-2.565496e-03	1.226553e+00	-6.993875e-02	-3.753487e-02	-3.240388e-02
895           	-2.565494e-03	1.226553e+00	-6.994072e-02	-3.753585e-02	-3.240487e-02
896           	-2.565493e-03	1.226554e+00	-6.994267e-02	-3.753683e-02	-3.240584e-02
897           	-2.565491e-03	1.226554e+00	-6.994461e-02	-3.753780e-02	-3.240681e-02
898           	-2.565489e-03	1.226555e+00	-6.994653e-02	-3.753875e-02	-3.240777e-02
899           	-2.565488e-03	1.226555e+00	-6.994843e-02	-3.753970e-02	-3.240873e-02
900           	-2.565486e-03	1.226556e+00	-6.995032e-02	-3.754064e-02	-3.240967e-02
901           	-2.565484e-03	1.226556e+00	-6.995219e-02	-3.754158e-02	-3.241061e-02
902           	-2.565483e-03	1.226557e+00	-6.995404e-02	-3.754250e-02	-3.241154e-02
903           	-2.565481e-03	1.226557e+00	-6.995588e-02	-3.754342e-02	-3.241246e-02
904           	-2.565479e-03	1.226558e+00	-6.995770e-02	-3.754433e-02	-3.241337e-02
905           	-2.565478e-03	1.226558e+00	-6.995950e-02	-3.754523e-02	-3.241427e-02
906           	-2.565476e-03	1.226559e+00	-6.996129e-02	-3.754612e-02	-3.241517e-02
907           	-2.565474e-03	1.226560e+00	-6.996306e-02	-3.754700e-02	-3.241606e-02
908           	-2.565473e-03	1.226560e+00	-6.996482e-02	-3.754788e-02	-3.241694e-02
909           	-2.565471e-03	1.226561e+00	-6.996655e-02	-3.754875e-02	-3.241781e-02
910           	-2.565470e-03	1.226561e+00	-6.996828e-02	-3.754961e-02	-3.241867e-02
911           	-2.565468e-03	1.226562e+00	-6.996998e-02	-3.755046e-02	-3.241952e-02
912           	-2.565467e-03	1.226562e+00	-6.997167e-02	-3.755130e-02	-3.242037e-02
913           	-2.565465e-03	1.226562e+00	-6.997335e-02	-3.755214e-02	-3.242121e-02
914           	-2.565464e-03	1.226563e+00	-6.997501e-02	-3.755297e-02	-3.242204e-02
915           	-2.565462e-03	1.226563e+00	-6.997665e-02	-3.755379e-02	-3.242286e-02
916           	-2.565461e-03	1.226564e+00	-6.997829e-02	-3.755460e-02	-3.242368e-02
917           	-2.565459e-03	1.226564e+00	-6.997990e-02	-3.755541e-02	-3.242449e-02
918           	-2.565458e-03	1.226565e+00	-6.998150e-02	-3.755621e-02	-3.242529e-02
919           	-2.565457e-03	1.226565e+00	-6.998309e-02	-3.755700e-02	-3.242609e-02
920           	-2.565455e-03	1.226566e+00	-6.998467e-02	-3.755779e-02	-3.242688e-02
921           	-2.565454e-03	1.226566e+00	-6.998622e-02	-3.755856e-02	-3.242766e-02
922           	-2.565453e-03	1.226567e+00	-6.998777e-02	-3.755934e-02	-3.242843e-02
923           	-2.565451e-03	1.226567e+00	-6.998930e-02	-3.756010e-02	-3.242920e-02
924           	-2.565450e-03	1.226568e+00	-6.999083e-02	-3.756086e-02	-3.242996e-02
925           	-2.565448e-03	1.226568e+00	-6.999232e-02	-3.756161e-02	-3.243071e-02
926           	-2.565447e-03	1.226568e+00	-6.999382e-02	-3.756236e-02	-3.243146e-02
927           	-2.565446e-03	1.226569e+00	-6.999528e-02	-3.756309e-02	-3.243219e-02
928           	-2.565445e-03	1.226569e+00	-6.999676e-02	-3.756382e-02	-3.243294e-02
929           	-2.565443e-03	1.226570e+00	-6.999819e-02	-3.756454e-02	-3.243365e-02
930           	-2.565442e-03	1.226570e+00	-6.999964e-02	-3.756526e-02	-3.243438e-02
931           	-2.565441e-03	1.226571e+00	-7.000105e-02	-3.756596e-02	-3.243508e-02
932           	-2.565440e-03	1.226571e+00	-7.000247e-02	-3.756667e-02	-3.243579e-02
933           	-2.565438e-03	1.226571e+00	-7.000385e-02	-3.756736e-02	-3.243649e-02
934           	-2.565437e-03	1.226572e+00	-7.000524e-02	-3.756806e-02	-3.243718e-02
935           	-2.565436e-03	1.226572e+00	-7.000661e-02	-3.756874e-02	-3.243787e-02
936           	-2.565435e-03	1.226573e+00	-7.000797e-02	-3.756942e-02	-3.243855e-02
937           	-2.565434e-03	1.226573e+00	-7.000931e-02	-3.757009e-02	-3.243922e-02
938           	-2.565432e-03	1.226573e+00	-7.001064e-02	-3.757075e-02	-3.243989e-02
939           	-2.565431e-03	1.226574e+00	-7.001197e-02	-3.757141e-02	-3.244055e-02
940           	-2.565430e-03	1.226574e+00	-7.001327e-02	-3.757207e-02	-3.244121e-02
941           	-2.565429e-03	1.226575e+00	-7.001457e-02	-3.757271e-02	-3.244186e-02
942           	-2.565428e-03	1.226575e+00	-7.001586e-02	-3.757336e-02	-3.244250e-02
943           	-2.565427e-03	1.226575e+00	-7.001713e-02	-3.757399e-02	-3.244314e-02
944           	-2.565425e-03	1.226576e+00	-7.001839e-02	-3.757462e-02	-3.244377e-02
945           	-2.565424e-03	1.226576e+00	-7.001964e-02	-3.757524e-02	-3.244439e-02
946           	-2.565423e-03	1.226576e+00	-7.002088e-02	-3.757586e-02	-3.244501e-02
947           	-2.565422e-03	1.226577e+00	-7.002210e-02	-3.757647e-02	-3.244563e-02
948           	-2.565421e-03	1.226577e+00	-7.002332e-02	-3.757708e-02	-3.244624e-02
949           	-2.565420e-03	1.226578e+00	-7.002452e-02	-3.757768e-02	-3.244684e-02
950           	-2.565419e-03	1.226578e+00	-7.002571e-02	-3.757827e-02	-3.244744e-02
951           	-2.565418e-03	1.226578e+00	-7.002689e-02	-3.757886e-02	-3.244803e-02
952           	-2.565417e-03	1.226579e+00	-7.002806e-02	-3.757945e-02	-3.244861e-02
953           	-2.565416e-03	1.226579e+00	-7.002922e-02	-3.758003e-02	-3.244919e-02
954           	-2.565415e-03	1.226579e+00	-7.003037e-02	-3.758060e-02	-3.244977e-02
955           	-2.565414e-03	1.226580e+00	-7.003151e-02	-3.758117e-02	-3.245034e-02
956           	-2.565413e-03	1.226580e+00	-7.003263e-02	-3.758173e-02	-3.245090e-02
957           	-2.565412e-03	1.226580e+00	-7.003375e-02	-3.758229e-02	-3.245146e-02
958           	-2.565411e-03	1.226581e+00	-7.003486e-02	-3.758284e-02	-3.245202e-02
959           	-2.565410e-03	1.226581e+00	-7.003596e-02	-3.758339e-02	-3.245257e-02
960           	-2.565409e-03	1.226581e+00	-7.003704e-02	-3.758393e-02	-3.245311e-02
961           	-2.565408e-03	1.226582e+00	-7.003812e-02	-3.758447e-02	-3.245365e-02
962           	-2.565407e-03	1.226582e+00	-7.003919e-02	-3.758500e-02	-3.245419e-02
963           	-2.565406e-03	1.226582e+00	-7.004025e-02	-3.758553e-02	-3.245472e-02
964           	-2.565405e-03	1.226583e+00	-7.004129e-02	-3.758605e-02	-3.245524e-02
965           	-2.565404e-03	1.226583e+00	-7.004233e-02	-3.758657e-02	-3.245576e-02
966           	-2.565403e-03	1.226583e+00	-7.004336e-02	-3.758708e-02	-3.245628e-02
967           	-2.565402e-03	1.226583e+00	-7.004438e-02	-3.758759e-02	-3.245679e-02
968           	-2.565401e-03	1.226584e+00	-7.004539e-02	-3.758810e-02	-3.245729e-02
969           	-2.565401e-03	1.226584e+00	-7.004639e-02	-3.758860e-02	-3.245780e-02
970           	-2.565400e-03	1.226584e+00	-7.004738e-02	-3.758909e-02	-3.245829e-02
971           	-2.565399e-03	1.226585e+00	-7.004837e-02	-3.758958e-02	-3.245878e-02
972           	-2.565398e-03	1.226585e+00	-7.004934e-02	-3.759007e-02	-3.245927e-02
973           	-2.565397e-03	1.226585e+00	-7.005031e-02	-3.759055e-02	-3.245976e-02
974           	-2.565396e-03	1.226586e+00	-7.005126e-02	-3.759103e-02	-3.246024e-02
975           	-2.565395e-03	1.226586e+00	-7.005221e-02	-3.759150e-02	-3.246071e-02
976           	-2.565395e-03	1.226586e+00	-7.005315e-02	-3.759197e-02	-3.246118e-02
977           	-2.565394e-03	1.226586e+00	-7.005408e-02	-3.759244e-02	-3.246165e-02
978           	-2.565393e-03	1.226587e+00	-7.005501e-02	-3.759290e-02	-3.246211e-02
979           	-2.565392e-03	1.226587e+00	-7.005592e-02	-3.759335e-02	-3.246257e-02
980           	-2.565391e-03	1.226587e+00	-7.005683e-02	-3.759381e-02	-3.246302e-02
981           	-2.565391e-03	1.226587e+00	-7.005773e-02	-3.759426e-02	-3.246347e-02
982           	-2.565390e-03	1.226588e+00	-7.005862e-02	-3.759470e-02	-3.246392e-02
983           	-2.565389e-03	1.226588e+00	-7.005950e-02	-3.759514e-02	-3.246436e-02
984           	-2.565388e-03	1.226588e+00	-7.006038e-02	-3.759558e-02	-3.246480e-02
985           	-2.565388e-03	1.226589e+00	-7.006124e-02	-3.759601e-02	-3.246523e-02
986           	-2.565387e-03	1.226589e+00	-7.006210e-02	-3.759644e-02	-3.246566e-02
987           	-2.565386e-03	1.226589e+00	-7.006295e-02	-3.759686e-02	-3.246609e-02
988           	-2.565385e-03	1.226589e+00	-7.006380e-02	-3.759728e-02	-3.246651e-02
989           	-2.565385e-03	1.226590e+00	-7.006463e-02	-3.759770e-02	-3.246693e-02
990           	-2.565384e-03	1.226590e+00	-7.006546e-02	-3.759811e-02	-3.246735e-02
991           	-2.565383e-03	1.226590e+00	-7.006628e-02	-3.759852e-02	-3.246776e-02
992           	-2.565382e-03	1.226590e+00	-7.006709e-02	-3.759893e-02	-3.246816e-02
993           	-2.565382e-03	1.226591e+00	-7.006790e-02	-3.759933e-02	-3.246857e-02
994           	-2.565381e-03	1.226591e+00	-7.006870e-02	-3.759973e-02	-3.246897e-02
995           	-2.565380e-03	1.226591e+00	-7.006949e-02	-3.760012e-02	-3.246936e-02
996           	-2.565380e-03	1.226591e+00	-7.007027e-02	-3.760051e-02	-3.246975e-02
997           	-2.565379e-03	1.226592e+00	-7.007104e-02	-3.760090e-02	-3.247014e-02
998           	-2.565378e-03	1.226592e+00	-7.007181e-02	-3.760128e-02	-3.247053e-02
999           	-2.565378e-03	1.226592e+00	-7.007257e-02	-3.760167e-02	-3.247091e-02
1000          	-2.565377e-03	1.226592e+00	-7.007333e-02	-3.760204e-02	-3.247129e-02
