# Force coefficients
# liftDir     : (0.000000e+00 0.000000e+00 1.000000e+00)
# dragDir     : (0.000000e+00 1.000000e+00 0.000000e+00)
# pitchAxis   : (1.000000e+00 0.000000e+00 0.000000e+00)
# magUInf     : 6.277916e-02
# lRef        : 4.000000e+00
# Aref        : 2.562000e-02
# CofR        : (0.000000e+00 0.000000e+00 0.000000e+00)
# Time        	Cm            	Cd            	Cl            	Cl(f)         	Cl(r)         
1             	-1.263475e-03	2.945083e-01	-3.346200e-02	-1.799448e-02	-1.546753e-02
2             	-3.552011e-03	9.155441e-01	-9.171123e-02	-4.940763e-02	-4.230361e-02
3             	-3.720854e-03	1.090234e+00	-4.645626e-02	-2.694899e-02	-1.950728e-02
4             	-2.814577e-03	1.008529e+00	2.331617e-02	8.843510e-03	1.447266e-02
5             	-2.059712e-03	9.132986e-01	6.094977e-02	2.841517e-02	3.253460e-02
6             	-1.705949e-03	8.606110e-01	7.049650e-02	3.354230e-02	3.695420e-02
7             	-1.578120e-03	8.318365e-01	6.410290e-02	3.047333e-02	3.362957e-02
8             	-1.771824e-03	8.540485e-01	4.672670e-02	2.159153e-02	2.513517e-02
9             	-1.960373e-03	8.717489e-01	3.560095e-02	1.584010e-02	1.976085e-02
10            	-2.142126e-03	8.959401e-01	2.291715e-02	9.316448e-03	1.360070e-02
11            	-2.262993e-03	9.140183e-01	1.340113e-02	4.437573e-03	8.963559e-03
12            	-2.350351e-03	9.280192e-01	4.943272e-03	1.212848e-04	4.821987e-03
13            	-2.401842e-03	9.372049e-01	-6.629602e-03	-5.716643e-03	-9.129587e-04
14            	-2.386910e-03	9.344968e-01	-1.531534e-02	-1.004458e-02	-5.270759e-03
15            	-2.359339e-03	9.271282e-01	-1.983809e-02	-1.227839e-02	-7.559708e-03
16            	-2.354820e-03	9.210555e-01	-2.220327e-02	-1.345646e-02	-8.746818e-03
17            	-2.385905e-03	9.188860e-01	-2.273849e-02	-1.375515e-02	-8.983340e-03
18            	-2.448234e-03	9.207597e-01	-2.130704e-02	-1.310175e-02	-8.205284e-03
19            	-2.528770e-03	9.252073e-01	-1.787202e-02	-1.146478e-02	-6.407241e-03
20            	-2.615857e-03	9.311886e-01	-1.347971e-02	-9.355714e-03	-4.124000e-03
21            	-2.700154e-03	9.376793e-01	-9.084026e-03	-7.242167e-03	-1.841859e-03
22            	-2.774942e-03	9.438018e-01	-5.388158e-03	-5.469021e-03	8.086306e-05
23            	-2.834742e-03	9.486848e-01	-2.645988e-03	-4.157736e-03	1.511748e-03
24            	-2.876627e-03	9.523076e-01	-1.000670e-03	-3.376962e-03	2.376292e-03
25            	-2.899896e-03	9.547310e-01	-1.494367e-04	-2.974615e-03	2.825178e-03
26            	-2.911447e-03	9.563254e-01	3.286593e-04	-2.747117e-03	3.075777e-03
27            	-2.917060e-03	9.577517e-01	6.379611e-04	-2.598079e-03	3.236040e-03
28            	-2.916512e-03	9.587820e-01	7.939041e-04	-2.519560e-03	3.313464e-03
29            	-2.911989e-03	9.596359e-01	8.462636e-04	-2.488857e-03	3.335120e-03
30            	-2.905949e-03	9.605702e-01	7.838527e-04	-2.514022e-03	3.297875e-03
31            	-2.900443e-03	9.617281e-01	6.579193e-04	-2.571484e-03	3.229403e-03
32            	-2.896345e-03	9.631089e-01	5.107888e-04	-2.640950e-03	3.151739e-03
33            	-2.894164e-03	9.647152e-01	3.608496e-04	-2.713739e-03	3.074589e-03
34            	-2.894943e-03	9.666837e-01	2.056269e-04	-2.792129e-03	2.997756e-03
35            	-2.897955e-03	9.688073e-01	3.674409e-05	-2.879583e-03	2.916327e-03
36            	-2.902962e-03	9.710476e-01	-1.755006e-04	-2.990712e-03	2.815212e-03
37            	-2.909142e-03	9.732872e-01	-4.833212e-04	-3.150802e-03	2.667481e-03
38            	-2.915334e-03	9.753437e-01	-9.364359e-04	-3.383552e-03	2.447116e-03
39            	-2.920348e-03	9.770186e-01	-1.566752e-03	-3.703724e-03	2.136972e-03
40            	-2.923045e-03	9.781030e-01	-2.324448e-03	-4.085269e-03	1.760822e-03
41            	-2.923050e-03	9.785185e-01	-3.102622e-03	-4.474361e-03	1.371739e-03
42            	-2.920030e-03	9.782608e-01	-3.775291e-03	-4.807676e-03	1.032384e-03
43            	-2.916753e-03	9.776559e-01	-4.346366e-03	-5.089936e-03	7.435705e-04
44            	-2.912743e-03	9.767620e-01	-4.841845e-03	-5.333665e-03	4.918204e-04
45            	-2.908216e-03	9.755787e-01	-5.196684e-03	-5.506559e-03	3.098742e-04
46            	-2.904149e-03	9.741976e-01	-5.300205e-03	-5.554251e-03	2.540463e-04
47            	-2.901484e-03	9.728228e-01	-5.116108e-03	-5.459538e-03	3.434300e-04
48            	-2.900138e-03	9.715104e-01	-4.595877e-03	-5.198076e-03	6.021993e-04
49            	-2.900257e-03	9.703551e-01	-3.744105e-03	-4.772309e-03	1.028205e-03
50            	-2.903069e-03	9.697012e-01	-2.666681e-03	-4.236409e-03	1.569729e-03
51            	-2.909096e-03	9.696785e-01	-1.401012e-03	-3.609602e-03	2.208590e-03
52            	-2.918877e-03	9.704457e-01	4.173500e-05	-2.898010e-03	2.939745e-03
53            	-2.932435e-03	9.720877e-01	1.585754e-03	-2.139558e-03	3.725312e-03
54            	-2.949968e-03	9.747446e-01	3.091825e-03	-1.404056e-03	4.495880e-03
55            	-2.974126e-03	9.788050e-01	4.521004e-03	-7.136238e-04	5.234628e-03
56            	-3.002302e-03	9.839552e-01	5.713928e-03	-1.453377e-04	5.859266e-03
57            	-3.031028e-03	9.895268e-01	6.510726e-03	2.243347e-04	6.286391e-03
58            	-3.055921e-03	9.946654e-01	6.816956e-03	3.525572e-04	6.464399e-03
59            	-3.074239e-03	9.989160e-01	6.626900e-03	2.392111e-04	6.387689e-03
60            	-3.083049e-03	1.001678e+00	5.977400e-03	-9.434829e-05	6.071749e-03
61            	-3.081136e-03	1.002478e+00	4.973492e-03	-5.943904e-04	5.567882e-03
62            	-3.069971e-03	1.001111e+00	3.842287e-03	-1.148828e-03	4.991115e-03
63            	-3.053549e-03	9.979823e-01	2.732638e-03	-1.687230e-03	4.419868e-03
64            	-3.035021e-03	9.934798e-01	1.780147e-03	-2.144948e-03	3.925095e-03
65            	-3.016549e-03	9.881136e-01	1.060535e-03	-2.486282e-03	3.546817e-03
66            	-3.000112e-03	9.825846e-01	5.683514e-04	-2.715936e-03	3.284287e-03
67            	-2.985828e-03	9.773066e-01	3.200375e-04	-2.825809e-03	3.145847e-03
68            	-2.974777e-03	9.728467e-01	2.840959e-04	-2.832729e-03	3.116825e-03
69            	-2.967202e-03	9.694249e-01	3.885534e-04	-2.772926e-03	3.161479e-03
70            	-2.963657e-03	9.672059e-01	6.090108e-04	-2.659152e-03	3.268162e-03
71            	-2.962713e-03	9.658869e-01	1.206091e-03	-2.359668e-03	3.565759e-03
72            	-2.961918e-03	9.651174e-01	2.719546e-03	-1.602145e-03	4.321691e-03
73            	-2.957485e-03	9.643155e-01	5.768123e-03	-7.342294e-05	5.841546e-03
74            	-2.950708e-03	9.636426e-01	1.006715e-02	2.082868e-03	7.984283e-03
75            	-2.950291e-03	9.641599e-01	1.454437e-02	4.321892e-03	1.022247e-02
76            	-2.962353e-03	9.667469e-01	1.797784e-02	6.026565e-03	1.195127e-02
77            	-2.984803e-03	9.710364e-01	1.979285e-02	6.911622e-03	1.288123e-02
78            	-3.013513e-03	9.763782e-01	2.011847e-02	7.045720e-03	1.307275e-02
79            	-3.041155e-03	9.816533e-01	1.960777e-02	6.762732e-03	1.284504e-02
80            	-3.065881e-03	9.865334e-01	1.889128e-02	6.379761e-03	1.251152e-02
81            	-3.086543e-03	9.908630e-01	1.845603e-02	6.141472e-03	1.231456e-02
82            	-3.103059e-03	9.945574e-01	1.859374e-02	6.193813e-03	1.239993e-02
83            	-3.115875e-03	9.976718e-01	1.940405e-02	6.586149e-03	1.281790e-02
84            	-3.124132e-03	9.999674e-01	2.078547e-02	7.268601e-03	1.351686e-02
85            	-3.125848e-03	1.001000e+00	2.242858e-02	8.088444e-03	1.434014e-02
86            	-3.119662e-03	1.000399e+00	2.395061e-02	8.855642e-03	1.509497e-02
87            	-3.106287e-03	9.981374e-01	2.501594e-02	9.401683e-03	1.561426e-02
88            	-3.087674e-03	9.944295e-01	2.543932e-02	9.631985e-03	1.580733e-02
89            	-3.067090e-03	9.898076e-01	2.517406e-02	9.519938e-03	1.565412e-02
90            	-3.047987e-03	9.848580e-01	2.422163e-02	9.062828e-03	1.515880e-02
91            	-3.033203e-03	9.801844e-01	2.264948e-02	8.291536e-03	1.435794e-02
92            	-3.023932e-03	9.762183e-01	2.062575e-02	7.288940e-03	1.333680e-02
93            	-3.020083e-03	9.730506e-01	1.836590e-02	6.162868e-03	1.220303e-02
94            	-3.020895e-03	9.706190e-01	1.606179e-02	5.010001e-03	1.105179e-02
95            	-3.022972e-03	9.686946e-01	1.407098e-02	4.012515e-03	1.005846e-02
96            	-3.021771e-03	9.667169e-01	1.260949e-02	3.282972e-03	9.326513e-03
97            	-3.012719e-03	9.643172e-01	1.207644e-02	3.025504e-03	9.050941e-03
98            	-2.999670e-03	9.623751e-01	1.280295e-02	3.401806e-03	9.401146e-03
99            	-2.993652e-03	9.623643e-01	1.475415e-02	4.383424e-03	1.037073e-02
100           	-3.001886e-03	9.650873e-01	1.763360e-02	5.814913e-03	1.181869e-02
101           	-3.022305e-03	9.701203e-01	2.069796e-02	7.326674e-03	1.337128e-02
102           	-3.048264e-03	9.763994e-01	2.296494e-02	8.434205e-03	1.453073e-02
103           	-3.071827e-03	9.823840e-01	2.375794e-02	8.807144e-03	1.495080e-02
104           	-3.093562e-03	9.882267e-01	2.310441e-02	8.458641e-03	1.464577e-02
105           	-3.112461e-03	9.939456e-01	2.125006e-02	7.512571e-03	1.373749e-02
106           	-3.127575e-03	9.996634e-01	1.842052e-02	6.082686e-03	1.233784e-02
107           	-3.138775e-03	1.005530e+00	1.481720e-02	4.269826e-03	1.054738e-02
108           	-3.143693e-03	1.010374e+00	1.114459e-02	2.428602e-03	8.715989e-03
109           	-3.140134e-03	1.012975e+00	8.165731e-03	9.427312e-04	7.222999e-03
110           	-3.126787e-03	1.012599e+00	6.349516e-03	4.797083e-05	6.301545e-03
111           	-3.105006e-03	1.009209e+00	5.695522e-03	-2.572444e-04	5.952767e-03
112           	-3.078199e-03	1.003198e+00	5.846915e-03	-1.547413e-04	6.001656e-03
113           	-3.048910e-03	9.952819e-01	6.491213e-03	1.966966e-04	6.294517e-03
114           	-3.020716e-03	9.862360e-01	7.278476e-03	6.185220e-04	6.659954e-03
115           	-2.999118e-03	9.776723e-01	7.923280e-03	9.625218e-04	6.960758e-03
116           	-2.987247e-03	9.709239e-01	8.353421e-03	1.189464e-03	7.163957e-03
117           	-2.987339e-03	9.668872e-01	8.604817e-03	1.315070e-03	7.289748e-03
118           	-2.999219e-03	9.656912e-01	8.586808e-03	1.294184e-03	7.292623e-03
119           	-3.018595e-03	9.665117e-01	8.102403e-03	1.032607e-03	7.069796e-03
120           	-3.039337e-03	9.685248e-01	7.059911e-03	4.906186e-04	6.569292e-03
121           	-3.056321e-03	9.710466e-01	5.606832e-03	-2.529054e-04	5.859737e-03
122           	-3.068399e-03	9.741758e-01	4.049006e-03	-1.043897e-03	5.092902e-03
123           	-3.075018e-03	9.779441e-01	2.455938e-03	-1.847049e-03	4.302988e-03
124           	-3.078224e-03	9.823095e-01	1.233912e-03	-2.461268e-03	3.695180e-03
125           	-3.077409e-03	9.865194e-01	5.891811e-04	-2.782819e-03	3.372000e-03
126           	-3.072771e-03	9.897973e-01	4.142786e-04	-2.865632e-03	3.279910e-03
127           	-3.066784e-03	9.918162e-01	4.304318e-04	-2.851568e-03	3.281999e-03
128           	-3.062252e-03	9.927376e-01	4.363773e-04	-2.844064e-03	3.280441e-03
129           	-3.062377e-03	9.931654e-01	5.403866e-04	-2.792184e-03	3.332570e-03
130           	-3.065102e-03	9.929947e-01	1.268212e-03	-2.430996e-03	3.699208e-03
131           	-3.071994e-03	9.929040e-01	3.043962e-03	-1.550012e-03	4.593975e-03
132           	-3.083346e-03	9.932552e-01	6.379498e-03	1.064034e-04	6.273095e-03
133           	-3.093948e-03	9.935743e-01	1.120614e-02	2.509124e-03	8.697020e-03
134           	-3.099296e-03	9.931753e-01	1.687583e-02	5.338621e-03	1.153721e-02
135           	-3.097898e-03	9.916330e-01	2.233998e-02	8.072091e-03	1.426789e-02
136           	-3.090771e-03	9.889682e-01	2.650835e-02	1.016341e-02	1.634495e-02
137           	-3.078893e-03	9.854796e-01	2.852238e-02	1.118230e-02	1.734009e-02
138           	-3.065444e-03	9.815164e-01	2.818937e-02	1.102924e-02	1.716013e-02
139           	-3.053907e-03	9.777687e-01	2.573685e-02	9.814520e-03	1.592233e-02
140           	-3.045363e-03	9.746191e-01	2.188075e-02	7.895013e-03	1.398574e-02
141           	-3.037617e-03	9.718863e-01	1.731486e-02	5.619811e-03	1.169505e-02
142           	-3.025892e-03	9.690000e-01	1.264132e-02	3.294770e-03	9.346554e-03
143           	-3.008071e-03	9.659092e-01	8.524310e-03	1.254084e-03	7.270226e-03
144           	-2.987361e-03	9.632258e-01	6.083206e-03	5.424213e-05	6.028964e-03
145           	-2.971758e-03	9.620676e-01	6.161364e-03	1.089236e-04	6.052440e-03
146           	-2.964739e-03	9.627976e-01	8.793091e-03	1.431807e-03	7.361284e-03
147           	-2.967040e-03	9.651884e-01	1.320847e-02	3.637197e-03	9.571276e-03
148           	-2.973444e-03	9.682010e-01	1.852706e-02	6.290084e-03	1.223697e-02
149           	-2.981395e-03	9.711414e-01	2.382320e-02	8.930204e-03	1.489299e-02
150           	-2.991550e-03	9.740461e-01	2.852277e-02	1.126983e-02	1.725293e-02
151           	-3.007533e-03	9.774538e-01	3.218484e-02	1.308489e-02	1.909995e-02
152           	-3.032785e-03	9.820615e-01	3.416247e-02	1.404845e-02	2.011402e-02
153           	-3.067138e-03	9.882168e-01	3.382862e-02	1.384717e-02	1.998145e-02
154           	-3.102637e-03	9.949301e-01	3.119258e-02	1.249365e-02	1.869893e-02
155           	-3.130723e-03	1.001130e+00	2.716833e-02	1.045344e-02	1.671489e-02
156           	-3.147204e-03	1.006164e+00	2.298173e-02	8.343659e-03	1.463807e-02
157           	-3.151178e-03	1.009383e+00	1.971040e-02	6.704019e-03	1.300638e-02
158           	-3.144333e-03	1.010691e+00	1.770587e-02	5.708602e-03	1.199727e-02
159           	-3.129575e-03	1.010074e+00	1.698296e-02	5.361906e-03	1.162106e-02
160           	-3.107943e-03	1.007287e+00	1.729211e-02	5.538114e-03	1.175400e-02
161           	-3.081799e-03	1.002416e+00	1.815412e-02	5.995261e-03	1.215886e-02
162           	-3.056225e-03	9.962766e-01	1.882780e-02	6.357677e-03	1.247013e-02
163           	-3.034515e-03	9.896633e-01	1.862226e-02	6.276617e-03	1.234565e-02
164           	-3.019281e-03	9.836804e-01	1.726424e-02	5.612840e-03	1.165140e-02
165           	-3.010698e-03	9.789017e-01	1.490474e-02	4.441672e-03	1.046307e-02
166           	-3.007220e-03	9.753257e-01	1.209137e-02	3.038465e-03	9.052905e-03
167           	-3.006874e-03	9.728069e-01	9.432763e-03	1.709507e-03	7.723255e-03
168           	-3.008625e-03	9.711501e-01	7.293323e-03	6.380359e-04	6.655287e-03
169           	-3.010019e-03	9.700177e-01	5.973262e-03	-2.338775e-05	5.996650e-03
170           	-3.006919e-03	9.689597e-01	5.999263e-03	-7.286995e-06	6.006550e-03
171           	-2.998201e-03	9.680170e-01	7.891792e-03	9.476946e-04	6.944097e-03
172           	-2.987905e-03	9.677397e-01	1.132419e-02	2.674192e-03	8.650002e-03
173           	-2.979307e-03	9.682756e-01	1.545500e-02	4.748192e-03	1.070681e-02
174           	-2.976823e-03	9.699360e-01	1.913850e-02	6.592428e-03	1.254607e-02
175           	-2.982456e-03	9.726942e-01	2.155754e-02	7.796315e-03	1.376123e-02
176           	-2.994480e-03	9.761069e-01	2.240968e-02	8.210362e-03	1.419932e-02
177           	-3.011019e-03	9.798946e-01	2.195578e-02	7.966872e-03	1.398891e-02
178           	-3.030961e-03	9.839178e-01	2.073425e-02	7.336163e-03	1.339809e-02
179           	-3.054569e-03	9.884636e-01	1.917392e-02	6.532393e-03	1.264153e-02
180           	-3.081599e-03	9.937194e-01	1.761853e-02	5.727666e-03	1.189086e-02
181           	-3.107476e-03	9.991657e-01	1.648524e-02	5.135145e-03	1.135010e-02
182           	-3.126297e-03	1.003830e+00	1.615423e-02	4.950815e-03	1.120341e-02
183           	-3.134315e-03	1.006845e+00	1.672300e-02	5.227184e-03	1.149581e-02
184           	-3.130147e-03	1.007616e+00	1.796657e-02	5.853140e-03	1.211343e-02
185           	-3.116547e-03	1.006295e+00	1.939293e-02	6.579920e-03	1.281301e-02
186           	-3.098070e-03	1.003386e+00	2.057207e-02	7.187966e-03	1.338410e-02
187           	-3.078235e-03	9.993928e-01	2.117309e-02	7.508310e-03	1.366478e-02
188           	-3.059294e-03	9.947098e-01	2.102452e-02	7.452966e-03	1.357155e-02
189           	-3.042407e-03	9.897568e-01	2.012045e-02	7.017816e-03	1.310263e-02
190           	-3.029645e-03	9.849788e-01	1.862432e-02	6.282516e-03	1.234181e-02
191           	-3.021443e-03	9.807862e-01	1.680494e-02	5.381025e-03	1.142391e-02
192           	-3.015940e-03	9.771153e-01	1.494611e-02	4.457117e-03	1.048900e-02
193           	-3.012331e-03	9.740776e-01	1.325935e-02	3.617345e-03	9.642007e-03
194           	-3.009951e-03	9.714547e-01	1.180739e-02	2.893742e-03	8.913644e-03
195           	-3.010240e-03	9.695665e-01	1.063196e-02	2.305740e-03	8.326219e-03
196           	-3.010587e-03	9.682192e-01	9.910100e-03	1.944464e-03	7.965637e-03
197           	-3.009937e-03	9.675833e-01	9.905056e-03	1.942591e-03	7.962465e-03
198           	-3.010258e-03	9.681693e-01	1.075610e-02	2.367791e-03	8.388308e-03
199           	-3.014777e-03	9.703953e-01	1.246907e-02	3.219758e-03	9.249312e-03
200           	-3.026051e-03	9.743331e-01	1.478396e-02	4.365927e-03	1.041803e-02
201           	-3.042807e-03	9.795494e-01	1.723826e-02	5.576321e-03	1.166193e-02
202           	-3.057887e-03	9.846172e-01	1.926355e-02	6.573890e-03	1.268966e-02
203           	-3.066472e-03	9.884547e-01	2.056736e-02	7.217208e-03	1.335015e-02
204           	-3.070397e-03	9.912963e-01	2.123142e-02	7.545314e-03	1.368611e-02
205           	-3.073316e-03	9.937596e-01	2.137424e-02	7.613805e-03	1.376044e-02
206           	-3.078585e-03	9.964058e-01	2.098953e-02	7.416179e-03	1.357335e-02
207           	-3.086302e-03	9.992416e-01	2.000153e-02	6.914464e-03	1.308707e-02
208           	-3.094359e-03	1.001985e+00	1.848910e-02	6.150191e-03	1.233891e-02
209           	-3.099182e-03	1.004100e+00	1.677271e-02	5.287171e-03	1.148554e-02
210           	-3.097685e-03	1.004945e+00	1.531712e-02	4.560875e-03	1.075624e-02
211           	-3.088937e-03	1.004114e+00	1.442955e-02	4.125838e-03	1.030371e-02
212           	-3.073642e-03	1.001485e+00	1.414605e-02	3.999384e-03	1.014667e-02
213           	-3.054491e-03	9.974445e-01	1.426044e-02	4.075730e-03	1.018471e-02
214           	-3.032828e-03	9.922660e-01	1.455861e-02	4.246480e-03	1.031214e-02
215           	-3.010367e-03	9.862891e-01	1.488228e-02	4.430772e-03	1.045151e-02
216           	-2.991111e-03	9.801792e-01	1.504742e-02	4.532598e-03	1.051482e-02
217           	-2.980788e-03	9.752961e-01	1.486662e-02	4.452521e-03	1.041410e-02
218           	-2.980056e-03	9.721878e-01	1.429120e-02	4.165546e-03	1.012566e-02
219           	-2.986672e-03	9.708345e-01	1.342595e-02	3.726305e-03	9.699649e-03
220           	-2.996618e-03	9.706870e-01	1.241318e-02	3.209973e-03	9.203209e-03
221           	-3.006705e-03	9.714019e-01	1.133089e-02	2.658738e-03	8.672148e-03
222           	-3.013202e-03	9.723736e-01	1.029948e-02	2.136539e-03	8.162943e-03
223           	-3.015060e-03	9.733797e-01	9.579944e-03	1.774912e-03	7.805032e-03
224           	-3.014954e-03	9.747740e-01	9.470357e-03	1.720225e-03	7.750133e-03
225           	-3.019531e-03	9.774634e-01	1.016526e-02	2.063099e-03	8.102161e-03
226           	-3.033704e-03	9.819243e-01	1.141878e-02	2.675684e-03	8.743091e-03
227           	-3.053170e-03	9.872980e-01	1.270322e-02	3.298441e-03	9.404782e-03
228           	-3.071063e-03	9.923649e-01	1.340324e-02	3.630555e-03	9.772680e-03
229           	-3.083125e-03	9.963611e-01	1.313937e-02	3.486562e-03	9.652812e-03
230           	-3.087089e-03	9.987019e-01	1.205060e-02	2.938212e-03	9.112390e-03
231           	-3.084694e-03	9.997040e-01	1.053298e-02	2.181797e-03	8.351186e-03
232           	-3.078075e-03	9.998852e-01	8.902162e-03	1.373006e-03	7.529156e-03
233           	-3.068476e-03	9.994637e-01	7.332692e-03	5.978703e-04	6.734822e-03
234           	-3.056397e-03	9.985643e-01	5.850023e-03	-1.313853e-04	5.981408e-03
235           	-3.043567e-03	9.972670e-01	4.658677e-03	-7.142285e-04	5.372906e-03
236           	-3.032051e-03	9.955832e-01	4.109279e-03	-9.774116e-04	5.086691e-03
237           	-3.024078e-03	9.936862e-01	4.475624e-03	-7.862655e-04	5.261890e-03
238           	-3.018671e-03	9.915586e-01	5.741763e-03	-1.477893e-04	5.889552e-03
239           	-3.013581e-03	9.892443e-01	7.601831e-03	7.873343e-04	6.814497e-03
240           	-3.007563e-03	9.868973e-01	9.692712e-03	1.838793e-03	7.853919e-03
241           	-3.001135e-03	9.847564e-01	1.179378e-02	2.895754e-03	8.898024e-03
242           	-2.996173e-03	9.831163e-01	1.381774e-02	3.912699e-03	9.905044e-03
243           	-2.993685e-03	9.820078e-01	1.571424e-02	4.863433e-03	1.085080e-02
244           	-2.994153e-03	9.814229e-01	1.749348e-02	5.752587e-03	1.174089e-02
245           	-2.998100e-03	9.812221e-01	1.920852e-02	6.606160e-03	1.260236e-02
246           	-3.007461e-03	9.817269e-01	2.051218e-02	7.248630e-03	1.326355e-02
247           	-3.022508e-03	9.833680e-01	2.075894e-02	7.356961e-03	1.340198e-02
248           	-3.039698e-03	9.859124e-01	1.971904e-02	6.819821e-03	1.289922e-02
249           	-3.053688e-03	9.887100e-01	1.759386e-02	5.743244e-03	1.185062e-02
250           	-3.059554e-03	9.909616e-01	1.488758e-02	4.384234e-03	1.050334e-02
251           	-3.056863e-03	9.923378e-01	1.220326e-02	3.044769e-03	9.158495e-03
252           	-3.048925e-03	9.930877e-01	9.954461e-03	1.928305e-03	8.026156e-03
253           	-3.039389e-03	9.934815e-01	8.394546e-03	1.157884e-03	7.236662e-03
254           	-3.029480e-03	9.937500e-01	7.490074e-03	7.155569e-04	6.774518e-03
255           	-3.020327e-03	9.940241e-01	7.250975e-03	6.051601e-04	6.645815e-03
256           	-3.013304e-03	9.943573e-01	7.733338e-03	8.533648e-04	6.879973e-03
257           	-3.009442e-03	9.946343e-01	8.877933e-03	1.429525e-03	7.448408e-03
258           	-3.008935e-03	9.947866e-01	1.039713e-02	2.189632e-03	8.207501e-03
259           	-3.009097e-03	9.945114e-01	1.184522e-02	2.913514e-03	8.931708e-03
260           	-3.007191e-03	9.936342e-01	1.281992e-02	3.402771e-03	9.417152e-03
261           	-3.001760e-03	9.921084e-01	1.317035e-02	3.583414e-03	9.586934e-03
262           	-2.993251e-03	9.900741e-01	1.302180e-02	3.517649e-03	9.504151e-03
263           	-2.983277e-03	9.877606e-01	1.267434e-02	3.353895e-03	9.320450e-03
264           	-2.974138e-03	9.855113e-01	1.247310e-02	3.262410e-03	9.210687e-03
265           	-2.967556e-03	9.835682e-01	1.269937e-02	3.382131e-03	9.317244e-03
266           	-2.964389e-03	9.821878e-01	1.349802e-02	3.784622e-03	9.713400e-03
267           	-2.963789e-03	9.812001e-01	1.512480e-02	4.598610e-03	1.052619e-02
268           	-2.967179e-03	9.808912e-01	1.765337e-02	5.859504e-03	1.179386e-02
269           	-2.976537e-03	9.817120e-01	2.065349e-02	7.350207e-03	1.330328e-02
270           	-2.991413e-03	9.838630e-01	2.315647e-02	8.586822e-03	1.456965e-02
271           	-3.007419e-03	9.866783e-01	2.444020e-02	9.212682e-03	1.522752e-02
272           	-3.020622e-03	9.894842e-01	2.408562e-02	9.022186e-03	1.506343e-02
273           	-3.028811e-03	9.918029e-01	2.211899e-02	8.030686e-03	1.408831e-02
274           	-3.031933e-03	9.935032e-01	1.899079e-02	6.463461e-03	1.252733e-02
275           	-3.031894e-03	9.947656e-01	1.530868e-02	4.622447e-03	1.068624e-02
276           	-3.030506e-03	9.957470e-01	1.171711e-02	2.828047e-03	8.889059e-03
277           	-3.027953e-03	9.966366e-01	8.285943e-03	1.115019e-03	7.170924e-03
278           	-3.023952e-03	9.975124e-01	5.008242e-03	-5.198308e-04	5.528073e-03
279           	-3.018123e-03	9.982856e-01	1.971246e-03	-2.032501e-03	4.003746e-03
280           	-3.011177e-03	9.987529e-01	-4.701270e-04	-3.246240e-03	2.776113e-03
281           	-3.003439e-03	9.986562e-01	-1.980883e-03	-3.993880e-03	2.012997e-03
282           	-2.995285e-03	9.979086e-01	-2.425789e-03	-4.208179e-03	1.782391e-03
283           	-2.985350e-03	9.963100e-01	-1.826776e-03	-3.898738e-03	2.071962e-03
284           	-2.973624e-03	9.940137e-01	-3.182297e-04	-3.132739e-03	2.814509e-03
285           	-2.961532e-03	9.913732e-01	1.919289e-03	-2.001887e-03	3.921176e-03
286           	-2.951063e-03	9.888206e-01	4.692380e-03	-6.048728e-04	5.297253e-03
287           	-2.944061e-03	9.867236e-01	7.822793e-03	9.673357e-04	6.855457e-03
288           	-2.940791e-03	9.851611e-01	1.117956e-02	2.648988e-03	8.530570e-03
289           	-2.940928e-03	9.842190e-01	1.451445e-02	4.316296e-03	1.019815e-02
290           	-2.944061e-03	9.837282e-01	1.797064e-02	6.041258e-03	1.192938e-02
291           	-2.951128e-03	9.837361e-01	2.155300e-02	7.825373e-03	1.372763e-02
292           	-2.962604e-03	9.844799e-01	2.479450e-02	9.434645e-03	1.535985e-02
293           	-2.976553e-03	9.858802e-01	2.707328e-02	1.056008e-02	1.651319e-02
294           	-2.990369e-03	9.877312e-01	2.786617e-02	1.094272e-02	1.692346e-02
295           	-3.001667e-03	9.896826e-01	2.710716e-02	1.055191e-02	1.655525e-02
296           	-3.008567e-03	9.913570e-01	2.504999e-02	9.516429e-03	1.553356e-02
297           	-3.010909e-03	9.925643e-01	2.215762e-02	8.067902e-03	1.408972e-02
298           	-3.010477e-03	9.933108e-01	1.906444e-02	6.521742e-03	1.254269e-02
299           	-3.008477e-03	9.937794e-01	1.605924e-02	5.021141e-03	1.103809e-02
300           	-3.006011e-03	9.941027e-01	1.333856e-02	3.663268e-03	9.675291e-03
301           	-3.003292e-03	9.943364e-01	1.094649e-02	2.469954e-03	8.476539e-03
302           	-2.999873e-03	9.944528e-01	8.848594e-03	1.424424e-03	7.424170e-03
303           	-2.995470e-03	9.943643e-01	7.138321e-03	5.736904e-04	6.564630e-03
304           	-2.990302e-03	9.939024e-01	6.016023e-03	1.770905e-05	5.998314e-03
305           	-2.984300e-03	9.929587e-01	5.519875e-03	-2.243622e-04	5.744237e-03
306           	-2.978176e-03	9.916037e-01	5.574464e-03	-1.909433e-04	5.765408e-03
307           	-2.972272e-03	9.900000e-01	6.004731e-03	3.009362e-05	5.974637e-03
308           	-2.966957e-03	9.883518e-01	6.677359e-03	3.717227e-04	6.305636e-03
309           	-2.962686e-03	9.868457e-01	7.535133e-03	8.048808e-04	6.730252e-03
310           	-2.959419e-03	9.855581e-01	8.601326e-03	1.341244e-03	7.260081e-03
311           	-2.957177e-03	9.845644e-01	9.847926e-03	1.966786e-03	7.881140e-03
312           	-2.955676e-03	9.838100e-01	1.134342e-02	2.716033e-03	8.627385e-03
313           	-2.955041e-03	9.832566e-01	1.311991e-02	3.604912e-03	9.514995e-03
314           	-2.954958e-03	9.828548e-01	1.517621e-02	4.633148e-03	1.054306e-02
315           	-2.955763e-03	9.826029e-01	1.747423e-02	5.781351e-03	1.169288e-02
316           	-2.957633e-03	9.825372e-01	1.982486e-02	6.954795e-03	1.287006e-02
317           	-2.960061e-03	9.825957e-01	2.194934e-02	8.014610e-03	1.393473e-02
318           	-2.962883e-03	9.827332e-01	2.365559e-02	8.864913e-03	1.479068e-02
319           	-2.965885e-03	9.829466e-01	2.471240e-02	9.390313e-03	1.532208e-02
320           	-2.968704e-03	9.831952e-01	2.505549e-02	9.559041e-03	1.549645e-02
321           	-2.971034e-03	9.834383e-01	2.473375e-02	9.395840e-03	1.533791e-02
322           	-2.972713e-03	9.836512e-01	2.386728e-02	8.960925e-03	1.490635e-02
323           	-2.973887e-03	9.838318e-01	2.264703e-02	8.349629e-03	1.429740e-02
324           	-2.974382e-03	9.839576e-01	2.121720e-02	7.634219e-03	1.358298e-02
325           	-2.974288e-03	9.840389e-01	1.969744e-02	6.874434e-03	1.282301e-02
326           	-2.973679e-03	9.840876e-01	1.818525e-02	6.118944e-03	1.206630e-02
327           	-2.972563e-03	9.841053e-01	1.676044e-02	5.407656e-03	1.135278e-02
328           	-2.970987e-03	9.840910e-01	1.550943e-02	4.783730e-03	1.072570e-02
329           	-2.969015e-03	9.840265e-01	1.452502e-02	4.293495e-03	1.023153e-02
330           	-2.966684e-03	9.839142e-01	1.385199e-02	3.959309e-03	9.892676e-03
331           	-2.964332e-03	9.837505e-01	1.354359e-02	3.807463e-03	9.736126e-03
332           	-2.962162e-03	9.835397e-01	1.356787e-02	3.821772e-03	9.746096e-03
333           	-2.960372e-03	9.833141e-01	1.383809e-02	3.958672e-03	9.879417e-03
334           	-2.959064e-03	9.831093e-01	1.424360e-02	4.162737e-03	1.008087e-02
335           	-2.958231e-03	9.829487e-01	1.468277e-02	4.383152e-03	1.029961e-02
336           	-2.957776e-03	9.828432e-01	1.507596e-02	4.580203e-03	1.049575e-02
337           	-2.957578e-03	9.827839e-01	1.538628e-02	4.735564e-03	1.065072e-02
338           	-2.957543e-03	9.827617e-01	1.559888e-02	4.841896e-03	1.075698e-02
339           	-2.957603e-03	9.827664e-01	1.570971e-02	4.897251e-03	1.081246e-02
340           	-2.957656e-03	9.827862e-01	1.571673e-02	4.900709e-03	1.081602e-02
341           	-2.957667e-03	9.828204e-01	1.560996e-02	4.847315e-03	1.076265e-02
342           	-2.957502e-03	9.828556e-01	1.538357e-02	4.734283e-03	1.064929e-02
343           	-2.957018e-03	9.828693e-01	1.504690e-02	4.566430e-03	1.048047e-02
344           	-2.956119e-03	9.828452e-01	1.461884e-02	4.353300e-03	1.026554e-02
345           	-2.954930e-03	9.827941e-01	1.414952e-02	4.119831e-03	1.002969e-02
346           	-2.953541e-03	9.827160e-01	1.367813e-02	3.885522e-03	9.792604e-03
347           	-2.952036e-03	9.826164e-01	1.322976e-02	3.662844e-03	9.566916e-03
348           	-2.950522e-03	9.825059e-01	1.281848e-02	3.458718e-03	9.359762e-03
349           	-2.948968e-03	9.823841e-01	1.244477e-02	3.273418e-03	9.171354e-03
350           	-2.947412e-03	9.822582e-01	1.210824e-02	3.106708e-03	9.001531e-03
351           	-2.945884e-03	9.821329e-01	1.180619e-02	2.957212e-03	8.848981e-03
352           	-2.944415e-03	9.820151e-01	1.153213e-02	2.821649e-03	8.710480e-03
353           	-2.943011e-03	9.819082e-01	1.127750e-02	2.695741e-03	8.581763e-03
354           	-2.941655e-03	9.818108e-01	1.103275e-02	2.574719e-03	8.458029e-03
355           	-2.940333e-03	9.817246e-01	1.078852e-02	2.453926e-03	8.334593e-03
356           	-2.939031e-03	9.816498e-01	1.053693e-02	2.329433e-03	8.207495e-03
357           	-2.937727e-03	9.815850e-01	1.027281e-02	2.198680e-03	8.074134e-03
358           	-2.936392e-03	9.815260e-01	9.993741e-03	2.060479e-03	7.933262e-03
359           	-2.934969e-03	9.814692e-01	9.697252e-03	1.913657e-03	7.783595e-03
360           	-2.933568e-03	9.814185e-01	9.388663e-03	1.760763e-03	7.627900e-03
361           	-2.932083e-03	9.813666e-01	9.067842e-03	1.601838e-03	7.466004e-03
362           	-2.930629e-03	9.813186e-01	8.741892e-03	1.440317e-03	7.301575e-03
363           	-2.929107e-03	9.812672e-01	8.411232e-03	1.276509e-03	7.134722e-03
364           	-2.927642e-03	9.812202e-01	8.082090e-03	1.113403e-03	6.968688e-03
365           	-2.926135e-03	9.811719e-01	7.753403e-03	9.505663e-04	6.802837e-03
366           	-2.924657e-03	9.811273e-01	7.427643e-03	7.891648e-04	6.638478e-03
367           	-2.923224e-03	9.810887e-01	7.105414e-03	6.294830e-04	6.475931e-03
368           	-2.921835e-03	9.810572e-01	6.786846e-03	4.715879e-04	6.315258e-03
369           	-2.920487e-03	9.810332e-01	6.471923e-03	3.154747e-04	6.156448e-03
370           	-2.919172e-03	9.810168e-01	6.160016e-03	1.608359e-04	5.999180e-03
371           	-2.917882e-03	9.810074e-01	5.850527e-03	7.381178e-06	5.843146e-03
372           	-2.916611e-03	9.810050e-01	5.543045e-03	-1.450883e-04	5.688134e-03
373           	-2.915354e-03	9.810094e-01	5.236886e-03	-2.969113e-04	5.533798e-03
374           	-2.914114e-03	9.810215e-01	4.931792e-03	-4.482179e-04	5.380010e-03
375           	-2.912877e-03	9.810393e-01	4.628305e-03	-5.987246e-04	5.227029e-03
376           	-2.911645e-03	9.810627e-01	4.326786e-03	-7.482522e-04	5.075039e-03
377           	-2.910411e-03	9.810911e-01	4.028116e-03	-8.963535e-04	4.924469e-03
378           	-2.909172e-03	9.811240e-01	3.733254e-03	-1.042545e-03	4.775799e-03
379           	-2.907937e-03	9.811617e-01	3.442803e-03	-1.186536e-03	4.629339e-03
380           	-2.906704e-03	9.812034e-01	3.157610e-03	-1.327899e-03	4.485510e-03
381           	-2.905478e-03	9.812491e-01	2.878090e-03	-1.466432e-03	4.344523e-03
382           	-2.904259e-03	9.812987e-01	2.604588e-03	-1.601965e-03	4.206553e-03
383           	-2.903055e-03	9.813545e-01	2.337141e-03	-1.734485e-03	4.071626e-03
384           	-2.901863e-03	9.814136e-01	2.076125e-03	-1.863801e-03	3.939926e-03
385           	-2.900682e-03	9.814762e-01	1.821268e-03	-1.990048e-03	3.811316e-03
386           	-2.899509e-03	9.815422e-01	1.572649e-03	-2.113185e-03	3.685834e-03
387           	-2.898342e-03	9.816113e-01	1.329960e-03	-2.233362e-03	3.563322e-03
388           	-2.897178e-03	9.816831e-01	1.093122e-03	-2.350617e-03	3.443739e-03
389           	-2.896014e-03	9.817572e-01	8.620065e-04	-2.465011e-03	3.327017e-03
390           	-2.894845e-03	9.818330e-01	6.366938e-04	-2.576498e-03	3.213192e-03
391           	-2.893666e-03	9.819100e-01	4.172439e-04	-2.685044e-03	3.102288e-03
392           	-2.892475e-03	9.819876e-01	2.037592e-04	-2.790596e-03	2.994355e-03
393           	-2.891272e-03	9.820656e-01	-4.075933e-06	-2.893310e-03	2.889234e-03
394           	-2.890054e-03	9.821437e-01	-2.063035e-04	-2.993206e-03	2.786902e-03
395           	-2.888822e-03	9.822222e-01	-4.032294e-04	-3.090436e-03	2.687207e-03
396           	-2.887585e-03	9.823011e-01	-5.954615e-04	-3.185316e-03	2.589854e-03
397           	-2.886330e-03	9.823801e-01	-7.833922e-04	-3.278026e-03	2.494634e-03
398           	-2.885062e-03	9.824595e-01	-9.674987e-04	-3.368811e-03	2.401312e-03
399           	-2.883783e-03	9.825392e-01	-1.148522e-03	-3.458044e-03	2.309522e-03
400           	-2.882491e-03	9.826193e-01	-1.326674e-03	-3.545828e-03	2.219154e-03
401           	-2.881187e-03	9.826999e-01	-1.502329e-03	-3.632351e-03	2.130023e-03
402           	-2.879871e-03	9.827809e-01	-1.675578e-03	-3.717660e-03	2.042082e-03
403           	-2.878543e-03	9.828622e-01	-1.846713e-03	-3.801900e-03	1.955187e-03
404           	-2.877200e-03	9.829425e-01	-2.015467e-03	-3.884934e-03	1.869467e-03
405           	-2.875851e-03	9.830240e-01	-2.182156e-03	-3.966929e-03	1.784773e-03
406           	-2.874489e-03	9.831044e-01	-2.346480e-03	-4.047730e-03	1.701249e-03
407           	-2.873135e-03	9.831897e-01	-2.508894e-03	-4.127582e-03	1.618688e-03
408           	-2.871763e-03	9.832711e-01	-2.668075e-03	-4.205801e-03	1.537726e-03
409           	-2.870390e-03	9.833537e-01	-2.824775e-03	-4.282777e-03	1.458002e-03
410           	-2.869016e-03	9.834373e-01	-2.978815e-03	-4.358423e-03	1.379608e-03
411           	-2.867642e-03	9.835213e-01	-3.130244e-03	-4.432765e-03	1.302520e-03
412           	-2.866268e-03	9.836056e-01	-3.278976e-03	-4.505756e-03	1.226781e-03
413           	-2.864898e-03	9.836904e-01	-3.425189e-03	-4.577492e-03	1.152304e-03
414           	-2.863530e-03	9.837755e-01	-3.568968e-03	-4.648014e-03	1.079046e-03
415           	-2.862171e-03	9.838613e-01	-3.710740e-03	-4.717541e-03	1.006801e-03
416           	-2.860819e-03	9.839476e-01	-3.850629e-03	-4.786133e-03	9.355040e-04
417           	-2.859474e-03	9.840344e-01	-3.988840e-03	-4.853894e-03	8.650536e-04
418           	-2.858137e-03	9.841215e-01	-4.125428e-03	-4.920851e-03	7.954229e-04
419           	-2.856809e-03	9.842087e-01	-4.260509e-03	-4.987063e-03	7.265545e-04
420           	-2.855492e-03	9.842959e-01	-4.394103e-03	-5.052543e-03	6.584403e-04
421           	-2.854186e-03	9.843831e-01	-4.526294e-03	-5.117333e-03	5.910389e-04
422           	-2.852902e-03	9.844733e-01	-4.657569e-03	-5.181686e-03	5.241173e-04
423           	-2.851631e-03	9.845618e-01	-4.787259e-03	-5.245260e-03	4.580012e-04
424           	-2.850368e-03	9.846482e-01	-4.915698e-03	-5.308217e-03	3.925188e-04
425           	-2.849118e-03	9.847342e-01	-5.043720e-03	-5.370978e-03	3.272576e-04
426           	-2.847882e-03	9.848198e-01	-5.171711e-03	-5.433738e-03	2.620270e-04
427           	-2.846666e-03	9.849059e-01	-5.299998e-03	-5.496665e-03	1.966668e-04
428           	-2.845463e-03	9.849908e-01	-5.428328e-03	-5.559628e-03	1.312991e-04
429           	-2.844274e-03	9.850746e-01	-5.556744e-03	-5.622646e-03	6.590220e-05
430           	-2.843100e-03	9.851577e-01	-5.685246e-03	-5.685724e-03	4.774240e-07
431           	-2.841943e-03	9.852403e-01	-5.813585e-03	-5.748736e-03	-6.484910e-05
432           	-2.840803e-03	9.853225e-01	-5.941478e-03	-5.811542e-03	-1.299357e-04
433           	-2.839680e-03	9.854042e-01	-6.068467e-03	-5.873914e-03	-1.945534e-04
434           	-2.838575e-03	9.854854e-01	-6.194161e-03	-5.935656e-03	-2.585054e-04
435           	-2.837489e-03	9.855662e-01	-6.318268e-03	-5.996623e-03	-3.216454e-04
436           	-2.836424e-03	9.856465e-01	-6.440543e-03	-6.056695e-03	-3.838479e-04
437           	-2.835379e-03	9.857258e-01	-6.560313e-03	-6.115536e-03	-4.447775e-04
438           	-2.834366e-03	9.858071e-01	-6.677426e-03	-6.173079e-03	-5.043472e-04
439           	-2.833382e-03	9.858887e-01	-6.790496e-03	-6.228630e-03	-5.618662e-04
440           	-2.832442e-03	9.859748e-01	-6.898127e-03	-6.281505e-03	-6.166215e-04
441           	-2.831548e-03	9.860647e-01	-6.997289e-03	-6.330193e-03	-6.670967e-04
442           	-2.830696e-03	9.861593e-01	-7.087374e-03	-6.374383e-03	-7.129910e-04
443           	-2.829864e-03	9.862560e-01	-7.169124e-03	-6.414426e-03	-7.546979e-04
444           	-2.829033e-03	9.863514e-01	-7.244245e-03	-6.451156e-03	-7.930891e-04
445           	-2.828198e-03	9.864438e-01	-7.314722e-03	-6.485559e-03	-8.291634e-04
446           	-2.827355e-03	9.865300e-01	-7.383104e-03	-6.518906e-03	-8.641972e-04
447           	-2.826508e-03	9.866102e-01	-7.453172e-03	-6.553095e-03	-9.000779e-04
448           	-2.825666e-03	9.866848e-01	-7.529873e-03	-6.590603e-03	-9.392705e-04
449           	-2.824832e-03	9.867548e-01	-7.618307e-03	-6.633985e-03	-9.843211e-04
450           	-2.824006e-03	9.868205e-01	-7.723244e-03	-6.685628e-03	-1.037616e-03
451           	-2.823184e-03	9.868822e-01	-7.848137e-03	-6.747252e-03	-1.100885e-03
452           	-2.822359e-03	9.869397e-01	-7.994840e-03	-6.819778e-03	-1.175061e-03
453           	-2.821526e-03	9.869926e-01	-8.162686e-03	-6.902869e-03	-1.259817e-03
454           	-2.820684e-03	9.870412e-01	-8.348660e-03	-6.995013e-03	-1.353646e-03
455           	-2.819837e-03	9.870945e-01	-8.553554e-03	-7.096614e-03	-1.456940e-03
456           	-2.818951e-03	9.871428e-01	-8.766806e-03	-7.202354e-03	-1.564453e-03
457           	-2.818074e-03	9.871874e-01	-8.977046e-03	-7.306597e-03	-1.670449e-03
458           	-2.817231e-03	9.872297e-01	-9.173873e-03	-7.404168e-03	-1.769706e-03
459           	-2.816432e-03	9.872716e-01	-9.349044e-03	-7.490954e-03	-1.858090e-03
460           	-2.815685e-03	9.873147e-01	-9.497646e-03	-7.564508e-03	-1.933138e-03
461           	-2.814991e-03	9.873605e-01	-9.617105e-03	-7.623543e-03	-1.993562e-03
462           	-2.814375e-03	9.874122e-01	-9.705962e-03	-7.667356e-03	-2.038607e-03
463           	-2.813808e-03	9.874602e-01	-9.762207e-03	-7.694911e-03	-2.067296e-03
464           	-2.813301e-03	9.875098e-01	-9.790700e-03	-7.708651e-03	-2.082048e-03
465           	-2.812861e-03	9.875634e-01	-9.795975e-03	-7.710849e-03	-2.085126e-03
466           	-2.812489e-03	9.876219e-01	-9.784408e-03	-7.704694e-03	-2.079715e-03
467           	-2.812179e-03	9.876865e-01	-9.763831e-03	-7.694095e-03	-2.069736e-03
468           	-2.811911e-03	9.877538e-01	-9.743215e-03	-7.683519e-03	-2.059697e-03
469           	-2.811660e-03	9.878218e-01	-9.730535e-03	-7.676928e-03	-2.053608e-03
470           	-2.811409e-03	9.878899e-01	-9.732400e-03	-7.677609e-03	-2.054791e-03
471           	-2.811142e-03	9.879563e-01	-9.752709e-03	-7.687496e-03	-2.065213e-03
472           	-2.810864e-03	9.880275e-01	-9.796160e-03	-7.708944e-03	-2.087216e-03
473           	-2.810526e-03	9.880876e-01	-9.856769e-03	-7.738910e-03	-2.117859e-03
474           	-2.810159e-03	9.881465e-01	-9.936227e-03	-7.778272e-03	-2.157955e-03
475           	-2.809744e-03	9.881934e-01	-1.002518e-02	-7.822335e-03	-2.202847e-03
476           	-2.809316e-03	9.882393e-01	-1.012418e-02	-7.871407e-03	-2.252775e-03
477           	-2.808876e-03	9.882820e-01	-1.022716e-02	-7.922454e-03	-2.304702e-03
478           	-2.808436e-03	9.883216e-01	-1.032965e-02	-7.973260e-03	-2.356388e-03
479           	-2.807987e-03	9.883565e-01	-1.042893e-02	-8.022450e-03	-2.406475e-03
480           	-2.807559e-03	9.883903e-01	-1.052440e-02	-8.069759e-03	-2.454641e-03
481           	-2.807156e-03	9.884237e-01	-1.061450e-02	-8.114406e-03	-2.500094e-03
482           	-2.806778e-03	9.884572e-01	-1.069850e-02	-8.156026e-03	-2.542470e-03
483           	-2.806423e-03	9.884908e-01	-1.077584e-02	-8.194342e-03	-2.581496e-03
484           	-2.806089e-03	9.885250e-01	-1.084689e-02	-8.229533e-03	-2.617354e-03
485           	-2.805777e-03	9.885594e-01	-1.091173e-02	-8.261643e-03	-2.650089e-03
486           	-2.805484e-03	9.885941e-01	-1.097121e-02	-8.291090e-03	-2.680122e-03
487           	-2.805211e-03	9.886291e-01	-1.102593e-02	-8.318177e-03	-2.707755e-03
488           	-2.804957e-03	9.886646e-01	-1.107691e-02	-8.343412e-03	-2.733499e-03
489           	-2.804733e-03	9.887019e-01	-1.112417e-02	-8.366816e-03	-2.757351e-03
490           	-2.804522e-03	9.887389e-01	-1.116847e-02	-8.388758e-03	-2.779714e-03
491           	-2.804318e-03	9.887752e-01	-1.121058e-02	-8.409606e-03	-2.800970e-03
492           	-2.804121e-03	9.888108e-01	-1.125158e-02	-8.429910e-03	-2.821669e-03
493           	-2.803930e-03	9.888456e-01	-1.129199e-02	-8.449928e-03	-2.842067e-03
494           	-2.803748e-03	9.888798e-01	-1.133243e-02	-8.469961e-03	-2.862465e-03
495           	-2.803571e-03	9.889131e-01	-1.137293e-02	-8.490037e-03	-2.882895e-03
496           	-2.803400e-03	9.889454e-01	-1.141376e-02	-8.510278e-03	-2.903478e-03
497           	-2.803234e-03	9.889766e-01	-1.145470e-02	-8.530583e-03	-2.924116e-03
498           	-2.803072e-03	9.890066e-01	-1.149580e-02	-8.550971e-03	-2.944826e-03
499           	-2.802915e-03	9.890352e-01	-1.153673e-02	-8.571280e-03	-2.965450e-03
500           	-2.802763e-03	9.890627e-01	-1.157749e-02	-8.591509e-03	-2.985982e-03
501           	-2.802617e-03	9.890889e-01	-1.161779e-02	-8.611510e-03	-3.006275e-03
502           	-2.802478e-03	9.891142e-01	-1.165763e-02	-8.631292e-03	-3.026335e-03
503           	-2.802346e-03	9.891385e-01	-1.169674e-02	-8.650715e-03	-3.046022e-03
504           	-2.802222e-03	9.891620e-01	-1.173514e-02	-8.669795e-03	-3.065350e-03
505           	-2.802106e-03	9.891848e-01	-1.177259e-02	-8.688401e-03	-3.084190e-03
506           	-2.801996e-03	9.892068e-01	-1.180907e-02	-8.706532e-03	-3.102540e-03
507           	-2.801894e-03	9.892283e-01	-1.184445e-02	-8.724118e-03	-3.120330e-03
508           	-2.801799e-03	9.892493e-01	-1.187875e-02	-8.741173e-03	-3.137574e-03
509           	-2.801711e-03	9.892697e-01	-1.191183e-02	-8.757627e-03	-3.154204e-03
510           	-2.801631e-03	9.892898e-01	-1.194380e-02	-8.773529e-03	-3.170267e-03
511           	-2.801557e-03	9.893094e-01	-1.197454e-02	-8.788827e-03	-3.185712e-03
512           	-2.801490e-03	9.893286e-01	-1.200421e-02	-8.803594e-03	-3.200613e-03
513           	-2.801430e-03	9.893474e-01	-1.203276e-02	-8.817808e-03	-3.214948e-03
514           	-2.801376e-03	9.893659e-01	-1.206038e-02	-8.831566e-03	-3.228814e-03
515           	-2.801329e-03	9.893839e-01	-1.208705e-02	-8.844852e-03	-3.242194e-03
516           	-2.801288e-03	9.894015e-01	-1.211295e-02	-8.857764e-03	-3.255187e-03
517           	-2.801254e-03	9.894187e-01	-1.213806e-02	-8.870285e-03	-3.267778e-03
518           	-2.801223e-03	9.894343e-01	-1.216192e-02	-8.882183e-03	-3.279737e-03
519           	-2.801202e-03	9.894506e-01	-1.218565e-02	-8.894029e-03	-3.291624e-03
520           	-2.801185e-03	9.894657e-01	-1.220854e-02	-8.905455e-03	-3.303085e-03
521           	-2.801174e-03	9.894803e-01	-1.223083e-02	-8.916591e-03	-3.314243e-03
522           	-2.801170e-03	9.894948e-01	-1.225279e-02	-8.927563e-03	-3.325223e-03
523           	-2.801171e-03	9.895090e-01	-1.227432e-02	-8.938333e-03	-3.335991e-03
524           	-2.801178e-03	9.895229e-01	-1.229550e-02	-8.948929e-03	-3.346573e-03
525           	-2.801190e-03	9.895365e-01	-1.231616e-02	-8.959269e-03	-3.356889e-03
526           	-2.801207e-03	9.895496e-01	-1.233633e-02	-8.969371e-03	-3.366956e-03
527           	-2.801229e-03	9.895624e-01	-1.235584e-02	-8.979148e-03	-3.376689e-03
528           	-2.801257e-03	9.895746e-01	-1.237474e-02	-8.988629e-03	-3.386116e-03
529           	-2.801289e-03	9.895864e-01	-1.239291e-02	-8.997745e-03	-3.395166e-03
530           	-2.801327e-03	9.895978e-01	-1.241042e-02	-9.006537e-03	-3.403882e-03
531           	-2.801371e-03	9.896088e-01	-1.242717e-02	-9.014955e-03	-3.412213e-03
532           	-2.801420e-03	9.896194e-01	-1.244326e-02	-9.023051e-03	-3.420211e-03
533           	-2.801475e-03	9.896296e-01	-1.245862e-02	-9.030783e-03	-3.427834e-03
534           	-2.801535e-03	9.896394e-01	-1.247335e-02	-9.038208e-03	-3.435138e-03
535           	-2.801601e-03	9.896488e-01	-1.248739e-02	-9.045298e-03	-3.442097e-03
536           	-2.801672e-03	9.896579e-01	-1.250086e-02	-9.052102e-03	-3.448758e-03
537           	-2.801749e-03	9.896666e-01	-1.251367e-02	-9.058582e-03	-3.455085e-03
538           	-2.801831e-03	9.896750e-01	-1.252590e-02	-9.064781e-03	-3.461119e-03
539           	-2.801919e-03	9.896830e-01	-1.253745e-02	-9.070643e-03	-3.466806e-03
540           	-2.802012e-03	9.896908e-01	-1.254838e-02	-9.076204e-03	-3.472180e-03
541           	-2.802111e-03	9.896982e-01	-1.255861e-02	-9.081419e-03	-3.477196e-03
542           	-2.802217e-03	9.897052e-01	-1.256814e-02	-9.086286e-03	-3.481852e-03
543           	-2.802333e-03	9.897119e-01	-1.257732e-02	-9.090990e-03	-3.486325e-03
544           	-2.802449e-03	9.897179e-01	-1.258507e-02	-9.094983e-03	-3.490085e-03
545           	-2.802574e-03	9.897237e-01	-1.259239e-02	-9.098768e-03	-3.493620e-03
546           	-2.802705e-03	9.897291e-01	-1.259877e-02	-9.102092e-03	-3.496682e-03
547           	-2.802840e-03	9.897340e-01	-1.260417e-02	-9.104926e-03	-3.499246e-03
548           	-2.802980e-03	9.897382e-01	-1.260879e-02	-9.107374e-03	-3.501414e-03
549           	-2.803124e-03	9.897417e-01	-1.261266e-02	-9.109454e-03	-3.503206e-03
550           	-2.803273e-03	9.897447e-01	-1.261603e-02	-9.111289e-03	-3.504743e-03
551           	-2.803427e-03	9.897471e-01	-1.261892e-02	-9.112886e-03	-3.506031e-03
552           	-2.803587e-03	9.897489e-01	-1.262149e-02	-9.114333e-03	-3.507159e-03
553           	-2.803751e-03	9.897502e-01	-1.262371e-02	-9.115607e-03	-3.508106e-03
554           	-2.803920e-03	9.897509e-01	-1.262570e-02	-9.116768e-03	-3.508928e-03
555           	-2.804094e-03	9.897510e-01	-1.262729e-02	-9.117738e-03	-3.509551e-03
556           	-2.804272e-03	9.897505e-01	-1.262848e-02	-9.118513e-03	-3.509969e-03
557           	-2.804455e-03	9.897494e-01	-1.262905e-02	-9.118979e-03	-3.510068e-03
558           	-2.804644e-03	9.897477e-01	-1.262884e-02	-9.119065e-03	-3.509778e-03
559           	-2.804837e-03	9.897455e-01	-1.262755e-02	-9.118613e-03	-3.508939e-03
560           	-2.805037e-03	9.897429e-01	-1.262503e-02	-9.117551e-03	-3.507478e-03
561           	-2.805242e-03	9.897398e-01	-1.262097e-02	-9.115730e-03	-3.505245e-03
562           	-2.805455e-03	9.897364e-01	-1.261530e-02	-9.113107e-03	-3.502197e-03
563           	-2.805675e-03	9.897326e-01	-1.260781e-02	-9.109579e-03	-3.498230e-03
564           	-2.805901e-03	9.897284e-01	-1.259859e-02	-9.105198e-03	-3.493395e-03
565           	-2.806135e-03	9.897238e-01	-1.258762e-02	-9.099943e-03	-3.487673e-03
566           	-2.806376e-03	9.897188e-01	-1.257504e-02	-9.093895e-03	-3.481144e-03
567           	-2.806623e-03	9.897133e-01	-1.256095e-02	-9.087098e-03	-3.473853e-03
568           	-2.806877e-03	9.897075e-01	-1.254566e-02	-9.079709e-03	-3.465955e-03
569           	-2.807137e-03	9.897010e-01	-1.252924e-02	-9.071758e-03	-3.457484e-03
570           	-2.807403e-03	9.896939e-01	-1.251203e-02	-9.063416e-03	-3.448610e-03
571           	-2.807674e-03	9.896862e-01	-1.249401e-02	-9.054677e-03	-3.439328e-03
572           	-2.807952e-03	9.896778e-01	-1.247530e-02	-9.045603e-03	-3.429700e-03
573           	-2.808234e-03	9.896686e-01	-1.245578e-02	-9.036124e-03	-3.419656e-03
574           	-2.808521e-03	9.896587e-01	-1.243545e-02	-9.026245e-03	-3.409203e-03
575           	-2.808813e-03	9.896479e-01	-1.241411e-02	-9.015866e-03	-3.398241e-03
576           	-2.809110e-03	9.896363e-01	-1.239170e-02	-9.004959e-03	-3.386740e-03
577           	-2.809411e-03	9.896239e-01	-1.236796e-02	-8.993390e-03	-3.374568e-03
578           	-2.809718e-03	9.896107e-01	-1.234282e-02	-8.981126e-03	-3.361690e-03
579           	-2.810031e-03	9.895968e-01	-1.231595e-02	-8.968003e-03	-3.347942e-03
580           	-2.810350e-03	9.895825e-01	-1.228726e-02	-8.953980e-03	-3.333280e-03
581           	-2.810676e-03	9.895676e-01	-1.225649e-02	-8.938921e-03	-3.317568e-03
582           	-2.811011e-03	9.895522e-01	-1.222359e-02	-8.922804e-03	-3.300782e-03
583           	-2.811354e-03	9.895364e-01	-1.218819e-02	-8.905447e-03	-3.282739e-03
584           	-2.811705e-03	9.895203e-01	-1.215019e-02	-8.886799e-03	-3.263388e-03
585           	-2.812063e-03	9.895035e-01	-1.210945e-02	-8.866787e-03	-3.242661e-03
586           	-2.812425e-03	9.894859e-01	-1.206622e-02	-8.845533e-03	-3.220682e-03
587           	-2.812790e-03	9.894671e-01	-1.202055e-02	-8.823066e-03	-3.197487e-03
588           	-2.813144e-03	9.894486e-01	-1.197116e-02	-8.798723e-03	-3.172434e-03
589           	-2.813499e-03	9.894261e-01	-1.192401e-02	-8.775506e-03	-3.148509e-03
590           	-2.813852e-03	9.894014e-01	-1.187743e-02	-8.752567e-03	-3.124863e-03
591           	-2.814211e-03	9.893766e-01	-1.183059e-02	-8.729507e-03	-3.101085e-03
592           	-2.814591e-03	9.893541e-01	-1.178235e-02	-8.705768e-03	-3.076586e-03
593           	-2.815004e-03	9.893372e-01	-1.173076e-02	-8.680384e-03	-3.050375e-03
594           	-2.815464e-03	9.893308e-01	-1.167606e-02	-8.653496e-03	-3.022568e-03
595           	-2.815969e-03	9.893322e-01	-1.161370e-02	-8.622820e-03	-2.990882e-03
596           	-2.816525e-03	9.893416e-01	-1.153964e-02	-8.586343e-03	-2.953293e-03
597           	-2.817138e-03	9.893614e-01	-1.144980e-02	-8.542038e-03	-2.907761e-03
598           	-2.817798e-03	9.893910e-01	-1.134169e-02	-8.488643e-03	-2.853047e-03
599           	-2.818468e-03	9.894254e-01	-1.121497e-02	-8.425955e-03	-2.789018e-03
600           	-2.819117e-03	9.894584e-01	-1.107255e-02	-8.355394e-03	-2.717161e-03
601           	-2.819694e-03	9.894838e-01	-1.092202e-02	-8.280704e-03	-2.641315e-03
602           	-2.820185e-03	9.894956e-01	-1.077184e-02	-8.206106e-03	-2.565735e-03
603           	-2.820568e-03	9.894910e-01	-1.063407e-02	-8.137603e-03	-2.496468e-03
604           	-2.820854e-03	9.894685e-01	-1.051825e-02	-8.079979e-03	-2.438272e-03
605           	-2.821051e-03	9.894295e-01	-1.043407e-02	-8.038085e-03	-2.395983e-03
606           	-2.821175e-03	9.893766e-01	-1.038801e-02	-8.015179e-03	-2.372829e-03
607           	-2.821224e-03	9.893135e-01	-1.038390e-02	-8.013175e-03	-2.370726e-03
608           	-2.821213e-03	9.892409e-01	-1.041949e-02	-8.030959e-03	-2.388532e-03
609           	-2.821154e-03	9.891593e-01	-1.049222e-02	-8.067264e-03	-2.424955e-03
610           	-2.821058e-03	9.890701e-01	-1.060011e-02	-8.121115e-03	-2.479000e-03
611           	-2.820903e-03	9.889692e-01	-1.073986e-02	-8.190835e-03	-2.549028e-03
612           	-2.820726e-03	9.888638e-01	-1.090007e-02	-8.270761e-03	-2.629309e-03
613           	-2.820584e-03	9.887638e-01	-1.105949e-02	-8.350331e-03	-2.709163e-03
614           	-2.820480e-03	9.886706e-01	-1.119251e-02	-8.416735e-03	-2.775775e-03
615           	-2.820434e-03	9.885839e-01	-1.127789e-02	-8.459377e-03	-2.818510e-03
616           	-2.820471e-03	9.885039e-01	-1.130267e-02	-8.471806e-03	-2.830865e-03
617           	-2.820605e-03	9.884309e-01	-1.126170e-02	-8.451456e-03	-2.810245e-03
618           	-2.820848e-03	9.883646e-01	-1.115628e-02	-8.398988e-03	-2.757293e-03
619           	-2.821214e-03	9.883153e-01	-1.099732e-02	-8.319874e-03	-2.677446e-03
620           	-2.821670e-03	9.882768e-01	-1.079475e-02	-8.219043e-03	-2.575702e-03
621           	-2.822198e-03	9.882458e-01	-1.056036e-02	-8.102377e-03	-2.457981e-03
622           	-2.822779e-03	9.882113e-01	-1.029902e-02	-7.972289e-03	-2.326731e-03
623           	-2.823396e-03	9.881775e-01	-1.002793e-02	-7.837363e-03	-2.190571e-03
624           	-2.824028e-03	9.881479e-01	-9.764695e-03	-7.706375e-03	-2.058319e-03
625           	-2.824656e-03	9.881232e-01	-9.521999e-03	-7.585655e-03	-1.936344e-03
626           	-2.825263e-03	9.881022e-01	-9.307511e-03	-7.479018e-03	-1.828493e-03
627           	-2.825828e-03	9.880833e-01	-9.126630e-03	-7.389143e-03	-1.737487e-03
628           	-2.826345e-03	9.880626e-01	-8.975642e-03	-7.314166e-03	-1.661476e-03
629           	-2.826805e-03	9.880381e-01	-8.851457e-03	-7.252534e-03	-1.598923e-03
630           	-2.827210e-03	9.880091e-01	-8.750862e-03	-7.202641e-03	-1.548221e-03
631           	-2.827560e-03	9.879749e-01	-8.670422e-03	-7.162771e-03	-1.507651e-03
632           	-2.827857e-03	9.879356e-01	-8.607032e-03	-7.131373e-03	-1.475660e-03
633           	-2.828100e-03	9.878901e-01	-8.557095e-03	-7.106647e-03	-1.450448e-03
634           	-2.828297e-03	9.878396e-01	-8.517101e-03	-7.086848e-03	-1.430253e-03
635           	-2.828457e-03	9.877846e-01	-8.482598e-03	-7.069756e-03	-1.412841e-03
636           	-2.828591e-03	9.877259e-01	-8.449006e-03	-7.053095e-03	-1.395912e-03
637           	-2.828713e-03	9.876647e-01	-8.411725e-03	-7.034576e-03	-1.377149e-03
638           	-2.828842e-03	9.876037e-01	-8.366943e-03	-7.012314e-03	-1.354629e-03
639           	-2.828991e-03	9.875452e-01	-8.312099e-03	-6.985041e-03	-1.327058e-03
640           	-2.829176e-03	9.874917e-01	-8.245171e-03	-6.951762e-03	-1.293409e-03
641           	-2.829411e-03	9.874479e-01	-8.164014e-03	-6.911418e-03	-1.252596e-03
642           	-2.829701e-03	9.874165e-01	-8.067255e-03	-6.863329e-03	-1.203927e-03
643           	-2.830029e-03	9.873950e-01	-7.954345e-03	-6.807201e-03	-1.147144e-03
644           	-2.830371e-03	9.873791e-01	-7.826092e-03	-6.743417e-03	-1.082675e-03
645           	-2.830704e-03	9.873653e-01	-7.685390e-03	-6.673399e-03	-1.011991e-03
646           	-2.831014e-03	9.873515e-01	-7.537826e-03	-6.599926e-03	-9.378992e-04
647           	-2.831289e-03	9.873355e-01	-7.389831e-03	-6.526204e-03	-8.636267e-04
648           	-2.831527e-03	9.873159e-01	-7.248716e-03	-6.455884e-03	-7.928311e-04
649           	-2.831729e-03	9.872919e-01	-7.121800e-03	-6.392628e-03	-7.291712e-04
650           	-2.831892e-03	9.872620e-01	-7.016090e-03	-6.339936e-03	-6.761531e-04
651           	-2.832015e-03	9.872255e-01	-6.937036e-03	-6.300533e-03	-6.365032e-04
652           	-2.832098e-03	9.871821e-01	-6.888480e-03	-6.276339e-03	-6.121419e-04
653           	-2.832143e-03	9.871302e-01	-6.872728e-03	-6.268507e-03	-6.042212e-04
654           	-2.832145e-03	9.870705e-01	-6.895331e-03	-6.279810e-03	-6.155207e-04
655           	-2.832091e-03	9.870034e-01	-6.961062e-03	-6.312622e-03	-6.484399e-04
656           	-2.831962e-03	9.869309e-01	-7.069514e-03	-6.366719e-03	-7.027954e-04
657           	-2.831775e-03	9.868571e-01	-7.207658e-03	-6.435604e-03	-7.720544e-04
658           	-2.831562e-03	9.867851e-01	-7.356695e-03	-6.509910e-03	-8.467854e-04
659           	-2.831336e-03	9.867144e-01	-7.496348e-03	-6.579511e-03	-9.168379e-04
660           	-2.831128e-03	9.866470e-01	-7.609162e-03	-6.635709e-03	-9.734528e-04
661           	-2.830962e-03	9.865841e-01	-7.683430e-03	-6.672677e-03	-1.010753e-03
662           	-2.830859e-03	9.865273e-01	-7.712737e-03	-6.687227e-03	-1.025510e-03
663           	-2.830832e-03	9.864784e-01	-7.694773e-03	-6.678219e-03	-1.016555e-03
664           	-2.830888e-03	9.864376e-01	-7.631206e-03	-6.646491e-03	-9.847153e-04
665           	-2.831038e-03	9.864114e-01	-7.529710e-03	-6.595893e-03	-9.338174e-04
666           	-2.831260e-03	9.863959e-01	-7.399928e-03	-6.531224e-03	-8.687047e-04
667           	-2.831530e-03	9.863883e-01	-7.254742e-03	-6.458901e-03	-7.958414e-04
668           	-2.831820e-03	9.863846e-01	-7.105040e-03	-6.384340e-03	-7.207002e-04
669           	-2.832102e-03	9.863825e-01	-6.958260e-03	-6.311232e-03	-6.470276e-04
670           	-2.832387e-03	9.863805e-01	-6.818443e-03	-6.241608e-03	-5.768348e-04
671           	-2.832654e-03	9.863803e-01	-6.694224e-03	-6.179766e-03	-5.144587e-04
672           	-2.832888e-03	9.863816e-01	-6.592033e-03	-6.128905e-03	-4.631281e-04
673           	-2.833085e-03	9.863838e-01	-6.513993e-03	-6.090082e-03	-4.239114e-04
674           	-2.833240e-03	9.863862e-01	-6.460670e-03	-6.063575e-03	-3.970947e-04
675           	-2.833353e-03	9.863872e-01	-6.428396e-03	-6.047551e-03	-3.808450e-04
676           	-2.833419e-03	9.863858e-01	-6.415334e-03	-6.041087e-03	-3.742478e-04
677           	-2.833434e-03	9.863820e-01	-6.419446e-03	-6.043158e-03	-3.762889e-04
678           	-2.833393e-03	9.863753e-01	-6.438832e-03	-6.052809e-03	-3.860228e-04
679           	-2.833300e-03	9.863653e-01	-6.468940e-03	-6.067770e-03	-4.011703e-04
680           	-2.833169e-03	9.863527e-01	-6.505810e-03	-6.086074e-03	-4.197360e-04
681           	-2.833014e-03	9.863382e-01	-6.545553e-03	-6.105790e-03	-4.397624e-04
682           	-2.832834e-03	9.863213e-01	-6.584724e-03	-6.125196e-03	-4.595281e-04
683           	-2.832651e-03	9.863036e-01	-6.619578e-03	-6.142440e-03	-4.771375e-04
684           	-2.832474e-03	9.862864e-01	-6.648898e-03	-6.156923e-03	-4.919755e-04
685           	-2.832300e-03	9.862697e-01	-6.672081e-03	-6.168341e-03	-5.037403e-04
686           	-2.832133e-03	9.862546e-01	-6.690599e-03	-6.177433e-03	-5.131664e-04
687           	-2.831977e-03	9.862419e-01	-6.705307e-03	-6.184630e-03	-5.206770e-04
688           	-2.831830e-03	9.862321e-01	-6.717249e-03	-6.190455e-03	-5.267945e-04
689           	-2.831692e-03	9.862250e-01	-6.727326e-03	-6.195355e-03	-5.319713e-04
690           	-2.831561e-03	9.862206e-01	-6.736588e-03	-6.199855e-03	-5.367330e-04
691           	-2.831435e-03	9.862190e-01	-6.745832e-03	-6.204352e-03	-5.414810e-04
692           	-2.831313e-03	9.862199e-01	-6.755854e-03	-6.209240e-03	-5.466139e-04
693           	-2.831191e-03	9.862230e-01	-6.767085e-03	-6.214733e-03	-5.523519e-04
694           	-2.831066e-03	9.862280e-01	-6.779961e-03	-6.221047e-03	-5.589145e-04
695           	-2.830937e-03	9.862347e-01	-6.794558e-03	-6.228216e-03	-5.663413e-04
696           	-2.830805e-03	9.862439e-01	-6.811902e-03	-6.236756e-03	-5.751459e-04
697           	-2.830664e-03	9.862542e-01	-6.831172e-03	-6.246250e-03	-5.849222e-04
698           	-2.830513e-03	9.862648e-01	-6.851989e-03	-6.256507e-03	-5.954815e-04
699           	-2.830351e-03	9.862751e-01	-6.873949e-03	-6.267326e-03	-6.066233e-04
700           	-2.830182e-03	9.862851e-01	-6.897049e-03	-6.278707e-03	-6.183427e-04
701           	-2.830006e-03	9.862949e-01	-6.921204e-03	-6.290607e-03	-6.305962e-04
702           	-2.829825e-03	9.863046e-01	-6.946578e-03	-6.303114e-03	-6.434644e-04
703           	-2.829640e-03	9.863145e-01	-6.973169e-03	-6.316225e-03	-6.569446e-04
704           	-2.829444e-03	9.863239e-01	-7.001076e-03	-6.329982e-03	-6.710940e-04
705           	-2.829246e-03	9.863339e-01	-7.030923e-03	-6.344707e-03	-6.862155e-04
706           	-2.829048e-03	9.863449e-01	-7.062859e-03	-6.360478e-03	-7.023813e-04
707           	-2.828849e-03	9.863568e-01	-7.096477e-03	-6.377087e-03	-7.193899e-04
708           	-2.828647e-03	9.863696e-01	-7.131559e-03	-6.394426e-03	-7.371324e-04
709           	-2.828442e-03	9.863829e-01	-7.167581e-03	-6.412232e-03	-7.553484e-04
710           	-2.828234e-03	9.863969e-01	-7.204252e-03	-6.430360e-03	-7.738920e-04
711           	-2.828022e-03	9.864112e-01	-7.241189e-03	-6.448616e-03	-7.925725e-04
712           	-2.827808e-03	9.864261e-01	-7.278259e-03	-6.466937e-03	-8.113220e-04
713           	-2.827590e-03	9.864414e-01	-7.315264e-03	-6.485223e-03	-8.300418e-04
714           	-2.827372e-03	9.864572e-01	-7.352248e-03	-6.503496e-03	-8.487526e-04
715           	-2.827151e-03	9.864735e-01	-7.389158e-03	-6.521730e-03	-8.674281e-04
716           	-2.826930e-03	9.864903e-01	-7.426069e-03	-6.539964e-03	-8.861050e-04
717           	-2.826707e-03	9.865073e-01	-7.463008e-03	-6.558210e-03	-9.047973e-04
718           	-2.826483e-03	9.865247e-01	-7.500227e-03	-6.576596e-03	-9.236311e-04
719           	-2.826257e-03	9.865424e-01	-7.537793e-03	-6.595154e-03	-9.426396e-04
720           	-2.826031e-03	9.865605e-01	-7.575913e-03	-6.613987e-03	-9.619253e-04
721           	-2.825804e-03	9.865789e-01	-7.614565e-03	-6.633086e-03	-9.814791e-04
722           	-2.825576e-03	9.865977e-01	-7.653890e-03	-6.652520e-03	-1.001369e-03
723           	-2.825346e-03	9.866167e-01	-7.693795e-03	-6.672243e-03	-1.021552e-03
724           	-2.825116e-03	9.866362e-01	-7.734345e-03	-6.692288e-03	-1.042057e-03
725           	-2.824885e-03	9.866560e-01	-7.775401e-03	-6.712585e-03	-1.062816e-03
726           	-2.824653e-03	9.866761e-01	-7.816990e-03	-6.733148e-03	-1.083842e-03
727           	-2.824421e-03	9.866966e-01	-7.858934e-03	-6.753888e-03	-1.105046e-03
728           	-2.824190e-03	9.867174e-01	-7.901222e-03	-6.774801e-03	-1.126421e-03
729           	-2.823958e-03	9.867384e-01	-7.943673e-03	-6.795794e-03	-1.147878e-03
730           	-2.823727e-03	9.867597e-01	-7.986317e-03	-6.816886e-03	-1.169432e-03
731           	-2.823496e-03	9.867811e-01	-8.029002e-03	-6.837997e-03	-1.191005e-03
732           	-2.823266e-03	9.868027e-01	-8.071800e-03	-6.859166e-03	-1.212634e-03
733           	-2.823037e-03	9.868244e-01	-8.114565e-03	-6.880319e-03	-1.234246e-03
734           	-2.822809e-03	9.868463e-01	-8.157373e-03	-6.901495e-03	-1.255878e-03
735           	-2.822582e-03	9.868682e-01	-8.200090e-03	-6.922627e-03	-1.277463e-03
736           	-2.822356e-03	9.868903e-01	-8.242811e-03	-6.943761e-03	-1.299049e-03
737           	-2.822132e-03	9.869123e-01	-8.285402e-03	-6.964833e-03	-1.320569e-03
738           	-2.821909e-03	9.869344e-01	-8.327941e-03	-6.985880e-03	-1.342061e-03
739           	-2.821688e-03	9.869565e-01	-8.370273e-03	-7.006825e-03	-1.363448e-03
740           	-2.821470e-03	9.869788e-01	-8.412476e-03	-7.027708e-03	-1.384768e-03
741           	-2.821254e-03	9.870009e-01	-8.454400e-03	-7.048454e-03	-1.405946e-03
742           	-2.821041e-03	9.870232e-01	-8.496135e-03	-7.069108e-03	-1.427027e-03
743           	-2.820839e-03	9.870463e-01	-8.537223e-03	-7.089451e-03	-1.447772e-03
744           	-2.820630e-03	9.870683e-01	-8.577788e-03	-7.109524e-03	-1.468264e-03
745           	-2.820422e-03	9.870898e-01	-8.618042e-03	-7.129443e-03	-1.488599e-03
746           	-2.820219e-03	9.871116e-01	-8.658274e-03	-7.149356e-03	-1.508918e-03
747           	-2.820028e-03	9.871343e-01	-8.698008e-03	-7.169032e-03	-1.528976e-03
748           	-2.819830e-03	9.871560e-01	-8.737399e-03	-7.188530e-03	-1.548869e-03
749           	-2.819642e-03	9.871781e-01	-8.776237e-03	-7.207760e-03	-1.568476e-03
750           	-2.819447e-03	9.871992e-01	-8.814843e-03	-7.226869e-03	-1.587974e-03
751           	-2.819263e-03	9.872208e-01	-8.852966e-03	-7.245746e-03	-1.607220e-03
752           	-2.819074e-03	9.872414e-01	-8.890928e-03	-7.264538e-03	-1.626390e-03
753           	-2.818895e-03	9.872626e-01	-8.928433e-03	-7.283112e-03	-1.645322e-03
754           	-2.818712e-03	9.872828e-01	-8.965768e-03	-7.301596e-03	-1.664172e-03
755           	-2.818539e-03	9.873036e-01	-9.002548e-03	-7.319813e-03	-1.682735e-03
756           	-2.818370e-03	9.873243e-01	-9.038689e-03	-7.337715e-03	-1.700974e-03
757           	-2.818195e-03	9.873436e-01	-9.074331e-03	-7.355360e-03	-1.718971e-03
758           	-2.818031e-03	9.873636e-01	-9.109466e-03	-7.372764e-03	-1.736702e-03
759           	-2.817870e-03	9.873833e-01	-9.143782e-03	-7.389761e-03	-1.754021e-03
760           	-2.817713e-03	9.874027e-01	-9.177359e-03	-7.406392e-03	-1.770967e-03
761           	-2.817557e-03	9.874216e-01	-9.210141e-03	-7.422628e-03	-1.787513e-03
762           	-2.817405e-03	9.874402e-01	-9.242359e-03	-7.438584e-03	-1.803774e-03
763           	-2.817256e-03	9.874583e-01	-9.273932e-03	-7.454222e-03	-1.819710e-03
764           	-2.817111e-03	9.874763e-01	-9.305066e-03	-7.469644e-03	-1.835422e-03
765           	-2.816969e-03	9.874939e-01	-9.335647e-03	-7.484792e-03	-1.850855e-03
766           	-2.816830e-03	9.875112e-01	-9.365857e-03	-7.499759e-03	-1.866098e-03
767           	-2.816695e-03	9.875280e-01	-9.395539e-03	-7.514464e-03	-1.881075e-03
768           	-2.816563e-03	9.875446e-01	-9.424812e-03	-7.528969e-03	-1.895843e-03
769           	-2.816435e-03	9.875608e-01	-9.453496e-03	-7.543183e-03	-1.910313e-03
770           	-2.816310e-03	9.875768e-01	-9.481688e-03	-7.557155e-03	-1.924534e-03
771           	-2.816189e-03	9.875923e-01	-9.509188e-03	-7.570783e-03	-1.938404e-03
772           	-2.816073e-03	9.876077e-01	-9.536095e-03	-7.584121e-03	-1.951975e-03
773           	-2.815960e-03	9.876226e-01	-9.562214e-03	-7.597067e-03	-1.965147e-03
774           	-2.815852e-03	9.876374e-01	-9.587672e-03	-7.609688e-03	-1.977984e-03
775           	-2.815747e-03	9.876518e-01	-9.612317e-03	-7.621906e-03	-1.990412e-03
776           	-2.815647e-03	9.876660e-01	-9.636315e-03	-7.633804e-03	-2.002511e-03
777           	-2.815550e-03	9.876797e-01	-9.659542e-03	-7.645321e-03	-2.014221e-03
778           	-2.815457e-03	9.876932e-01	-9.682193e-03	-7.656554e-03	-2.025639e-03
779           	-2.815368e-03	9.877063e-01	-9.704169e-03	-7.667452e-03	-2.036716e-03
780           	-2.815283e-03	9.877191e-01	-9.725655e-03	-7.678111e-03	-2.047544e-03
781           	-2.815201e-03	9.877314e-01	-9.746531e-03	-7.688467e-03	-2.058064e-03
782           	-2.815124e-03	9.877435e-01	-9.766966e-03	-7.698607e-03	-2.068359e-03
783           	-2.815050e-03	9.877551e-01	-9.786825e-03	-7.708462e-03	-2.078363e-03
784           	-2.814979e-03	9.877664e-01	-9.806244e-03	-7.718101e-03	-2.088142e-03
785           	-2.814913e-03	9.877773e-01	-9.825053e-03	-7.727439e-03	-2.097614e-03
786           	-2.814850e-03	9.877879e-01	-9.843378e-03	-7.736539e-03	-2.106839e-03
787           	-2.814790e-03	9.877981e-01	-9.861042e-03	-7.745311e-03	-2.115731e-03
788           	-2.814735e-03	9.878079e-01	-9.878160e-03	-7.753815e-03	-2.124345e-03
789           	-2.814683e-03	9.878172e-01	-9.894511e-03	-7.761938e-03	-2.132573e-03
790           	-2.814635e-03	9.878262e-01	-9.910301e-03	-7.769785e-03	-2.140516e-03
791           	-2.814590e-03	9.878348e-01	-9.925353e-03	-7.777266e-03	-2.148086e-03
792           	-2.814550e-03	9.878432e-01	-9.939784e-03	-7.784442e-03	-2.155342e-03
793           	-2.814513e-03	9.878510e-01	-9.953445e-03	-7.791235e-03	-2.162209e-03
794           	-2.814480e-03	9.878586e-01	-9.966478e-03	-7.797719e-03	-2.168759e-03
795           	-2.814450e-03	9.878658e-01	-9.978752e-03	-7.803827e-03	-2.174926e-03
796           	-2.814425e-03	9.878726e-01	-9.990429e-03	-7.809640e-03	-2.180790e-03
797           	-2.814402e-03	9.878790e-01	-1.000138e-02	-7.815092e-03	-2.186287e-03
798           	-2.814384e-03	9.878850e-01	-1.001176e-02	-7.820266e-03	-2.191498e-03
799           	-2.814368e-03	9.878906e-01	-1.002144e-02	-7.825089e-03	-2.196353e-03
800           	-2.814356e-03	9.878955e-01	-1.003037e-02	-7.829543e-03	-2.200830e-03
801           	-2.814347e-03	9.879003e-01	-1.003873e-02	-7.833713e-03	-2.205018e-03
802           	-2.814342e-03	9.879048e-01	-1.004661e-02	-7.837648e-03	-2.208964e-03
803           	-2.814339e-03	9.879086e-01	-1.005370e-02	-7.841187e-03	-2.212509e-03
804           	-2.814340e-03	9.879123e-01	-1.006029e-02	-7.844485e-03	-2.215805e-03
805           	-2.814342e-03	9.879154e-01	-1.006613e-02	-7.847406e-03	-2.218721e-03
806           	-2.814349e-03	9.879183e-01	-1.007142e-02	-7.850059e-03	-2.221361e-03
807           	-2.814357e-03	9.879207e-01	-1.007597e-02	-7.852344e-03	-2.223629e-03
808           	-2.814369e-03	9.879228e-01	-1.007993e-02	-7.854332e-03	-2.225594e-03
809           	-2.814383e-03	9.879244e-01	-1.008312e-02	-7.855944e-03	-2.227177e-03
810           	-2.814401e-03	9.879257e-01	-1.008570e-02	-7.857251e-03	-2.228450e-03
811           	-2.814421e-03	9.879264e-01	-1.008751e-02	-7.858176e-03	-2.229334e-03
812           	-2.814444e-03	9.879269e-01	-1.008869e-02	-7.858790e-03	-2.229902e-03
813           	-2.814470e-03	9.879270e-01	-1.008911e-02	-7.859023e-03	-2.230084e-03
814           	-2.814499e-03	9.879267e-01	-1.008890e-02	-7.858951e-03	-2.229953e-03
815           	-2.814531e-03	9.879260e-01	-1.008795e-02	-7.858503e-03	-2.229442e-03
816           	-2.814566e-03	9.879251e-01	-1.008638e-02	-7.857756e-03	-2.228625e-03
817           	-2.814602e-03	9.879237e-01	-1.008408e-02	-7.856642e-03	-2.227437e-03
818           	-2.814642e-03	9.879220e-01	-1.008118e-02	-7.855235e-03	-2.225950e-03
819           	-2.814684e-03	9.879197e-01	-1.007756e-02	-7.853465e-03	-2.224096e-03
820           	-2.814729e-03	9.879172e-01	-1.007337e-02	-7.851412e-03	-2.221955e-03
821           	-2.814779e-03	9.879146e-01	-1.006863e-02	-7.849094e-03	-2.219535e-03
822           	-2.814832e-03	9.879116e-01	-1.006310e-02	-7.846380e-03	-2.216716e-03
823           	-2.814886e-03	9.879080e-01	-1.005658e-02	-7.843177e-03	-2.213404e-03
824           	-2.814942e-03	9.879038e-01	-1.004928e-02	-7.839582e-03	-2.209698e-03
825           	-2.814999e-03	9.878991e-01	-1.004114e-02	-7.835571e-03	-2.205573e-03
826           	-2.815059e-03	9.878940e-01	-1.003241e-02	-7.831264e-03	-2.201146e-03
827           	-2.815120e-03	9.878885e-01	-1.002300e-02	-7.826622e-03	-2.196381e-03
828           	-2.815185e-03	9.878827e-01	-1.001311e-02	-7.821740e-03	-2.191371e-03
829           	-2.815250e-03	9.878765e-01	-1.000262e-02	-7.816562e-03	-2.186061e-03
830           	-2.815319e-03	9.878700e-01	-9.991694e-03	-7.811166e-03	-2.180529e-03
831           	-2.815388e-03	9.878629e-01	-9.980190e-03	-7.805483e-03	-2.174707e-03
832           	-2.815460e-03	9.878556e-01	-9.968252e-03	-7.799586e-03	-2.168666e-03
833           	-2.815532e-03	9.878478e-01	-9.955734e-03	-7.793399e-03	-2.162334e-03
834           	-2.815607e-03	9.878398e-01	-9.942771e-03	-7.786993e-03	-2.155779e-03
835           	-2.815683e-03	9.878313e-01	-9.929207e-03	-7.780286e-03	-2.148920e-03
836           	-2.815761e-03	9.878225e-01	-9.915169e-03	-7.773346e-03	-2.141823e-03
837           	-2.815841e-03	9.878134e-01	-9.900502e-03	-7.766092e-03	-2.134410e-03
838           	-2.815922e-03	9.878040e-01	-9.885339e-03	-7.758591e-03	-2.126747e-03
839           	-2.816005e-03	9.877942e-01	-9.869530e-03	-7.750770e-03	-2.118760e-03
840           	-2.816089e-03	9.877842e-01	-9.853221e-03	-7.742700e-03	-2.110521e-03
841           	-2.816175e-03	9.877739e-01	-9.836284e-03	-7.734317e-03	-2.101967e-03
842           	-2.816263e-03	9.877633e-01	-9.818871e-03	-7.725698e-03	-2.093173e-03
843           	-2.816351e-03	9.877523e-01	-9.800846e-03	-7.716774e-03	-2.084072e-03
844           	-2.816441e-03	9.877412e-01	-9.782360e-03	-7.707621e-03	-2.074739e-03
845           	-2.816532e-03	9.877296e-01	-9.763291e-03	-7.698178e-03	-2.065114e-03
846           	-2.816624e-03	9.877179e-01	-9.743794e-03	-7.688521e-03	-2.055273e-03
847           	-2.816716e-03	9.877057e-01	-9.723744e-03	-7.678588e-03	-2.045156e-03
848           	-2.816810e-03	9.876934e-01	-9.703293e-03	-7.668456e-03	-2.034837e-03
849           	-2.816903e-03	9.876806e-01	-9.682329e-03	-7.658068e-03	-2.024261e-03
850           	-2.816998e-03	9.876676e-01	-9.661012e-03	-7.647504e-03	-2.013508e-03
851           	-2.817093e-03	9.876543e-01	-9.639234e-03	-7.636710e-03	-2.002524e-03
852           	-2.817189e-03	9.876407e-01	-9.617157e-03	-7.625767e-03	-1.991390e-03
853           	-2.817284e-03	9.876268e-01	-9.594664e-03	-7.614616e-03	-1.980048e-03
854           	-2.817380e-03	9.876127e-01	-9.571904e-03	-7.603333e-03	-1.968572e-03
855           	-2.817477e-03	9.875982e-01	-9.548759e-03	-7.591856e-03	-1.956903e-03
856           	-2.817573e-03	9.875836e-01	-9.525378e-03	-7.580263e-03	-1.945116e-03
857           	-2.817670e-03	9.875686e-01	-9.501640e-03	-7.568490e-03	-1.933150e-03
858           	-2.817767e-03	9.875535e-01	-9.477694e-03	-7.556614e-03	-1.921080e-03
859           	-2.817864e-03	9.875381e-01	-9.453431e-03	-7.544580e-03	-1.908851e-03
860           	-2.817962e-03	9.875226e-01	-9.428986e-03	-7.532455e-03	-1.896531e-03
861           	-2.818059e-03	9.875068e-01	-9.404235e-03	-7.520176e-03	-1.884059e-03
862           	-2.818149e-03	9.874902e-01	-9.379474e-03	-7.507886e-03	-1.871588e-03
863           	-2.818247e-03	9.874741e-01	-9.354741e-03	-7.495617e-03	-1.859124e-03
864           	-2.818346e-03	9.874582e-01	-9.329858e-03	-7.483275e-03	-1.846583e-03
865           	-2.818436e-03	9.874413e-01	-9.304729e-03	-7.470801e-03	-1.833928e-03
866           	-2.818533e-03	9.874250e-01	-9.279600e-03	-7.458334e-03	-1.821267e-03
867           	-2.818624e-03	9.874078e-01	-9.254255e-03	-7.445751e-03	-1.808504e-03
868           	-2.818714e-03	9.873907e-01	-9.229022e-03	-7.433225e-03	-1.795796e-03
869           	-2.818812e-03	9.873743e-01	-9.203587e-03	-7.420606e-03	-1.782982e-03
870           	-2.818903e-03	9.873572e-01	-9.177925e-03	-7.407865e-03	-1.770060e-03
871           	-2.818992e-03	9.873399e-01	-9.152093e-03	-7.395038e-03	-1.757055e-03
872           	-2.819081e-03	9.873226e-01	-9.126288e-03	-7.382225e-03	-1.744063e-03
873           	-2.819170e-03	9.873054e-01	-9.100353e-03	-7.369347e-03	-1.731006e-03
874           	-2.819259e-03	9.872883e-01	-9.074392e-03	-7.356455e-03	-1.717937e-03
875           	-2.819347e-03	9.872712e-01	-9.048260e-03	-7.343477e-03	-1.704783e-03
876           	-2.819433e-03	9.872540e-01	-9.022096e-03	-7.330481e-03	-1.691615e-03
877           	-2.819517e-03	9.872367e-01	-8.995791e-03	-7.317413e-03	-1.678378e-03
878           	-2.819601e-03	9.872194e-01	-8.969529e-03	-7.304366e-03	-1.665164e-03
879           	-2.819682e-03	9.872021e-01	-8.943232e-03	-7.291298e-03	-1.651933e-03
880           	-2.819762e-03	9.871847e-01	-8.917089e-03	-7.278307e-03	-1.638782e-03
881           	-2.819840e-03	9.871673e-01	-8.891043e-03	-7.265362e-03	-1.625681e-03
882           	-2.819916e-03	9.871499e-01	-8.865293e-03	-7.252563e-03	-1.612730e-03
883           	-2.819991e-03	9.871325e-01	-8.839790e-03	-7.239885e-03	-1.599904e-03
884           	-2.820063e-03	9.871152e-01	-8.814718e-03	-7.227422e-03	-1.587296e-03
885           	-2.820133e-03	9.870978e-01	-8.789974e-03	-7.215120e-03	-1.574854e-03
886           	-2.820201e-03	9.870806e-01	-8.765718e-03	-7.203061e-03	-1.562658e-03
887           	-2.820267e-03	9.870633e-01	-8.741811e-03	-7.191173e-03	-1.550638e-03
888           	-2.820331e-03	9.870462e-01	-8.718381e-03	-7.179522e-03	-1.538859e-03
889           	-2.820392e-03	9.870291e-01	-8.695271e-03	-7.168028e-03	-1.527243e-03
890           	-2.820452e-03	9.870123e-01	-8.672591e-03	-7.156748e-03	-1.515843e-03
891           	-2.820509e-03	9.869955e-01	-8.650177e-03	-7.145598e-03	-1.504579e-03
892           	-2.820565e-03	9.869789e-01	-8.628140e-03	-7.134634e-03	-1.493505e-03
893           	-2.820617e-03	9.869624e-01	-8.606332e-03	-7.123783e-03	-1.482549e-03
894           	-2.820668e-03	9.869462e-01	-8.584894e-03	-7.113116e-03	-1.471779e-03
895           	-2.820717e-03	9.869301e-01	-8.563708e-03	-7.102571e-03	-1.461137e-03
896           	-2.820763e-03	9.869143e-01	-8.542942e-03	-7.092234e-03	-1.450707e-03
897           	-2.820807e-03	9.868986e-01	-8.522512e-03	-7.082063e-03	-1.440449e-03
898           	-2.820848e-03	9.868831e-01	-8.502618e-03	-7.072157e-03	-1.430461e-03
899           	-2.820886e-03	9.868678e-01	-8.483182e-03	-7.062477e-03	-1.420705e-03
900           	-2.820922e-03	9.868528e-01	-8.464393e-03	-7.053119e-03	-1.411274e-03
901           	-2.820957e-03	9.868392e-01	-8.446742e-03	-7.044328e-03	-1.402414e-03
902           	-2.820985e-03	9.868248e-01	-8.429348e-03	-7.035659e-03	-1.393689e-03
903           	-2.821012e-03	9.868114e-01	-8.412876e-03	-7.027450e-03	-1.385426e-03
904           	-2.821033e-03	9.867971e-01	-8.396667e-03	-7.019367e-03	-1.377300e-03
905           	-2.821054e-03	9.867837e-01	-8.381371e-03	-7.011739e-03	-1.369632e-03
906           	-2.821071e-03	9.867709e-01	-8.366871e-03	-7.004506e-03	-1.362365e-03
907           	-2.821084e-03	9.867582e-01	-8.352900e-03	-6.997534e-03	-1.355366e-03
908           	-2.821093e-03	9.867457e-01	-8.339562e-03	-6.990874e-03	-1.348688e-03
909           	-2.821099e-03	9.867332e-01	-8.326723e-03	-6.984461e-03	-1.342262e-03
910           	-2.821103e-03	9.867211e-01	-8.314544e-03	-6.978375e-03	-1.336169e-03
911           	-2.821103e-03	9.867092e-01	-8.302914e-03	-6.972560e-03	-1.330354e-03
912           	-2.821101e-03	9.866975e-01	-8.291974e-03	-6.967087e-03	-1.324886e-03
913           	-2.821095e-03	9.866862e-01	-8.281628e-03	-6.961909e-03	-1.319719e-03
914           	-2.821087e-03	9.866754e-01	-8.272060e-03	-6.957117e-03	-1.314943e-03
915           	-2.821076e-03	9.866649e-01	-8.263096e-03	-6.952623e-03	-1.310472e-03
916           	-2.821060e-03	9.866540e-01	-8.254700e-03	-6.948410e-03	-1.306290e-03
917           	-2.821043e-03	9.866440e-01	-8.247119e-03	-6.944602e-03	-1.302516e-03
918           	-2.821022e-03	9.866340e-01	-8.240259e-03	-6.941151e-03	-1.299108e-03
919           	-2.820999e-03	9.866249e-01	-8.234185e-03	-6.938091e-03	-1.296094e-03
920           	-2.820971e-03	9.866159e-01	-8.228861e-03	-6.935402e-03	-1.293459e-03
921           	-2.820940e-03	9.866071e-01	-8.224199e-03	-6.933040e-03	-1.291159e-03
922           	-2.820907e-03	9.865988e-01	-8.220355e-03	-6.931085e-03	-1.289270e-03
923           	-2.820870e-03	9.865909e-01	-8.217173e-03	-6.929457e-03	-1.287716e-03
924           	-2.820831e-03	9.865835e-01	-8.214783e-03	-6.928223e-03	-1.286561e-03
925           	-2.820788e-03	9.865765e-01	-8.213024e-03	-6.927300e-03	-1.285724e-03
926           	-2.820742e-03	9.865700e-01	-8.212032e-03	-6.926758e-03	-1.285274e-03
927           	-2.820693e-03	9.865637e-01	-8.211654e-03	-6.926520e-03	-1.285134e-03
928           	-2.820641e-03	9.865580e-01	-8.212033e-03	-6.926658e-03	-1.285375e-03
929           	-2.820586e-03	9.865526e-01	-8.213022e-03	-6.927097e-03	-1.285924e-03
930           	-2.820529e-03	9.865476e-01	-8.214759e-03	-6.927908e-03	-1.286851e-03
931           	-2.820468e-03	9.865430e-01	-8.217095e-03	-6.929015e-03	-1.288079e-03
932           	-2.820404e-03	9.865388e-01	-8.220177e-03	-6.930493e-03	-1.289684e-03
933           	-2.820337e-03	9.865349e-01	-8.223861e-03	-6.932268e-03	-1.291593e-03
934           	-2.820268e-03	9.865315e-01	-8.228296e-03	-6.934416e-03	-1.293880e-03
935           	-2.820194e-03	9.865283e-01	-8.233337e-03	-6.936863e-03	-1.296474e-03
936           	-2.820119e-03	9.865256e-01	-8.239131e-03	-6.939684e-03	-1.299447e-03
937           	-2.820039e-03	9.865232e-01	-8.245524e-03	-6.942801e-03	-1.302722e-03
938           	-2.819958e-03	9.865213e-01	-8.252656e-03	-6.946286e-03	-1.306370e-03
939           	-2.819873e-03	9.865196e-01	-8.260354e-03	-6.950050e-03	-1.310304e-03
940           	-2.819786e-03	9.865184e-01	-8.268758e-03	-6.954165e-03	-1.314593e-03
941           	-2.819692e-03	9.865172e-01	-8.277586e-03	-6.958485e-03	-1.319101e-03
942           	-2.819596e-03	9.865164e-01	-8.287315e-03	-6.963254e-03	-1.324061e-03
943           	-2.819498e-03	9.865160e-01	-8.297849e-03	-6.968423e-03	-1.329427e-03
944           	-2.819398e-03	9.865162e-01	-8.309290e-03	-6.974043e-03	-1.335247e-03
945           	-2.819296e-03	9.865168e-01	-8.321409e-03	-6.980000e-03	-1.341408e-03
946           	-2.819192e-03	9.865179e-01	-8.334269e-03	-6.986327e-03	-1.347942e-03
947           	-2.819086e-03	9.865192e-01	-8.347617e-03	-6.992894e-03	-1.354723e-03
948           	-2.818978e-03	9.865209e-01	-8.361555e-03	-6.999755e-03	-1.361800e-03
949           	-2.818867e-03	9.865229e-01	-8.375914e-03	-7.006824e-03	-1.369090e-03
950           	-2.818755e-03	9.865253e-01	-8.390822e-03	-7.014166e-03	-1.376656e-03
951           	-2.818640e-03	9.865279e-01	-8.406131e-03	-7.021706e-03	-1.384425e-03
952           	-2.818524e-03	9.865310e-01	-8.421974e-03	-7.029512e-03	-1.392463e-03
953           	-2.818406e-03	9.865343e-01	-8.438205e-03	-7.037509e-03	-1.400697e-03
954           	-2.818286e-03	9.865380e-01	-8.454955e-03	-7.045764e-03	-1.409192e-03
955           	-2.818164e-03	9.865419e-01	-8.472081e-03	-7.054204e-03	-1.417877e-03
956           	-2.818040e-03	9.865462e-01	-8.489720e-03	-7.062900e-03	-1.426820e-03
957           	-2.817914e-03	9.865507e-01	-8.507725e-03	-7.071776e-03	-1.435949e-03
958           	-2.817786e-03	9.865556e-01	-8.526221e-03	-7.080896e-03	-1.445324e-03
959           	-2.817656e-03	9.865605e-01	-8.545066e-03	-7.090189e-03	-1.454877e-03
960           	-2.817526e-03	9.865659e-01	-8.564380e-03	-7.099716e-03	-1.464665e-03
961           	-2.817393e-03	9.865714e-01	-8.584016e-03	-7.109401e-03	-1.474615e-03
962           	-2.817259e-03	9.865772e-01	-8.604102e-03	-7.119310e-03	-1.484792e-03
963           	-2.817123e-03	9.865832e-01	-8.624490e-03	-7.129369e-03	-1.495122e-03
964           	-2.816987e-03	9.865895e-01	-8.645305e-03	-7.139640e-03	-1.505665e-03
965           	-2.816850e-03	9.865960e-01	-8.666386e-03	-7.150043e-03	-1.516343e-03
966           	-2.816713e-03	9.866031e-01	-8.687871e-03	-7.160648e-03	-1.527223e-03
967           	-2.816573e-03	9.866102e-01	-8.709625e-03	-7.171385e-03	-1.538240e-03
968           	-2.816432e-03	9.866174e-01	-8.731728e-03	-7.182295e-03	-1.549432e-03
969           	-2.816288e-03	9.866245e-01	-8.754015e-03	-7.193295e-03	-1.560719e-03
970           	-2.816143e-03	9.866317e-01	-8.776609e-03	-7.204448e-03	-1.572162e-03
971           	-2.815996e-03	9.866389e-01	-8.799380e-03	-7.215686e-03	-1.583694e-03
972           	-2.815850e-03	9.866464e-01	-8.822469e-03	-7.227085e-03	-1.595385e-03
973           	-2.815703e-03	9.866540e-01	-8.845753e-03	-7.238580e-03	-1.607174e-03
974           	-2.815557e-03	9.866619e-01	-8.869364e-03	-7.250239e-03	-1.619126e-03
975           	-2.815410e-03	9.866699e-01	-8.893169e-03	-7.261994e-03	-1.631175e-03
976           	-2.815264e-03	9.866782e-01	-8.917284e-03	-7.273906e-03	-1.643379e-03
977           	-2.815117e-03	9.866865e-01	-8.941563e-03	-7.285898e-03	-1.655665e-03
978           	-2.814970e-03	9.866950e-01	-8.966102e-03	-7.298021e-03	-1.668081e-03
979           	-2.814823e-03	9.867036e-01	-8.990734e-03	-7.310190e-03	-1.680544e-03
980           	-2.814676e-03	9.867123e-01	-9.015555e-03	-7.322453e-03	-1.693102e-03
981           	-2.814528e-03	9.867211e-01	-9.040392e-03	-7.334724e-03	-1.705668e-03
982           	-2.814381e-03	9.867300e-01	-9.065332e-03	-7.347047e-03	-1.718286e-03
983           	-2.814233e-03	9.867389e-01	-9.090200e-03	-7.359333e-03	-1.730867e-03
984           	-2.814085e-03	9.867479e-01	-9.115098e-03	-7.371634e-03	-1.743464e-03
985           	-2.813937e-03	9.867569e-01	-9.139872e-03	-7.383873e-03	-1.755998e-03
986           	-2.813790e-03	9.867660e-01	-9.164640e-03	-7.396110e-03	-1.768530e-03
987           	-2.813643e-03	9.867750e-01	-9.189270e-03	-7.408278e-03	-1.780992e-03
988           	-2.813497e-03	9.867841e-01	-9.213898e-03	-7.420446e-03	-1.793452e-03
989           	-2.813351e-03	9.867932e-01	-9.238409e-03	-7.432555e-03	-1.805854e-03
990           	-2.813205e-03	9.868024e-01	-9.262962e-03	-7.444686e-03	-1.818275e-03
991           	-2.813061e-03	9.868116e-01	-9.287457e-03	-7.456789e-03	-1.830668e-03
992           	-2.812917e-03	9.868208e-01	-9.312032e-03	-7.468933e-03	-1.843099e-03
993           	-2.812773e-03	9.868299e-01	-9.336565e-03	-7.481056e-03	-1.855510e-03
994           	-2.812631e-03	9.868392e-01	-9.361184e-03	-7.493223e-03	-1.867962e-03
995           	-2.812488e-03	9.868484e-01	-9.385745e-03	-7.505361e-03	-1.880384e-03
996           	-2.812347e-03	9.868577e-01	-9.410357e-03	-7.517526e-03	-1.892831e-03
997           	-2.812207e-03	9.868668e-01	-9.434867e-03	-7.529640e-03	-1.905226e-03
998           	-2.812068e-03	9.868761e-01	-9.459364e-03	-7.541750e-03	-1.917615e-03
999           	-2.811929e-03	9.868852e-01	-9.483699e-03	-7.553778e-03	-1.929921e-03
1000          	-2.811791e-03	9.868943e-01	-9.507974e-03	-7.565778e-03	-1.942196e-03
