# Force coefficients
# liftDir     : (0.000000e+00 0.000000e+00 1.000000e+00)
# dragDir     : (0.000000e+00 1.000000e+00 0.000000e+00)
# pitchAxis   : (1.000000e+00 0.000000e+00 0.000000e+00)
# magUInf     : 2.354218e-01
# lRef        : 4.000000e+00
# Aref        : 2.562000e-02
# CofR        : (0.000000e+00 0.000000e+00 0.000000e+00)
# Time        	Cm            	Cd            	Cl            	Cl(f)         	Cl(r)         
1             	-3.737496e-04	8.583019e-02	-9.348622e-03	-5.048061e-03	-4.300561e-03
2             	-2.443586e-03	6.364401e-01	-7.830053e-02	-4.159385e-02	-3.670668e-02
3             	-3.249726e-03	9.777794e-01	-8.051213e-02	-4.350579e-02	-3.700634e-02
4             	-2.942874e-03	1.041531e+00	-4.682856e-02	-2.635716e-02	-2.047141e-02
5             	-2.350492e-03	9.816309e-01	-5.104064e-03	-4.902524e-03	-2.015397e-04
6             	-1.990446e-03	9.115586e-01	1.559402e-02	5.806562e-03	9.787455e-03
7             	-1.693005e-03	8.338692e-01	3.735682e-02	1.698541e-02	2.037142e-02
8             	-1.640016e-03	7.880350e-01	4.164892e-02	1.918444e-02	2.246448e-02
9             	-1.745544e-03	7.761756e-01	3.879824e-02	1.765357e-02	2.114466e-02
10            	-1.887617e-03	7.856124e-01	3.306216e-02	1.464346e-02	1.841870e-02
11            	-2.018479e-03	8.004255e-01	2.774654e-02	1.185479e-02	1.589175e-02
12            	-2.147811e-03	8.186028e-01	2.219181e-02	8.948094e-03	1.324372e-02
13            	-2.276980e-03	8.400396e-01	1.455198e-02	4.999012e-03	9.552971e-03
14            	-2.370301e-03	8.574032e-01	4.029511e-03	-3.555458e-04	4.385057e-03
15            	-2.403734e-03	8.639866e-01	-5.125917e-03	-4.966693e-03	-1.592245e-04
16            	-2.442795e-03	8.649096e-01	-1.304892e-02	-8.967255e-03	-4.081665e-03
17            	-2.509844e-03	8.659432e-01	-2.012165e-02	-1.257067e-02	-7.550982e-03
18            	-2.599264e-03	8.679983e-01	-2.587085e-02	-1.553469e-02	-1.033616e-02
19            	-2.697087e-03	8.705046e-01	-2.931191e-02	-1.735304e-02	-1.195887e-02
20            	-2.796295e-03	8.732527e-01	-2.968494e-02	-1.763877e-02	-1.204618e-02
21            	-2.897762e-03	8.766166e-01	-2.648952e-02	-1.614252e-02	-1.034700e-02
22            	-3.006991e-03	8.818073e-01	-1.934473e-02	-1.267936e-02	-6.665374e-03
23            	-3.102050e-03	8.880079e-01	-9.902300e-03	-8.053200e-03	-1.849100e-03
24            	-3.167925e-03	8.936386e-01	-2.068115e-04	-3.271331e-03	3.064519e-03
25            	-3.198444e-03	8.973122e-01	8.259189e-03	9.311502e-04	7.328039e-03
26            	-3.203726e-03	8.990688e-01	1.520425e-02	4.398401e-03	1.080585e-02
27            	-3.195702e-03	8.994576e-01	2.075880e-02	7.183700e-03	1.357510e-02
28            	-3.183930e-03	8.992978e-01	2.499078e-02	9.311459e-03	1.567932e-02
29            	-3.177456e-03	8.992794e-01	2.798278e-02	1.081393e-02	1.716885e-02
30            	-3.175292e-03	8.991465e-01	3.024481e-02	1.194711e-02	1.829770e-02
31            	-3.173552e-03	8.982024e-01	3.218569e-02	1.291929e-02	1.926640e-02
32            	-3.169737e-03	8.960903e-01	3.420718e-02	1.393385e-02	2.027333e-02
33            	-3.166759e-03	8.933790e-01	3.601718e-02	1.484183e-02	2.117535e-02
34            	-3.166284e-03	8.907329e-01	3.718656e-02	1.542700e-02	2.175957e-02
35            	-3.170598e-03	8.888820e-01	3.766220e-02	1.566050e-02	2.200170e-02
36            	-3.182157e-03	8.884385e-01	3.759663e-02	1.561616e-02	2.198047e-02
37            	-3.201551e-03	8.896192e-01	3.759510e-02	1.559600e-02	2.199910e-02
38            	-3.229924e-03	8.923537e-01	3.855678e-02	1.604847e-02	2.250831e-02
39            	-3.265118e-03	8.956819e-01	4.103269e-02	1.725123e-02	2.378146e-02
40            	-3.302881e-03	8.983050e-01	4.516092e-02	1.927758e-02	2.588334e-02
41            	-3.335459e-03	8.990066e-01	5.087404e-02	2.210156e-02	2.877248e-02
42            	-3.359920e-03	8.975555e-01	5.732705e-02	2.530360e-02	3.202344e-02
43            	-3.377095e-03	8.945020e-01	6.382978e-02	2.853779e-02	3.529198e-02
44            	-3.391905e-03	8.909812e-01	6.996605e-02	3.159112e-02	3.837493e-02
45            	-3.411409e-03	8.884450e-01	7.561690e-02	3.439704e-02	4.121986e-02
46            	-3.435448e-03	8.871979e-01	8.108823e-02	3.710867e-02	4.397956e-02
47            	-3.461999e-03	8.872266e-01	8.696692e-02	4.002146e-02	4.694546e-02
48            	-3.491047e-03	8.888308e-01	9.419620e-02	4.360705e-02	5.058915e-02
49            	-3.518213e-03	8.920497e-01	1.018994e-01	4.743148e-02	5.446791e-02
50            	-3.535403e-03	8.955049e-01	1.083579e-01	5.064355e-02	5.771435e-02
51            	-3.539823e-03	8.980413e-01	1.128575e-01	5.288893e-02	5.996857e-02
52            	-3.530555e-03	8.989198e-01	1.152516e-01	5.409523e-02	6.115634e-02
53            	-3.513859e-03	8.984543e-01	1.157981e-01	5.438521e-02	6.141293e-02
54            	-3.499648e-03	8.976543e-01	1.150192e-01	5.400995e-02	6.100925e-02
55            	-3.492395e-03	8.972899e-01	1.138712e-01	5.344318e-02	6.042797e-02
56            	-3.492909e-03	8.976935e-01	1.132759e-01	5.314502e-02	6.013084e-02
57            	-3.497933e-03	8.985821e-01	1.137281e-01	5.336610e-02	6.036197e-02
58            	-3.505834e-03	8.998125e-01	1.147982e-01	5.389326e-02	6.090493e-02
59            	-3.518251e-03	9.018088e-01	1.152094e-01	5.408645e-02	6.112296e-02
60            	-3.528351e-03	9.038393e-01	1.138333e-01	5.338829e-02	6.044499e-02
61            	-3.530957e-03	9.055302e-01	1.104236e-01	5.168086e-02	5.874277e-02
62            	-3.527868e-03	9.074482e-01	1.052210e-01	4.908264e-02	5.613838e-02
63            	-3.517862e-03	9.096444e-01	9.873959e-02	4.585193e-02	5.288766e-02
64            	-3.501239e-03	9.121829e-01	9.122501e-02	4.211126e-02	4.911374e-02
65            	-3.484200e-03	9.154359e-01	8.285076e-02	3.794118e-02	4.490958e-02
66            	-3.474039e-03	9.199239e-01	7.399998e-02	3.352595e-02	4.047403e-02
67            	-3.473665e-03	9.255271e-01	6.553627e-02	2.929447e-02	3.624180e-02
68            	-3.479545e-03	9.312323e-01	5.893769e-02	2.598930e-02	3.294839e-02
69            	-3.483757e-03	9.356012e-01	5.485475e-02	2.394362e-02	3.091113e-02
70            	-3.481261e-03	9.374830e-01	5.294340e-02	2.299044e-02	2.995296e-02
71            	-3.470154e-03	9.366719e-01	5.282211e-02	2.294090e-02	2.988121e-02
72            	-3.445918e-03	9.325529e-01	5.428595e-02	2.369705e-02	3.058889e-02
73            	-3.417589e-03	9.268990e-01	5.794709e-02	2.555596e-02	3.239114e-02
74            	-3.394540e-03	9.217098e-01	6.349387e-02	2.835239e-02	3.514147e-02
75            	-3.380101e-03	9.176907e-01	7.027481e-02	3.175731e-02	3.851751e-02
76            	-3.369860e-03	9.144597e-01	7.696412e-02	3.511220e-02	4.185192e-02
77            	-3.361796e-03	9.122772e-01	8.252821e-02	3.790231e-02	4.462590e-02
78            	-3.353171e-03	9.106063e-01	8.714673e-02	4.022019e-02	4.692654e-02
79            	-3.335957e-03	9.078416e-01	8.934146e-02	4.133477e-02	4.800669e-02
80            	-3.317080e-03	9.046552e-01	8.699258e-02	4.017921e-02	4.681337e-02
81            	-3.303072e-03	9.009606e-01	7.986939e-02	3.663162e-02	4.323777e-02
82            	-3.300415e-03	8.968796e-01	6.884101e-02	3.112009e-02	3.772092e-02
83            	-3.317705e-03	8.944008e-01	5.579516e-02	2.457988e-02	3.121529e-02
84            	-3.352524e-03	8.941309e-01	4.279399e-02	1.804447e-02	2.474952e-02
85            	-3.395313e-03	8.957997e-01	3.145248e-02	1.233093e-02	1.912155e-02
86            	-3.440947e-03	8.991405e-01	2.240711e-02	7.762606e-03	1.464450e-02
87            	-3.487312e-03	9.037304e-01	1.641464e-02	4.720008e-03	1.169463e-02
88            	-3.543941e-03	9.099205e-01	1.286571e-02	2.888912e-03	9.976794e-03
89            	-3.607260e-03	9.170387e-01	1.296586e-02	2.875670e-03	1.009019e-02
90            	-3.677115e-03	9.250853e-01	1.849967e-02	5.572719e-03	1.292695e-02
91            	-3.748010e-03	9.331551e-01	3.037018e-02	1.143708e-02	1.893310e-02
92            	-3.808092e-03	9.394752e-01	4.762575e-02	2.000478e-02	2.762097e-02
93            	-3.845135e-03	9.423348e-01	6.720839e-02	2.975906e-02	3.744933e-02
94            	-3.848342e-03	9.409687e-01	8.529338e-02	3.879835e-02	4.649503e-02
95            	-3.826223e-03	9.370881e-01	9.929510e-02	4.582133e-02	5.347377e-02
96            	-3.788565e-03	9.322117e-01	1.075123e-01	4.996760e-02	5.754473e-02
97            	-3.751470e-03	9.282424e-01	1.097946e-01	5.114584e-02	5.864878e-02
98            	-3.726806e-03	9.265707e-01	1.061819e-01	4.936416e-02	5.681777e-02
99            	-3.715573e-03	9.265950e-01	9.853170e-02	4.555028e-02	5.298142e-02
100           	-3.703807e-03	9.270497e-01	8.903664e-02	4.081451e-02	4.822213e-02
101           	-3.690534e-03	9.284570e-01	7.960208e-02	3.611051e-02	4.349158e-02
102           	-3.682308e-03	9.319086e-01	7.179481e-02	3.221509e-02	3.957971e-02
103           	-3.679803e-03	9.376130e-01	6.641664e-02	2.952852e-02	3.688812e-02
104           	-3.671635e-03	9.440390e-01	6.325842e-02	2.795757e-02	3.530085e-02
105           	-3.648246e-03	9.498934e-01	6.136915e-02	2.703633e-02	3.433282e-02
106           	-3.605665e-03	9.526749e-01	6.032811e-02	2.655839e-02	3.376972e-02
107           	-3.551222e-03	9.516640e-01	5.934830e-02	2.612293e-02	3.322537e-02
108           	-3.495360e-03	9.473696e-01	5.799333e-02	2.550130e-02	3.249202e-02
109           	-3.451371e-03	9.408437e-01	5.669840e-02	2.489783e-02	3.180057e-02
110           	-3.428158e-03	9.333582e-01	5.647858e-02	2.481113e-02	3.166745e-02
111           	-3.431391e-03	9.271052e-01	5.732403e-02	2.523062e-02	3.209340e-02
112           	-3.454583e-03	9.227910e-01	5.963826e-02	2.636455e-02	3.327371e-02
113           	-3.492595e-03	9.207107e-01	6.331778e-02	2.816629e-02	3.515148e-02
114           	-3.545894e-03	9.209720e-01	6.785669e-02	3.038245e-02	3.747424e-02
115           	-3.618945e-03	9.238893e-01	7.288491e-02	3.282351e-02	4.006140e-02
116           	-3.713861e-03	9.297266e-01	7.763798e-02	3.510513e-02	4.253285e-02
117           	-3.821142e-03	9.377998e-01	8.065270e-02	3.650521e-02	4.414749e-02
118           	-3.921886e-03	9.465146e-01	8.063052e-02	3.639337e-02	4.423714e-02
119           	-4.005612e-03	9.549478e-01	7.741050e-02	3.469964e-02	4.271086e-02
120           	-4.072236e-03	9.629811e-01	7.180068e-02	3.182810e-02	3.997258e-02
121           	-4.125633e-03	9.703485e-01	6.496914e-02	2.835894e-02	3.661020e-02
122           	-4.167680e-03	9.767877e-01	5.785352e-02	2.475908e-02	3.309444e-02
123           	-4.197745e-03	9.817316e-01	5.109211e-02	2.134831e-02	2.974380e-02
124           	-4.215158e-03	9.845672e-01	4.571394e-02	1.864181e-02	2.707213e-02
125           	-4.223063e-03	9.847306e-01	4.277478e-02	1.716433e-02	2.561045e-02
126           	-4.223736e-03	9.819757e-01	4.369604e-02	1.762428e-02	2.607176e-02
127           	-4.220269e-03	9.769236e-01	4.886682e-02	2.021314e-02	2.865368e-02
128           	-4.216957e-03	9.708491e-01	5.821164e-02	2.488886e-02	3.332278e-02
129           	-4.218684e-03	9.653262e-01	7.120931e-02	3.138597e-02	3.982334e-02
130           	-4.227294e-03	9.618103e-01	8.680760e-02	3.917651e-02	4.763110e-02
131           	-4.241358e-03	9.614161e-01	1.026220e-01	4.706964e-02	5.555235e-02
132           	-4.245476e-03	9.617971e-01	1.172103e-01	5.435967e-02	6.285062e-02
133           	-4.235630e-03	9.616323e-01	1.311593e-01	6.134400e-02	6.981526e-02
134           	-4.204994e-03	9.597782e-01	1.446888e-01	6.813941e-02	7.654940e-02
135           	-4.152191e-03	9.556566e-01	1.553383e-01	7.351695e-02	8.182133e-02
136           	-4.076392e-03	9.480197e-01	1.606586e-01	7.625292e-02	8.440571e-02
137           	-3.990867e-03	9.391463e-01	1.596269e-01	7.582259e-02	8.380432e-02
138           	-3.906952e-03	9.304625e-01	1.541469e-01	7.316650e-02	8.098040e-02
139           	-3.831311e-03	9.226465e-01	1.464337e-01	6.938552e-02	7.704814e-02
140           	-3.765595e-03	9.159119e-01	1.378000e-01	6.513441e-02	7.266560e-02
141           	-3.706897e-03	9.100901e-01	1.287358e-01	6.066099e-02	6.807478e-02
142           	-3.652000e-03	9.051787e-01	1.192508e-01	5.597341e-02	6.327742e-02
143           	-3.599808e-03	9.010365e-01	1.096863e-01	5.124335e-02	5.844297e-02
144           	-3.552249e-03	8.979987e-01	1.006142e-01	4.675487e-02	5.385937e-02
145           	-3.509376e-03	8.959652e-01	9.248083e-02	4.273104e-02	4.974979e-02
146           	-3.469114e-03	8.941896e-01	8.564095e-02	3.935136e-02	4.628959e-02
147           	-3.433257e-03	8.925558e-01	7.961652e-02	3.637500e-02	4.324152e-02
148           	-3.412664e-03	8.920658e-01	7.303409e-02	3.310438e-02	3.992971e-02
149           	-3.412222e-03	8.934310e-01	6.533332e-02	2.925444e-02	3.607888e-02
150           	-3.428899e-03	8.963752e-01	5.582425e-02	2.448323e-02	3.134102e-02
151           	-3.458845e-03	9.007233e-01	4.500024e-02	1.904127e-02	2.595896e-02
152           	-3.497718e-03	9.063656e-01	3.415311e-02	1.357884e-02	2.057427e-02
153           	-3.541778e-03	9.132640e-01	2.482166e-02	8.869050e-03	1.595261e-02
154           	-3.592093e-03	9.215865e-01	1.786492e-02	5.340367e-03	1.252455e-02
155           	-3.645295e-03	9.307252e-01	1.400877e-02	3.359088e-03	1.064968e-02
156           	-3.700878e-03	9.403521e-01	1.319561e-02	2.896929e-03	1.029868e-02
157           	-3.759249e-03	9.504380e-01	1.515679e-02	3.819145e-03	1.133764e-02
158           	-3.807942e-03	9.588619e-01	1.924692e-02	5.815520e-03	1.343140e-02
159           	-3.850560e-03	9.652638e-01	2.517932e-02	8.739099e-03	1.644022e-02
160           	-3.897819e-03	9.699220e-01	3.251035e-02	1.235736e-02	2.015299e-02
161           	-3.942417e-03	9.715341e-01	3.974807e-02	1.593162e-02	2.381645e-02
162           	-3.979878e-03	9.695326e-01	4.589085e-02	1.896555e-02	2.692530e-02
163           	-4.014864e-03	9.649484e-01	5.069600e-02	2.133313e-02	2.936286e-02
164           	-4.051325e-03	9.585298e-01	5.430444e-02	2.310090e-02	3.120355e-02
165           	-4.093693e-03	9.516309e-01	5.721310e-02	2.451286e-02	3.270024e-02
166           	-4.141913e-03	9.467794e-01	5.965205e-02	2.568411e-02	3.396794e-02
167           	-4.192766e-03	9.452589e-01	6.213115e-02	2.687281e-02	3.525834e-02
168           	-4.239861e-03	9.468240e-01	6.535749e-02	2.843888e-02	3.691861e-02
169           	-4.266881e-03	9.500779e-01	6.902670e-02	3.024647e-02	3.878023e-02
170           	-4.252984e-03	9.530798e-01	7.242029e-02	3.195716e-02	4.046313e-02
171           	-4.207835e-03	9.567552e-01	7.536150e-02	3.347291e-02	4.188858e-02
172           	-4.148405e-03	9.596220e-01	7.895069e-02	3.532694e-02	4.362375e-02
173           	-4.083088e-03	9.606776e-01	8.329811e-02	3.756597e-02	4.573214e-02
174           	-4.014611e-03	9.598007e-01	8.800432e-02	3.998755e-02	4.801677e-02
175           	-3.944542e-03	9.566750e-01	9.300161e-02	4.255627e-02	5.044535e-02
176           	-3.881150e-03	9.521508e-01	9.836048e-02	4.529909e-02	5.306139e-02
177           	-3.832846e-03	9.476483e-01	1.040500e-01	4.819215e-02	5.585784e-02
178           	-3.803983e-03	9.451178e-01	1.099496e-01	5.117082e-02	5.877879e-02
179           	-3.792340e-03	9.451259e-01	1.155612e-01	5.398824e-02	6.157292e-02
180           	-3.787413e-03	9.470835e-01	1.207157e-01	5.657045e-02	6.414527e-02
181           	-3.778442e-03	9.499680e-01	1.254465e-01	5.894482e-02	6.650170e-02
182           	-3.760632e-03	9.530443e-01	1.293933e-01	6.093603e-02	6.845730e-02
183           	-3.733413e-03	9.556588e-01	1.317482e-01	6.214066e-02	6.960749e-02
184           	-3.698008e-03	9.572998e-01	1.319215e-01	6.226272e-02	6.965874e-02
185           	-3.655818e-03	9.577564e-01	1.295136e-01	6.110098e-02	6.841261e-02
186           	-3.608604e-03	9.569303e-01	1.239344e-01	5.835861e-02	6.557581e-02
187           	-3.562484e-03	9.551792e-01	1.145234e-01	5.369922e-02	6.082419e-02
188           	-3.526207e-03	9.532062e-01	1.008946e-01	4.692112e-02	5.397353e-02
189           	-3.506651e-03	9.516456e-01	8.356965e-02	3.827818e-02	4.529148e-02
190           	-3.504976e-03	9.507660e-01	6.392454e-02	2.845729e-02	3.546724e-02
191           	-3.517265e-03	9.504459e-01	4.349174e-02	1.822860e-02	2.526313e-02
192           	-3.538741e-03	9.504806e-01	2.357660e-02	8.249559e-03	1.532704e-02
193           	-3.565208e-03	9.505252e-01	5.154896e-03	-9.877603e-04	6.142656e-03
194           	-3.593992e-03	9.502993e-01	-1.065900e-02	-8.923490e-03	-1.735507e-03
195           	-3.623693e-03	9.496255e-01	-2.263515e-02	-1.494127e-02	-7.693883e-03
196           	-3.653174e-03	9.485718e-01	-2.991394e-02	-1.861014e-02	-1.130379e-02
197           	-3.678812e-03	9.469353e-01	-3.191139e-02	-1.963451e-02	-1.227688e-02
198           	-3.699801e-03	9.448830e-01	-2.837177e-02	-1.788568e-02	-1.048608e-02
199           	-3.718687e-03	9.427614e-01	-1.982705e-02	-1.363221e-02	-6.194839e-03
200           	-3.740636e-03	9.409552e-01	-7.759719e-03	-7.620496e-03	-1.392231e-04
201           	-3.769494e-03	9.395348e-01	5.783929e-03	-8.775297e-04	6.661459e-03
202           	-3.805931e-03	9.383279e-01	1.881790e-02	5.603018e-03	1.321488e-02
203           	-3.847299e-03	9.371957e-01	3.009609e-02	1.120075e-02	1.889535e-02
204           	-3.890990e-03	9.361655e-01	3.947625e-02	1.584714e-02	2.362912e-02
205           	-3.934005e-03	9.360456e-01	4.687120e-02	1.950160e-02	2.736961e-02
206           	-3.969331e-03	9.368977e-01	5.272774e-02	2.239454e-02	3.033320e-02
207           	-3.992311e-03	9.383917e-01	5.821120e-02	2.511329e-02	3.309791e-02
208           	-4.000318e-03	9.397794e-01	6.441494e-02	2.820715e-02	3.620779e-02
209           	-3.993315e-03	9.407066e-01	7.181856e-02	3.191596e-02	3.990259e-02
210           	-3.970918e-03	9.405634e-01	8.054080e-02	3.629948e-02	4.424132e-02
211           	-3.934702e-03	9.391875e-01	9.018108e-02	4.115584e-02	4.902524e-02
212           	-3.887002e-03	9.364638e-01	1.001649e-01	4.619543e-02	5.396943e-02
213           	-3.832495e-03	9.325461e-01	1.096367e-01	5.098583e-02	5.865082e-02
214           	-3.777683e-03	9.280161e-01	1.174628e-01	5.495372e-02	6.250908e-02
215           	-3.727694e-03	9.235021e-01	1.227388e-01	5.764173e-02	6.509711e-02
216           	-3.685314e-03	9.194743e-01	1.249403e-01	5.878484e-02	6.615547e-02
217           	-3.651557e-03	9.161600e-01	1.238583e-01	5.827760e-02	6.558071e-02
218           	-3.628752e-03	9.139603e-01	1.193560e-01	5.604924e-02	6.330674e-02
219           	-3.619262e-03	9.132270e-01	1.116895e-01	5.222546e-02	5.946399e-02
220           	-3.622673e-03	9.139995e-01	1.016749e-01	4.721476e-02	5.446011e-02
221           	-3.636364e-03	9.160148e-01	9.068511e-02	4.170619e-02	4.897892e-02
222           	-3.656298e-03	9.187443e-01	8.012477e-02	3.640609e-02	4.371868e-02
223           	-3.678670e-03	9.217389e-01	7.097034e-02	3.180650e-02	3.916384e-02
224           	-3.701657e-03	9.247630e-01	6.373333e-02	2.816501e-02	3.556832e-02
225           	-3.724806e-03	9.277805e-01	5.860371e-02	2.557705e-02	3.302666e-02
226           	-3.748725e-03	9.309040e-01	5.586969e-02	2.418612e-02	3.168357e-02
227           	-3.773116e-03	9.338703e-01	5.595854e-02	2.420616e-02	3.175239e-02
228           	-3.796963e-03	9.362555e-01	5.884800e-02	2.562703e-02	3.322096e-02
229           	-3.819963e-03	9.379559e-01	6.382105e-02	2.809056e-02	3.573049e-02
230           	-3.842586e-03	9.389674e-01	6.984449e-02	3.107966e-02	3.876483e-02
231           	-3.867640e-03	9.397635e-01	7.602620e-02	3.414546e-02	4.188074e-02
232           	-3.893341e-03	9.403289e-01	8.166357e-02	3.693844e-02	4.472512e-02
233           	-3.918058e-03	9.407654e-01	8.647141e-02	3.931764e-02	4.715376e-02
234           	-3.940877e-03	9.411857e-01	9.049286e-02	4.130555e-02	4.918731e-02
235           	-3.960507e-03	9.415705e-01	9.398974e-02	4.303436e-02	5.095537e-02
236           	-3.975699e-03	9.418641e-01	9.733709e-02	4.469285e-02	5.264425e-02
237           	-3.984971e-03	9.419445e-01	1.005583e-01	4.629418e-02	5.426412e-02
238           	-3.986958e-03	9.417160e-01	1.039381e-01	4.798211e-02	5.595603e-02
239           	-3.981751e-03	9.412394e-01	1.077009e-01	4.986872e-02	5.783223e-02
240           	-3.971966e-03	9.408169e-01	1.113620e-01	5.170904e-02	5.965297e-02
241           	-3.960655e-03	9.408668e-01	1.143359e-01	5.320731e-02	6.112862e-02
242           	-3.948430e-03	9.415065e-01	1.162400e-01	5.417155e-02	6.206841e-02
243           	-3.934241e-03	9.423388e-01	1.170453e-01	5.458839e-02	6.245688e-02
244           	-3.918285e-03	9.431834e-01	1.168615e-01	5.451246e-02	6.234903e-02
245           	-3.900469e-03	9.438685e-01	1.159557e-01	5.407736e-02	6.187830e-02
246           	-3.879875e-03	9.441846e-01	1.146418e-01	5.344104e-02	6.120079e-02
247           	-3.857362e-03	9.441779e-01	1.133668e-01	5.282601e-02	6.054074e-02
248           	-3.832244e-03	9.437854e-01	1.122356e-01	5.228557e-02	5.995006e-02
249           	-3.804011e-03	9.429657e-01	1.112724e-01	5.183221e-02	5.944024e-02
250           	-3.772640e-03	9.417123e-01	1.104217e-01	5.143823e-02	5.898351e-02
251           	-3.738887e-03	9.400261e-01	1.095727e-01	5.104746e-02	5.852524e-02
252           	-3.704142e-03	9.379793e-01	1.085876e-01	5.058966e-02	5.799795e-02
253           	-3.670987e-03	9.356457e-01	1.072754e-01	4.996670e-02	5.730868e-02
254           	-3.642351e-03	9.331655e-01	1.054340e-01	4.907467e-02	5.635937e-02
255           	-3.621268e-03	9.307330e-01	1.029033e-01	4.783036e-02	5.507290e-02
256           	-3.611081e-03	9.285380e-01	9.940029e-02	4.608906e-02	5.331123e-02
257           	-3.613195e-03	9.268481e-01	9.511110e-02	4.394235e-02	5.116874e-02
258           	-3.627252e-03	9.257142e-01	9.020497e-02	4.147523e-02	4.872974e-02
259           	-3.652859e-03	9.254127e-01	8.484809e-02	3.877119e-02	4.607691e-02
260           	-3.687160e-03	9.260531e-01	7.933604e-02	3.598086e-02	4.335518e-02
261           	-3.724399e-03	9.275999e-01	7.408291e-02	3.331706e-02	4.076585e-02
262           	-3.757976e-03	9.298524e-01	6.956047e-02	3.102226e-02	3.853821e-02
263           	-3.781818e-03	9.323569e-01	6.605395e-02	2.924515e-02	3.680879e-02
264           	-3.796822e-03	9.349913e-01	6.373327e-02	2.806982e-02	3.566346e-02
265           	-3.804980e-03	9.375855e-01	6.270402e-02	2.754703e-02	3.515699e-02
266           	-3.808935e-03	9.399945e-01	6.303481e-02	2.770847e-02	3.532634e-02
267           	-3.810982e-03	9.420937e-01	6.488873e-02	2.863339e-02	3.625535e-02
268           	-3.811513e-03	9.437999e-01	6.874614e-02	3.056156e-02	3.818458e-02
269           	-3.811649e-03	9.448715e-01	7.451574e-02	3.344622e-02	4.106952e-02
270           	-3.811697e-03	9.452009e-01	8.172071e-02	3.704866e-02	4.467205e-02
271           	-3.810656e-03	9.448721e-01	8.957367e-02	4.097618e-02	4.859749e-02
272           	-3.806594e-03	9.440891e-01	9.719832e-02	4.479257e-02	5.240575e-02
273           	-3.798617e-03	9.430207e-01	1.039692e-01	4.818599e-02	5.578323e-02
274           	-3.787910e-03	9.417730e-01	1.095443e-01	5.098426e-02	5.856008e-02
275           	-3.777833e-03	9.405113e-01	1.137612e-01	5.310274e-02	6.065841e-02
276           	-3.769401e-03	9.391686e-01	1.167643e-01	5.461273e-02	6.215154e-02
277           	-3.762499e-03	9.377038e-01	1.186142e-01	5.554459e-02	6.306959e-02
278           	-3.756659e-03	9.360944e-01	1.192928e-01	5.588975e-02	6.340307e-02
279           	-3.750772e-03	9.343614e-01	1.187166e-01	5.560755e-02	6.310909e-02
280           	-3.744202e-03	9.325972e-01	1.168232e-01	5.466742e-02	6.215583e-02
281           	-3.737441e-03	9.309526e-01	1.138039e-01	5.316452e-02	6.063940e-02
282           	-3.731363e-03	9.294504e-01	1.099140e-01	5.122565e-02	5.868837e-02
283           	-3.727984e-03	9.281446e-01	1.057706e-01	4.915731e-02	5.661328e-02
284           	-3.728500e-03	9.270798e-01	1.017199e-01	4.713147e-02	5.458847e-02
285           	-3.733315e-03	9.262239e-01	9.795491e-02	4.524414e-02	5.271077e-02
286           	-3.741830e-03	9.256881e-01	9.454561e-02	4.353097e-02	5.101463e-02
287           	-3.752423e-03	9.256000e-01	9.147841e-02	4.198678e-02	4.949163e-02
288           	-3.763645e-03	9.260327e-01	8.866383e-02	4.056827e-02	4.809556e-02
289           	-3.774846e-03	9.269768e-01	8.605755e-02	3.925393e-02	4.680362e-02
290           	-3.785150e-03	9.282658e-01	8.379636e-02	3.811303e-02	4.568333e-02
291           	-3.794655e-03	9.298388e-01	8.204816e-02	3.722942e-02	4.481873e-02
292           	-3.802461e-03	9.314867e-01	8.102052e-02	3.670780e-02	4.431272e-02
293           	-3.807928e-03	9.331397e-01	8.092536e-02	3.665475e-02	4.427061e-02
294           	-3.810669e-03	9.346944e-01	8.196222e-02	3.717044e-02	4.479178e-02
295           	-3.811174e-03	9.359711e-01	8.432844e-02	3.835305e-02	4.597539e-02
296           	-3.810989e-03	9.367804e-01	8.807765e-02	4.022784e-02	4.784981e-02
297           	-3.811560e-03	9.369845e-01	9.291216e-02	4.264452e-02	5.026764e-02
298           	-3.812913e-03	9.366654e-01	9.834655e-02	4.536036e-02	5.298619e-02
299           	-3.814591e-03	9.359930e-01	1.036588e-01	4.801478e-02	5.564397e-02
300           	-3.816302e-03	9.352307e-01	1.083711e-01	5.036925e-02	5.800185e-02
301           	-3.817456e-03	9.345138e-01	1.121441e-01	5.225459e-02	5.988950e-02
302           	-3.817542e-03	9.339004e-01	1.148252e-01	5.359505e-02	6.123013e-02
303           	-3.816823e-03	9.333838e-01	1.165562e-01	5.446126e-02	6.209490e-02
304           	-3.815613e-03	9.329137e-01	1.174798e-01	5.492427e-02	6.255549e-02
305           	-3.814201e-03	9.324168e-01	1.176402e-01	5.500591e-02	6.263431e-02
306           	-3.812503e-03	9.317866e-01	1.169611e-01	5.466805e-02	6.229306e-02
307           	-3.810068e-03	9.309934e-01	1.154363e-01	5.390810e-02	6.152824e-02
308           	-3.806635e-03	9.300709e-01	1.133109e-01	5.284881e-02	6.046208e-02
309           	-3.802488e-03	9.291050e-01	1.109536e-01	5.167429e-02	5.927927e-02
310           	-3.798195e-03	9.281680e-01	1.086350e-01	5.051933e-02	5.811572e-02
311           	-3.793740e-03	9.272329e-01	1.063638e-01	4.938814e-02	5.697562e-02
312           	-3.789716e-03	9.263865e-01	1.042098e-01	4.831519e-02	5.589463e-02
313           	-3.786332e-03	9.256704e-01	1.021627e-01	4.729500e-02	5.486766e-02
314           	-3.783567e-03	9.251271e-01	1.001973e-01	4.631509e-02	5.388222e-02
315           	-3.781303e-03	9.248117e-01	9.831758e-02	4.537749e-02	5.294009e-02
316           	-3.779432e-03	9.247578e-01	9.657786e-02	4.450950e-02	5.206836e-02
317           	-3.777861e-03	9.249511e-01	9.505336e-02	4.374882e-02	5.130454e-02
318           	-3.776531e-03	9.253332e-01	9.379960e-02	4.312327e-02	5.067633e-02
319           	-3.775437e-03	9.258510e-01	9.282885e-02	4.263899e-02	5.018986e-02
320           	-3.774622e-03	9.264334e-01	9.213757e-02	4.229416e-02	4.984341e-02
321           	-3.774096e-03	9.270471e-01	9.176798e-02	4.210989e-02	4.965809e-02
322           	-3.774075e-03	9.276332e-01	9.177235e-02	4.211210e-02	4.966025e-02
323           	-3.774619e-03	9.281602e-01	9.214910e-02	4.229993e-02	4.984917e-02
324           	-3.775923e-03	9.286633e-01	9.285660e-02	4.265238e-02	5.020422e-02
325           	-3.777611e-03	9.291410e-01	9.376968e-02	4.310723e-02	5.066245e-02
326           	-3.779151e-03	9.295883e-01	9.475832e-02	4.360001e-02	5.115831e-02
327           	-3.780056e-03	9.299991e-01	9.570000e-02	4.406995e-02	5.163006e-02
328           	-3.780009e-03	9.303657e-01	9.648759e-02	4.446378e-02	5.202380e-02
329           	-3.778917e-03	9.306774e-01	9.704959e-02	4.474588e-02	5.230371e-02
330           	-3.776980e-03	9.309196e-01	9.735496e-02	4.490050e-02	5.245446e-02
331           	-3.774590e-03	9.310910e-01	9.741179e-02	4.493130e-02	5.248048e-02
332           	-3.772124e-03	9.311862e-01	9.725404e-02	4.485490e-02	5.239914e-02
333           	-3.769857e-03	9.312004e-01	9.692042e-02	4.469035e-02	5.223007e-02
334           	-3.767885e-03	9.311294e-01	9.644030e-02	4.445226e-02	5.198803e-02
335           	-3.766170e-03	9.309692e-01	9.583063e-02	4.414914e-02	5.168148e-02
336           	-3.764598e-03	9.307220e-01	9.510094e-02	4.378587e-02	5.131507e-02
337           	-3.762993e-03	9.304070e-01	9.424916e-02	4.336159e-02	5.088758e-02
338           	-3.761138e-03	9.300564e-01	9.325538e-02	4.286655e-02	5.038883e-02
339           	-3.758837e-03	9.297120e-01	9.207381e-02	4.227807e-02	4.979574e-02
340           	-3.755912e-03	9.294235e-01	9.067485e-02	4.158151e-02	4.909334e-02
341           	-3.752427e-03	9.292342e-01	8.907644e-02	4.078579e-02	4.829065e-02
342           	-3.748681e-03	9.291814e-01	8.737304e-02	3.993784e-02	4.743520e-02
343           	-3.745016e-03	9.292491e-01	8.567729e-02	3.909363e-02	4.658366e-02
344           	-3.741798e-03	9.294128e-01	8.408969e-02	3.830305e-02	4.578664e-02
345           	-3.739102e-03	9.296208e-01	8.267054e-02	3.759617e-02	4.507437e-02
346           	-3.737043e-03	9.298558e-01	8.146862e-02	3.699726e-02	4.447135e-02
347           	-3.735526e-03	9.301134e-01	8.048775e-02	3.650835e-02	4.397940e-02
348           	-3.734437e-03	9.303935e-01	7.973614e-02	3.613363e-02	4.360250e-02
349           	-3.733748e-03	9.306954e-01	7.923915e-02	3.588583e-02	4.335332e-02
350           	-3.733408e-03	9.310023e-01	7.902818e-02	3.578068e-02	4.324750e-02
351           	-3.733464e-03	9.313361e-01	7.910007e-02	3.581657e-02	4.328350e-02
352           	-3.733871e-03	9.316957e-01	7.940081e-02	3.596653e-02	4.343428e-02
353           	-3.734450e-03	9.320860e-01	7.982489e-02	3.617800e-02	4.364690e-02
354           	-3.735070e-03	9.325117e-01	8.025722e-02	3.639354e-02	4.386368e-02
355           	-3.735708e-03	9.329981e-01	8.061069e-02	3.656964e-02	4.404106e-02
356           	-3.736043e-03	9.335010e-01	8.082107e-02	3.667449e-02	4.414658e-02
357           	-3.736040e-03	9.339795e-01	8.088301e-02	3.670547e-02	4.417755e-02
358           	-3.735827e-03	9.344131e-01	8.082424e-02	3.667629e-02	4.414795e-02
359           	-3.735514e-03	9.347844e-01	8.068453e-02	3.660675e-02	4.407778e-02
360           	-3.735158e-03	9.350809e-01	8.050130e-02	3.651549e-02	4.398581e-02
361           	-3.734740e-03	9.352897e-01	8.030561e-02	3.641807e-02	4.388755e-02
362           	-3.734196e-03	9.353990e-01	8.012272e-02	3.632717e-02	4.379556e-02
363           	-3.733400e-03	9.354040e-01	7.995633e-02	3.624477e-02	4.371157e-02
364           	-3.732402e-03	9.353445e-01	7.980785e-02	3.617152e-02	4.363633e-02
365           	-3.731093e-03	9.352427e-01	7.963562e-02	3.608672e-02	4.354890e-02
366           	-3.729469e-03	9.351291e-01	7.940383e-02	3.597245e-02	4.343139e-02
367           	-3.727430e-03	9.350253e-01	7.906563e-02	3.580538e-02	4.326024e-02
368           	-3.724971e-03	9.349521e-01	7.857215e-02	3.556110e-02	4.301104e-02
369           	-3.722187e-03	9.349272e-01	7.792351e-02	3.523957e-02	4.268394e-02
370           	-3.719321e-03	9.349514e-01	7.717031e-02	3.486583e-02	4.230447e-02
371           	-3.716566e-03	9.350141e-01	7.636041e-02	3.446364e-02	4.189677e-02
372           	-3.714133e-03	9.350969e-01	7.556828e-02	3.407001e-02	4.149827e-02
373           	-3.712089e-03	9.351884e-01	7.484407e-02	3.370994e-02	4.113412e-02
374           	-3.710379e-03	9.352820e-01	7.421548e-02	3.339736e-02	4.081812e-02
375           	-3.708924e-03	9.353727e-01	7.370866e-02	3.314540e-02	4.056325e-02
376           	-3.707661e-03	9.354498e-01	7.335875e-02	3.297171e-02	4.038704e-02
377           	-3.706484e-03	9.355181e-01	7.316340e-02	3.287522e-02	4.028818e-02
378           	-3.705321e-03	9.355850e-01	7.310221e-02	3.284578e-02	4.025643e-02
379           	-3.704122e-03	9.356613e-01	7.313918e-02	3.286547e-02	4.027371e-02
380           	-3.702847e-03	9.357597e-01	7.323266e-02	3.291349e-02	4.031918e-02
381           	-3.701454e-03	9.358912e-01	7.333336e-02	3.296522e-02	4.036813e-02
382           	-3.699899e-03	9.360543e-01	7.338738e-02	3.299379e-02	4.039359e-02
383           	-3.698187e-03	9.362362e-01	7.335587e-02	3.297975e-02	4.037612e-02
384           	-3.696420e-03	9.364234e-01	7.323099e-02	3.291907e-02	4.031191e-02
385           	-3.694723e-03	9.366023e-01	7.303224e-02	3.282140e-02	4.021084e-02
386           	-3.693182e-03	9.367638e-01	7.278985e-02	3.270174e-02	4.008811e-02
387           	-3.691787e-03	9.369043e-01	7.253000e-02	3.257321e-02	3.995679e-02
388           	-3.690501e-03	9.370148e-01	7.227440e-02	3.244670e-02	3.982770e-02
389           	-3.689249e-03	9.370823e-01	7.204342e-02	3.233246e-02	3.971096e-02
390           	-3.687962e-03	9.370956e-01	7.185707e-02	3.224057e-02	3.961650e-02
391           	-3.686600e-03	9.370553e-01	7.172244e-02	3.217462e-02	3.954782e-02
392           	-3.685112e-03	9.369756e-01	7.162776e-02	3.212877e-02	3.949899e-02
393           	-3.683492e-03	9.368778e-01	7.154094e-02	3.208698e-02	3.945396e-02
394           	-3.681689e-03	9.367774e-01	7.142687e-02	3.203175e-02	3.939512e-02
395           	-3.679645e-03	9.366877e-01	7.124906e-02	3.194489e-02	3.930418e-02
396           	-3.677355e-03	9.366227e-01	7.097977e-02	3.181253e-02	3.916724e-02
397           	-3.674912e-03	9.365901e-01	7.061565e-02	3.163291e-02	3.898274e-02
398           	-3.672469e-03	9.365900e-01	7.016779e-02	3.141142e-02	3.875636e-02
399           	-3.670149e-03	9.366089e-01	6.967974e-02	3.116972e-02	3.851002e-02
400           	-3.668054e-03	9.366338e-01	6.919711e-02	3.093050e-02	3.826661e-02
401           	-3.666203e-03	9.366578e-01	6.875070e-02	3.070914e-02	3.804155e-02
402           	-3.664529e-03	9.366764e-01	6.835495e-02	3.051294e-02	3.784200e-02
403           	-3.662975e-03	9.366819e-01	6.803188e-02	3.035297e-02	3.767892e-02
404           	-3.661466e-03	9.366758e-01	6.778728e-02	3.023217e-02	3.755510e-02
405           	-3.659916e-03	9.366535e-01	6.762945e-02	3.015481e-02	3.747464e-02
406           	-3.658339e-03	9.366202e-01	6.755187e-02	3.011760e-02	3.743428e-02
407           	-3.656737e-03	9.365842e-01	6.753148e-02	3.010900e-02	3.742248e-02
408           	-3.655084e-03	9.365542e-01	6.753717e-02	3.011350e-02	3.742367e-02
409           	-3.653344e-03	9.365391e-01	6.753335e-02	3.011333e-02	3.742002e-02
410           	-3.651496e-03	9.365453e-01	6.748277e-02	3.008989e-02	3.739288e-02
411           	-3.649569e-03	9.365767e-01	6.735833e-02	3.002959e-02	3.732873e-02
412           	-3.647624e-03	9.366234e-01	6.715632e-02	2.993053e-02	3.722578e-02
413           	-3.645756e-03	9.366789e-01	6.689284e-02	2.980067e-02	3.709218e-02
414           	-3.644033e-03	9.367341e-01	6.659560e-02	2.965376e-02	3.694183e-02
415           	-3.642478e-03	9.367847e-01	6.629038e-02	2.950271e-02	3.678767e-02
416           	-3.641063e-03	9.368217e-01	6.599864e-02	2.935826e-02	3.664038e-02
417           	-3.639716e-03	9.368395e-01	6.573113e-02	2.922585e-02	3.650528e-02
418           	-3.638374e-03	9.368317e-01	6.549896e-02	2.911110e-02	3.638785e-02
419           	-3.636991e-03	9.367946e-01	6.531304e-02	2.901953e-02	3.629351e-02
420           	-3.635533e-03	9.367286e-01	6.517801e-02	2.895347e-02	3.622454e-02
421           	-3.634005e-03	9.366445e-01	6.508102e-02	2.890650e-02	3.617451e-02
422           	-3.632428e-03	9.365550e-01	6.500261e-02	2.886887e-02	3.613373e-02
423           	-3.630747e-03	9.364685e-01	6.491551e-02	2.882701e-02	3.608850e-02
424           	-3.628939e-03	9.363939e-01	6.479340e-02	2.876776e-02	3.602564e-02
425           	-3.627020e-03	9.363386e-01	6.461526e-02	2.868061e-02	3.593465e-02
426           	-3.625077e-03	9.363066e-01	6.437711e-02	2.856348e-02	3.581363e-02
427           	-3.623198e-03	9.362944e-01	6.408977e-02	2.842169e-02	3.566808e-02
428           	-3.621452e-03	9.362942e-01	6.377540e-02	2.826625e-02	3.550915e-02
429           	-3.619875e-03	9.362986e-01	6.345901e-02	2.810963e-02	3.534938e-02
430           	-3.618460e-03	9.363016e-01	6.316114e-02	2.796211e-02	3.519903e-02
431           	-3.617173e-03	9.362995e-01	6.289298e-02	2.782932e-02	3.506367e-02
432           	-3.615924e-03	9.362875e-01	6.266129e-02	2.771472e-02	3.494657e-02
433           	-3.614641e-03	9.362615e-01	6.247195e-02	2.762134e-02	3.485062e-02
434           	-3.613270e-03	9.362192e-01	6.232964e-02	2.755155e-02	3.477809e-02
435           	-3.611845e-03	9.361631e-01	6.223297e-02	2.750464e-02	3.472833e-02
436           	-3.610387e-03	9.360991e-01	6.217009e-02	2.747466e-02	3.469543e-02
437           	-3.608900e-03	9.360341e-01	6.212183e-02	2.745202e-02	3.466982e-02
438           	-3.607369e-03	9.359747e-01	6.206536e-02	2.742531e-02	3.464005e-02
439           	-3.605786e-03	9.359268e-01	6.197747e-02	2.738295e-02	3.459452e-02
440           	-3.604166e-03	9.358944e-01	6.184127e-02	2.731647e-02	3.452480e-02
441           	-3.602551e-03	9.358774e-01	6.165248e-02	2.722369e-02	3.442879e-02
442           	-3.600990e-03	9.358715e-01	6.142012e-02	2.710907e-02	3.431105e-02
443           	-3.599528e-03	9.358706e-01	6.116142e-02	2.698118e-02	3.418024e-02
444           	-3.598185e-03	9.358690e-01	6.089603e-02	2.684983e-02	3.404620e-02
445           	-3.596956e-03	9.358623e-01	6.064051e-02	2.672330e-02	3.391721e-02
446           	-3.595804e-03	9.358472e-01	6.040533e-02	2.660686e-02	3.379847e-02
447           	-3.594674e-03	9.358208e-01	6.019590e-02	2.650328e-02	3.369262e-02
448           	-3.593517e-03	9.357809e-01	6.001645e-02	2.641471e-02	3.360174e-02
449           	-3.592307e-03	9.357267e-01	5.986975e-02	2.634257e-02	3.352718e-02
450           	-3.591041e-03	9.356607e-01	5.975409e-02	2.628600e-02	3.346809e-02
451           	-3.589726e-03	9.355879e-01	5.966112e-02	2.624083e-02	3.342029e-02
452           	-3.588367e-03	9.355136e-01	5.957772e-02	2.620049e-02	3.337723e-02
453           	-3.586964e-03	9.354435e-01	5.948828e-02	2.615717e-02	3.333110e-02
454           	-3.585524e-03	9.353824e-01	5.937779e-02	2.610337e-02	3.327442e-02
455           	-3.584068e-03	9.353338e-01	5.923581e-02	2.603384e-02	3.320197e-02
456           	-3.582627e-03	9.352980e-01	5.906036e-02	2.594755e-02	3.311281e-02
457           	-3.581237e-03	9.352724e-01	5.885781e-02	2.584767e-02	3.301014e-02
458           	-3.579922e-03	9.352524e-01	5.864024e-02	2.574020e-02	3.290004e-02
459           	-3.578697e-03	9.352340e-01	5.842129e-02	2.563195e-02	3.278934e-02
460           	-3.577555e-03	9.352136e-01	5.821265e-02	2.552877e-02	3.268388e-02
461           	-3.576469e-03	9.351887e-01	5.802136e-02	2.543421e-02	3.258715e-02
462           	-3.575395e-03	9.351571e-01	5.785051e-02	2.534986e-02	3.250065e-02
463           	-3.574296e-03	9.351172e-01	5.770167e-02	2.527654e-02	3.242513e-02
464           	-3.573148e-03	9.350682e-01	5.757592e-02	2.521481e-02	3.236111e-02
465           	-3.571953e-03	9.350117e-01	5.747178e-02	2.516393e-02	3.230784e-02
466           	-3.570716e-03	9.349499e-01	5.737948e-02	2.511902e-02	3.226045e-02
467           	-3.569428e-03	9.348870e-01	5.729074e-02	2.507594e-02	3.221480e-02
468           	-3.568098e-03	9.348266e-01	5.719566e-02	2.502973e-02	3.216593e-02
469           	-3.566740e-03	9.347718e-01	5.708396e-02	2.497524e-02	3.210872e-02
470           	-3.565373e-03	9.347248e-01	5.694804e-02	2.490865e-02	3.203939e-02
471           	-3.564020e-03	9.346862e-01	5.678566e-02	2.482881e-02	3.195685e-02
472           	-3.562705e-03	9.346543e-01	5.660058e-02	2.473759e-02	3.186300e-02
473           	-3.561444e-03	9.346265e-01	5.640081e-02	2.463896e-02	3.176185e-02
474           	-3.560247e-03	9.345997e-01	5.619633e-02	2.453792e-02	3.165841e-02
475           	-3.559111e-03	9.345718e-01	5.599642e-02	2.443910e-02	3.155732e-02
476           	-3.558022e-03	9.345408e-01	5.580799e-02	2.434597e-02	3.146202e-02
477           	-3.556956e-03	9.345055e-01	5.563481e-02	2.426045e-02	3.137436e-02
478           	-3.555883e-03	9.344650e-01	5.547857e-02	2.418340e-02	3.129517e-02
479           	-3.554785e-03	9.344193e-01	5.533950e-02	2.411496e-02	3.122453e-02
480           	-3.553653e-03	9.343692e-01	5.521646e-02	2.405458e-02	3.116188e-02
481           	-3.552491e-03	9.343167e-01	5.510598e-02	2.400050e-02	3.110548e-02
482           	-3.551305e-03	9.342643e-01	5.500235e-02	2.394987e-02	3.105248e-02
483           	-3.550100e-03	9.342143e-01	5.489812e-02	2.389896e-02	3.099916e-02
484           	-3.548882e-03	9.341686e-01	5.478580e-02	2.384402e-02	3.094178e-02
485           	-3.547660e-03	9.341284e-01	5.465958e-02	2.378213e-02	3.087745e-02
486           	-3.546444e-03	9.340939e-01	5.451710e-02	2.371211e-02	3.080499e-02
487           	-3.545248e-03	9.340642e-01	5.435964e-02	2.363457e-02	3.072507e-02
488           	-3.544082e-03	9.340374e-01	5.419149e-02	2.355167e-02	3.063983e-02
489           	-3.542952e-03	9.340119e-01	5.401840e-02	2.346625e-02	3.055215e-02
490           	-3.541857e-03	9.339859e-01	5.384624e-02	2.338126e-02	3.046498e-02
491           	-3.540789e-03	9.339582e-01	5.367970e-02	2.329906e-02	3.038064e-02
492           	-3.539733e-03	9.339278e-01	5.352188e-02	2.322121e-02	3.030067e-02
493           	-3.538676e-03	9.338943e-01	5.337419e-02	2.314842e-02	3.022577e-02
494           	-3.537601e-03	9.338575e-01	5.323685e-02	2.308083e-02	3.015603e-02
495           	-3.536497e-03	9.338174e-01	5.310941e-02	2.301821e-02	3.009120e-02
496           	-3.535367e-03	9.337757e-01	5.298845e-02	2.295886e-02	3.002959e-02
497           	-3.534216e-03	9.337340e-01	5.287068e-02	2.290112e-02	2.996955e-02
498           	-3.533048e-03	9.336939e-01	5.275191e-02	2.284291e-02	2.990900e-02
499           	-3.531871e-03	9.336563e-01	5.262760e-02	2.278193e-02	2.984567e-02
500           	-3.530690e-03	9.336218e-01	5.249423e-02	2.271643e-02	2.977781e-02
501           	-3.529514e-03	9.335906e-01	5.235006e-02	2.264552e-02	2.970455e-02
502           	-3.528352e-03	9.335622e-01	5.219571e-02	2.256951e-02	2.962621e-02
503           	-3.527210e-03	9.335359e-01	5.203360e-02	2.248959e-02	2.954401e-02
504           	-3.526098e-03	9.335113e-01	5.186698e-02	2.240739e-02	2.945959e-02
505           	-3.525012e-03	9.334869e-01	5.170116e-02	2.232557e-02	2.937559e-02
506           	-3.523944e-03	9.334613e-01	5.153905e-02	2.224558e-02	2.929347e-02
507           	-3.522884e-03	9.334335e-01	5.138310e-02	2.216867e-02	2.921444e-02
508           	-3.521823e-03	9.334039e-01	5.123295e-02	2.209465e-02	2.913830e-02
509           	-3.520754e-03	9.333729e-01	5.108961e-02	2.202405e-02	2.906556e-02
510           	-3.519670e-03	9.333409e-01	5.095324e-02	2.195695e-02	2.899629e-02
511           	-3.518570e-03	9.333081e-01	5.082260e-02	2.189273e-02	2.892987e-02
512           	-3.517454e-03	9.332750e-01	5.069551e-02	2.183030e-02	2.886521e-02
513           	-3.516325e-03	9.332423e-01	5.056910e-02	2.176822e-02	2.880087e-02
514           	-3.515186e-03	9.332106e-01	5.044048e-02	2.170505e-02	2.873542e-02
515           	-3.514045e-03	9.331804e-01	5.030718e-02	2.163954e-02	2.866763e-02
516           	-3.512904e-03	9.331518e-01	5.016780e-02	2.157100e-02	2.859681e-02
517           	-3.511771e-03	9.331250e-01	5.002211e-02	2.149928e-02	2.852283e-02
518           	-3.510648e-03	9.330995e-01	4.987105e-02	2.142488e-02	2.844617e-02
519           	-3.509539e-03	9.330748e-01	4.971631e-02	2.134862e-02	2.836769e-02
520           	-3.508443e-03	9.330502e-01	4.956004e-02	2.127158e-02	2.828846e-02
521           	-3.507358e-03	9.330253e-01	4.940430e-02	2.119479e-02	2.820951e-02
522           	-3.506281e-03	9.329994e-01	4.925088e-02	2.111916e-02	2.813172e-02
523           	-3.505208e-03	9.329724e-01	4.910090e-02	2.104524e-02	2.805566e-02
524           	-3.504132e-03	9.329443e-01	4.895492e-02	2.097333e-02	2.798159e-02
525           	-3.503052e-03	9.329150e-01	4.881286e-02	2.090338e-02	2.790948e-02
526           	-3.501963e-03	9.328849e-01	4.867411e-02	2.083509e-02	2.783902e-02
527           	-3.500868e-03	9.328544e-01	4.853755e-02	2.076791e-02	2.776964e-02
528           	-3.499764e-03	9.328239e-01	4.840184e-02	2.070115e-02	2.770068e-02
529           	-3.498656e-03	9.327937e-01	4.826545e-02	2.063407e-02	2.763138e-02
530           	-3.497545e-03	9.327642e-01	4.812709e-02	2.056600e-02	2.756109e-02
531           	-3.496435e-03	9.327357e-01	4.798583e-02	2.049648e-02	2.748935e-02
532           	-3.495328e-03	9.327081e-01	4.784136e-02	2.042535e-02	2.741601e-02
533           	-3.494228e-03	9.326815e-01	4.769393e-02	2.035274e-02	2.734119e-02
534           	-3.493134e-03	9.326554e-01	4.754433e-02	2.027903e-02	2.726530e-02
535           	-3.492050e-03	9.326296e-01	4.739366e-02	2.020478e-02	2.718888e-02
536           	-3.490975e-03	9.326037e-01	4.724314e-02	2.013060e-02	2.711255e-02
537           	-3.489906e-03	9.325776e-01	4.709383e-02	2.005701e-02	2.703682e-02
538           	-3.488841e-03	9.325509e-01	4.694653e-02	1.998442e-02	2.696211e-02
539           	-3.487779e-03	9.325237e-01	4.680171e-02	1.991307e-02	2.688863e-02
540           	-3.486715e-03	9.324957e-01	4.665948e-02	1.984302e-02	2.681645e-02
541           	-3.485650e-03	9.324672e-01	4.651960e-02	1.977415e-02	2.674545e-02
542           	-3.484582e-03	9.324383e-01	4.638154e-02	1.970619e-02	2.667535e-02
543           	-3.483511e-03	9.324091e-01	4.624455e-02	1.963877e-02	2.660579e-02
544           	-3.482437e-03	9.323799e-01	4.610781e-02	1.957147e-02	2.653634e-02
545           	-3.481363e-03	9.323509e-01	4.597049e-02	1.950388e-02	2.646661e-02
546           	-3.480289e-03	9.323222e-01	4.583197e-02	1.943570e-02	2.639628e-02
547           	-3.479219e-03	9.322939e-01	4.569186e-02	1.936671e-02	2.632515e-02
548           	-3.478152e-03	9.322658e-01	4.555008e-02	1.929689e-02	2.625319e-02
549           	-3.477090e-03	9.322380e-01	4.540684e-02	1.922633e-02	2.618051e-02
550           	-3.476033e-03	9.322103e-01	4.526264e-02	1.915529e-02	2.610735e-02
551           	-3.474983e-03	9.321827e-01	4.511810e-02	1.908407e-02	2.603403e-02
552           	-3.473936e-03	9.321548e-01	4.497386e-02	1.901299e-02	2.596087e-02
553           	-3.472894e-03	9.321267e-01	4.483051e-02	1.894236e-02	2.588815e-02
554           	-3.471855e-03	9.320981e-01	4.468847e-02	1.887238e-02	2.581609e-02
555           	-3.470818e-03	9.320692e-01	4.454795e-02	1.880316e-02	2.574479e-02
556           	-3.469780e-03	9.320399e-01	4.440901e-02	1.873472e-02	2.567428e-02
557           	-3.468743e-03	9.320104e-01	4.427150e-02	1.866701e-02	2.560449e-02
558           	-3.467704e-03	9.319806e-01	4.413513e-02	1.859986e-02	2.553527e-02
559           	-3.466666e-03	9.319507e-01	4.399951e-02	1.853309e-02	2.546642e-02
560           	-3.465628e-03	9.319207e-01	4.386421e-02	1.846648e-02	2.539773e-02
561           	-3.464591e-03	9.318909e-01	4.372885e-02	1.839984e-02	2.532902e-02
562           	-3.463556e-03	9.318612e-01	4.359317e-02	1.833303e-02	2.526014e-02
563           	-3.462526e-03	9.318317e-01	4.345702e-02	1.826598e-02	2.519103e-02
564           	-3.461499e-03	9.318023e-01	4.332041e-02	1.819870e-02	2.512170e-02
565           	-3.460478e-03	9.317732e-01	4.318350e-02	1.813127e-02	2.505223e-02
566           	-3.459462e-03	9.317441e-01	4.304657e-02	1.806382e-02	2.498275e-02
567           	-3.458453e-03	9.317150e-01	4.290994e-02	1.799652e-02	2.491342e-02
568           	-3.457449e-03	9.316859e-01	4.277394e-02	1.792952e-02	2.484442e-02
569           	-3.456451e-03	9.316567e-01	4.263885e-02	1.786297e-02	2.477587e-02
570           	-3.455457e-03	9.316274e-01	4.250486e-02	1.779697e-02	2.470788e-02
571           	-3.454467e-03	9.315979e-01	4.237204e-02	1.773155e-02	2.464049e-02
572           	-3.453481e-03	9.315683e-01	4.224036e-02	1.766670e-02	2.457366e-02
573           	-3.452499e-03	9.315387e-01	4.210970e-02	1.760235e-02	2.450735e-02
574           	-3.451519e-03	9.315090e-01	4.197984e-02	1.753840e-02	2.444144e-02
575           	-3.450543e-03	9.314793e-01	4.185055e-02	1.747473e-02	2.437582e-02
576           	-3.449571e-03	9.314497e-01	4.172160e-02	1.741123e-02	2.431037e-02
577           	-3.448602e-03	9.314202e-01	4.159277e-02	1.734778e-02	2.424499e-02
578           	-3.447638e-03	9.313908e-01	4.146394e-02	1.728433e-02	2.417961e-02
579           	-3.446679e-03	9.313616e-01	4.133503e-02	1.722084e-02	2.411419e-02
580           	-3.445734e-03	9.313334e-01	4.120520e-02	1.715686e-02	2.404833e-02
581           	-3.444787e-03	9.313046e-01	4.107725e-02	1.709384e-02	2.398341e-02
582           	-3.443843e-03	9.312754e-01	4.094916e-02	1.703073e-02	2.391842e-02
583           	-3.442905e-03	9.312463e-01	4.082086e-02	1.696752e-02	2.385333e-02
584           	-3.441981e-03	9.312182e-01	4.069190e-02	1.690397e-02	2.378793e-02
585           	-3.441054e-03	9.311895e-01	4.056530e-02	1.684159e-02	2.372370e-02
586           	-3.440130e-03	9.311605e-01	4.043906e-02	1.677940e-02	2.365966e-02
587           	-3.439220e-03	9.311324e-01	4.031220e-02	1.671688e-02	2.359532e-02
588           	-3.438307e-03	9.311036e-01	4.018768e-02	1.665553e-02	2.353214e-02
589           	-3.437406e-03	9.310755e-01	4.006260e-02	1.659389e-02	2.346870e-02
590           	-3.436503e-03	9.310468e-01	3.993947e-02	1.653323e-02	2.340624e-02
591           	-3.435613e-03	9.310188e-01	3.981549e-02	1.647213e-02	2.334336e-02
592           	-3.434719e-03	9.309904e-01	3.969325e-02	1.641190e-02	2.328134e-02
593           	-3.433840e-03	9.309628e-01	3.957004e-02	1.635118e-02	2.321886e-02
594           	-3.432957e-03	9.309349e-01	3.944850e-02	1.629129e-02	2.315721e-02
595           	-3.432087e-03	9.309078e-01	3.932599e-02	1.623091e-02	2.309508e-02
596           	-3.431214e-03	9.308804e-01	3.920517e-02	1.617137e-02	2.303380e-02
597           	-3.430355e-03	9.308538e-01	3.908348e-02	1.611139e-02	2.297210e-02
598           	-3.429502e-03	9.308276e-01	3.896278e-02	1.605189e-02	2.291089e-02
599           	-3.428646e-03	9.308006e-01	3.884391e-02	1.599331e-02	2.285060e-02
600           	-3.427803e-03	9.307744e-01	3.872411e-02	1.593425e-02	2.278986e-02
601           	-3.426967e-03	9.307486e-01	3.860527e-02	1.587567e-02	2.272960e-02
602           	-3.426135e-03	9.307231e-01	3.848761e-02	1.581767e-02	2.266994e-02
603           	-3.425299e-03	9.306967e-01	3.837168e-02	1.576054e-02	2.261114e-02
604           	-3.424476e-03	9.306711e-01	3.825478e-02	1.570292e-02	2.255187e-02
605           	-3.423659e-03	9.306462e-01	3.813881e-02	1.564574e-02	2.249306e-02
606           	-3.422847e-03	9.306214e-01	3.802384e-02	1.558907e-02	2.243476e-02
607           	-3.422030e-03	9.305960e-01	3.791028e-02	1.553311e-02	2.237717e-02
608           	-3.421225e-03	9.305713e-01	3.779542e-02	1.547649e-02	2.231894e-02
609           	-3.420427e-03	9.305473e-01	3.768104e-02	1.542010e-02	2.226095e-02
610           	-3.419623e-03	9.305227e-01	3.756805e-02	1.536440e-02	2.220365e-02
611           	-3.418832e-03	9.304991e-01	3.745371e-02	1.530802e-02	2.214569e-02
612           	-3.418048e-03	9.304759e-01	3.733988e-02	1.525189e-02	2.208799e-02
613           	-3.417260e-03	9.304523e-01	3.722739e-02	1.519643e-02	2.203095e-02
614           	-3.416484e-03	9.304294e-01	3.711366e-02	1.514034e-02	2.197331e-02
615           	-3.415716e-03	9.304072e-01	3.700053e-02	1.508455e-02	2.191598e-02
616           	-3.414952e-03	9.303851e-01	3.688824e-02	1.502917e-02	2.185907e-02
617           	-3.414185e-03	9.303624e-01	3.677733e-02	1.497448e-02	2.180285e-02
618           	-3.413430e-03	9.303405e-01	3.666538e-02	1.491926e-02	2.174612e-02
619           	-3.412683e-03	9.303193e-01	3.655428e-02	1.486446e-02	2.168982e-02
620           	-3.411939e-03	9.302984e-01	3.644425e-02	1.481019e-02	2.163407e-02
621           	-3.411200e-03	9.302775e-01	3.633508e-02	1.475634e-02	2.157874e-02
622           	-3.410463e-03	9.302567e-01	3.622660e-02	1.470284e-02	2.152377e-02
623           	-3.409732e-03	9.302361e-01	3.611867e-02	1.464960e-02	2.146907e-02
624           	-3.409004e-03	9.302156e-01	3.601124e-02	1.459662e-02	2.141462e-02
625           	-3.408280e-03	9.301953e-01	3.590422e-02	1.454383e-02	2.136039e-02
626           	-3.407560e-03	9.301753e-01	3.579757e-02	1.449123e-02	2.130635e-02
627           	-3.406843e-03	9.301554e-01	3.569119e-02	1.443875e-02	2.125244e-02
628           	-3.406130e-03	9.301358e-01	3.558506e-02	1.438640e-02	2.119866e-02
629           	-3.405421e-03	9.301163e-01	3.547910e-02	1.433413e-02	2.114497e-02
630           	-3.404714e-03	9.300969e-01	3.537331e-02	1.428194e-02	2.109137e-02
631           	-3.404011e-03	9.300777e-01	3.526766e-02	1.422982e-02	2.103784e-02
632           	-3.403311e-03	9.300586e-01	3.516225e-02	1.417781e-02	2.098444e-02
633           	-3.402614e-03	9.300397e-01	3.505709e-02	1.412593e-02	2.093116e-02
634           	-3.401921e-03	9.300208e-01	3.495227e-02	1.407422e-02	2.087806e-02
635           	-3.401231e-03	9.300021e-01	3.484781e-02	1.402267e-02	2.082513e-02
636           	-3.400544e-03	9.299835e-01	3.474375e-02	1.397133e-02	2.077242e-02
637           	-3.399862e-03	9.299651e-01	3.464009e-02	1.392019e-02	2.071991e-02
638           	-3.399182e-03	9.299468e-01	3.453689e-02	1.386926e-02	2.066763e-02
639           	-3.398507e-03	9.299288e-01	3.443413e-02	1.381856e-02	2.061557e-02
640           	-3.397836e-03	9.299108e-01	3.433183e-02	1.376808e-02	2.056375e-02
641           	-3.397169e-03	9.298931e-01	3.422990e-02	1.371778e-02	2.051212e-02
642           	-3.396505e-03	9.298754e-01	3.412833e-02	1.366766e-02	2.046067e-02
643           	-3.395846e-03	9.298580e-01	3.402702e-02	1.361767e-02	2.040936e-02
644           	-3.395190e-03	9.298407e-01	3.392600e-02	1.356781e-02	2.035819e-02
645           	-3.394538e-03	9.298237e-01	3.382522e-02	1.351807e-02	2.030715e-02
646           	-3.393890e-03	9.298067e-01	3.372475e-02	1.346848e-02	2.025626e-02
647           	-3.393245e-03	9.297899e-01	3.362457e-02	1.341904e-02	2.020553e-02
648           	-3.392604e-03	9.297733e-01	3.352476e-02	1.336978e-02	2.015498e-02
649           	-3.391967e-03	9.297567e-01	3.342534e-02	1.332070e-02	2.010464e-02
650           	-3.391334e-03	9.297403e-01	3.332639e-02	1.327186e-02	2.005453e-02
651           	-3.390706e-03	9.297240e-01	3.322793e-02	1.322326e-02	2.000467e-02
652           	-3.390081e-03	9.297078e-01	3.313002e-02	1.317493e-02	1.995509e-02
653           	-3.389460e-03	9.296918e-01	3.303263e-02	1.312686e-02	1.990578e-02
654           	-3.388843e-03	9.296758e-01	3.293581e-02	1.307906e-02	1.985675e-02
655           	-3.388231e-03	9.296600e-01	3.283953e-02	1.303153e-02	1.980800e-02
656           	-3.387622e-03	9.296443e-01	3.274381e-02	1.298428e-02	1.975953e-02
657           	-3.387018e-03	9.296288e-01	3.264858e-02	1.293727e-02	1.971131e-02
658           	-3.386417e-03	9.296133e-01	3.255387e-02	1.289052e-02	1.966335e-02
659           	-3.385820e-03	9.295980e-01	3.245961e-02	1.284398e-02	1.961563e-02
660           	-3.385228e-03	9.295828e-01	3.236582e-02	1.279768e-02	1.956814e-02
661           	-3.384640e-03	9.295678e-01	3.227242e-02	1.275157e-02	1.952085e-02
662           	-3.384055e-03	9.295528e-01	3.217944e-02	1.270567e-02	1.947378e-02
663           	-3.383475e-03	9.295380e-01	3.208682e-02	1.265994e-02	1.942689e-02
664           	-3.382898e-03	9.295232e-01	3.199459e-02	1.261440e-02	1.938019e-02
665           	-3.382325e-03	9.295086e-01	3.190272e-02	1.256903e-02	1.933368e-02
666           	-3.381755e-03	9.294940e-01	3.181126e-02	1.252387e-02	1.928738e-02
667           	-3.381189e-03	9.294795e-01	3.172018e-02	1.247890e-02	1.924128e-02
668           	-3.380626e-03	9.294651e-01	3.162954e-02	1.243414e-02	1.919539e-02
669           	-3.380067e-03	9.294508e-01	3.153930e-02	1.238958e-02	1.914972e-02
670           	-3.379511e-03	9.294365e-01	3.144952e-02	1.234525e-02	1.910427e-02
671           	-3.378958e-03	9.294224e-01	3.136017e-02	1.230113e-02	1.905904e-02
672           	-3.378409e-03	9.294083e-01	3.127132e-02	1.225725e-02	1.901407e-02
673           	-3.377863e-03	9.293943e-01	3.118295e-02	1.221361e-02	1.896934e-02
674           	-3.377320e-03	9.293804e-01	3.109514e-02	1.217025e-02	1.892489e-02
675           	-3.376782e-03	9.293667e-01	3.100786e-02	1.212715e-02	1.888071e-02
676           	-3.376246e-03	9.293530e-01	3.092118e-02	1.208434e-02	1.883683e-02
677           	-3.375714e-03	9.293394e-01	3.083506e-02	1.204182e-02	1.879325e-02
678           	-3.375186e-03	9.293259e-01	3.074955e-02	1.199959e-02	1.874996e-02
679           	-3.374661e-03	9.293125e-01	3.066460e-02	1.195764e-02	1.870696e-02
680           	-3.374139e-03	9.292991e-01	3.058023e-02	1.191597e-02	1.866425e-02
681           	-3.373622e-03	9.292859e-01	3.049640e-02	1.187458e-02	1.862182e-02
682           	-3.373107e-03	9.292727e-01	3.041314e-02	1.183346e-02	1.857968e-02
683           	-3.372597e-03	9.292597e-01	3.033040e-02	1.179260e-02	1.853780e-02
684           	-3.372090e-03	9.292466e-01	3.024817e-02	1.175200e-02	1.849618e-02
685           	-3.371587e-03	9.292337e-01	3.016641e-02	1.171162e-02	1.845479e-02
686           	-3.371087e-03	9.292209e-01	3.008512e-02	1.167148e-02	1.841365e-02
687           	-3.370591e-03	9.292081e-01	3.000430e-02	1.163156e-02	1.837274e-02
688           	-3.370098e-03	9.291954e-01	2.992397e-02	1.159189e-02	1.833208e-02
689           	-3.369609e-03	9.291827e-01	2.984413e-02	1.155246e-02	1.829167e-02
690           	-3.369123e-03	9.291701e-01	2.976481e-02	1.151328e-02	1.825153e-02
691           	-3.368642e-03	9.291576e-01	2.968599e-02	1.147435e-02	1.821163e-02
692           	-3.368164e-03	9.291451e-01	2.960770e-02	1.143569e-02	1.817201e-02
693           	-3.367689e-03	9.291326e-01	2.952993e-02	1.139728e-02	1.813265e-02
694           	-3.367218e-03	9.291202e-01	2.945270e-02	1.135913e-02	1.809357e-02
695           	-3.366750e-03	9.291080e-01	2.937599e-02	1.132124e-02	1.805474e-02
696           	-3.366285e-03	9.290957e-01	2.929984e-02	1.128364e-02	1.801621e-02
697           	-3.365825e-03	9.290836e-01	2.922424e-02	1.124630e-02	1.797795e-02
698           	-3.365367e-03	9.290715e-01	2.914922e-02	1.120924e-02	1.793998e-02
699           	-3.364914e-03	9.290596e-01	2.907475e-02	1.117246e-02	1.790229e-02
700           	-3.364464e-03	9.290477e-01	2.900085e-02	1.113596e-02	1.786489e-02
701           	-3.364017e-03	9.290359e-01	2.892749e-02	1.109973e-02	1.782776e-02
702           	-3.363574e-03	9.290241e-01	2.885469e-02	1.106377e-02	1.779092e-02
703           	-3.363135e-03	9.290125e-01	2.878239e-02	1.102806e-02	1.775433e-02
704           	-3.362699e-03	9.290009e-01	2.871060e-02	1.099260e-02	1.771800e-02
705           	-3.362267e-03	9.289895e-01	2.863929e-02	1.095738e-02	1.768191e-02
706           	-3.361838e-03	9.289782e-01	2.856846e-02	1.092239e-02	1.764607e-02
707           	-3.361413e-03	9.289670e-01	2.849810e-02	1.088764e-02	1.761046e-02
708           	-3.360991e-03	9.289559e-01	2.842823e-02	1.085312e-02	1.757510e-02
709           	-3.360573e-03	9.289449e-01	2.835884e-02	1.081885e-02	1.753999e-02
710           	-3.360158e-03	9.289340e-01	2.828998e-02	1.078483e-02	1.750515e-02
711           	-3.359747e-03	9.289233e-01	2.822163e-02	1.075107e-02	1.747056e-02
712           	-3.359339e-03	9.289126e-01	2.815385e-02	1.071758e-02	1.743626e-02
713           	-3.358935e-03	9.289021e-01	2.808662e-02	1.068437e-02	1.740224e-02
714           	-3.358535e-03	9.288916e-01	2.801998e-02	1.065145e-02	1.736852e-02
715           	-3.358138e-03	9.288813e-01	2.795392e-02	1.061882e-02	1.733510e-02
716           	-3.357745e-03	9.288711e-01	2.788845e-02	1.058648e-02	1.730197e-02
717           	-3.357355e-03	9.288610e-01	2.782355e-02	1.055442e-02	1.726913e-02
718           	-3.356969e-03	9.288510e-01	2.775921e-02	1.052264e-02	1.723657e-02
719           	-3.356586e-03	9.288411e-01	2.769540e-02	1.049111e-02	1.720428e-02
720           	-3.356206e-03	9.288313e-01	2.763211e-02	1.045985e-02	1.717226e-02
721           	-3.355829e-03	9.288217e-01	2.756930e-02	1.042882e-02	1.714048e-02
722           	-3.355456e-03	9.288121e-01	2.750698e-02	1.039804e-02	1.710895e-02
723           	-3.355086e-03	9.288027e-01	2.744511e-02	1.036747e-02	1.707764e-02
724           	-3.354718e-03	9.287934e-01	2.738370e-02	1.033713e-02	1.704657e-02
725           	-3.354354e-03	9.287843e-01	2.732272e-02	1.030701e-02	1.701571e-02
726           	-3.353993e-03	9.287752e-01	2.726219e-02	1.027710e-02	1.698509e-02
727           	-3.353635e-03	9.287663e-01	2.720211e-02	1.024742e-02	1.695469e-02
728           	-3.353280e-03	9.287574e-01	2.714251e-02	1.021797e-02	1.692453e-02
729           	-3.352928e-03	9.287488e-01	2.708336e-02	1.018875e-02	1.689461e-02
730           	-3.352580e-03	9.287402e-01	2.702468e-02	1.015976e-02	1.686492e-02
731           	-3.352234e-03	9.287318e-01	2.696647e-02	1.013100e-02	1.683547e-02
732           	-3.351892e-03	9.287235e-01	2.690874e-02	1.010248e-02	1.680626e-02
733           	-3.351553e-03	9.287153e-01	2.685146e-02	1.007418e-02	1.677728e-02
734           	-3.351216e-03	9.287073e-01	2.679465e-02	1.004611e-02	1.674854e-02
735           	-3.350883e-03	9.286994e-01	2.673827e-02	1.001825e-02	1.672002e-02
736           	-3.350553e-03	9.286916e-01	2.668233e-02	9.990610e-03	1.669172e-02
737           	-3.350226e-03	9.286839e-01	2.662680e-02	9.963172e-03	1.666362e-02
738           	-3.349902e-03	9.286764e-01	2.657169e-02	9.935942e-03	1.663575e-02
739           	-3.349581e-03	9.286690e-01	2.651697e-02	9.908905e-03	1.660807e-02
740           	-3.349262e-03	9.286617e-01	2.646266e-02	9.882068e-03	1.658059e-02
741           	-3.348947e-03	9.286546e-01	2.640873e-02	9.855416e-03	1.655331e-02
742           	-3.348635e-03	9.286475e-01	2.635516e-02	9.828944e-03	1.652621e-02
743           	-3.348325e-03	9.286406e-01	2.630194e-02	9.802645e-03	1.649930e-02
744           	-3.348019e-03	9.286338e-01	2.624907e-02	9.776516e-03	1.647255e-02
745           	-3.347715e-03	9.286271e-01	2.619653e-02	9.750551e-03	1.644598e-02
746           	-3.347413e-03	9.286205e-01	2.614434e-02	9.724759e-03	1.641959e-02
747           	-3.347115e-03	9.286141e-01	2.609250e-02	9.699134e-03	1.639336e-02
748           	-3.346818e-03	9.286077e-01	2.604101e-02	9.673687e-03	1.636732e-02
749           	-3.346525e-03	9.286015e-01	2.598988e-02	9.648415e-03	1.634146e-02
750           	-3.346233e-03	9.285954e-01	2.593913e-02	9.623332e-03	1.631580e-02
751           	-3.345945e-03	9.285894e-01	2.588876e-02	9.598436e-03	1.629033e-02
752           	-3.345658e-03	9.285835e-01	2.583878e-02	9.573734e-03	1.626505e-02
753           	-3.345374e-03	9.285777e-01	2.578919e-02	9.549220e-03	1.623997e-02
754           	-3.345092e-03	9.285720e-01	2.573997e-02	9.524895e-03	1.621508e-02
755           	-3.344813e-03	9.285664e-01	2.569112e-02	9.500750e-03	1.619037e-02
756           	-3.344535e-03	9.285609e-01	2.564264e-02	9.476787e-03	1.616586e-02
757           	-3.344260e-03	9.285554e-01	2.559452e-02	9.452999e-03	1.614152e-02
758           	-3.343987e-03	9.285501e-01	2.554675e-02	9.429388e-03	1.611736e-02
759           	-3.343716e-03	9.285448e-01	2.549932e-02	9.405944e-03	1.609338e-02
760           	-3.343447e-03	9.285396e-01	2.545224e-02	9.382673e-03	1.606957e-02
761           	-3.343181e-03	9.285345e-01	2.540548e-02	9.359561e-03	1.604592e-02
762           	-3.342917e-03	9.285295e-01	2.535906e-02	9.336615e-03	1.602245e-02
763           	-3.342655e-03	9.285246e-01	2.531296e-02	9.313825e-03	1.599914e-02
764           	-3.342395e-03	9.285197e-01	2.526718e-02	9.291194e-03	1.597598e-02
765           	-3.342137e-03	9.285150e-01	2.522170e-02	9.268712e-03	1.595299e-02
766           	-3.341882e-03	9.285104e-01	2.517653e-02	9.246381e-03	1.593014e-02
767           	-3.341628e-03	9.285058e-01	2.513165e-02	9.224196e-03	1.590745e-02
768           	-3.341376e-03	9.285014e-01	2.508707e-02	9.202159e-03	1.588491e-02
769           	-3.341127e-03	9.284971e-01	2.504279e-02	9.180266e-03	1.586252e-02
770           	-3.340879e-03	9.284928e-01	2.499880e-02	9.158522e-03	1.584028e-02
771           	-3.340634e-03	9.284886e-01	2.495511e-02	9.136920e-03	1.581819e-02
772           	-3.340390e-03	9.284845e-01	2.491171e-02	9.115467e-03	1.579625e-02
773           	-3.340148e-03	9.284805e-01	2.486862e-02	9.094163e-03	1.577446e-02
774           	-3.339908e-03	9.284765e-01	2.482585e-02	9.073018e-03	1.575284e-02
775           	-3.339671e-03	9.284727e-01	2.478340e-02	9.052029e-03	1.573137e-02
776           	-3.339435e-03	9.284688e-01	2.474127e-02	9.031199e-03	1.571007e-02
777           	-3.339201e-03	9.284651e-01	2.469943e-02	9.010513e-03	1.568892e-02
778           	-3.338969e-03	9.284613e-01	2.465787e-02	8.989965e-03	1.566790e-02
779           	-3.338739e-03	9.284577e-01	2.461655e-02	8.969538e-03	1.564702e-02
780           	-3.338510e-03	9.284542e-01	2.457548e-02	8.949229e-03	1.562625e-02
781           	-3.338283e-03	9.284507e-01	2.453462e-02	8.929027e-03	1.560559e-02
782           	-3.338058e-03	9.284472e-01	2.449400e-02	8.908944e-03	1.558506e-02
783           	-3.337835e-03	9.284438e-01	2.445364e-02	8.888985e-03	1.556465e-02
784           	-3.337613e-03	9.284404e-01	2.441357e-02	8.869170e-03	1.554440e-02
785           	-3.337393e-03	9.284371e-01	2.437380e-02	8.849508e-03	1.552429e-02
786           	-3.337175e-03	9.284339e-01	2.433438e-02	8.830015e-03	1.550437e-02
787           	-3.336960e-03	9.284307e-01	2.429531e-02	8.810695e-03	1.548461e-02
788           	-3.336745e-03	9.284275e-01	2.425661e-02	8.791558e-03	1.546505e-02
789           	-3.336533e-03	9.284244e-01	2.421826e-02	8.772597e-03	1.544566e-02
790           	-3.336322e-03	9.284214e-01	2.418028e-02	8.753818e-03	1.542646e-02
791           	-3.336113e-03	9.284184e-01	2.414264e-02	8.735205e-03	1.540743e-02
792           	-3.335906e-03	9.284155e-01	2.410533e-02	8.716757e-03	1.538857e-02
793           	-3.335701e-03	9.284126e-01	2.406831e-02	8.698456e-03	1.536986e-02
794           	-3.335498e-03	9.284098e-01	2.403160e-02	8.680300e-03	1.535130e-02
795           	-3.335297e-03	9.284071e-01	2.399514e-02	8.662273e-03	1.533287e-02
796           	-3.335097e-03	9.284043e-01	2.395894e-02	8.644375e-03	1.531457e-02
797           	-3.334899e-03	9.284017e-01	2.392299e-02	8.626596e-03	1.529639e-02
798           	-3.334702e-03	9.283990e-01	2.388729e-02	8.608941e-03	1.527835e-02
799           	-3.334508e-03	9.283965e-01	2.385182e-02	8.591403e-03	1.526042e-02
800           	-3.334315e-03	9.283939e-01	2.381661e-02	8.573993e-03	1.524262e-02
801           	-3.334123e-03	9.283914e-01	2.378166e-02	8.556705e-03	1.522495e-02
802           	-3.333933e-03	9.283890e-01	2.374697e-02	8.539552e-03	1.520742e-02
803           	-3.333745e-03	9.283866e-01	2.371255e-02	8.522529e-03	1.519002e-02
804           	-3.333558e-03	9.283841e-01	2.367841e-02	8.505647e-03	1.517276e-02
805           	-3.333373e-03	9.283818e-01	2.364455e-02	8.488902e-03	1.515565e-02
806           	-3.333189e-03	9.283795e-01	2.361099e-02	8.472303e-03	1.513868e-02
807           	-3.333008e-03	9.283772e-01	2.357770e-02	8.455843e-03	1.512186e-02
808           	-3.332827e-03	9.283749e-01	2.354471e-02	8.439527e-03	1.510518e-02
809           	-3.332649e-03	9.283727e-01	2.351200e-02	8.423349e-03	1.508865e-02
810           	-3.332472e-03	9.283705e-01	2.347957e-02	8.407314e-03	1.507226e-02
811           	-3.332297e-03	9.283684e-01	2.344742e-02	8.391413e-03	1.505601e-02
812           	-3.332123e-03	9.283663e-01	2.341555e-02	8.375653e-03	1.503990e-02
813           	-3.331951e-03	9.283642e-01	2.338396e-02	8.360028e-03	1.502393e-02
814           	-3.331780e-03	9.283621e-01	2.335265e-02	8.344545e-03	1.500811e-02
815           	-3.331611e-03	9.283601e-01	2.332161e-02	8.329196e-03	1.499242e-02
816           	-3.331443e-03	9.283581e-01	2.329086e-02	8.313988e-03	1.497687e-02
817           	-3.331277e-03	9.283561e-01	2.326037e-02	8.298909e-03	1.496146e-02
818           	-3.331112e-03	9.283541e-01	2.323015e-02	8.283965e-03	1.494619e-02
819           	-3.330949e-03	9.283522e-01	2.320018e-02	8.269143e-03	1.493104e-02
820           	-3.330787e-03	9.283502e-01	2.317047e-02	8.254446e-03	1.491602e-02
821           	-3.330627e-03	9.283484e-01	2.314099e-02	8.239867e-03	1.490112e-02
822           	-3.330468e-03	9.283465e-01	2.311176e-02	8.225412e-03	1.488635e-02
823           	-3.330311e-03	9.283447e-01	2.308277e-02	8.211072e-03	1.487169e-02
824           	-3.330155e-03	9.283428e-01	2.305402e-02	8.196855e-03	1.485716e-02
825           	-3.330001e-03	9.283411e-01	2.302551e-02	8.182752e-03	1.484275e-02
826           	-3.329848e-03	9.283393e-01	2.299724e-02	8.168771e-03	1.482847e-02
827           	-3.329696e-03	9.283376e-01	2.296920e-02	8.154905e-03	1.481430e-02
828           	-3.329546e-03	9.283358e-01	2.294142e-02	8.141163e-03	1.480025e-02
829           	-3.329398e-03	9.283342e-01	2.291387e-02	8.127538e-03	1.478633e-02
830           	-3.329250e-03	9.283325e-01	2.288658e-02	8.114039e-03	1.477254e-02
831           	-3.329105e-03	9.283309e-01	2.285952e-02	8.100657e-03	1.475887e-02
832           	-3.328960e-03	9.283292e-01	2.283272e-02	8.087400e-03	1.474532e-02
833           	-3.328817e-03	9.283277e-01	2.280616e-02	8.074260e-03	1.473190e-02
834           	-3.328676e-03	9.283261e-01	2.277984e-02	8.061246e-03	1.471860e-02
835           	-3.328536e-03	9.283246e-01	2.275376e-02	8.048345e-03	1.470542e-02
836           	-3.328397e-03	9.283230e-01	2.272792e-02	8.035564e-03	1.469236e-02
837           	-3.328259e-03	9.283215e-01	2.270230e-02	8.022890e-03	1.467941e-02
838           	-3.328123e-03	9.283200e-01	2.267690e-02	8.010328e-03	1.466657e-02
839           	-3.327988e-03	9.283186e-01	2.265170e-02	7.997864e-03	1.465384e-02
840           	-3.327854e-03	9.283171e-01	2.262672e-02	7.985503e-03	1.464121e-02
841           	-3.327722e-03	9.283157e-01	2.260191e-02	7.973236e-03	1.462868e-02
842           	-3.327590e-03	9.283143e-01	2.257732e-02	7.961068e-03	1.461625e-02
843           	-3.327460e-03	9.283129e-01	2.255291e-02	7.948995e-03	1.460392e-02
844           	-3.327331e-03	9.283115e-01	2.252871e-02	7.937026e-03	1.459169e-02
845           	-3.327203e-03	9.283101e-01	2.250472e-02	7.925157e-03	1.457956e-02
846           	-3.327076e-03	9.283087e-01	2.248095e-02	7.913397e-03	1.456755e-02
847           	-3.326951e-03	9.283074e-01	2.245738e-02	7.901738e-03	1.455564e-02
848           	-3.326827e-03	9.283061e-01	2.243403e-02	7.890189e-03	1.454384e-02
849           	-3.326704e-03	9.283048e-01	2.241089e-02	7.878742e-03	1.453215e-02
850           	-3.326582e-03	9.283035e-01	2.238797e-02	7.867402e-03	1.452057e-02
851           	-3.326462e-03	9.283023e-01	2.236525e-02	7.856161e-03	1.450908e-02
852           	-3.326342e-03	9.283011e-01	2.234274e-02	7.845026e-03	1.449771e-02
853           	-3.326224e-03	9.282999e-01	2.232042e-02	7.833986e-03	1.448643e-02
854           	-3.326106e-03	9.282987e-01	2.229831e-02	7.823049e-03	1.447526e-02
855           	-3.325990e-03	9.282975e-01	2.227639e-02	7.812206e-03	1.446419e-02
856           	-3.325875e-03	9.282964e-01	2.225468e-02	7.801463e-03	1.445321e-02
857           	-3.325761e-03	9.282953e-01	2.223314e-02	7.790809e-03	1.444233e-02
858           	-3.325648e-03	9.282941e-01	2.221181e-02	7.780255e-03	1.443155e-02
859           	-3.325537e-03	9.282931e-01	2.219065e-02	7.769789e-03	1.442086e-02
860           	-3.325425e-03	9.282920e-01	2.216969e-02	7.759419e-03	1.441027e-02
861           	-3.325316e-03	9.282910e-01	2.214890e-02	7.749136e-03	1.439977e-02
862           	-3.325207e-03	9.282899e-01	2.212831e-02	7.738946e-03	1.438936e-02
863           	-3.325099e-03	9.282889e-01	2.210788e-02	7.728839e-03	1.437904e-02
864           	-3.324992e-03	9.282879e-01	2.208763e-02	7.718822e-03	1.436881e-02
865           	-3.324886e-03	9.282869e-01	2.206754e-02	7.708884e-03	1.435866e-02
866           	-3.324781e-03	9.282859e-01	2.204763e-02	7.699034e-03	1.434860e-02
867           	-3.324677e-03	9.282850e-01	2.202787e-02	7.689261e-03	1.433861e-02
868           	-3.324573e-03	9.282841e-01	2.200829e-02	7.679572e-03	1.432872e-02
869           	-3.324471e-03	9.282832e-01	2.198886e-02	7.669956e-03	1.431890e-02
870           	-3.324370e-03	9.282822e-01	2.196959e-02	7.660423e-03	1.430916e-02
871           	-3.324270e-03	9.282814e-01	2.195046e-02	7.650962e-03	1.429950e-02
872           	-3.324170e-03	9.282805e-01	2.193150e-02	7.641582e-03	1.428992e-02
873           	-3.324072e-03	9.282797e-01	2.191269e-02	7.632274e-03	1.428042e-02
874           	-3.323974e-03	9.282789e-01	2.189404e-02	7.623046e-03	1.427099e-02
875           	-3.323877e-03	9.282781e-01	2.187554e-02	7.613891e-03	1.426165e-02
876           	-3.323781e-03	9.282773e-01	2.185720e-02	7.604818e-03	1.425238e-02
877           	-3.323686e-03	9.282766e-01	2.183901e-02	7.595818e-03	1.424319e-02
878           	-3.323592e-03	9.282758e-01	2.182098e-02	7.586899e-03	1.423408e-02
879           	-3.323499e-03	9.282751e-01	2.180310e-02	7.578053e-03	1.422505e-02
880           	-3.323406e-03	9.282744e-01	2.178539e-02	7.569287e-03	1.421610e-02
881           	-3.323314e-03	9.282737e-01	2.176781e-02	7.560592e-03	1.420722e-02
882           	-3.323223e-03	9.282730e-01	2.175040e-02	7.551977e-03	1.419842e-02
883           	-3.323133e-03	9.282724e-01	2.173313e-02	7.543432e-03	1.418970e-02
884           	-3.323043e-03	9.282717e-01	2.171602e-02	7.534965e-03	1.418105e-02
885           	-3.322955e-03	9.282711e-01	2.169904e-02	7.526567e-03	1.417248e-02
886           	-3.322867e-03	9.282705e-01	2.168222e-02	7.518244e-03	1.416398e-02
887           	-3.322780e-03	9.282699e-01	2.166553e-02	7.509986e-03	1.415555e-02
888           	-3.322694e-03	9.282693e-01	2.164899e-02	7.501803e-03	1.414719e-02
889           	-3.322609e-03	9.282687e-01	2.163259e-02	7.493684e-03	1.413890e-02
890           	-3.322524e-03	9.282682e-01	2.161632e-02	7.485638e-03	1.413069e-02
891           	-3.322440e-03	9.282677e-01	2.160019e-02	7.477655e-03	1.412254e-02
892           	-3.322357e-03	9.282671e-01	2.158420e-02	7.469742e-03	1.411446e-02
893           	-3.322275e-03	9.282667e-01	2.156833e-02	7.461890e-03	1.410644e-02
894           	-3.322193e-03	9.282662e-01	2.155260e-02	7.454106e-03	1.409849e-02
895           	-3.322112e-03	9.282657e-01	2.153698e-02	7.446381e-03	1.409060e-02
896           	-3.322031e-03	9.282652e-01	2.152150e-02	7.438721e-03	1.408278e-02
897           	-3.321951e-03	9.282648e-01	2.150614e-02	7.431117e-03	1.407502e-02
898           	-3.321872e-03	9.282644e-01	2.149090e-02	7.423579e-03	1.406732e-02
899           	-3.321794e-03	9.282640e-01	2.147578e-02	7.416095e-03	1.405968e-02
900           	-3.321716e-03	9.282635e-01	2.146078e-02	7.408674e-03	1.405211e-02
901           	-3.321639e-03	9.282632e-01	2.144589e-02	7.401305e-03	1.404458e-02
902           	-3.321562e-03	9.282628e-01	2.143112e-02	7.393996e-03	1.403712e-02
903           	-3.321487e-03	9.282624e-01	2.141645e-02	7.386737e-03	1.402971e-02
904           	-3.321411e-03	9.282621e-01	2.140190e-02	7.379537e-03	1.402236e-02
905           	-3.321337e-03	9.282617e-01	2.138745e-02	7.372387e-03	1.401506e-02
906           	-3.321263e-03	9.282614e-01	2.137311e-02	7.365294e-03	1.400782e-02
907           	-3.321190e-03	9.282611e-01	2.135888e-02	7.358251e-03	1.400063e-02
908           	-3.321117e-03	9.282608e-01	2.134477e-02	7.351267e-03	1.399350e-02
909           	-3.321045e-03	9.282605e-01	2.133076e-02	7.344334e-03	1.398642e-02
910           	-3.320974e-03	9.282602e-01	2.131687e-02	7.337460e-03	1.397941e-02
911           	-3.320903e-03	9.282600e-01	2.130309e-02	7.330639e-03	1.397245e-02
912           	-3.320833e-03	9.282597e-01	2.128943e-02	7.323881e-03	1.396555e-02
913           	-3.320764e-03	9.282595e-01	2.127588e-02	7.317177e-03	1.395870e-02
914           	-3.320694e-03	9.282592e-01	2.126246e-02	7.310535e-03	1.395192e-02
915           	-3.320626e-03	9.282591e-01	2.124914e-02	7.303944e-03	1.394520e-02
916           	-3.320559e-03	9.282588e-01	2.123594e-02	7.297414e-03	1.393853e-02
917           	-3.320492e-03	9.282587e-01	2.122285e-02	7.290932e-03	1.393191e-02
918           	-3.320425e-03	9.282585e-01	2.120986e-02	7.284505e-03	1.392536e-02
919           	-3.320359e-03	9.282583e-01	2.119697e-02	7.278124e-03	1.391884e-02
920           	-3.320294e-03	9.282582e-01	2.118418e-02	7.271795e-03	1.391238e-02
921           	-3.320230e-03	9.282580e-01	2.117148e-02	7.265511e-03	1.390597e-02
922           	-3.320165e-03	9.282579e-01	2.115889e-02	7.259279e-03	1.389961e-02
923           	-3.320102e-03	9.282578e-01	2.114639e-02	7.253091e-03	1.389329e-02
924           	-3.320039e-03	9.282577e-01	2.113399e-02	7.246958e-03	1.388704e-02
925           	-3.319976e-03	9.282576e-01	2.112169e-02	7.240870e-03	1.388082e-02
926           	-3.319914e-03	9.282575e-01	2.110950e-02	7.234837e-03	1.387466e-02
927           	-3.319853e-03	9.282574e-01	2.109740e-02	7.228849e-03	1.386856e-02
928           	-3.319792e-03	9.282573e-01	2.108542e-02	7.222917e-03	1.386250e-02
929           	-3.319731e-03	9.282572e-01	2.107352e-02	7.217030e-03	1.385649e-02
930           	-3.319671e-03	9.282571e-01	2.106173e-02	7.211195e-03	1.385054e-02
931           	-3.319612e-03	9.282571e-01	2.105003e-02	7.205404e-03	1.384463e-02
932           	-3.319553e-03	9.282570e-01	2.103843e-02	7.199664e-03	1.383877e-02
933           	-3.319495e-03	9.282570e-01	2.102692e-02	7.193965e-03	1.383295e-02
934           	-3.319437e-03	9.282569e-01	2.101550e-02	7.188315e-03	1.382719e-02
935           	-3.319380e-03	9.282569e-01	2.100417e-02	7.182706e-03	1.382147e-02
936           	-3.319323e-03	9.282568e-01	2.099294e-02	7.177145e-03	1.381579e-02
937           	-3.319266e-03	9.282568e-01	2.098178e-02	7.171625e-03	1.381016e-02
938           	-3.319210e-03	9.282567e-01	2.097073e-02	7.166154e-03	1.380457e-02
939           	-3.319155e-03	9.282567e-01	2.095976e-02	7.160723e-03	1.379903e-02
940           	-3.319100e-03	9.282567e-01	2.094889e-02	7.155344e-03	1.379354e-02
941           	-3.319046e-03	9.282567e-01	2.093810e-02	7.150005e-03	1.378810e-02
942           	-3.318991e-03	9.282567e-01	2.092742e-02	7.144718e-03	1.378270e-02
943           	-3.318938e-03	9.282567e-01	2.091682e-02	7.139471e-03	1.377735e-02
944           	-3.318885e-03	9.282566e-01	2.090632e-02	7.134273e-03	1.377204e-02
945           	-3.318832e-03	9.282567e-01	2.089590e-02	7.129115e-03	1.376678e-02
946           	-3.318780e-03	9.282566e-01	2.088557e-02	7.124006e-03	1.376157e-02
947           	-3.318728e-03	9.282567e-01	2.087532e-02	7.118933e-03	1.375639e-02
948           	-3.318677e-03	9.282566e-01	2.086517e-02	7.113908e-03	1.375126e-02
949           	-3.318626e-03	9.282567e-01	2.085509e-02	7.108919e-03	1.374617e-02
950           	-3.318576e-03	9.282566e-01	2.084510e-02	7.103976e-03	1.374113e-02
951           	-3.318526e-03	9.282567e-01	2.083519e-02	7.099069e-03	1.373612e-02
952           	-3.318476e-03	9.282566e-01	2.082537e-02	7.094209e-03	1.373116e-02
953           	-3.318427e-03	9.282567e-01	2.081562e-02	7.089385e-03	1.372624e-02
954           	-3.318378e-03	9.282567e-01	2.080597e-02	7.084607e-03	1.372136e-02
955           	-3.318330e-03	9.282567e-01	2.079640e-02	7.079868e-03	1.371653e-02
956           	-3.318282e-03	9.282567e-01	2.078692e-02	7.075175e-03	1.371174e-02
957           	-3.318235e-03	9.282567e-01	2.077751e-02	7.070521e-03	1.370699e-02
958           	-3.318188e-03	9.282567e-01	2.076821e-02	7.065915e-03	1.370229e-02
959           	-3.318142e-03	9.282568e-01	2.075898e-02	7.061347e-03	1.369763e-02
960           	-3.318095e-03	9.282568e-01	2.074984e-02	7.056826e-03	1.369302e-02
961           	-3.318050e-03	9.282568e-01	2.074079e-02	7.052343e-03	1.368844e-02
962           	-3.318004e-03	9.282569e-01	2.073182e-02	7.047907e-03	1.368392e-02
963           	-3.317960e-03	9.282569e-01	2.072293e-02	7.043506e-03	1.367943e-02
964           	-3.317915e-03	9.282569e-01	2.071413e-02	7.039151e-03	1.367498e-02
965           	-3.317871e-03	9.282569e-01	2.070540e-02	7.034830e-03	1.367057e-02
966           	-3.317827e-03	9.282569e-01	2.069676e-02	7.030553e-03	1.366621e-02
967           	-3.317784e-03	9.282570e-01	2.068818e-02	7.026308e-03	1.366188e-02
968           	-3.317741e-03	9.282570e-01	2.067969e-02	7.022103e-03	1.365758e-02
969           	-3.317698e-03	9.282570e-01	2.067125e-02	7.017927e-03	1.365332e-02
970           	-3.317656e-03	9.282570e-01	2.066289e-02	7.013788e-03	1.364910e-02
971           	-3.317614e-03	9.282570e-01	2.065458e-02	7.009677e-03	1.364491e-02
972           	-3.317573e-03	9.282570e-01	2.064635e-02	7.005604e-03	1.364075e-02
973           	-3.317532e-03	9.282571e-01	2.063818e-02	7.001560e-03	1.363662e-02
974           	-3.317491e-03	9.282571e-01	2.063009e-02	6.997555e-03	1.363254e-02
975           	-3.317451e-03	9.282571e-01	2.062207e-02	6.993582e-03	1.362848e-02
976           	-3.317411e-03	9.282571e-01	2.061413e-02	6.989652e-03	1.362447e-02
977           	-3.317372e-03	9.282572e-01	2.060626e-02	6.985757e-03	1.362050e-02
978           	-3.317332e-03	9.282572e-01	2.059848e-02	6.981906e-03	1.361657e-02
979           	-3.317294e-03	9.282572e-01	2.059077e-02	6.978091e-03	1.361268e-02
980           	-3.317255e-03	9.282573e-01	2.058315e-02	6.974322e-03	1.360883e-02
981           	-3.317217e-03	9.282573e-01	2.057561e-02	6.970588e-03	1.360502e-02
982           	-3.317180e-03	9.282573e-01	2.056816e-02	6.966900e-03	1.360126e-02
983           	-3.317142e-03	9.282574e-01	2.056078e-02	6.963248e-03	1.359753e-02
984           	-3.317105e-03	9.282574e-01	2.055349e-02	6.959639e-03	1.359385e-02
985           	-3.317069e-03	9.282575e-01	2.054626e-02	6.956061e-03	1.359020e-02
986           	-3.317033e-03	9.282575e-01	2.053911e-02	6.952520e-03	1.358659e-02
987           	-3.316997e-03	9.282576e-01	2.053201e-02	6.949006e-03	1.358300e-02
988           	-3.316962e-03	9.282576e-01	2.052497e-02	6.945524e-03	1.357945e-02
989           	-3.316927e-03	9.282577e-01	2.051799e-02	6.942067e-03	1.357592e-02
990           	-3.316892e-03	9.282578e-01	2.051107e-02	6.938644e-03	1.357243e-02
991           	-3.316858e-03	9.282579e-01	2.050422e-02	6.935250e-03	1.356897e-02
992           	-3.316823e-03	9.282579e-01	2.049744e-02	6.931896e-03	1.356554e-02
993           	-3.316790e-03	9.282580e-01	2.049073e-02	6.928575e-03	1.356216e-02
994           	-3.316756e-03	9.282580e-01	2.048411e-02	6.925298e-03	1.355881e-02
995           	-3.316723e-03	9.282581e-01	2.047755e-02	6.922053e-03	1.355550e-02
996           	-3.316690e-03	9.282582e-01	2.047108e-02	6.918849e-03	1.355223e-02
997           	-3.316658e-03	9.282582e-01	2.046466e-02	6.915673e-03	1.354899e-02
998           	-3.316626e-03	9.282583e-01	2.045831e-02	6.912531e-03	1.354578e-02
999           	-3.316594e-03	9.282584e-01	2.045201e-02	6.909409e-03	1.354260e-02
1000          	-3.316563e-03	9.282584e-01	2.044575e-02	6.906315e-03	1.353944e-02
