# Force coefficients
# liftDir     : (0.000000e+00 0.000000e+00 1.000000e+00)
# dragDir     : (0.000000e+00 1.000000e+00 0.000000e+00)
# pitchAxis   : (1.000000e+00 0.000000e+00 0.000000e+00)
# magUInf     : 3.923697e-01
# lRef        : 4.000000e+00
# Aref        : 2.562000e-02
# CofR        : (0.000000e+00 0.000000e+00 0.000000e+00)
# Time        	Cm            	Cd            	Cl            	Cl(f)         	Cl(r)         
1             	-2.307606e-04	5.299488e-02	-5.772564e-03	-3.117042e-03	-2.655521e-03
2             	-2.217409e-03	5.711766e-01	-6.918824e-02	-3.681153e-02	-3.237671e-02
3             	-3.119730e-03	9.476979e-01	-7.400083e-02	-4.012014e-02	-3.388068e-02
4             	-2.905430e-03	1.034908e+00	-4.393601e-02	-2.487343e-02	-1.906257e-02
5             	-2.342104e-03	9.804098e-01	-5.241802e-03	-4.963005e-03	-2.787971e-04
6             	-1.980199e-03	9.050573e-01	1.510836e-02	5.573982e-03	9.534381e-03
7             	-1.665924e-03	8.196362e-01	3.739951e-02	1.703383e-02	2.036568e-02
8             	-1.590988e-03	7.671305e-01	4.436392e-02	2.059097e-02	2.377295e-02
9             	-1.674867e-03	7.499198e-01	4.504826e-02	2.084926e-02	2.419900e-02
10            	-1.810905e-03	7.578179e-01	4.166762e-02	1.902290e-02	2.264471e-02
11            	-1.943430e-03	7.732205e-01	3.733471e-02	1.672392e-02	2.061078e-02
12            	-2.083626e-03	7.939169e-01	3.139650e-02	1.361462e-02	1.778187e-02
13            	-2.239866e-03	8.213757e-01	2.130920e-02	8.414736e-03	1.289447e-02
14            	-2.338912e-03	8.406105e-01	8.482230e-03	1.902203e-03	6.580027e-03
15            	-2.396761e-03	8.478685e-01	-2.697007e-03	-3.745264e-03	1.048257e-03
16            	-2.468637e-03	8.500849e-01	-1.192698e-02	-8.432127e-03	-3.494853e-03
17            	-2.562037e-03	8.513854e-01	-1.919142e-02	-1.215775e-02	-7.033672e-03
18            	-2.667604e-03	8.525715e-01	-2.441846e-02	-1.487683e-02	-9.541625e-03
19            	-2.774023e-03	8.534150e-01	-2.715402e-02	-1.635103e-02	-1.080299e-02
20            	-2.880158e-03	8.544401e-01	-2.671771e-02	-1.623901e-02	-1.047870e-02
21            	-2.989437e-03	8.563899e-01	-2.240939e-02	-1.419413e-02	-8.215258e-03
22            	-3.095514e-03	8.596762e-01	-1.341718e-02	-9.804106e-03	-3.613078e-03
23            	-3.180334e-03	8.640742e-01	-1.347039e-03	-3.853854e-03	2.506814e-03
24            	-3.228987e-03	8.682943e-01	1.060710e-02	2.074564e-03	8.532538e-03
25            	-3.254494e-03	8.718660e-01	2.156227e-02	7.526642e-03	1.403563e-02
26            	-3.269254e-03	8.747448e-01	3.147487e-02	1.246818e-02	1.900669e-02
27            	-3.278341e-03	8.769976e-01	3.938524e-02	1.641428e-02	2.297096e-02
28            	-3.284775e-03	8.786824e-01	4.496978e-02	1.920012e-02	2.576967e-02
29            	-3.285624e-03	8.789755e-01	4.877348e-02	2.110112e-02	2.767236e-02
30            	-3.282616e-03	8.781753e-01	5.123329e-02	2.233403e-02	2.889926e-02
31            	-3.279747e-03	8.768649e-01	5.275224e-02	2.309637e-02	2.965587e-02
32            	-3.281007e-03	8.755308e-01	5.394645e-02	2.369222e-02	3.025423e-02
33            	-3.287616e-03	8.743925e-01	5.542840e-02	2.442658e-02	3.100181e-02
34            	-3.299937e-03	8.734444e-01	5.762181e-02	2.551097e-02	3.211084e-02
35            	-3.313927e-03	8.724464e-01	6.073566e-02	2.705390e-02	3.368175e-02
36            	-3.325180e-03	8.710301e-01	6.477372e-02	2.906168e-02	3.571204e-02
37            	-3.332522e-03	8.691562e-01	6.977472e-02	3.155484e-02	3.821988e-02
38            	-3.337602e-03	8.671508e-01	7.567273e-02	3.449877e-02	4.117397e-02
39            	-3.344534e-03	8.655234e-01	8.235660e-02	3.783377e-02	4.452283e-02
40            	-3.358337e-03	8.648627e-01	8.973508e-02	4.150920e-02	4.822588e-02
41            	-3.381806e-03	8.655951e-01	9.754557e-02	4.539098e-02	5.215459e-02
42            	-3.415183e-03	8.680383e-01	1.054625e-01	4.931608e-02	5.614645e-02
43            	-3.455259e-03	8.720997e-01	1.129371e-01	5.301331e-02	5.992382e-02
44            	-3.495967e-03	8.772150e-01	1.193913e-01	5.619970e-02	6.319163e-02
45            	-3.536048e-03	8.834129e-01	1.247719e-01	5.884991e-02	6.592200e-02
46            	-3.573388e-03	8.903041e-01	1.291336e-01	6.099341e-02	6.814018e-02
47            	-3.598991e-03	8.962139e-01	1.322390e-01	6.252050e-02	6.971848e-02
48            	-3.609010e-03	9.001610e-01	1.340086e-01	6.339527e-02	7.061329e-02
49            	-3.608115e-03	9.024772e-01	1.345349e-01	6.365932e-02	7.087555e-02
50            	-3.602948e-03	9.037145e-01	1.342585e-01	6.352631e-02	7.073221e-02
51            	-3.600944e-03	9.045540e-01	1.339938e-01	6.339597e-02	7.059786e-02
52            	-3.606111e-03	9.050201e-01	1.344165e-01	6.360213e-02	7.081435e-02
53            	-3.620949e-03	9.055403e-01	1.355668e-01	6.416245e-02	7.140435e-02
54            	-3.641571e-03	9.060703e-01	1.374433e-01	6.508007e-02	7.236322e-02
55            	-3.664432e-03	9.068648e-01	1.400886e-01	6.637989e-02	7.370875e-02
56            	-3.690957e-03	9.088728e-01	1.440086e-01	6.831337e-02	7.569528e-02
57            	-3.708325e-03	9.102694e-01	1.485416e-01	7.056247e-02	7.797912e-02
58            	-3.713636e-03	9.106004e-01	1.529950e-01	7.278389e-02	8.021116e-02
59            	-3.715870e-03	9.109573e-01	1.553232e-01	7.394573e-02	8.137747e-02
60            	-3.716834e-03	9.121655e-01	1.538701e-01	7.321822e-02	8.065189e-02
61            	-3.705770e-03	9.134959e-01	1.475711e-01	7.007976e-02	7.749130e-02
62            	-3.671614e-03	9.131647e-01	1.366626e-01	6.465971e-02	7.200294e-02
63            	-3.614756e-03	9.106067e-01	1.229913e-01	5.788090e-02	6.511041e-02
64            	-3.531270e-03	9.041971e-01	1.097829e-01	5.136018e-02	5.842273e-02
65            	-3.421000e-03	8.928193e-01	1.006660e-01	4.691198e-02	5.375398e-02
66            	-3.304364e-03	8.796718e-01	9.615619e-02	4.477373e-02	5.138246e-02
67            	-3.209961e-03	8.684029e-01	9.592727e-02	4.475367e-02	5.117360e-02
68            	-3.155344e-03	8.615798e-01	9.825321e-02	4.597126e-02	5.228195e-02
69            	-3.145141e-03	8.601489e-01	1.005433e-01	4.712651e-02	5.341679e-02
70            	-3.176802e-03	8.640794e-01	1.015141e-01	4.758025e-02	5.393385e-02
71            	-3.246754e-03	8.728268e-01	1.009719e-01	4.723918e-02	5.373268e-02
72            	-3.345505e-03	8.848305e-01	9.868728e-02	4.599814e-02	5.268915e-02
73            	-3.458567e-03	8.979919e-01	9.507205e-02	4.407746e-02	5.099459e-02
74            	-3.568426e-03	9.097723e-01	9.089771e-02	4.188043e-02	4.901728e-02
75            	-3.660632e-03	9.184073e-01	8.680134e-02	3.974004e-02	4.706130e-02
76            	-3.726421e-03	9.232965e-01	8.302797e-02	3.778757e-02	4.524041e-02
77            	-3.756981e-03	9.238477e-01	7.954421e-02	3.601513e-02	4.352909e-02
78            	-3.757135e-03	9.210898e-01	7.625987e-02	3.437280e-02	4.188707e-02
79            	-3.744647e-03	9.174424e-01	7.305618e-02	3.278344e-02	4.027274e-02
80            	-3.733421e-03	9.143034e-01	6.968196e-02	3.110756e-02	3.857440e-02
81            	-3.733702e-03	9.127276e-01	6.644212e-02	2.948736e-02	3.695476e-02
82            	-3.750285e-03	9.132403e-01	6.380911e-02	2.815427e-02	3.565484e-02
83            	-3.782129e-03	9.160753e-01	6.260432e-02	2.752003e-02	3.508429e-02
84            	-3.816769e-03	9.200607e-01	6.382798e-02	2.809722e-02	3.573076e-02
85            	-3.840303e-03	9.238410e-01	6.766399e-02	2.999169e-02	3.767230e-02
86            	-3.851677e-03	9.272179e-01	7.289607e-02	3.259636e-02	4.029971e-02
87            	-3.852377e-03	9.309497e-01	7.945598e-02	3.587561e-02	4.358037e-02
88            	-3.853431e-03	9.360988e-01	8.653119e-02	3.941216e-02	4.711903e-02
89            	-3.857481e-03	9.413871e-01	9.315061e-02	4.271782e-02	5.043279e-02
90            	-3.862096e-03	9.460062e-01	9.881448e-02	4.554515e-02	5.326934e-02
91            	-3.854360e-03	9.483554e-01	1.034830e-01	4.788716e-02	5.559588e-02
92            	-3.822022e-03	9.478620e-01	1.077002e-01	5.002810e-02	5.767214e-02
93            	-3.769769e-03	9.456012e-01	1.131579e-01	5.280921e-02	6.034874e-02
94            	-3.704637e-03	9.419473e-01	1.208333e-01	5.671203e-02	6.412130e-02
95            	-3.637951e-03	9.375996e-01	1.303241e-01	6.152412e-02	6.880002e-02
96            	-3.573604e-03	9.327228e-01	1.394939e-01	6.617333e-02	7.332054e-02
97            	-3.511304e-03	9.274799e-01	1.462315e-01	6.960447e-02	7.662708e-02
98            	-3.454473e-03	9.220493e-01	1.485049e-01	7.079797e-02	7.770692e-02
99            	-3.402171e-03	9.161265e-01	1.449203e-01	6.905799e-02	7.586234e-02
100           	-3.355338e-03	9.103401e-01	1.344516e-01	6.387046e-02	7.058113e-02
101           	-3.319659e-03	9.064297e-01	1.181697e-01	5.576517e-02	6.240449e-02
102           	-3.299686e-03	9.046783e-01	9.897965e-02	4.619014e-02	5.278951e-02
103           	-3.300773e-03	9.043477e-01	7.925746e-02	3.632796e-02	4.292950e-02
104           	-3.323991e-03	9.050528e-01	6.018599e-02	2.676900e-02	3.341699e-02
105           	-3.364394e-03	9.066517e-01	4.166071e-02	1.746596e-02	2.419475e-02
106           	-3.410404e-03	9.083703e-01	2.384119e-02	8.510190e-03	1.533100e-02
107           	-3.447552e-03	9.091167e-01	8.538482e-03	8.216887e-04	7.716793e-03
108           	-3.471895e-03	9.088725e-01	-2.252772e-03	-4.598281e-03	2.345509e-03
109           	-3.495547e-03	9.087880e-01	-8.297504e-03	-7.644299e-03	-6.532056e-04
110           	-3.530213e-03	9.096568e-01	-9.654561e-03	-8.357493e-03	-1.297068e-03
111           	-3.579511e-03	9.111709e-01	-6.433456e-03	-6.796238e-03	3.627827e-04
112           	-3.646693e-03	9.130317e-01	1.711682e-03	-2.790852e-03	4.502534e-03
113           	-3.734273e-03	9.156660e-01	1.384050e-02	3.185979e-03	1.065452e-02
114           	-3.829325e-03	9.192037e-01	2.738282e-02	9.862085e-03	1.752074e-02
115           	-3.926529e-03	9.247804e-01	4.208375e-02	1.711535e-02	2.496840e-02
116           	-4.014195e-03	9.314709e-01	5.724084e-02	2.460623e-02	3.263462e-02
117           	-4.081421e-03	9.373131e-01	7.259001e-02	3.221358e-02	4.037643e-02
118           	-4.122510e-03	9.410466e-01	8.664666e-02	3.920082e-02	4.744584e-02
119           	-4.148426e-03	9.436300e-01	9.871940e-02	4.521127e-02	5.350813e-02
120           	-4.173659e-03	9.469618e-01	1.085877e-01	5.012018e-02	5.846750e-02
121           	-4.196274e-03	9.506964e-01	1.169309e-01	5.426917e-02	6.266171e-02
122           	-4.204180e-03	9.533276e-01	1.252123e-01	5.840197e-02	6.681033e-02
123           	-4.183319e-03	9.528676e-01	1.330057e-01	6.231952e-02	7.068616e-02
124           	-4.134641e-03	9.488958e-01	1.395926e-01	6.566165e-02	7.393093e-02
125           	-4.070468e-03	9.416015e-01	1.458225e-01	6.884080e-02	7.698174e-02
126           	-4.003519e-03	9.318182e-01	1.524326e-01	7.221278e-02	8.021982e-02
127           	-3.951787e-03	9.219704e-01	1.590410e-01	7.556874e-02	8.347231e-02
128           	-3.923537e-03	9.147297e-01	1.645013e-01	7.832710e-02	8.617418e-02
129           	-3.913550e-03	9.109977e-01	1.677705e-01	7.997169e-02	8.779879e-02
130           	-3.916251e-03	9.107952e-01	1.694154e-01	8.079146e-02	8.862396e-02
131           	-3.936369e-03	9.146004e-01	1.705987e-01	8.136298e-02	8.923572e-02
132           	-3.970798e-03	9.216561e-01	1.720032e-01	8.203079e-02	8.997239e-02
133           	-4.010023e-03	9.304115e-01	1.735426e-01	8.276125e-02	9.078130e-02
134           	-4.035279e-03	9.372870e-01	1.734868e-01	8.270813e-02	9.077869e-02
135           	-4.031256e-03	9.388403e-01	1.701518e-01	8.104462e-02	8.910713e-02
136           	-4.002793e-03	9.357185e-01	1.639261e-01	7.796026e-02	8.596585e-02
137           	-3.964662e-03	9.302038e-01	1.567061e-01	7.438837e-02	8.231769e-02
138           	-3.930519e-03	9.244725e-01	1.508547e-01	7.149683e-02	7.935787e-02
139           	-3.907798e-03	9.198840e-01	1.479175e-01	7.005093e-02	7.786653e-02
140           	-3.899605e-03	9.168381e-01	1.475282e-01	6.986450e-02	7.766371e-02
141           	-3.909987e-03	9.155797e-01	1.490908e-01	7.063541e-02	7.845539e-02
142           	-3.943701e-03	9.160921e-01	1.526212e-01	7.236689e-02	8.025429e-02
143           	-4.005093e-03	9.182121e-01	1.584433e-01	7.521655e-02	8.322674e-02
144           	-4.079282e-03	9.210651e-01	1.656396e-01	7.874051e-02	8.689907e-02
145           	-4.137609e-03	9.224781e-01	1.732954e-01	8.251009e-02	9.078531e-02
146           	-4.169071e-03	9.218884e-01	1.805444e-01	8.610315e-02	9.444130e-02
147           	-4.173530e-03	9.196945e-01	1.856227e-01	8.863782e-02	9.698488e-02
148           	-4.158956e-03	9.169157e-01	1.875248e-01	8.960343e-02	9.792134e-02
149           	-4.134405e-03	9.143163e-01	1.861385e-01	8.893483e-02	9.720364e-02
150           	-4.105694e-03	9.120601e-01	1.822457e-01	8.701715e-02	9.522854e-02
151           	-4.073960e-03	9.096591e-01	1.773786e-01	8.461532e-02	9.276324e-02
152           	-4.048334e-03	9.072287e-01	1.737353e-01	8.281934e-02	9.091601e-02
153           	-4.034679e-03	9.049996e-01	1.723739e-01	8.215228e-02	9.022164e-02
154           	-4.032152e-03	9.030803e-01	1.735973e-01	8.276650e-02	9.083080e-02
155           	-4.037439e-03	9.012453e-01	1.776592e-01	8.479218e-02	9.286706e-02
156           	-4.049957e-03	8.997306e-01	1.845073e-01	8.820371e-02	9.630362e-02
157           	-4.066626e-03	8.984325e-01	1.939640e-01	9.291536e-02	1.010486e-01
158           	-4.084642e-03	8.974937e-01	2.051371e-01	9.848391e-02	1.066532e-01
159           	-4.100110e-03	8.970155e-01	2.160820e-01	1.039409e-01	1.121411e-01
160           	-4.109378e-03	8.967981e-01	2.248142e-01	1.082977e-01	1.165165e-01
161           	-4.111494e-03	8.965339e-01	2.305358e-01	1.111564e-01	1.193794e-01
162           	-4.109609e-03	8.962510e-01	2.328710e-01	1.123259e-01	1.205451e-01
163           	-4.106291e-03	8.960515e-01	2.310406e-01	1.114140e-01	1.196266e-01
164           	-4.101687e-03	8.959493e-01	2.244136e-01	1.081051e-01	1.163085e-01
165           	-4.093600e-03	8.957898e-01	2.133730e-01	1.025929e-01	1.107801e-01
166           	-4.081945e-03	8.955813e-01	1.994512e-01	9.564368e-02	1.038076e-01
167           	-4.067596e-03	8.953469e-01	1.839303e-01	8.789755e-02	9.603274e-02
168           	-4.050731e-03	8.951054e-01	1.674283e-01	7.966344e-02	8.776490e-02
169           	-4.031749e-03	8.948805e-01	1.510449e-01	7.149070e-02	7.955420e-02
170           	-4.011750e-03	8.948290e-01	1.358813e-01	6.392892e-02	7.195242e-02
171           	-3.992062e-03	8.951298e-01	1.226904e-01	5.735312e-02	6.533725e-02
172           	-3.973446e-03	8.958449e-01	1.121172e-01	5.208515e-02	6.003204e-02
173           	-3.955324e-03	8.970353e-01	1.045368e-01	4.831307e-02	5.622372e-02
174           	-3.937883e-03	8.990320e-01	1.000936e-01	4.610890e-02	5.398467e-02
175           	-3.918529e-03	9.011686e-01	9.849698e-02	4.532996e-02	5.316702e-02
176           	-3.898687e-03	9.032435e-01	9.962492e-02	4.591377e-02	5.371115e-02
177           	-3.881058e-03	9.051192e-01	1.032825e-01	4.776020e-02	5.552232e-02
178           	-3.867596e-03	9.065444e-01	1.092394e-01	5.075211e-02	5.848730e-02
179           	-3.858552e-03	9.071089e-01	1.173357e-01	5.480930e-02	6.252640e-02
180           	-3.856066e-03	9.072409e-01	1.272698e-01	5.977883e-02	6.749097e-02
181           	-3.854341e-03	9.059809e-01	1.380874e-01	6.518936e-02	7.289804e-02
182           	-3.851045e-03	9.034836e-01	1.489036e-01	7.060075e-02	7.830284e-02
183           	-3.847566e-03	9.003495e-01	1.586851e-01	7.549496e-02	8.319009e-02
184           	-3.845731e-03	8.970719e-01	1.663122e-01	7.931035e-02	8.700181e-02
185           	-3.846961e-03	8.941722e-01	1.709758e-01	8.164092e-02	8.933484e-02
186           	-3.851120e-03	8.918847e-01	1.727612e-01	8.252948e-02	9.023173e-02
187           	-3.857267e-03	8.904979e-01	1.722383e-01	8.226190e-02	8.997643e-02
188           	-3.860054e-03	8.894877e-01	1.698787e-01	8.107931e-02	8.879942e-02
189           	-3.855091e-03	8.890882e-01	1.662714e-01	7.928061e-02	8.699080e-02
190           	-3.842620e-03	8.893348e-01	1.629448e-01	7.762978e-02	8.531502e-02
191           	-3.825062e-03	8.894154e-01	1.603715e-01	7.636067e-02	8.401080e-02
192           	-3.804775e-03	8.891202e-01	1.583882e-01	7.538934e-02	8.299889e-02
193           	-3.786649e-03	8.885859e-01	1.570014e-01	7.471406e-02	8.228736e-02
194           	-3.772288e-03	8.876629e-01	1.560209e-01	7.423814e-02	8.178272e-02
195           	-3.763019e-03	8.865978e-01	1.551619e-01	7.381794e-02	8.134398e-02
196           	-3.759462e-03	8.857246e-01	1.540785e-01	7.327978e-02	8.079870e-02
197           	-3.762006e-03	8.853918e-01	1.524002e-01	7.243808e-02	7.996209e-02
198           	-3.770934e-03	8.859679e-01	1.498419e-01	7.115002e-02	7.869188e-02
199           	-3.786315e-03	8.877668e-01	1.462765e-01	6.935194e-02	7.692457e-02
200           	-3.806882e-03	8.908584e-01	1.418027e-01	6.709448e-02	7.470825e-02
201           	-3.829600e-03	8.949309e-01	1.368277e-01	6.458427e-02	7.224347e-02
202           	-3.851192e-03	8.994509e-01	1.319140e-01	6.210579e-02	6.980818e-02
203           	-3.868959e-03	9.038755e-01	1.275696e-01	5.991583e-02	6.765375e-02
204           	-3.881587e-03	9.077972e-01	1.241216e-01	5.817922e-02	6.594239e-02
205           	-3.889724e-03	9.112599e-01	1.216621e-01	5.694134e-02	6.472079e-02
206           	-3.893865e-03	9.141039e-01	1.202752e-01	5.624373e-02	6.403146e-02
207           	-3.895102e-03	9.163107e-01	1.199234e-01	5.606659e-02	6.385679e-02
208           	-3.894666e-03	9.178826e-01	1.204548e-01	5.633271e-02	6.412204e-02
209           	-3.893713e-03	9.188680e-01	1.215873e-01	5.689992e-02	6.468734e-02
210           	-3.892973e-03	9.193871e-01	1.229392e-01	5.757661e-02	6.536256e-02
211           	-3.892684e-03	9.196153e-01	1.241233e-01	5.816898e-02	6.595434e-02
212           	-3.892436e-03	9.196604e-01	1.248599e-01	5.853751e-02	6.632238e-02
213           	-3.892048e-03	9.197045e-01	1.250170e-01	5.861644e-02	6.640053e-02
214           	-3.891133e-03	9.197817e-01	1.245816e-01	5.839966e-02	6.618192e-02
215           	-3.890006e-03	9.200183e-01	1.237211e-01	5.797052e-02	6.575054e-02
216           	-3.888849e-03	9.204321e-01	1.225959e-01	5.740910e-02	6.518680e-02
217           	-3.887912e-03	9.211051e-01	1.213682e-01	5.679617e-02	6.457200e-02
218           	-3.887649e-03	9.221123e-01	1.200918e-01	5.615827e-02	6.393357e-02
219           	-3.887398e-03	9.232730e-01	1.189486e-01	5.558691e-02	6.336170e-02
220           	-3.886265e-03	9.243946e-01	1.181010e-01	5.516424e-02	6.293677e-02
221           	-3.883522e-03	9.253373e-01	1.176301e-01	5.493155e-02	6.269859e-02
222           	-3.878554e-03	9.259565e-01	1.175234e-01	5.488314e-02	6.264025e-02
223           	-3.872497e-03	9.264494e-01	1.176605e-01	5.495775e-02	6.270274e-02
224           	-3.865516e-03	9.268405e-01	1.179273e-01	5.509814e-02	6.282917e-02
225           	-3.857748e-03	9.271391e-01	1.182056e-01	5.524507e-02	6.296056e-02
226           	-3.849221e-03	9.273590e-01	1.183934e-01	5.534749e-02	6.304593e-02
227           	-3.840008e-03	9.274778e-01	1.184031e-01	5.536154e-02	6.304155e-02
228           	-3.830447e-03	9.274648e-01	1.181749e-01	5.525700e-02	6.291789e-02
229           	-3.820944e-03	9.273194e-01	1.176957e-01	5.502689e-02	6.266878e-02
230           	-3.811714e-03	9.271207e-01	1.169755e-01	5.467604e-02	6.229947e-02
231           	-3.802885e-03	9.268713e-01	1.160718e-01	5.423303e-02	6.183880e-02
232           	-3.794575e-03	9.266511e-01	1.150504e-01	5.373064e-02	6.131979e-02
233           	-3.786797e-03	9.265273e-01	1.139636e-01	5.319499e-02	6.076858e-02
234           	-3.779472e-03	9.265335e-01	1.128542e-01	5.264760e-02	6.020655e-02
235           	-3.772542e-03	9.266389e-01	1.117860e-01	5.212045e-02	5.966553e-02
236           	-3.765856e-03	9.268562e-01	1.107606e-01	5.161443e-02	5.914614e-02
237           	-3.759333e-03	9.271836e-01	1.097762e-01	5.112876e-02	5.864742e-02
238           	-3.752824e-03	9.275725e-01	1.088788e-01	5.068657e-02	5.819221e-02
239           	-3.746453e-03	9.279836e-01	1.081230e-01	5.031505e-02	5.780795e-02
240           	-3.740455e-03	9.284181e-01	1.075476e-01	5.003333e-02	5.751424e-02
241           	-3.735055e-03	9.288422e-01	1.071690e-01	4.984944e-02	5.731955e-02
242           	-3.730184e-03	9.292142e-01	1.069495e-01	4.974459e-02	5.720496e-02
243           	-3.725895e-03	9.295471e-01	1.068329e-01	4.969057e-02	5.714236e-02
244           	-3.722281e-03	9.298584e-01	1.067588e-01	4.965714e-02	5.710170e-02
245           	-3.719367e-03	9.301489e-01	1.066660e-01	4.961366e-02	5.705239e-02
246           	-3.717125e-03	9.303898e-01	1.064820e-01	4.952386e-02	5.695811e-02
247           	-3.715226e-03	9.305796e-01	1.062003e-01	4.938492e-02	5.681537e-02
248           	-3.713468e-03	9.307076e-01	1.057856e-01	4.917932e-02	5.660626e-02
249           	-3.711632e-03	9.307636e-01	1.051994e-01	4.888808e-02	5.631135e-02
250           	-3.709489e-03	9.307397e-01	1.044039e-01	4.849246e-02	5.591144e-02
251           	-3.706732e-03	9.306272e-01	1.033709e-01	4.797872e-02	5.539218e-02
252           	-3.702955e-03	9.303992e-01	1.020173e-01	4.730569e-02	5.471160e-02
253           	-3.698153e-03	9.300797e-01	1.003912e-01	4.649746e-02	5.389377e-02
254           	-3.692459e-03	9.297091e-01	9.861999e-02	4.561753e-02	5.300245e-02
255           	-3.686237e-03	9.293531e-01	9.684203e-02	4.473478e-02	5.210725e-02
256           	-3.679899e-03	9.290596e-01	9.516441e-02	4.390230e-02	5.126210e-02
257           	-3.673805e-03	9.288640e-01	9.365006e-02	4.315122e-02	5.049883e-02
258           	-3.668086e-03	9.287636e-01	9.232186e-02	4.249284e-02	4.982901e-02
259           	-3.662804e-03	9.287556e-01	9.118275e-02	4.192857e-02	4.925418e-02
260           	-3.657918e-03	9.288290e-01	9.022059e-02	4.145237e-02	4.876821e-02
261           	-3.653359e-03	9.289687e-01	8.941469e-02	4.105399e-02	4.836071e-02
262           	-3.649060e-03	9.291575e-01	8.873585e-02	4.071887e-02	4.801699e-02
263           	-3.644977e-03	9.293764e-01	8.814476e-02	4.042740e-02	4.771736e-02
264           	-3.641074e-03	9.296091e-01	8.758961e-02	4.015373e-02	4.743588e-02
265           	-3.637323e-03	9.298451e-01	8.701049e-02	3.986792e-02	4.714257e-02
266           	-3.633673e-03	9.300689e-01	8.634942e-02	3.954104e-02	4.680838e-02
267           	-3.630054e-03	9.302638e-01	8.555933e-02	3.914961e-02	4.640972e-02
268           	-3.626377e-03	9.304134e-01	8.461016e-02	3.867870e-02	4.593145e-02
269           	-3.622580e-03	9.305104e-01	8.349383e-02	3.812434e-02	4.536950e-02
270           	-3.618591e-03	9.305377e-01	8.222985e-02	3.749633e-02	4.473352e-02
271           	-3.614411e-03	9.304964e-01	8.085761e-02	3.681440e-02	4.404322e-02
272           	-3.610071e-03	9.303846e-01	7.943538e-02	3.610762e-02	4.332776e-02
273           	-3.605645e-03	9.302071e-01	7.802543e-02	3.540707e-02	4.261836e-02
274           	-3.601215e-03	9.299743e-01	7.668785e-02	3.474271e-02	4.194514e-02
275           	-3.596837e-03	9.296977e-01	7.547319e-02	3.413976e-02	4.133343e-02
276           	-3.592543e-03	9.293904e-01	7.442436e-02	3.361964e-02	4.080472e-02
277           	-3.588330e-03	9.290628e-01	7.357227e-02	3.319780e-02	4.037446e-02
278           	-3.584188e-03	9.287252e-01	7.293735e-02	3.288449e-02	4.005286e-02
279           	-3.580106e-03	9.283857e-01	7.252703e-02	3.268341e-02	3.984362e-02
280           	-3.576050e-03	9.280507e-01	7.233631e-02	3.259210e-02	3.974421e-02
281           	-3.572002e-03	9.277235e-01	7.234577e-02	3.260088e-02	3.974488e-02
282           	-3.567917e-03	9.274036e-01	7.252691e-02	3.269554e-02	3.983137e-02
283           	-3.563761e-03	9.270870e-01	7.284690e-02	3.285969e-02	3.998721e-02
284           	-3.559525e-03	9.267701e-01	7.327229e-02	3.307662e-02	4.019567e-02
285           	-3.555201e-03	9.264498e-01	7.377538e-02	3.333249e-02	4.044289e-02
286           	-3.550760e-03	9.261202e-01	7.433578e-02	3.361713e-02	4.071865e-02
287           	-3.546176e-03	9.257739e-01	7.493939e-02	3.392352e-02	4.101587e-02
288           	-3.541446e-03	9.254058e-01	7.557798e-02	3.424755e-02	4.133044e-02
289           	-3.536582e-03	9.250119e-01	7.624533e-02	3.458609e-02	4.165925e-02
290           	-3.531618e-03	9.245855e-01	7.693679e-02	3.493678e-02	4.200001e-02
291           	-3.526673e-03	9.241405e-01	7.764076e-02	3.529371e-02	4.234705e-02
292           	-3.521845e-03	9.236870e-01	7.834673e-02	3.565152e-02	4.269521e-02
293           	-3.517215e-03	9.232362e-01	7.904351e-02	3.600454e-02	4.303897e-02
294           	-3.512819e-03	9.227953e-01	7.971988e-02	3.634712e-02	4.337276e-02
295           	-3.508593e-03	9.223606e-01	8.037908e-02	3.668095e-02	4.369813e-02
296           	-3.504567e-03	9.219384e-01	8.099800e-02	3.699443e-02	4.400357e-02
297           	-3.500867e-03	9.215423e-01	8.154810e-02	3.727318e-02	4.427492e-02
298           	-3.497420e-03	9.211562e-01	8.203405e-02	3.751960e-02	4.451444e-02
299           	-3.494187e-03	9.207762e-01	8.245381e-02	3.773272e-02	4.472109e-02
300           	-3.491156e-03	9.204002e-01	8.280613e-02	3.791191e-02	4.489422e-02
301           	-3.488330e-03	9.200279e-01	8.309304e-02	3.805819e-02	4.503485e-02
302           	-3.485711e-03	9.196597e-01	8.332056e-02	3.817457e-02	4.514599e-02
303           	-3.483301e-03	9.192976e-01	8.349815e-02	3.826577e-02	4.523237e-02
304           	-3.481089e-03	9.189445e-01	8.363828e-02	3.833805e-02	4.530023e-02
305           	-3.479041e-03	9.186001e-01	8.375527e-02	3.839859e-02	4.535668e-02
306           	-3.477145e-03	9.182727e-01	8.386214e-02	3.845392e-02	4.540821e-02
307           	-3.475314e-03	9.179553e-01	8.397677e-02	3.851307e-02	4.546370e-02
308           	-3.473561e-03	9.176598e-01	8.410231e-02	3.857759e-02	4.552471e-02
309           	-3.471934e-03	9.173956e-01	8.423822e-02	3.864718e-02	4.559104e-02
310           	-3.470483e-03	9.171715e-01	8.437842e-02	3.871873e-02	4.565969e-02
311           	-3.469206e-03	9.169841e-01	8.451340e-02	3.878749e-02	4.572590e-02
312           	-3.468136e-03	9.168381e-01	8.462267e-02	3.884320e-02	4.577947e-02
313           	-3.467261e-03	9.167298e-01	8.469382e-02	3.887965e-02	4.581417e-02
314           	-3.466554e-03	9.166568e-01	8.471085e-02	3.888887e-02	4.582198e-02
315           	-3.465953e-03	9.166142e-01	8.466612e-02	3.886711e-02	4.579901e-02
316           	-3.465438e-03	9.166017e-01	8.454565e-02	3.880739e-02	4.573826e-02
317           	-3.464982e-03	9.166142e-01	8.434402e-02	3.870703e-02	4.563699e-02
318           	-3.464561e-03	9.166453e-01	8.406117e-02	3.856603e-02	4.549515e-02
319           	-3.464151e-03	9.166888e-01	8.370165e-02	3.838667e-02	4.531498e-02
320           	-3.463730e-03	9.167379e-01	8.327358e-02	3.817306e-02	4.510052e-02
321           	-3.463281e-03	9.167872e-01	8.278686e-02	3.793015e-02	4.485671e-02
322           	-3.462791e-03	9.168320e-01	8.225233e-02	3.766337e-02	4.458896e-02
323           	-3.462241e-03	9.168648e-01	8.168380e-02	3.737966e-02	4.430414e-02
324           	-3.461673e-03	9.168921e-01	8.108068e-02	3.707867e-02	4.400201e-02
325           	-3.461051e-03	9.169056e-01	8.046230e-02	3.677010e-02	4.369220e-02
326           	-3.460393e-03	9.169080e-01	7.983054e-02	3.645488e-02	4.337566e-02
327           	-3.459707e-03	9.169008e-01	7.919310e-02	3.613684e-02	4.305626e-02
328           	-3.458993e-03	9.168853e-01	7.855720e-02	3.581961e-02	4.273759e-02
329           	-3.458252e-03	9.168639e-01	7.792935e-02	3.550642e-02	4.242293e-02
330           	-3.457483e-03	9.168385e-01	7.731536e-02	3.520020e-02	4.211516e-02
331           	-3.456674e-03	9.168111e-01	7.672084e-02	3.490375e-02	4.181710e-02
332           	-3.455821e-03	9.167842e-01	7.615006e-02	3.461921e-02	4.153085e-02
333           	-3.454902e-03	9.167602e-01	7.560575e-02	3.434797e-02	4.125778e-02
334           	-3.453906e-03	9.167406e-01	7.508858e-02	3.409039e-02	4.099820e-02
335           	-3.452819e-03	9.167271e-01	7.459772e-02	3.384604e-02	4.075168e-02
336           	-3.451637e-03	9.167221e-01	7.413217e-02	3.361445e-02	4.051772e-02
337           	-3.450321e-03	9.167254e-01	7.369184e-02	3.339560e-02	4.029624e-02
338           	-3.448833e-03	9.167312e-01	7.328416e-02	3.319325e-02	4.009091e-02
339           	-3.447166e-03	9.167400e-01	7.291057e-02	3.300812e-02	3.990245e-02
340           	-3.445292e-03	9.167485e-01	7.256816e-02	3.283879e-02	3.972937e-02
341           	-3.443182e-03	9.167523e-01	7.225682e-02	3.268523e-02	3.957159e-02
342           	-3.440817e-03	9.167486e-01	7.197959e-02	3.254898e-02	3.943061e-02
343           	-3.438209e-03	9.167369e-01	7.174129e-02	3.243244e-02	3.930886e-02
344           	-3.435382e-03	9.167194e-01	7.154904e-02	3.233914e-02	3.920990e-02
345           	-3.432380e-03	9.167004e-01	7.141026e-02	3.227275e-02	3.913751e-02
346           	-3.429265e-03	9.166865e-01	7.133214e-02	3.223680e-02	3.909533e-02
347           	-3.426100e-03	9.166846e-01	7.132084e-02	3.223432e-02	3.908652e-02
348           	-3.422950e-03	9.167010e-01	7.138033e-02	3.226721e-02	3.911311e-02
349           	-3.419891e-03	9.167403e-01	7.150961e-02	3.233491e-02	3.917470e-02
350           	-3.416987e-03	9.168035e-01	7.169905e-02	3.243254e-02	3.926651e-02
351           	-3.414286e-03	9.168873e-01	7.192477e-02	3.254810e-02	3.937667e-02
352           	-3.411746e-03	9.169913e-01	7.214771e-02	3.266211e-02	3.948560e-02
353           	-3.409302e-03	9.171000e-01	7.231869e-02	3.275004e-02	3.956865e-02
354           	-3.406917e-03	9.172049e-01	7.238889e-02	3.278753e-02	3.960136e-02
355           	-3.404467e-03	9.172950e-01	7.233069e-02	3.276088e-02	3.956981e-02
356           	-3.401862e-03	9.173666e-01	7.212167e-02	3.265897e-02	3.946270e-02
357           	-3.399016e-03	9.174192e-01	7.174254e-02	3.247226e-02	3.927029e-02
358           	-3.395846e-03	9.174527e-01	7.117862e-02	3.219346e-02	3.898516e-02
359           	-3.392308e-03	9.174667e-01	7.043169e-02	3.182354e-02	3.860816e-02
360           	-3.388423e-03	9.174624e-01	6.952970e-02	3.137643e-02	3.815327e-02
361           	-3.384274e-03	9.174430e-01	6.852231e-02	3.087688e-02	3.764543e-02
362           	-3.379983e-03	9.174122e-01	6.746990e-02	3.035497e-02	3.711493e-02
363           	-3.375686e-03	9.173803e-01	6.640468e-02	2.982666e-02	3.657803e-02
364           	-3.371488e-03	9.173562e-01	6.535936e-02	2.930819e-02	3.605117e-02
365           	-3.367457e-03	9.173454e-01	6.435275e-02	2.880892e-02	3.554383e-02
366           	-3.363628e-03	9.173504e-01	6.339315e-02	2.833295e-02	3.506020e-02
367           	-3.360010e-03	9.173673e-01	6.248182e-02	2.788090e-02	3.460092e-02
368           	-3.356587e-03	9.173956e-01	6.161182e-02	2.744932e-02	3.416250e-02
369           	-3.353346e-03	9.174316e-01	6.077794e-02	2.703562e-02	3.374231e-02
370           	-3.350261e-03	9.174701e-01	5.997148e-02	2.663548e-02	3.333600e-02
371           	-3.347298e-03	9.175057e-01	5.918046e-02	2.624293e-02	3.293753e-02
372           	-3.344433e-03	9.175332e-01	5.839135e-02	2.585124e-02	3.254011e-02
373           	-3.341637e-03	9.175486e-01	5.759212e-02	2.545442e-02	3.213770e-02
374           	-3.338929e-03	9.175507e-01	5.677147e-02	2.504681e-02	3.172467e-02
375           	-3.336259e-03	9.175361e-01	5.593301e-02	2.463024e-02	3.130276e-02
376           	-3.333618e-03	9.175039e-01	5.507695e-02	2.420486e-02	3.087209e-02
377           	-3.331028e-03	9.174574e-01	5.420652e-02	2.377223e-02	3.043429e-02
378           	-3.328465e-03	9.173955e-01	5.333608e-02	2.333957e-02	2.999650e-02
379           	-3.325930e-03	9.173203e-01	5.247802e-02	2.291308e-02	2.956494e-02
380           	-3.323436e-03	9.172351e-01	5.164398e-02	2.249856e-02	2.914543e-02
381           	-3.320991e-03	9.171426e-01	5.084439e-02	2.210120e-02	2.874319e-02
382           	-3.318556e-03	9.170459e-01	5.010859e-02	2.173574e-02	2.837285e-02
383           	-3.316208e-03	9.169462e-01	4.942803e-02	2.139781e-02	2.803022e-02
384           	-3.313974e-03	9.168453e-01	4.879494e-02	2.108350e-02	2.771145e-02
385           	-3.311838e-03	9.167443e-01	4.820515e-02	2.079074e-02	2.741441e-02
386           	-3.309776e-03	9.166434e-01	4.765671e-02	2.051858e-02	2.713813e-02
387           	-3.307748e-03	9.165410e-01	4.714896e-02	2.026673e-02	2.688223e-02
388           	-3.305718e-03	9.164362e-01	4.668187e-02	2.003521e-02	2.664665e-02
389           	-3.303644e-03	9.163262e-01	4.625380e-02	1.982326e-02	2.643054e-02
390           	-3.301491e-03	9.162084e-01	4.586368e-02	1.963035e-02	2.623333e-02
391           	-3.299290e-03	9.160837e-01	4.550986e-02	1.945564e-02	2.605422e-02
392           	-3.296922e-03	9.159452e-01	4.520021e-02	1.930318e-02	2.589703e-02
393           	-3.294409e-03	9.157932e-01	4.493595e-02	1.917357e-02	2.576239e-02
394           	-3.291772e-03	9.156296e-01	4.472047e-02	1.906846e-02	2.565201e-02
395           	-3.289024e-03	9.154566e-01	4.455821e-02	1.899008e-02	2.556813e-02
396           	-3.286190e-03	9.152769e-01	4.445193e-02	1.893977e-02	2.551215e-02
397           	-3.283298e-03	9.150937e-01	4.440301e-02	1.891821e-02	2.548480e-02
398           	-3.280402e-03	9.149108e-01	4.441028e-02	1.892474e-02	2.548554e-02
399           	-3.277571e-03	9.147326e-01	4.446870e-02	1.895678e-02	2.551192e-02
400           	-3.274890e-03	9.145651e-01	4.456878e-02	1.900950e-02	2.555928e-02
401           	-3.272439e-03	9.144140e-01	4.469571e-02	1.907542e-02	2.562029e-02
402           	-3.270255e-03	9.142819e-01	4.483086e-02	1.914517e-02	2.568568e-02
403           	-3.268340e-03	9.141685e-01	4.495332e-02	1.920832e-02	2.574500e-02
404           	-3.266649e-03	9.140703e-01	4.504382e-02	1.925526e-02	2.578856e-02
405           	-3.265110e-03	9.139822e-01	4.508715e-02	1.927847e-02	2.580868e-02
406           	-3.263642e-03	9.138977e-01	4.507334e-02	1.927303e-02	2.580031e-02
407           	-3.262174e-03	9.138114e-01	4.499789e-02	1.923677e-02	2.576112e-02
408           	-3.260651e-03	9.137187e-01	4.486178e-02	1.917024e-02	2.569154e-02
409           	-3.259045e-03	9.136173e-01	4.467095e-02	1.907643e-02	2.559452e-02
410           	-3.257355e-03	9.135067e-01	4.443635e-02	1.896082e-02	2.547553e-02
411           	-3.255603e-03	9.133887e-01	4.417193e-02	1.883036e-02	2.534157e-02
412           	-3.253826e-03	9.132657e-01	4.389316e-02	1.869275e-02	2.520041e-02
413           	-3.252062e-03	9.131408e-01	4.361480e-02	1.855534e-02	2.505946e-02
414           	-3.250351e-03	9.130174e-01	4.334861e-02	1.842395e-02	2.492466e-02
415           	-3.248715e-03	9.128975e-01	4.310268e-02	1.830263e-02	2.480006e-02
416           	-3.247166e-03	9.127822e-01	4.288123e-02	1.819345e-02	2.468778e-02
417           	-3.245706e-03	9.126718e-01	4.268558e-02	1.809709e-02	2.458850e-02
418           	-3.244334e-03	9.125659e-01	4.251466e-02	1.801300e-02	2.450166e-02
419           	-3.243051e-03	9.124639e-01	4.236587e-02	1.793988e-02	2.442599e-02
420           	-3.241863e-03	9.123662e-01	4.223487e-02	1.787557e-02	2.435930e-02
421           	-3.240774e-03	9.122728e-01	4.211585e-02	1.781715e-02	2.429870e-02
422           	-3.239780e-03	9.121800e-01	4.200251e-02	1.776147e-02	2.424103e-02
423           	-3.238842e-03	9.120892e-01	4.188535e-02	1.770383e-02	2.418152e-02
424           	-3.237963e-03	9.120003e-01	4.176080e-02	1.764244e-02	2.411837e-02
425           	-3.237145e-03	9.119124e-01	4.162893e-02	1.757732e-02	2.405161e-02
426           	-3.236359e-03	9.118252e-01	4.148940e-02	1.750834e-02	2.398106e-02
427           	-3.235594e-03	9.117380e-01	4.134364e-02	1.743622e-02	2.390741e-02
428           	-3.234843e-03	9.116500e-01	4.119516e-02	1.736274e-02	2.383242e-02
429           	-3.234103e-03	9.115602e-01	4.104897e-02	1.729038e-02	2.375859e-02
430           	-3.233374e-03	9.114680e-01	4.091046e-02	1.722185e-02	2.368860e-02
431           	-3.232661e-03	9.113731e-01	4.078414e-02	1.715941e-02	2.362473e-02
432           	-3.231992e-03	9.112766e-01	4.067117e-02	1.710359e-02	2.356758e-02
433           	-3.231333e-03	9.111807e-01	4.057727e-02	1.705730e-02	2.351997e-02
434           	-3.230715e-03	9.110854e-01	4.050151e-02	1.702004e-02	2.348147e-02
435           	-3.230153e-03	9.109912e-01	4.044167e-02	1.699068e-02	2.345099e-02
436           	-3.229648e-03	9.108992e-01	4.039505e-02	1.696788e-02	2.342717e-02
437           	-3.229198e-03	9.108101e-01	4.035840e-02	1.695000e-02	2.340840e-02
438           	-3.228800e-03	9.107248e-01	4.032846e-02	1.693543e-02	2.339303e-02
439           	-3.228446e-03	9.106438e-01	4.030250e-02	1.692280e-02	2.337970e-02
440           	-3.228127e-03	9.105666e-01	4.027769e-02	1.691072e-02	2.336697e-02
441           	-3.227838e-03	9.104930e-01	4.025173e-02	1.689802e-02	2.335370e-02
442           	-3.227571e-03	9.104225e-01	4.022412e-02	1.688449e-02	2.333963e-02
443           	-3.227306e-03	9.103542e-01	4.019571e-02	1.687055e-02	2.332516e-02
444           	-3.227026e-03	9.102871e-01	4.016844e-02	1.685720e-02	2.331125e-02
445           	-3.226717e-03	9.102207e-01	4.014542e-02	1.684599e-02	2.329943e-02
446           	-3.226368e-03	9.101545e-01	4.013035e-02	1.683881e-02	2.329154e-02
447           	-3.225966e-03	9.100886e-01	4.012705e-02	1.683756e-02	2.328949e-02
448           	-3.225501e-03	9.100223e-01	4.013951e-02	1.684425e-02	2.329525e-02
449           	-3.224970e-03	9.099561e-01	4.017160e-02	1.686083e-02	2.331077e-02
450           	-3.224391e-03	9.098927e-01	4.022664e-02	1.688893e-02	2.333771e-02
451           	-3.223768e-03	9.098314e-01	4.030769e-02	1.693008e-02	2.337761e-02
452           	-3.223119e-03	9.097732e-01	4.041678e-02	1.698527e-02	2.343151e-02
453           	-3.222461e-03	9.097196e-01	4.055488e-02	1.705498e-02	2.349990e-02
454           	-3.221819e-03	9.096721e-01	4.072212e-02	1.713924e-02	2.358288e-02
455           	-3.221212e-03	9.096326e-01	4.091757e-02	1.723757e-02	2.368000e-02
456           	-3.220650e-03	9.096007e-01	4.113813e-02	1.734842e-02	2.378972e-02
457           	-3.220158e-03	9.095791e-01	4.137906e-02	1.746937e-02	2.390969e-02
458           	-3.219770e-03	9.095705e-01	4.163303e-02	1.759675e-02	2.403629e-02
459           	-3.219478e-03	9.095734e-01	4.189247e-02	1.772676e-02	2.416571e-02
460           	-3.219266e-03	9.095842e-01	4.214768e-02	1.785458e-02	2.429311e-02
461           	-3.219110e-03	9.096001e-01	4.238841e-02	1.797510e-02	2.441331e-02
462           	-3.218993e-03	9.096190e-01	4.260477e-02	1.808339e-02	2.452138e-02
463           	-3.218883e-03	9.096376e-01	4.278835e-02	1.817529e-02	2.461306e-02
464           	-3.218759e-03	9.096548e-01	4.293404e-02	1.824826e-02	2.468578e-02
465           	-3.218607e-03	9.096697e-01	4.303323e-02	1.829801e-02	2.473522e-02
466           	-3.218428e-03	9.096792e-01	4.308066e-02	1.832190e-02	2.475876e-02
467           	-3.218228e-03	9.096846e-01	4.307667e-02	1.832011e-02	2.475656e-02
468           	-3.217991e-03	9.096861e-01	4.302436e-02	1.829419e-02	2.473017e-02
469           	-3.217715e-03	9.096851e-01	4.292825e-02	1.824641e-02	2.468184e-02
470           	-3.217403e-03	9.096830e-01	4.279393e-02	1.817956e-02	2.461437e-02
471           	-3.217062e-03	9.096810e-01	4.262794e-02	1.809691e-02	2.453103e-02
472           	-3.216702e-03	9.096805e-01	4.243704e-02	1.800182e-02	2.443522e-02
473           	-3.216335e-03	9.096826e-01	4.222796e-02	1.789765e-02	2.433031e-02
474           	-3.215973e-03	9.096883e-01	4.200690e-02	1.778748e-02	2.421942e-02
475           	-3.215628e-03	9.096989e-01	4.177943e-02	1.767409e-02	2.410534e-02
476           	-3.215314e-03	9.097155e-01	4.155020e-02	1.755978e-02	2.399041e-02
477           	-3.215036e-03	9.097388e-01	4.132292e-02	1.744642e-02	2.387650e-02
478           	-3.214801e-03	9.097691e-01	4.110031e-02	1.733535e-02	2.376496e-02
479           	-3.214606e-03	9.098060e-01	4.088413e-02	1.722746e-02	2.365667e-02
480           	-3.214453e-03	9.098493e-01	4.067566e-02	1.712338e-02	2.355228e-02
481           	-3.214337e-03	9.098981e-01	4.047587e-02	1.702360e-02	2.345227e-02
482           	-3.214249e-03	9.099515e-01	4.028593e-02	1.692871e-02	2.335721e-02
483           	-3.214176e-03	9.100080e-01	4.010681e-02	1.683923e-02	2.326758e-02
484           	-3.214106e-03	9.100658e-01	3.993982e-02	1.675580e-02	2.318402e-02
485           	-3.214016e-03	9.101229e-01	3.978664e-02	1.667930e-02	2.310734e-02
486           	-3.213892e-03	9.101776e-01	3.965050e-02	1.661136e-02	2.303914e-02
487           	-3.213702e-03	9.102259e-01	3.953148e-02	1.655204e-02	2.297944e-02
488           	-3.213430e-03	9.102660e-01	3.943135e-02	1.650224e-02	2.292910e-02
489           	-3.213071e-03	9.102974e-01	3.935257e-02	1.646321e-02	2.288935e-02
490           	-3.212604e-03	9.103156e-01	3.929900e-02	1.643690e-02	2.286210e-02
491           	-3.212081e-03	9.103255e-01	3.927071e-02	1.642327e-02	2.284744e-02
492           	-3.211519e-03	9.103293e-01	3.926976e-02	1.642336e-02	2.284640e-02
493           	-3.210932e-03	9.103288e-01	3.929657e-02	1.643735e-02	2.285922e-02
494           	-3.210332e-03	9.103255e-01	3.935066e-02	1.646500e-02	2.288566e-02
495           	-3.209731e-03	9.103206e-01	3.943058e-02	1.650556e-02	2.292502e-02
496           	-3.209144e-03	9.103154e-01	3.953422e-02	1.655796e-02	2.297625e-02
497           	-3.208587e-03	9.103113e-01	3.965859e-02	1.662071e-02	2.303788e-02
498           	-3.208058e-03	9.103079e-01	3.979974e-02	1.669181e-02	2.310793e-02
499           	-3.207609e-03	9.103094e-01	3.995528e-02	1.677003e-02	2.318525e-02
500           	-3.207240e-03	9.103165e-01	4.011404e-02	1.684978e-02	2.326426e-02
501           	-3.206940e-03	9.103276e-01	4.026257e-02	1.692434e-02	2.333822e-02
502           	-3.206697e-03	9.103410e-01	4.038767e-02	1.698714e-02	2.340053e-02
503           	-3.206484e-03	9.103550e-01	4.047836e-02	1.703270e-02	2.344567e-02
504           	-3.206287e-03	9.103687e-01	4.052587e-02	1.705665e-02	2.346922e-02
505           	-3.206078e-03	9.103803e-01	4.052533e-02	1.705659e-02	2.346874e-02
506           	-3.205827e-03	9.103880e-01	4.047695e-02	1.703265e-02	2.344430e-02
507           	-3.205518e-03	9.103912e-01	4.038316e-02	1.698606e-02	2.339710e-02
508           	-3.205145e-03	9.103890e-01	4.024882e-02	1.691927e-02	2.332955e-02
509           	-3.204707e-03	9.103813e-01	4.008030e-02	1.683544e-02	2.324486e-02
510           	-3.204210e-03	9.103683e-01	3.988518e-02	1.673838e-02	2.314680e-02
511           	-3.203664e-03	9.103507e-01	3.967119e-02	1.663193e-02	2.303926e-02
512           	-3.203085e-03	9.103300e-01	3.944544e-02	1.651964e-02	2.292581e-02
513           	-3.202485e-03	9.103070e-01	3.921369e-02	1.640436e-02	2.280933e-02
514           	-3.201877e-03	9.102827e-01	3.898005e-02	1.628815e-02	2.269190e-02
515           	-3.201271e-03	9.102582e-01	3.874715e-02	1.617230e-02	2.257485e-02
516           	-3.200676e-03	9.102336e-01	3.851615e-02	1.605740e-02	2.245875e-02
517           	-3.200100e-03	9.102098e-01	3.828739e-02	1.594360e-02	2.234380e-02
518           	-3.199532e-03	9.101851e-01	3.806056e-02	1.583075e-02	2.222981e-02
519           	-3.198977e-03	9.101598e-01	3.782965e-02	1.571585e-02	2.211380e-02
520           	-3.198441e-03	9.101344e-01	3.759628e-02	1.559970e-02	2.199658e-02
521           	-3.197916e-03	9.101085e-01	3.736152e-02	1.548284e-02	2.187868e-02
522           	-3.197395e-03	9.100812e-01	3.712560e-02	1.536540e-02	2.176019e-02
523           	-3.196872e-03	9.100519e-01	3.688893e-02	1.524759e-02	2.164134e-02
524           	-3.196341e-03	9.100197e-01	3.665216e-02	1.512974e-02	2.152242e-02
525           	-3.195795e-03	9.099841e-01	3.641700e-02	1.501271e-02	2.140429e-02
526           	-3.195221e-03	9.099443e-01	3.618670e-02	1.489813e-02	2.128857e-02
527           	-3.194616e-03	9.099003e-01	3.596574e-02	1.478826e-02	2.117749e-02
528           	-3.193978e-03	9.098525e-01	3.576415e-02	1.468810e-02	2.107605e-02
529           	-3.193297e-03	9.098002e-01	3.558466e-02	1.459904e-02	2.098563e-02
530           	-3.192571e-03	9.097440e-01	3.543050e-02	1.452268e-02	2.090782e-02
531           	-3.191807e-03	9.096845e-01	3.530484e-02	1.446061e-02	2.084423e-02
532           	-3.191005e-03	9.096222e-01	3.521080e-02	1.441439e-02	2.079640e-02
533           	-3.190170e-03	9.095571e-01	3.514949e-02	1.438458e-02	2.076492e-02
534           	-3.189296e-03	9.094892e-01	3.512191e-02	1.437166e-02	2.075025e-02
535           	-3.188409e-03	9.094219e-01	3.512966e-02	1.437642e-02	2.075324e-02
536           	-3.187485e-03	9.093510e-01	3.517048e-02	1.439775e-02	2.077272e-02
537           	-3.186538e-03	9.092784e-01	3.524222e-02	1.443457e-02	2.080765e-02
538           	-3.185593e-03	9.092076e-01	3.534281e-02	1.448581e-02	2.085700e-02
539           	-3.184673e-03	9.091418e-01	3.547000e-02	1.455033e-02	2.091967e-02
540           	-3.183797e-03	9.090838e-01	3.562173e-02	1.462707e-02	2.099466e-02
541           	-3.182982e-03	9.090360e-01	3.579572e-02	1.471488e-02	2.108084e-02
542           	-3.182238e-03	9.090003e-01	3.598966e-02	1.481259e-02	2.117707e-02
543           	-3.181587e-03	9.089807e-01	3.620182e-02	1.491932e-02	2.128250e-02
544           	-3.181036e-03	9.089773e-01	3.642720e-02	1.503256e-02	2.139464e-02
545           	-3.180566e-03	9.089881e-01	3.665916e-02	1.514901e-02	2.151015e-02
546           	-3.180183e-03	9.090124e-01	3.687955e-02	1.525959e-02	2.161996e-02
547           	-3.179870e-03	9.090476e-01	3.707230e-02	1.535628e-02	2.171602e-02
548           	-3.179606e-03	9.090901e-01	3.722455e-02	1.543267e-02	2.179188e-02
549           	-3.179369e-03	9.091363e-01	3.732704e-02	1.548415e-02	2.184289e-02
550           	-3.179138e-03	9.091837e-01	3.737410e-02	1.550791e-02	2.186619e-02
551           	-3.178894e-03	9.092300e-01	3.736329e-02	1.550275e-02	2.186054e-02
552           	-3.178627e-03	9.092741e-01	3.729515e-02	1.546895e-02	2.182620e-02
553           	-3.178323e-03	9.093156e-01	3.717310e-02	1.540823e-02	2.176487e-02
554           	-3.177981e-03	9.093542e-01	3.700252e-02	1.532328e-02	2.167924e-02
555           	-3.177604e-03	9.093901e-01	3.679103e-02	1.521791e-02	2.157312e-02
556           	-3.177194e-03	9.094232e-01	3.654762e-02	1.509662e-02	2.145100e-02
557           	-3.176755e-03	9.094530e-01	3.628178e-02	1.496413e-02	2.131764e-02
558           	-3.176296e-03	9.094794e-01	3.600304e-02	1.482522e-02	2.117782e-02
559           	-3.175826e-03	9.095026e-01	3.572052e-02	1.468444e-02	2.103609e-02
560           	-3.175363e-03	9.095233e-01	3.544239e-02	1.454583e-02	2.089656e-02
561           	-3.174919e-03	9.095419e-01	3.517557e-02	1.441287e-02	2.076270e-02
562           	-3.174509e-03	9.095593e-01	3.492482e-02	1.428790e-02	2.063692e-02
563           	-3.174143e-03	9.095762e-01	3.469342e-02	1.417257e-02	2.052086e-02
564           	-3.173831e-03	9.095928e-01	3.448305e-02	1.406770e-02	2.041536e-02
565           	-3.173574e-03	9.096093e-01	3.429440e-02	1.397362e-02	2.032077e-02
566           	-3.173366e-03	9.096248e-01	3.412822e-02	1.389074e-02	2.023747e-02
567           	-3.173207e-03	9.096398e-01	3.398493e-02	1.381926e-02	2.016567e-02
568           	-3.173089e-03	9.096538e-01	3.386566e-02	1.375974e-02	2.010592e-02
569           	-3.172992e-03	9.096657e-01	3.377101e-02	1.371252e-02	2.005850e-02
570           	-3.172889e-03	9.096738e-01	3.370216e-02	1.367819e-02	2.002397e-02
571           	-3.172761e-03	9.096759e-01	3.365973e-02	1.365710e-02	2.000262e-02
572           	-3.172612e-03	9.096725e-01	3.364581e-02	1.365029e-02	1.999552e-02
573           	-3.172424e-03	9.096620e-01	3.366058e-02	1.365786e-02	2.000271e-02
574           	-3.172196e-03	9.096438e-01	3.370365e-02	1.367963e-02	2.002402e-02
575           	-3.171901e-03	9.096167e-01	3.377334e-02	1.371477e-02	2.005857e-02
576           	-3.171579e-03	9.095836e-01	3.387019e-02	1.376352e-02	2.010667e-02
577           	-3.171259e-03	9.095471e-01	3.399475e-02	1.382611e-02	2.016863e-02
578           	-3.170967e-03	9.095097e-01	3.414636e-02	1.390221e-02	2.024415e-02
579           	-3.170717e-03	9.094734e-01	3.432373e-02	1.399115e-02	2.033258e-02
580           	-3.170530e-03	9.094403e-01	3.452471e-02	1.409183e-02	2.043289e-02
581           	-3.170422e-03	9.094117e-01	3.474627e-02	1.420272e-02	2.054356e-02
582           	-3.170400e-03	9.093883e-01	3.498576e-02	1.432248e-02	2.066328e-02
583           	-3.170491e-03	9.093722e-01	3.523605e-02	1.444753e-02	2.078852e-02
584           	-3.170718e-03	9.093626e-01	3.549867e-02	1.457862e-02	2.092005e-02
585           	-3.171057e-03	9.093598e-01	3.575495e-02	1.470642e-02	2.104853e-02
586           	-3.171474e-03	9.093624e-01	3.598777e-02	1.482241e-02	2.116536e-02
587           	-3.171937e-03	9.093688e-01	3.618420e-02	1.492016e-02	2.126404e-02
588           	-3.172413e-03	9.093759e-01	3.633514e-02	1.499516e-02	2.133998e-02
589           	-3.172857e-03	9.093795e-01	3.643607e-02	1.504518e-02	2.139089e-02
590           	-3.173243e-03	9.093784e-01	3.648745e-02	1.507048e-02	2.141697e-02
591           	-3.173567e-03	9.093728e-01	3.649222e-02	1.507254e-02	2.141968e-02
592           	-3.173823e-03	9.093625e-01	3.645588e-02	1.505412e-02	2.140176e-02
593           	-3.174013e-03	9.093480e-01	3.638545e-02	1.501871e-02	2.136674e-02
594           	-3.174143e-03	9.093303e-01	3.628858e-02	1.497014e-02	2.131843e-02
595           	-3.174227e-03	9.093104e-01	3.617305e-02	1.491230e-02	2.126075e-02
596           	-3.174252e-03	9.092876e-01	3.604661e-02	1.484905e-02	2.119756e-02
597           	-3.174256e-03	9.092648e-01	3.591586e-02	1.478367e-02	2.113219e-02
598           	-3.174282e-03	9.092455e-01	3.578360e-02	1.471752e-02	2.106608e-02
599           	-3.174318e-03	9.092277e-01	3.565150e-02	1.465143e-02	2.100007e-02
600           	-3.174361e-03	9.092103e-01	3.552084e-02	1.458606e-02	2.093478e-02
601           	-3.174415e-03	9.091931e-01	3.539197e-02	1.452157e-02	2.087040e-02
602           	-3.174479e-03	9.091757e-01	3.526410e-02	1.445757e-02	2.080653e-02
603           	-3.174540e-03	9.091561e-01	3.513655e-02	1.439374e-02	2.074282e-02
604           	-3.174603e-03	9.091346e-01	3.500750e-02	1.432915e-02	2.067835e-02
605           	-3.174669e-03	9.091110e-01	3.487374e-02	1.426220e-02	2.061154e-02
606           	-3.174739e-03	9.090853e-01	3.473679e-02	1.419366e-02	2.054313e-02
607           	-3.174810e-03	9.090575e-01	3.459862e-02	1.412450e-02	2.047412e-02
608           	-3.174868e-03	9.090265e-01	3.446218e-02	1.405622e-02	2.040596e-02
609           	-3.174897e-03	9.089916e-01	3.433194e-02	1.399107e-02	2.034087e-02
610           	-3.174883e-03	9.089516e-01	3.421301e-02	1.393162e-02	2.028139e-02
611           	-3.174815e-03	9.089065e-01	3.411311e-02	1.388174e-02	2.023137e-02
612           	-3.174692e-03	9.088566e-01	3.403517e-02	1.384289e-02	2.019228e-02
613           	-3.174504e-03	9.088018e-01	3.398411e-02	1.381755e-02	2.016656e-02
614           	-3.174253e-03	9.087424e-01	3.396378e-02	1.380764e-02	2.015614e-02
615           	-3.173942e-03	9.086788e-01	3.397697e-02	1.381454e-02	2.016243e-02
616           	-3.173577e-03	9.086116e-01	3.402546e-02	1.383915e-02	2.018631e-02
617           	-3.173167e-03	9.085420e-01	3.410880e-02	1.388123e-02	2.022757e-02
618           	-3.172750e-03	9.084744e-01	3.422406e-02	1.393928e-02	2.028478e-02
619           	-3.172303e-03	9.084058e-01	3.437064e-02	1.401302e-02	2.035762e-02
620           	-3.171839e-03	9.083390e-01	3.454805e-02	1.410219e-02	2.044586e-02
621           	-3.171389e-03	9.082775e-01	3.475465e-02	1.420594e-02	2.054871e-02
622           	-3.170975e-03	9.082246e-01	3.498874e-02	1.432339e-02	2.066534e-02
623           	-3.170617e-03	9.081831e-01	3.524755e-02	1.445316e-02	2.079439e-02
624           	-3.170333e-03	9.081552e-01	3.552789e-02	1.459361e-02	2.093428e-02
625           	-3.170139e-03	9.081430e-01	3.582560e-02	1.474266e-02	2.108294e-02
626           	-3.170065e-03	9.081503e-01	3.613499e-02	1.489743e-02	2.123756e-02
627           	-3.170085e-03	9.081754e-01	3.645435e-02	1.505709e-02	2.139726e-02
628           	-3.170194e-03	9.082161e-01	3.676260e-02	1.521111e-02	2.155149e-02
629           	-3.170368e-03	9.082694e-01	3.704021e-02	1.534974e-02	2.169047e-02
630           	-3.170573e-03	9.083308e-01	3.727233e-02	1.546559e-02	2.180674e-02
631           	-3.170775e-03	9.083960e-01	3.744929e-02	1.555387e-02	2.189542e-02
632           	-3.170945e-03	9.084613e-01	3.756610e-02	1.561210e-02	2.195399e-02
633           	-3.171064e-03	9.085242e-01	3.762127e-02	1.563957e-02	2.198170e-02
634           	-3.171126e-03	9.085835e-01	3.761591e-02	1.563683e-02	2.197908e-02
635           	-3.171128e-03	9.086390e-01	3.755354e-02	1.560564e-02	2.194790e-02
636           	-3.171072e-03	9.086906e-01	3.743983e-02	1.554884e-02	2.189099e-02
637           	-3.170962e-03	9.087390e-01	3.728189e-02	1.546998e-02	2.181191e-02
638           	-3.170810e-03	9.087848e-01	3.708807e-02	1.537322e-02	2.171484e-02
639           	-3.170624e-03	9.088283e-01	3.686737e-02	1.526306e-02	2.160431e-02
640           	-3.170410e-03	9.088696e-01	3.662871e-02	1.514395e-02	2.148477e-02
641           	-3.170180e-03	9.089086e-01	3.638038e-02	1.502001e-02	2.136037e-02
642           	-3.169946e-03	9.089455e-01	3.612983e-02	1.489497e-02	2.123486e-02
643           	-3.169720e-03	9.089805e-01	3.588365e-02	1.477211e-02	2.111155e-02
644           	-3.169514e-03	9.090136e-01	3.564730e-02	1.465414e-02	2.099316e-02
645           	-3.169340e-03	9.090455e-01	3.542418e-02	1.454275e-02	2.088143e-02
646           	-3.169207e-03	9.090763e-01	3.521662e-02	1.443910e-02	2.077752e-02
647           	-3.169122e-03	9.091069e-01	3.502563e-02	1.434369e-02	2.068194e-02
648           	-3.169082e-03	9.091369e-01	3.485183e-02	1.425683e-02	2.059500e-02
649           	-3.169082e-03	9.091653e-01	3.469640e-02	1.417912e-02	2.051728e-02
650           	-3.169114e-03	9.091922e-01	3.456094e-02	1.411136e-02	2.044959e-02
651           	-3.169165e-03	9.092168e-01	3.444773e-02	1.405470e-02	2.039303e-02
652           	-3.169215e-03	9.092377e-01	3.435849e-02	1.401003e-02	2.034846e-02
653           	-3.169236e-03	9.092530e-01	3.429558e-02	1.397856e-02	2.031703e-02
654           	-3.169230e-03	9.092620e-01	3.426075e-02	1.396114e-02	2.029960e-02
655           	-3.169175e-03	9.092628e-01	3.425433e-02	1.395799e-02	2.029634e-02
656           	-3.169072e-03	9.092551e-01	3.427672e-02	1.396929e-02	2.030743e-02
657           	-3.168928e-03	9.092393e-01	3.432765e-02	1.399490e-02	2.033275e-02
658           	-3.168719e-03	9.092150e-01	3.440507e-02	1.403381e-02	2.037125e-02
659           	-3.168491e-03	9.091856e-01	3.450849e-02	1.408575e-02	2.042274e-02
660           	-3.168279e-03	9.091544e-01	3.463759e-02	1.415051e-02	2.048707e-02
661           	-3.168101e-03	9.091238e-01	3.479089e-02	1.422734e-02	2.056354e-02
662           	-3.167972e-03	9.090961e-01	3.496617e-02	1.431512e-02	2.065106e-02
663           	-3.167908e-03	9.090732e-01	3.516071e-02	1.441245e-02	2.074826e-02
664           	-3.167923e-03	9.090564e-01	3.537092e-02	1.451754e-02	2.085338e-02
665           	-3.168024e-03	9.090466e-01	3.559260e-02	1.462828e-02	2.096432e-02
666           	-3.168219e-03	9.090447e-01	3.581892e-02	1.474124e-02	2.107768e-02
667           	-3.168533e-03	9.090504e-01	3.605155e-02	1.485724e-02	2.119431e-02
668           	-3.168937e-03	9.090636e-01	3.627294e-02	1.496753e-02	2.130541e-02
669           	-3.169394e-03	9.090816e-01	3.646706e-02	1.506413e-02	2.140292e-02
670           	-3.169867e-03	9.091015e-01	3.662200e-02	1.514113e-02	2.148087e-02
671           	-3.170325e-03	9.091207e-01	3.673045e-02	1.519490e-02	2.153555e-02
672           	-3.170740e-03	9.091367e-01	3.678915e-02	1.522383e-02	2.156531e-02
673           	-3.171093e-03	9.091479e-01	3.679851e-02	1.522816e-02	2.157035e-02
674           	-3.171379e-03	9.091544e-01	3.676183e-02	1.520953e-02	2.155229e-02
675           	-3.171597e-03	9.091564e-01	3.668476e-02	1.517078e-02	2.151397e-02
676           	-3.171747e-03	9.091544e-01	3.657478e-02	1.511564e-02	2.145914e-02
677           	-3.171821e-03	9.091479e-01	3.644038e-02	1.504837e-02	2.139201e-02
678           	-3.171848e-03	9.091402e-01	3.629131e-02	1.497381e-02	2.131750e-02
679           	-3.171853e-03	9.091332e-01	3.613444e-02	1.489537e-02	2.123908e-02
680           	-3.171850e-03	9.091277e-01	3.597451e-02	1.481540e-02	2.115910e-02
681           	-3.171867e-03	9.091254e-01	3.581377e-02	1.473502e-02	2.107875e-02
682           	-3.171894e-03	9.091242e-01	3.565335e-02	1.465478e-02	2.099857e-02
683           	-3.171925e-03	9.091231e-01	3.549450e-02	1.457532e-02	2.091917e-02
684           	-3.171965e-03	9.091218e-01	3.533739e-02	1.449673e-02	2.084066e-02
685           	-3.172014e-03	9.091200e-01	3.518119e-02	1.441858e-02	2.076261e-02
686           	-3.172061e-03	9.091154e-01	3.502477e-02	1.434032e-02	2.068445e-02
687           	-3.172113e-03	9.091087e-01	3.486612e-02	1.426095e-02	2.060517e-02
688           	-3.172171e-03	9.090996e-01	3.470098e-02	1.417832e-02	2.052266e-02
689           	-3.172233e-03	9.090878e-01	3.453143e-02	1.409348e-02	2.043795e-02
690           	-3.172291e-03	9.090727e-01	3.435966e-02	1.400754e-02	2.035212e-02
691           	-3.172331e-03	9.090532e-01	3.418909e-02	1.392221e-02	2.026688e-02
692           	-3.172336e-03	9.090286e-01	3.402441e-02	1.383987e-02	2.018454e-02
693           	-3.172291e-03	9.089980e-01	3.387417e-02	1.376480e-02	2.010938e-02
694           	-3.172184e-03	9.089608e-01	3.374219e-02	1.369891e-02	2.004328e-02
695           	-3.172024e-03	9.089178e-01	3.363234e-02	1.364414e-02	1.998819e-02
696           	-3.171800e-03	9.088685e-01	3.354963e-02	1.360301e-02	1.994661e-02
697           	-3.171516e-03	9.088138e-01	3.349801e-02	1.357749e-02	1.992052e-02
698           	-3.171179e-03	9.087547e-01	3.348024e-02	1.356894e-02	1.991130e-02
699           	-3.170796e-03	9.086918e-01	3.349780e-02	1.357810e-02	1.991970e-02
700           	-3.170369e-03	9.086262e-01	3.355027e-02	1.360477e-02	1.994551e-02
701           	-3.169934e-03	9.085623e-01	3.363590e-02	1.364802e-02	1.998788e-02
702           	-3.169465e-03	9.084963e-01	3.375323e-02	1.370715e-02	2.004608e-02
703           	-3.168981e-03	9.084314e-01	3.390125e-02	1.378164e-02	2.011961e-02
704           	-3.168506e-03	9.083713e-01	3.407828e-02	1.387063e-02	2.020765e-02
705           	-3.168062e-03	9.083186e-01	3.428272e-02	1.397330e-02	2.030942e-02
706           	-3.167665e-03	9.082759e-01	3.451240e-02	1.408854e-02	2.042387e-02
707           	-3.167335e-03	9.082457e-01	3.476471e-02	1.421502e-02	2.054969e-02
708           	-3.167086e-03	9.082300e-01	3.503641e-02	1.435112e-02	2.068529e-02
709           	-3.166949e-03	9.082330e-01	3.532341e-02	1.449475e-02	2.082865e-02
710           	-3.166903e-03	9.082531e-01	3.562503e-02	1.464561e-02	2.097942e-02
711           	-3.166951e-03	9.082891e-01	3.592233e-02	1.479421e-02	2.112811e-02
712           	-3.167071e-03	9.083382e-01	3.619651e-02	1.493118e-02	2.126532e-02
713           	-3.167230e-03	9.083960e-01	3.643308e-02	1.504931e-02	2.138377e-02
714           	-3.167407e-03	9.084590e-01	3.661894e-02	1.514206e-02	2.147688e-02
715           	-3.167565e-03	9.085227e-01	3.674833e-02	1.520660e-02	2.154173e-02
716           	-3.167686e-03	9.085843e-01	3.681873e-02	1.524168e-02	2.157705e-02
717           	-3.167757e-03	9.086424e-01	3.683041e-02	1.524745e-02	2.158296e-02
718           	-3.167777e-03	9.086966e-01	3.678579e-02	1.522512e-02	2.156067e-02
719           	-3.167744e-03	9.087470e-01	3.668955e-02	1.517703e-02	2.151252e-02
720           	-3.167662e-03	9.087939e-01	3.654802e-02	1.510635e-02	2.144167e-02
721           	-3.167539e-03	9.088381e-01	3.636906e-02	1.501699e-02	2.135207e-02
722           	-3.167382e-03	9.088799e-01	3.616132e-02	1.491328e-02	2.124804e-02
723           	-3.167196e-03	9.089190e-01	3.593372e-02	1.479966e-02	2.113406e-02
724           	-3.166990e-03	9.089555e-01	3.569467e-02	1.468034e-02	2.101432e-02
725           	-3.166775e-03	9.089895e-01	3.545194e-02	1.455919e-02	2.089274e-02
726           	-3.166562e-03	9.090207e-01	3.521258e-02	1.443973e-02	2.077285e-02
727           	-3.166365e-03	9.090502e-01	3.498242e-02	1.432485e-02	2.065757e-02
728           	-3.166197e-03	9.090781e-01	3.476539e-02	1.421650e-02	2.054889e-02
729           	-3.166067e-03	9.091047e-01	3.456414e-02	1.411600e-02	2.044814e-02
730           	-3.165985e-03	9.091308e-01	3.437993e-02	1.402398e-02	2.035595e-02
731           	-3.165946e-03	9.091562e-01	3.421349e-02	1.394080e-02	2.027269e-02
732           	-3.165947e-03	9.091799e-01	3.406586e-02	1.386698e-02	2.019888e-02
733           	-3.165983e-03	9.092021e-01	3.393856e-02	1.380330e-02	2.013526e-02
734           	-3.166042e-03	9.092223e-01	3.383363e-02	1.375077e-02	2.008286e-02
735           	-3.166102e-03	9.092390e-01	3.375290e-02	1.371035e-02	2.004255e-02
736           	-3.166137e-03	9.092504e-01	3.369868e-02	1.368320e-02	2.001548e-02
737           	-3.166136e-03	9.092548e-01	3.367237e-02	1.367005e-02	2.000232e-02
738           	-3.166099e-03	9.092527e-01	3.367650e-02	1.367215e-02	2.000435e-02
739           	-3.166022e-03	9.092432e-01	3.371063e-02	1.368929e-02	2.002133e-02
740           	-3.165909e-03	9.092258e-01	3.377390e-02	1.372104e-02	2.005286e-02
741           	-3.165733e-03	9.092000e-01	3.386366e-02	1.376610e-02	2.009756e-02
742           	-3.165538e-03	9.091692e-01	3.397927e-02	1.382410e-02	2.015517e-02
743           	-3.165357e-03	9.091364e-01	3.412052e-02	1.389490e-02	2.022562e-02
744           	-3.165210e-03	9.091042e-01	3.428597e-02	1.397777e-02	2.030819e-02
745           	-3.165114e-03	9.090747e-01	3.447351e-02	1.407164e-02	2.040187e-02
746           	-3.165084e-03	9.090500e-01	3.468026e-02	1.417505e-02	2.050522e-02
747           	-3.165136e-03	9.090314e-01	3.490267e-02	1.428620e-02	2.061647e-02
748           	-3.165272e-03	9.090195e-01	3.513765e-02	1.440355e-02	2.073410e-02
749           	-3.165516e-03	9.090161e-01	3.537725e-02	1.452311e-02	2.085414e-02
750           	-3.165883e-03	9.090203e-01	3.562247e-02	1.464535e-02	2.097712e-02
751           	-3.166343e-03	9.090316e-01	3.585518e-02	1.476125e-02	2.109394e-02
752           	-3.166855e-03	9.090480e-01	3.605952e-02	1.486291e-02	2.119662e-02
753           	-3.167392e-03	9.090669e-01	3.622428e-02	1.494475e-02	2.127953e-02
754           	-3.167913e-03	9.090845e-01	3.634165e-02	1.500291e-02	2.133874e-02
755           	-3.168387e-03	9.090983e-01	3.640932e-02	1.503627e-02	2.137305e-02
756           	-3.168796e-03	9.091072e-01	3.642822e-02	1.504532e-02	2.138291e-02
757           	-3.169136e-03	9.091109e-01	3.640208e-02	1.503190e-02	2.137017e-02
758           	-3.169406e-03	9.091102e-01	3.633669e-02	1.499894e-02	2.133775e-02
759           	-3.169609e-03	9.091054e-01	3.623966e-02	1.495022e-02	2.128944e-02
760           	-3.169735e-03	9.090961e-01	3.611927e-02	1.488990e-02	2.122937e-02
761           	-3.169815e-03	9.090855e-01	3.598501e-02	1.482269e-02	2.116232e-02
762           	-3.169875e-03	9.090759e-01	3.584334e-02	1.475179e-02	2.109154e-02
763           	-3.169928e-03	9.090678e-01	3.569889e-02	1.467952e-02	2.101938e-02
764           	-3.170005e-03	9.090630e-01	3.555362e-02	1.460681e-02	2.094682e-02
765           	-3.170091e-03	9.090594e-01	3.540874e-02	1.453428e-02	2.087446e-02
766           	-3.170184e-03	9.090561e-01	3.526532e-02	1.446248e-02	2.080284e-02
767           	-3.170284e-03	9.090527e-01	3.512341e-02	1.439142e-02	2.073199e-02
768           	-3.170396e-03	9.090488e-01	3.498206e-02	1.432063e-02	2.066143e-02
769           	-3.170505e-03	9.090424e-01	3.484017e-02	1.424958e-02	2.059059e-02
770           	-3.170617e-03	9.090340e-01	3.469569e-02	1.417723e-02	2.051846e-02
771           	-3.170735e-03	9.090235e-01	3.454483e-02	1.410168e-02	2.044315e-02
772           	-3.170856e-03	9.090104e-01	3.438958e-02	1.402394e-02	2.036565e-02
773           	-3.170973e-03	9.089942e-01	3.423218e-02	1.394512e-02	2.028706e-02
774           	-3.171072e-03	9.089740e-01	3.407609e-02	1.386697e-02	2.020912e-02
775           	-3.171135e-03	9.089488e-01	3.392619e-02	1.379196e-02	2.013423e-02
776           	-3.171147e-03	9.089177e-01	3.379067e-02	1.372419e-02	2.006648e-02
777           	-3.171095e-03	9.088800e-01	3.367361e-02	1.366571e-02	2.000790e-02
778           	-3.170988e-03	9.088364e-01	3.357889e-02	1.361846e-02	1.996043e-02
779           	-3.170814e-03	9.087867e-01	3.351171e-02	1.358504e-02	1.992667e-02
780           	-3.170579e-03	9.087316e-01	3.347583e-02	1.356733e-02	1.990849e-02
781           	-3.170289e-03	9.086720e-01	3.347388e-02	1.356665e-02	1.990723e-02
782           	-3.169951e-03	9.086086e-01	3.350723e-02	1.358366e-02	1.992357e-02
783           	-3.169570e-03	9.085426e-01	3.357527e-02	1.361806e-02	1.995720e-02
784           	-3.169182e-03	9.084785e-01	3.367541e-02	1.366852e-02	2.000688e-02
785           	-3.168763e-03	9.084131e-01	3.380645e-02	1.373446e-02	2.007199e-02
786           	-3.168328e-03	9.083486e-01	3.396759e-02	1.381547e-02	2.015212e-02
787           	-3.167904e-03	9.082895e-01	3.415714e-02	1.391066e-02	2.024647e-02
788           	-3.167512e-03	9.082384e-01	3.437346e-02	1.401922e-02	2.035424e-02
789           	-3.167169e-03	9.081977e-01	3.461434e-02	1.414000e-02	2.047434e-02
790           	-3.166895e-03	9.081699e-01	3.487703e-02	1.427162e-02	2.060541e-02
791           	-3.166703e-03	9.081570e-01	3.515808e-02	1.441233e-02	2.074574e-02
792           	-3.166625e-03	9.081631e-01	3.545272e-02	1.455974e-02	2.089299e-02
793           	-3.166638e-03	9.081865e-01	3.576007e-02	1.471340e-02	2.104667e-02
794           	-3.166740e-03	9.082256e-01	3.606050e-02	1.486351e-02	2.119699e-02
795           	-3.166910e-03	9.082774e-01	3.633518e-02	1.500068e-02	2.133450e-02
796           	-3.167112e-03	9.083374e-01	3.656995e-02	1.511786e-02	2.145209e-02
797           	-3.167325e-03	9.084022e-01	3.675254e-02	1.520895e-02	2.154360e-02
798           	-3.167513e-03	9.084674e-01	3.687771e-02	1.527134e-02	2.160637e-02
799           	-3.167659e-03	9.085304e-01	3.694355e-02	1.530412e-02	2.163943e-02
800           	-3.167753e-03	9.085899e-01	3.695077e-02	1.530763e-02	2.164314e-02
801           	-3.167793e-03	9.086455e-01	3.690218e-02	1.528329e-02	2.161888e-02
802           	-3.167780e-03	9.086974e-01	3.680276e-02	1.523360e-02	2.156916e-02
803           	-3.167717e-03	9.087459e-01	3.665902e-02	1.516179e-02	2.149723e-02
804           	-3.167612e-03	9.087916e-01	3.647880e-02	1.507179e-02	2.140701e-02
805           	-3.167474e-03	9.088349e-01	3.627077e-02	1.496791e-02	2.130286e-02
806           	-3.167306e-03	9.088754e-01	3.604364e-02	1.485451e-02	2.118913e-02
807           	-3.167117e-03	9.089132e-01	3.580572e-02	1.473575e-02	2.106998e-02
808           	-3.166920e-03	9.089486e-01	3.556457e-02	1.461537e-02	2.094921e-02
809           	-3.166725e-03	9.089814e-01	3.532716e-02	1.449685e-02	2.083030e-02
810           	-3.166547e-03	9.090122e-01	3.509908e-02	1.438299e-02	2.071609e-02
811           	-3.166397e-03	9.090413e-01	3.488413e-02	1.427567e-02	2.060846e-02
812           	-3.166286e-03	9.090692e-01	3.468476e-02	1.417609e-02	2.050867e-02
813           	-3.166220e-03	9.090965e-01	3.450223e-02	1.408489e-02	2.041733e-02
814           	-3.166197e-03	9.091231e-01	3.433729e-02	1.400245e-02	2.033484e-02
815           	-3.166212e-03	9.091480e-01	3.419112e-02	1.392935e-02	2.026177e-02
816           	-3.166260e-03	9.091714e-01	3.406542e-02	1.386645e-02	2.019897e-02
817           	-3.166327e-03	9.091926e-01	3.396217e-02	1.381476e-02	2.014741e-02
818           	-3.166388e-03	9.092101e-01	3.388334e-02	1.377528e-02	2.010806e-02
819           	-3.166421e-03	9.092219e-01	3.383113e-02	1.374915e-02	2.008199e-02
820           	-3.166427e-03	9.092278e-01	3.380741e-02	1.373728e-02	2.007013e-02
821           	-3.166384e-03	9.092258e-01	3.381262e-02	1.373992e-02	2.007269e-02
822           	-3.166298e-03	9.092159e-01	3.384695e-02	1.375718e-02	2.008977e-02
823           	-3.166173e-03	9.091984e-01	3.391034e-02	1.378900e-02	2.012134e-02
824           	-3.165987e-03	9.091731e-01	3.400011e-02	1.383407e-02	2.016604e-02
825           	-3.165786e-03	9.091431e-01	3.411581e-02	1.389212e-02	2.022369e-02
826           	-3.165603e-03	9.091118e-01	3.425716e-02	1.396298e-02	2.029418e-02
827           	-3.165456e-03	9.090813e-01	3.442266e-02	1.404588e-02	2.037679e-02
828           	-3.165362e-03	9.090540e-01	3.460996e-02	1.413962e-02	2.047034e-02
829           	-3.165338e-03	9.090317e-01	3.481610e-02	1.424271e-02	2.057339e-02
830           	-3.165396e-03	9.090158e-01	3.503720e-02	1.435320e-02	2.068400e-02
831           	-3.165541e-03	9.090067e-01	3.527001e-02	1.446947e-02	2.080055e-02
832           	-3.165793e-03	9.090064e-01	3.550601e-02	1.458721e-02	2.091880e-02
833           	-3.166166e-03	9.090134e-01	3.574585e-02	1.470676e-02	2.103909e-02
834           	-3.166628e-03	9.090275e-01	3.597095e-02	1.481885e-02	2.115210e-02
835           	-3.167136e-03	9.090461e-01	3.616589e-02	1.491581e-02	2.125008e-02
836           	-3.167663e-03	9.090668e-01	3.631975e-02	1.499221e-02	2.132754e-02
837           	-3.168169e-03	9.090857e-01	3.642526e-02	1.504446e-02	2.138080e-02
838           	-3.168624e-03	9.091003e-01	3.648047e-02	1.507161e-02	2.140886e-02
839           	-3.169010e-03	9.091098e-01	3.648690e-02	1.507444e-02	2.141246e-02
840           	-3.169327e-03	9.091141e-01	3.644845e-02	1.505490e-02	2.139355e-02
841           	-3.169573e-03	9.091138e-01	3.637148e-02	1.501617e-02	2.135531e-02
842           	-3.169753e-03	9.091096e-01	3.626373e-02	1.496211e-02	2.130162e-02
843           	-3.169856e-03	9.091010e-01	3.613385e-02	1.489707e-02	2.123678e-02
844           	-3.169916e-03	9.090913e-01	3.599120e-02	1.482568e-02	2.116551e-02
845           	-3.169957e-03	9.090826e-01	3.584227e-02	1.475118e-02	2.109109e-02
846           	-3.169994e-03	9.090753e-01	3.569142e-02	1.467571e-02	2.101570e-02
847           	-3.170055e-03	9.090714e-01	3.554043e-02	1.460016e-02	2.094027e-02
848           	-3.170127e-03	9.090687e-01	3.539032e-02	1.452503e-02	2.086529e-02
849           	-3.170206e-03	9.090661e-01	3.524202e-02	1.445080e-02	2.079121e-02
850           	-3.170294e-03	9.090633e-01	3.509536e-02	1.437738e-02	2.071797e-02
851           	-3.170392e-03	9.090599e-01	3.494925e-02	1.430423e-02	2.064502e-02
852           	-3.170487e-03	9.090537e-01	3.480252e-02	1.423077e-02	2.057175e-02
853           	-3.170584e-03	9.090453e-01	3.465312e-02	1.415598e-02	2.049715e-02
854           	-3.170688e-03	9.090347e-01	3.449724e-02	1.407793e-02	2.041931e-02
855           	-3.170793e-03	9.090214e-01	3.433714e-02	1.399778e-02	2.033936e-02
856           	-3.170893e-03	9.090048e-01	3.417526e-02	1.391674e-02	2.025852e-02
857           	-3.170972e-03	9.089841e-01	3.401543e-02	1.383674e-02	2.017869e-02
858           	-3.171013e-03	9.089581e-01	3.386265e-02	1.376031e-02	2.010234e-02
859           	-3.170999e-03	9.089260e-01	3.372553e-02	1.369177e-02	2.003377e-02
860           	-3.170922e-03	9.088873e-01	3.360788e-02	1.363302e-02	1.997486e-02
861           	-3.170787e-03	9.088427e-01	3.351373e-02	1.358608e-02	1.992765e-02
862           	-3.170584e-03	9.087919e-01	3.344808e-02	1.355346e-02	1.989463e-02
863           	-3.170323e-03	9.087359e-01	3.341457e-02	1.353696e-02	1.987761e-02
864           	-3.170006e-03	9.086753e-01	3.341559e-02	1.353779e-02	1.987780e-02
865           	-3.169642e-03	9.086111e-01	3.345237e-02	1.355654e-02	1.989582e-02
866           	-3.169239e-03	9.085445e-01	3.352416e-02	1.359284e-02	1.993132e-02
867           	-3.168817e-03	9.084778e-01	3.362803e-02	1.364520e-02	1.998283e-02
868           	-3.168380e-03	9.084117e-01	3.376245e-02	1.371284e-02	2.004960e-02
869           	-3.167937e-03	9.083486e-01	3.392689e-02	1.379551e-02	2.013138e-02
870           	-3.167513e-03	9.082913e-01	3.411979e-02	1.389238e-02	2.022741e-02
871           	-3.167124e-03	9.082424e-01	3.433958e-02	1.400266e-02	2.033691e-02
872           	-3.166787e-03	9.082043e-01	3.458367e-02	1.412505e-02	2.045862e-02
873           	-3.166519e-03	9.081792e-01	3.484920e-02	1.425808e-02	2.059112e-02
874           	-3.166336e-03	9.081690e-01	3.513222e-02	1.439978e-02	2.073245e-02
875           	-3.166268e-03	9.081776e-01	3.542708e-02	1.454727e-02	2.087981e-02
876           	-3.166291e-03	9.082036e-01	3.573213e-02	1.469978e-02	2.103236e-02
877           	-3.166400e-03	9.082451e-01	3.602727e-02	1.484724e-02	2.118004e-02
878           	-3.166571e-03	9.082985e-01	3.629381e-02	1.498034e-02	2.131348e-02
879           	-3.166767e-03	9.083592e-01	3.651840e-02	1.509243e-02	2.142596e-02
880           	-3.166968e-03	9.084238e-01	3.668947e-02	1.517777e-02	2.151170e-02
881           	-3.167140e-03	9.084881e-01	3.680270e-02	1.523421e-02	2.156849e-02
882           	-3.167268e-03	9.085498e-01	3.685670e-02	1.526108e-02	2.159562e-02
883           	-3.167344e-03	9.086080e-01	3.685275e-02	1.525903e-02	2.159372e-02
884           	-3.167367e-03	9.086622e-01	3.679401e-02	1.522964e-02	2.156437e-02
885           	-3.167338e-03	9.087128e-01	3.668589e-02	1.517561e-02	2.151029e-02
886           	-3.167262e-03	9.087602e-01	3.653509e-02	1.510028e-02	2.143480e-02
887           	-3.167147e-03	9.088050e-01	3.634957e-02	1.500764e-02	2.134193e-02
888           	-3.167000e-03	9.088474e-01	3.613798e-02	1.490199e-02	2.123599e-02
889           	-3.166827e-03	9.088871e-01	3.590897e-02	1.478766e-02	2.112131e-02
890           	-3.166636e-03	9.089241e-01	3.567060e-02	1.466866e-02	2.100193e-02
891           	-3.166440e-03	9.089586e-01	3.543030e-02	1.454871e-02	2.088159e-02
892           	-3.166249e-03	9.089909e-01	3.519482e-02	1.443116e-02	2.076366e-02
893           	-3.166077e-03	9.090211e-01	3.496941e-02	1.431863e-02	2.065078e-02
894           	-3.165937e-03	9.090498e-01	3.475759e-02	1.421286e-02	2.054473e-02
895           	-3.165836e-03	9.090774e-01	3.456168e-02	1.411500e-02	2.044668e-02
896           	-3.165780e-03	9.091043e-01	3.438275e-02	1.402560e-02	2.035716e-02
897           	-3.165767e-03	9.091305e-01	3.422177e-02	1.394512e-02	2.027665e-02
898           	-3.165791e-03	9.091548e-01	3.407988e-02	1.387415e-02	2.020573e-02
899           	-3.165846e-03	9.091775e-01	3.395905e-02	1.381368e-02	2.014537e-02
900           	-3.165917e-03	9.091976e-01	3.386109e-02	1.376463e-02	2.009646e-02
901           	-3.165978e-03	9.092139e-01	3.378818e-02	1.372811e-02	2.006007e-02
902           	-3.166009e-03	9.092240e-01	3.374222e-02	1.370510e-02	2.003712e-02
903           	-3.166011e-03	9.092281e-01	3.372533e-02	1.369665e-02	2.002867e-02
904           	-3.165966e-03	9.092243e-01	3.373770e-02	1.370289e-02	2.003482e-02
905           	-3.165880e-03	9.092128e-01	3.377933e-02	1.372379e-02	2.005555e-02
906           	-3.165755e-03	9.091933e-01	3.385002e-02	1.375926e-02	2.009077e-02
907           	-3.165571e-03	9.091666e-01	3.394671e-02	1.380778e-02	2.013893e-02
908           	-3.165375e-03	9.091357e-01	3.406900e-02	1.386913e-02	2.019988e-02
909           	-3.165202e-03	9.091038e-01	3.421658e-02	1.394309e-02	2.027349e-02
910           	-3.165067e-03	9.090731e-01	3.438783e-02	1.402885e-02	2.035898e-02
911           	-3.164991e-03	9.090462e-01	3.458043e-02	1.412523e-02	2.045521e-02
912           	-3.164986e-03	9.090245e-01	3.479125e-02	1.423064e-02	2.056061e-02
913           	-3.165067e-03	9.090095e-01	3.501642e-02	1.434314e-02	2.067328e-02
914           	-3.165236e-03	9.090014e-01	3.525237e-02	1.446095e-02	2.079142e-02
915           	-3.165513e-03	9.090021e-01	3.549025e-02	1.457961e-02	2.091064e-02
916           	-3.165910e-03	9.090100e-01	3.573021e-02	1.469919e-02	2.103101e-02
917           	-3.166388e-03	9.090248e-01	3.595329e-02	1.481026e-02	2.114303e-02
918           	-3.166911e-03	9.090439e-01	3.614427e-02	1.490522e-02	2.123904e-02
919           	-3.167448e-03	9.090647e-01	3.629291e-02	1.497901e-02	2.131390e-02
920           	-3.167958e-03	9.090830e-01	3.639267e-02	1.502838e-02	2.136429e-02
921           	-3.168413e-03	9.090969e-01	3.644234e-02	1.505276e-02	2.138958e-02
922           	-3.168796e-03	9.091052e-01	3.644389e-02	1.505315e-02	2.139074e-02
923           	-3.169108e-03	9.091083e-01	3.640164e-02	1.503171e-02	2.136993e-02
924           	-3.169349e-03	9.091069e-01	3.632214e-02	1.499172e-02	2.133042e-02
925           	-3.169525e-03	9.091016e-01	3.621322e-02	1.493708e-02	2.127613e-02
926           	-3.169626e-03	9.090922e-01	3.608348e-02	1.487211e-02	2.121136e-02
927           	-3.169687e-03	9.090820e-01	3.594206e-02	1.480134e-02	2.114072e-02
928           	-3.169732e-03	9.090729e-01	3.579510e-02	1.472782e-02	2.106728e-02
929           	-3.169775e-03	9.090654e-01	3.564675e-02	1.465360e-02	2.099315e-02
930           	-3.169845e-03	9.090615e-01	3.549844e-02	1.457938e-02	2.091906e-02
931           	-3.169926e-03	9.090588e-01	3.535113e-02	1.450564e-02	2.084549e-02
932           	-3.170016e-03	9.090562e-01	3.520544e-02	1.443270e-02	2.077274e-02
933           	-3.170115e-03	9.090534e-01	3.506117e-02	1.436047e-02	2.070070e-02
934           	-3.170210e-03	9.090481e-01	3.491741e-02	1.428849e-02	2.062891e-02
935           	-3.170311e-03	9.090411e-01	3.477221e-02	1.421579e-02	2.055641e-02
936           	-3.170420e-03	9.090322e-01	3.462128e-02	1.414022e-02	2.048106e-02
937           	-3.170538e-03	9.090212e-01	3.446566e-02	1.406229e-02	2.040337e-02
938           	-3.170656e-03	9.090076e-01	3.430673e-02	1.398271e-02	2.032402e-02
939           	-3.170765e-03	9.089907e-01	3.414678e-02	1.390262e-02	2.024415e-02
940           	-3.170850e-03	9.089694e-01	3.398957e-02	1.382394e-02	2.016564e-02
941           	-3.170893e-03	9.089427e-01	3.384023e-02	1.374922e-02	2.009101e-02
942           	-3.170879e-03	9.089097e-01	3.370735e-02	1.368279e-02	2.002455e-02
943           	-3.170809e-03	9.088710e-01	3.359408e-02	1.362623e-02	1.996785e-02
944           	-3.170677e-03	9.088260e-01	3.350530e-02	1.358197e-02	1.992333e-02
945           	-3.170477e-03	9.087750e-01	3.344551e-02	1.355228e-02	1.989323e-02
946           	-3.170219e-03	9.087188e-01	3.341810e-02	1.353883e-02	1.987927e-02
947           	-3.169907e-03	9.086584e-01	3.342551e-02	1.354285e-02	1.988266e-02
948           	-3.169548e-03	9.085943e-01	3.346712e-02	1.356401e-02	1.990311e-02
949           	-3.169148e-03	9.085278e-01	3.354335e-02	1.360253e-02	1.994082e-02
950           	-3.168728e-03	9.084610e-01	3.365115e-02	1.365685e-02	1.999431e-02
951           	-3.168293e-03	9.083948e-01	3.378911e-02	1.372626e-02	2.006285e-02
952           	-3.167853e-03	9.083318e-01	3.395671e-02	1.381050e-02	2.014621e-02
953           	-3.167434e-03	9.082750e-01	3.415254e-02	1.390884e-02	2.024370e-02
954           	-3.167051e-03	9.082270e-01	3.437509e-02	1.402049e-02	2.035459e-02
955           	-3.166723e-03	9.081901e-01	3.462193e-02	1.414424e-02	2.047769e-02
956           	-3.166467e-03	9.081666e-01	3.489021e-02	1.427864e-02	2.061157e-02
957           	-3.166315e-03	9.081613e-01	3.517676e-02	1.442207e-02	2.075470e-02
958           	-3.166269e-03	9.081734e-01	3.547691e-02	1.457219e-02	2.090472e-02
959           	-3.166307e-03	9.082020e-01	3.578485e-02	1.472612e-02	2.105873e-02
960           	-3.166426e-03	9.082456e-01	3.607994e-02	1.487354e-02	2.120639e-02
961           	-3.166604e-03	9.083007e-01	3.634427e-02	1.500553e-02	2.133874e-02
962           	-3.166805e-03	9.083624e-01	3.656509e-02	1.511574e-02	2.144935e-02
963           	-3.167008e-03	9.084273e-01	3.673136e-02	1.519867e-02	2.153269e-02
964           	-3.167181e-03	9.084916e-01	3.683888e-02	1.525226e-02	2.158662e-02
965           	-3.167309e-03	9.085530e-01	3.688643e-02	1.527590e-02	2.161052e-02
966           	-3.167385e-03	9.086109e-01	3.687545e-02	1.527034e-02	2.160511e-02
967           	-3.167407e-03	9.086647e-01	3.680947e-02	1.523733e-02	2.157214e-02
968           	-3.167375e-03	9.087149e-01	3.669427e-02	1.517976e-02	2.151451e-02
969           	-3.167296e-03	9.087620e-01	3.653700e-02	1.510120e-02	2.143580e-02
970           	-3.167179e-03	9.088066e-01	3.634598e-02	1.500581e-02	2.134017e-02
971           	-3.167029e-03	9.088486e-01	3.613015e-02	1.489804e-02	2.123210e-02
972           	-3.166853e-03	9.088879e-01	3.589821e-02	1.478225e-02	2.111596e-02
973           	-3.166660e-03	9.089244e-01	3.565827e-02	1.466248e-02	2.099580e-02
974           	-3.166462e-03	9.089584e-01	3.541771e-02	1.454239e-02	2.087532e-02
975           	-3.166271e-03	9.089902e-01	3.518315e-02	1.442530e-02	2.075785e-02
976           	-3.166102e-03	9.090200e-01	3.495950e-02	1.431365e-02	2.064585e-02
977           	-3.165964e-03	9.090480e-01	3.475010e-02	1.420909e-02	2.054102e-02
978           	-3.165870e-03	9.090755e-01	3.455684e-02	1.411255e-02	2.044429e-02
979           	-3.165822e-03	9.091024e-01	3.438067e-02	1.402451e-02	2.035615e-02
980           	-3.165816e-03	9.091285e-01	3.422252e-02	1.394544e-02	2.027708e-02
981           	-3.165847e-03	9.091526e-01	3.408358e-02	1.387594e-02	2.020764e-02
982           	-3.165908e-03	9.091752e-01	3.396584e-02	1.381701e-02	2.014883e-02
983           	-3.165980e-03	9.091950e-01	3.387106e-02	1.376955e-02	2.010151e-02
984           	-3.166040e-03	9.092108e-01	3.380151e-02	1.373472e-02	2.006680e-02
985           	-3.166067e-03	9.092202e-01	3.375897e-02	1.371342e-02	2.004555e-02
986           	-3.166062e-03	9.092234e-01	3.374572e-02	1.370680e-02	2.003892e-02
987           	-3.166010e-03	9.092189e-01	3.376197e-02	1.371497e-02	2.004699e-02
988           	-3.165919e-03	9.092065e-01	3.380743e-02	1.373780e-02	2.006964e-02
989           	-3.165786e-03	9.091862e-01	3.388215e-02	1.377529e-02	2.010686e-02
990           	-3.165598e-03	9.091591e-01	3.398262e-02	1.382571e-02	2.015691e-02
991           	-3.165401e-03	9.091281e-01	3.410853e-02	1.388886e-02	2.021967e-02
992           	-3.165231e-03	9.090963e-01	3.425951e-02	1.396453e-02	2.029499e-02
993           	-3.165101e-03	9.090662e-01	3.443397e-02	1.405188e-02	2.038209e-02
994           	-3.165033e-03	9.090401e-01	3.462943e-02	1.414968e-02	2.047975e-02
995           	-3.165039e-03	9.090196e-01	3.484260e-02	1.425626e-02	2.058634e-02
996           	-3.165133e-03	9.090059e-01	3.506941e-02	1.436957e-02	2.069984e-02
997           	-3.165317e-03	9.089991e-01	3.530594e-02	1.448765e-02	2.081829e-02
998           	-3.165610e-03	9.090012e-01	3.554292e-02	1.460585e-02	2.093707e-02
999           	-3.166019e-03	9.090103e-01	3.578000e-02	1.472398e-02	2.105602e-02
1000          	-3.166506e-03	9.090260e-01	3.599808e-02	1.483254e-02	2.116555e-02
