# Force coefficients
# liftDir     : (0.000000e+00 0.000000e+00 1.000000e+00)
# dragDir     : (0.000000e+00 1.000000e+00 0.000000e+00)
# pitchAxis   : (1.000000e+00 0.000000e+00 0.000000e+00)
# magUInf     : 6.277916e-01
# lRef        : 4.000000e+00
# Aref        : 2.562000e-02
# CofR        : (0.000000e+00 0.000000e+00 0.000000e+00)
# Time        	Cm            	Cd            	Cl            	Cl(f)         	Cl(r)         
1             	-1.541399e-04	3.540107e-02	-3.856591e-03	-2.082435e-03	-1.774155e-03
2             	-2.072597e-03	5.277414e-01	-6.313562e-02	-3.364041e-02	-2.949521e-02
3             	-3.037198e-03	9.282963e-01	-7.223226e-02	-3.915333e-02	-3.307893e-02
4             	-2.895873e-03	1.031858e+00	-4.405546e-02	-2.492360e-02	-1.913186e-02
5             	-2.358416e-03	9.809216e-01	-6.201829e-03	-5.459331e-03	-7.424981e-04
6             	-1.994546e-03	9.020207e-01	1.499454e-02	5.502724e-03	9.491817e-03
7             	-1.658100e-03	8.099553e-01	3.948059e-02	1.808219e-02	2.139839e-02
8             	-1.561521e-03	7.521793e-01	4.918720e-02	2.303208e-02	2.615512e-02
9             	-1.625651e-03	7.302442e-01	5.295970e-02	2.485420e-02	2.810550e-02
10            	-1.754631e-03	7.358556e-01	5.228070e-02	2.438572e-02	2.789498e-02
11            	-1.886979e-03	7.506743e-01	5.007623e-02	2.315113e-02	2.692509e-02
12            	-2.032855e-03	7.720975e-01	4.595696e-02	2.094562e-02	2.501133e-02
13            	-2.199559e-03	8.011540e-01	3.721343e-02	1.640716e-02	2.080627e-02
14            	-2.298019e-03	8.198654e-01	2.567959e-02	1.054177e-02	1.513781e-02
15            	-2.366608e-03	8.271160e-01	1.498609e-02	5.126439e-03	9.859654e-03
16            	-2.449833e-03	8.294391e-01	5.748946e-03	4.246403e-04	5.324306e-03
17            	-2.548855e-03	8.301446e-01	-1.941371e-03	-3.519540e-03	1.578170e-03
18            	-2.651152e-03	8.298149e-01	-8.085626e-03	-6.693965e-03	-1.391661e-03
19            	-2.747395e-03	8.284341e-01	-1.181192e-02	-8.653353e-03	-3.158562e-03
20            	-2.839468e-03	8.269815e-01	-1.245142e-02	-9.065176e-03	-3.386240e-03
21            	-2.935932e-03	8.264804e-01	-9.298686e-03	-7.585275e-03	-1.713411e-03
22            	-3.027724e-03	8.273064e-01	-1.867443e-03	-3.961445e-03	2.094002e-03
23            	-3.095354e-03	8.290729e-01	8.970035e-03	1.389664e-03	7.580371e-03
24            	-3.141716e-03	8.320421e-01	2.205880e-02	7.887682e-03	1.417111e-02
25            	-3.174895e-03	8.358940e-01	3.594349e-02	1.479685e-02	2.114664e-02
26            	-3.204454e-03	8.403463e-01	5.048432e-02	2.203770e-02	2.844661e-02
27            	-3.231701e-03	8.445277e-01	6.341557e-02	2.847608e-02	3.493949e-02
28            	-3.260678e-03	8.491758e-01	7.360512e-02	3.354188e-02	4.006324e-02
29            	-3.289131e-03	8.537790e-01	8.119507e-02	3.730841e-02	4.388667e-02
30            	-3.312069e-03	8.577206e-01	8.686740e-02	4.012163e-02	4.674577e-02
31            	-3.327308e-03	8.603750e-01	9.108563e-02	4.221551e-02	4.887012e-02
32            	-3.333497e-03	8.611014e-01	9.396966e-02	4.365134e-02	5.031833e-02
33            	-3.336856e-03	8.599606e-01	9.583725e-02	4.458177e-02	5.125548e-02
34            	-3.343741e-03	8.575062e-01	9.734693e-02	4.532972e-02	5.201720e-02
35            	-3.352753e-03	8.542557e-01	9.962919e-02	4.646184e-02	5.316735e-02
36            	-3.360270e-03	8.508259e-01	1.038414e-01	4.856042e-02	5.528096e-02
37            	-3.369130e-03	8.476261e-01	1.110455e-01	5.215360e-02	5.889186e-02
38            	-3.386046e-03	8.453651e-01	1.218668e-01	5.754734e-02	6.431943e-02
39            	-3.416168e-03	8.448740e-01	1.358535e-01	6.451060e-02	7.134294e-02
40            	-3.459348e-03	8.463445e-01	1.523552e-01	7.271827e-02	7.963697e-02
41            	-3.513681e-03	8.501336e-01	1.704438e-01	8.170823e-02	8.873560e-02
42            	-3.568047e-03	8.552892e-01	1.885319e-01	9.069791e-02	9.783401e-02
43            	-3.620344e-03	8.618945e-01	2.066421e-01	9.970072e-02	1.069414e-01
44            	-3.668743e-03	8.697604e-01	2.236834e-01	1.081729e-01	1.155104e-01
45            	-3.703629e-03	8.769839e-01	2.378393e-01	1.152160e-01	1.226233e-01
46            	-3.713825e-03	8.810504e-01	2.475214e-01	1.200469e-01	1.274745e-01
47            	-3.701533e-03	8.815144e-01	2.531790e-01	1.228879e-01	1.302910e-01
48            	-3.675674e-03	8.796349e-01	2.552719e-01	1.239603e-01	1.313116e-01
49            	-3.645968e-03	8.766833e-01	2.538768e-01	1.232924e-01	1.305844e-01
50            	-3.622774e-03	8.739753e-01	2.495276e-01	1.211410e-01	1.283866e-01
51            	-3.606651e-03	8.716134e-01	2.434548e-01	1.181207e-01	1.253340e-01
52            	-3.596205e-03	8.697970e-01	2.369262e-01	1.148669e-01	1.220593e-01
53            	-3.589146e-03	8.684173e-01	2.312987e-01	1.120602e-01	1.192385e-01
54            	-3.583411e-03	8.674637e-01	2.267620e-01	1.097976e-01	1.169644e-01
55            	-3.582261e-03	8.675311e-01	2.221122e-01	1.074739e-01	1.146384e-01
56            	-3.583145e-03	8.682796e-01	2.156768e-01	1.042553e-01	1.114215e-01
57            	-3.581417e-03	8.688313e-01	2.065942e-01	9.971568e-02	1.068785e-01
58            	-3.573825e-03	8.687767e-01	1.947215e-01	9.378691e-02	1.009346e-01
59            	-3.555402e-03	8.676580e-01	1.804562e-01	8.667269e-02	9.378349e-02
60            	-3.528528e-03	8.658419e-01	1.653497e-01	7.914632e-02	8.620337e-02
61            	-3.500598e-03	8.642661e-01	1.515412e-01	7.226998e-02	7.927118e-02
62            	-3.474446e-03	8.635525e-01	1.408980e-01	6.697453e-02	7.392343e-02
63            	-3.452456e-03	8.638905e-01	1.347312e-01	6.391315e-02	7.081806e-02
64            	-3.438184e-03	8.653057e-01	1.337533e-01	6.343847e-02	7.031484e-02
65            	-3.433004e-03	8.674828e-01	1.380251e-01	6.557956e-02	7.244557e-02
66            	-3.435152e-03	8.696475e-01	1.473841e-01	7.025692e-02	7.712723e-02
67            	-3.446170e-03	8.716352e-01	1.614506e-01	7.727913e-02	8.417147e-02
68            	-3.472255e-03	8.740261e-01	1.792326e-01	8.614404e-02	9.308855e-02
69            	-3.516353e-03	8.763786e-01	1.987927e-01	9.587999e-02	1.029127e-01
70            	-3.576713e-03	8.782993e-01	2.172419e-01	1.050443e-01	1.121977e-01
71            	-3.653854e-03	8.800690e-01	2.320248e-01	1.123586e-01	1.196663e-01
72            	-3.746147e-03	8.811660e-01	2.423481e-01	1.174279e-01	1.249202e-01
73            	-3.857779e-03	8.827820e-01	2.474481e-01	1.198663e-01	1.275818e-01
74            	-3.986889e-03	8.871038e-01	2.464141e-01	1.192202e-01	1.271939e-01
75            	-4.082682e-03	8.904704e-01	2.395932e-01	1.157139e-01	1.238793e-01
76            	-4.087397e-03	8.887949e-01	2.274943e-01	1.096597e-01	1.178345e-01
77            	-3.997092e-03	8.822643e-01	2.127355e-01	1.023707e-01	1.103648e-01
78            	-3.878353e-03	8.756480e-01	1.988278e-01	9.553557e-02	1.032923e-01
79            	-3.777433e-03	8.722459e-01	1.875346e-01	8.998985e-02	9.754471e-02
80            	-3.701167e-03	8.729424e-01	1.789947e-01	8.579617e-02	9.319850e-02
81            	-3.657723e-03	8.782157e-01	1.736957e-01	8.319012e-02	9.050556e-02
82            	-3.645367e-03	8.869998e-01	1.715857e-01	8.214751e-02	8.943824e-02
83            	-3.672241e-03	8.989295e-01	1.717148e-01	8.218518e-02	8.952966e-02
84            	-3.734933e-03	9.118955e-01	1.731120e-01	8.282106e-02	9.029092e-02
85            	-3.812788e-03	9.235708e-01	1.735502e-01	8.296231e-02	9.058788e-02
86            	-3.880066e-03	9.328093e-01	1.715887e-01	8.191431e-02	8.967444e-02
87            	-3.928027e-03	9.406173e-01	1.668973e-01	7.952064e-02	8.737669e-02
88            	-3.945308e-03	9.465710e-01	1.602236e-01	7.616648e-02	8.405709e-02
89            	-3.918793e-03	9.489097e-01	1.526178e-01	7.239011e-02	8.022770e-02
90            	-3.851261e-03	9.473664e-01	1.445743e-01	6.843590e-02	7.613842e-02
91            	-3.757129e-03	9.426363e-01	1.371129e-01	6.479931e-02	7.231357e-02
92            	-3.646987e-03	9.352135e-01	1.314516e-01	6.207883e-02	6.937281e-02
93            	-3.524248e-03	9.243646e-01	1.288209e-01	6.088619e-02	6.793468e-02
94            	-3.405865e-03	9.115542e-01	1.308446e-01	6.201642e-02	6.882815e-02
95            	-3.308251e-03	8.993414e-01	1.386020e-01	6.599275e-02	7.260925e-02
96            	-3.245933e-03	8.904018e-01	1.519470e-01	7.272757e-02	7.921944e-02
97            	-3.234387e-03	8.871836e-01	1.691607e-01	8.134596e-02	8.781474e-02
98            	-3.273974e-03	8.886845e-01	1.853014e-01	8.937670e-02	9.592465e-02
99            	-3.335524e-03	8.906025e-01	1.955615e-01	9.444523e-02	1.011163e-01
100           	-3.396832e-03	8.907514e-01	1.989526e-01	9.607946e-02	1.028731e-01
101           	-3.447305e-03	8.894097e-01	1.922461e-01	9.267577e-02	9.957038e-02
102           	-3.476997e-03	8.888950e-01	1.718116e-01	8.242879e-02	8.938278e-02
103           	-3.475575e-03	8.885737e-01	1.392297e-01	6.613927e-02	7.309042e-02
104           	-3.456841e-03	8.878368e-01	1.033508e-01	4.821857e-02	5.513225e-02
105           	-3.429645e-03	8.854120e-01	6.941048e-02	3.127560e-02	3.813489e-02
106           	-3.403818e-03	8.823451e-01	3.620052e-02	1.469644e-02	2.150408e-02
107           	-3.399268e-03	8.819021e-01	4.631370e-03	-1.083583e-03	5.714953e-03
108           	-3.415706e-03	8.843275e-01	-1.942238e-02	-1.312690e-02	-6.295483e-03
109           	-3.446406e-03	8.886345e-01	-3.267461e-02	-1.978371e-02	-1.289090e-02
110           	-3.492648e-03	8.948670e-01	-3.447851e-02	-2.073190e-02	-1.374661e-02
111           	-3.551975e-03	9.028680e-01	-2.264937e-02	-1.487666e-02	-7.772712e-03
112           	-3.620473e-03	9.122051e-01	2.899927e-03	-2.170510e-03	5.070437e-03
113           	-3.693927e-03	9.218136e-01	3.823611e-02	1.542413e-02	2.281198e-02
114           	-3.775766e-03	9.310814e-01	7.892624e-02	3.568736e-02	4.323889e-02
115           	-3.869204e-03	9.395246e-01	1.226965e-01	5.747904e-02	6.521745e-02
116           	-3.965163e-03	9.463871e-01	1.646887e-01	7.837920e-02	8.630952e-02
117           	-4.050014e-03	9.504685e-01	2.027205e-01	9.731024e-02	1.054103e-01
118           	-4.111494e-03	9.510620e-01	2.339424e-01	1.128597e-01	1.210827e-01
119           	-4.142579e-03	9.480343e-01	2.577394e-01	1.247271e-01	1.330123e-01
120           	-4.142501e-03	9.411387e-01	2.733889e-01	1.325520e-01	1.408370e-01
121           	-4.113572e-03	9.304418e-01	2.792466e-01	1.355097e-01	1.437369e-01
122           	-4.070460e-03	9.181281e-01	2.748672e-01	1.333631e-01	1.415041e-01
123           	-4.030374e-03	9.075768e-01	2.620573e-01	1.269983e-01	1.350590e-01
124           	-4.010877e-03	9.021499e-01	2.456344e-01	1.188063e-01	1.268281e-01
125           	-4.007657e-03	9.018521e-01	2.320314e-01	1.120081e-01	1.200234e-01
126           	-4.006083e-03	9.034677e-01	2.256460e-01	1.088169e-01	1.168291e-01
127           	-3.991135e-03	9.047082e-01	2.251584e-01	1.085880e-01	1.165703e-01
128           	-3.965242e-03	9.046707e-01	2.285926e-01	1.103310e-01	1.182615e-01
129           	-3.942498e-03	9.046449e-01	2.337027e-01	1.129089e-01	1.207939e-01
130           	-3.930691e-03	9.053734e-01	2.376469e-01	1.148928e-01	1.227541e-01
131           	-3.923387e-03	9.059137e-01	2.384538e-01	1.153035e-01	1.231503e-01
132           	-3.911861e-03	9.053043e-01	2.352967e-01	1.137365e-01	1.215602e-01
133           	-3.890546e-03	9.036382e-01	2.278464e-01	1.100327e-01	1.178137e-01
134           	-3.856844e-03	9.012503e-01	2.170733e-01	1.046798e-01	1.123935e-01
135           	-3.815182e-03	8.984230e-01	2.046738e-01	9.852173e-02	1.061521e-01
136           	-3.774849e-03	8.955178e-01	1.920260e-01	9.223816e-02	9.978786e-02
137           	-3.744122e-03	8.927331e-01	1.804144e-01	8.646306e-02	9.395131e-02
138           	-3.723528e-03	8.899881e-01	1.708771e-01	8.171504e-02	8.916209e-02
139           	-3.705845e-03	8.870488e-01	1.640917e-01	7.834002e-02	8.575171e-02
140           	-3.685602e-03	8.841559e-01	1.606674e-01	7.664810e-02	8.401930e-02
141           	-3.663102e-03	8.819263e-01	1.607070e-01	7.669039e-02	8.401660e-02
142           	-3.643863e-03	8.810172e-01	1.634002e-01	7.805623e-02	8.534395e-02
143           	-3.631648e-03	8.816430e-01	1.670485e-01	7.989260e-02	8.715590e-02
144           	-3.626838e-03	8.832287e-01	1.701094e-01	8.142788e-02	8.868156e-02
145           	-3.629384e-03	8.852430e-01	1.717112e-01	8.222621e-02	8.948497e-02
146           	-3.638860e-03	8.872826e-01	1.715425e-01	8.213241e-02	8.941013e-02
147           	-3.654566e-03	8.888975e-01	1.693867e-01	8.103880e-02	8.834793e-02
148           	-3.674685e-03	8.898007e-01	1.651690e-01	7.890982e-02	8.625919e-02
149           	-3.696458e-03	8.901731e-01	1.592823e-01	7.594469e-02	8.333760e-02
150           	-3.719558e-03	8.906824e-01	1.525121e-01	7.253648e-02	7.997559e-02
151           	-3.739713e-03	8.911118e-01	1.459253e-01	6.922296e-02	7.670238e-02
152           	-3.748734e-03	8.905158e-01	1.408050e-01	6.665378e-02	7.415125e-02
153           	-3.746156e-03	8.889697e-01	1.382705e-01	6.538909e-02	7.288140e-02
154           	-3.736542e-03	8.869679e-01	1.389631e-01	6.574500e-02	7.321808e-02
155           	-3.728020e-03	8.855388e-01	1.434130e-01	6.797846e-02	7.543450e-02
156           	-3.727535e-03	8.858634e-01	1.520982e-01	7.232157e-02	7.977663e-02
157           	-3.734583e-03	8.875208e-01	1.647795e-01	7.865519e-02	8.612436e-02
158           	-3.744843e-03	8.895070e-01	1.803325e-01	8.642141e-02	9.391110e-02
159           	-3.754068e-03	8.908347e-01	1.968238e-01	9.465784e-02	1.021660e-01
160           	-3.758005e-03	8.904745e-01	2.115453e-01	1.020146e-01	1.095306e-01
161           	-3.758293e-03	8.885511e-01	2.229264e-01	1.077049e-01	1.152215e-01
162           	-3.762369e-03	8.862882e-01	2.288112e-01	1.106432e-01	1.181679e-01
163           	-3.772073e-03	8.847449e-01	2.286210e-01	1.105384e-01	1.180826e-01
164           	-3.778013e-03	8.836048e-01	2.236495e-01	1.080467e-01	1.156028e-01
165           	-3.769906e-03	8.819342e-01	2.166824e-01	1.045713e-01	1.121111e-01
166           	-3.753704e-03	8.806934e-01	2.106000e-01	1.015463e-01	1.090537e-01
167           	-3.736160e-03	8.803567e-01	2.071239e-01	9.982579e-02	1.072981e-01
168           	-3.723936e-03	8.808461e-01	2.064789e-01	9.951553e-02	1.069634e-01
169           	-3.714997e-03	8.816858e-01	2.079494e-01	1.002597e-01	1.076897e-01
170           	-3.708911e-03	8.827149e-01	2.103507e-01	1.014664e-01	1.088843e-01
171           	-3.707953e-03	8.842681e-01	2.126726e-01	1.026283e-01	1.100443e-01
172           	-3.713174e-03	8.867558e-01	2.138892e-01	1.032314e-01	1.106578e-01
173           	-3.720280e-03	8.898439e-01	2.132803e-01	1.029199e-01	1.103604e-01
174           	-3.719168e-03	8.922048e-01	2.101888e-01	1.013752e-01	1.088136e-01
175           	-3.702851e-03	8.928325e-01	2.047843e-01	9.868928e-02	1.060950e-01
176           	-3.674310e-03	8.918317e-01	1.980348e-01	9.534308e-02	1.026917e-01
177           	-3.641415e-03	8.897681e-01	1.906539e-01	9.168553e-02	9.896836e-02
178           	-3.614346e-03	8.879661e-01	1.830017e-01	8.788649e-02	9.511518e-02
179           	-3.598336e-03	8.872343e-01	1.753631e-01	8.408321e-02	9.127988e-02
180           	-3.593675e-03	8.878643e-01	1.682013e-01	8.050697e-02	8.769432e-02
181           	-3.595959e-03	8.894999e-01	1.617779e-01	7.729299e-02	8.448491e-02
182           	-3.600045e-03	8.916210e-01	1.563990e-01	7.459945e-02	8.179954e-02
183           	-3.600798e-03	8.935491e-01	1.522074e-01	7.250291e-02	7.970451e-02
184           	-3.598454e-03	8.951217e-01	1.491843e-01	7.099369e-02	7.819060e-02
185           	-3.591931e-03	8.959678e-01	1.470179e-01	6.991701e-02	7.710087e-02
186           	-3.582249e-03	8.960016e-01	1.455446e-01	6.919004e-02	7.635454e-02
187           	-3.571936e-03	8.956779e-01	1.447977e-01	6.882689e-02	7.597076e-02
188           	-3.564025e-03	8.957470e-01	1.451329e-01	6.900245e-02	7.613050e-02
189           	-3.561609e-03	8.966738e-01	1.472063e-01	7.004154e-02	7.716475e-02
190           	-3.561900e-03	8.978923e-01	1.515946e-01	7.223542e-02	7.935922e-02
191           	-3.560258e-03	8.985447e-01	1.582265e-01	7.555301e-02	8.267352e-02
192           	-3.553621e-03	8.979312e-01	1.661520e-01	7.952237e-02	8.662962e-02
193           	-3.541989e-03	8.959591e-01	1.742303e-01	8.357318e-02	9.065716e-02
194           	-3.527545e-03	8.929061e-01	1.811606e-01	8.705275e-02	9.410784e-02
195           	-3.514229e-03	8.892280e-01	1.857910e-01	8.938129e-02	9.640975e-02
196           	-3.506177e-03	8.857244e-01	1.867899e-01	8.988880e-02	9.690115e-02
197           	-3.502794e-03	8.831786e-01	1.832201e-01	8.810727e-02	9.511285e-02
198           	-3.497674e-03	8.813125e-01	1.762103e-01	8.460747e-02	9.160281e-02
199           	-3.488737e-03	8.797210e-01	1.678025e-01	8.041253e-02	8.739001e-02
200           	-3.479232e-03	8.784471e-01	1.595681e-01	7.630483e-02	8.326330e-02
201           	-3.475757e-03	8.780348e-01	1.529132e-01	7.298084e-02	7.993236e-02
202           	-3.480405e-03	8.787020e-01	1.477443e-01	7.039174e-02	7.735255e-02
203           	-3.492666e-03	8.804678e-01	1.435233e-01	6.826901e-02	7.525434e-02
204           	-3.513212e-03	8.834158e-01	1.398692e-01	6.642137e-02	7.344779e-02
205           	-3.539210e-03	8.873423e-01	1.362850e-01	6.460329e-02	7.168171e-02
206           	-3.565459e-03	8.917324e-01	1.324391e-01	6.265407e-02	6.978499e-02
207           	-3.585145e-03	8.958058e-01	1.280986e-01	6.046414e-02	6.763443e-02
208           	-3.591716e-03	8.983246e-01	1.233599e-01	5.808822e-02	6.527165e-02
209           	-3.583820e-03	8.988218e-01	1.183298e-01	5.558106e-02	6.274870e-02
210           	-3.563494e-03	8.974104e-01	1.132899e-01	5.308148e-02	6.020847e-02
211           	-3.537271e-03	8.948900e-01	1.087234e-01	5.082445e-02	5.789899e-02
212           	-3.513005e-03	8.922597e-01	1.050354e-01	4.900469e-02	5.603070e-02
213           	-3.493688e-03	8.902651e-01	1.029802e-01	4.799642e-02	5.498380e-02
214           	-3.481967e-03	8.893911e-01	1.029175e-01	4.797677e-02	5.494071e-02
215           	-3.475340e-03	8.893864e-01	1.047418e-01	4.889557e-02	5.584625e-02
216           	-3.471424e-03	8.898720e-01	1.080283e-01	5.054272e-02	5.748557e-02
217           	-3.467652e-03	8.904341e-01	1.121893e-01	5.262700e-02	5.956231e-02
218           	-3.462068e-03	8.907042e-01	1.167206e-01	5.489823e-02	6.182236e-02
219           	-3.453004e-03	8.903276e-01	1.210348e-01	5.706442e-02	6.397043e-02
220           	-3.441013e-03	8.894132e-01	1.245278e-01	5.882291e-02	6.570494e-02
221           	-3.427896e-03	8.882433e-01	1.272156e-01	6.017988e-02	6.703567e-02
222           	-3.416883e-03	8.874522e-01	1.294719e-01	6.131905e-02	6.815282e-02
223           	-3.408245e-03	8.871274e-01	1.317833e-01	6.248339e-02	6.929988e-02
224           	-3.402021e-03	8.872841e-01	1.347708e-01	6.398338e-02	7.078742e-02
225           	-3.398167e-03	8.878483e-01	1.387253e-01	6.596449e-02	7.276082e-02
226           	-3.396652e-03	8.886699e-01	1.432805e-01	6.824360e-02	7.503690e-02
227           	-3.397014e-03	8.897885e-01	1.479861e-01	7.059601e-02	7.739004e-02
228           	-3.398879e-03	8.911477e-01	1.520507e-01	7.262646e-02	7.942422e-02
229           	-3.401738e-03	8.926470e-01	1.549458e-01	7.407115e-02	8.087463e-02
230           	-3.405487e-03	8.943353e-01	1.558113e-01	7.450018e-02	8.131115e-02
231           	-3.407527e-03	8.961157e-01	1.535501e-01	7.336751e-02	8.018256e-02
232           	-3.401334e-03	8.970114e-01	1.480710e-01	7.063417e-02	7.743684e-02
233           	-3.383367e-03	8.965876e-01	1.401963e-01	6.671476e-02	7.348150e-02
234           	-3.356821e-03	8.949642e-01	1.313971e-01	6.234172e-02	6.905536e-02
235           	-3.327528e-03	8.927474e-01	1.229966e-01	5.817078e-02	6.482584e-02
236           	-3.300990e-03	8.906333e-01	1.158477e-01	5.462288e-02	6.122486e-02
237           	-3.280543e-03	8.891879e-01	1.101879e-01	5.181343e-02	5.837451e-02
238           	-3.267977e-03	8.887033e-01	1.060533e-01	4.975867e-02	5.629463e-02
239           	-3.260304e-03	8.889354e-01	1.029089e-01	4.819413e-02	5.471474e-02
240           	-3.255163e-03	8.896477e-01	1.002883e-01	4.688897e-02	5.339930e-02
241           	-3.250798e-03	8.906826e-01	9.775835e-02	4.562838e-02	5.212997e-02
242           	-3.246003e-03	8.919938e-01	9.489339e-02	4.420069e-02	5.069270e-02
243           	-3.240233e-03	8.936125e-01	9.142620e-02	4.247287e-02	4.895333e-02
244           	-3.232203e-03	8.950990e-01	8.760019e-02	4.056789e-02	4.703230e-02
245           	-3.221596e-03	8.961046e-01	8.370692e-02	3.863186e-02	4.507506e-02
246           	-3.207672e-03	8.963410e-01	8.023695e-02	3.691080e-02	4.332615e-02
247           	-3.191733e-03	8.958437e-01	7.756733e-02	3.559193e-02	4.197540e-02
248           	-3.176322e-03	8.948739e-01	7.595276e-02	3.480006e-02	4.115270e-02
249           	-3.163720e-03	8.937245e-01	7.542031e-02	3.454643e-02	4.087387e-02
250           	-3.153526e-03	8.924425e-01	7.573730e-02	3.471512e-02	4.102218e-02
251           	-3.147641e-03	8.913218e-01	7.650458e-02	3.510465e-02	4.139993e-02
252           	-3.146111e-03	8.904624e-01	7.730956e-02	3.550867e-02	4.180089e-02
253           	-3.147222e-03	8.897040e-01	7.779052e-02	3.574804e-02	4.204248e-02
254           	-3.149819e-03	8.889319e-01	7.754510e-02	3.562273e-02	4.192237e-02
255           	-3.152391e-03	8.880951e-01	7.622683e-02	3.496102e-02	4.126580e-02
256           	-3.152822e-03	8.870455e-01	7.386358e-02	3.377897e-02	4.008461e-02
257           	-3.149886e-03	8.855731e-01	7.092589e-02	3.231306e-02	3.861283e-02
258           	-3.145369e-03	8.838127e-01	6.782323e-02	3.076624e-02	3.705698e-02
259           	-3.140571e-03	8.819795e-01	6.503739e-02	2.937812e-02	3.565927e-02
260           	-3.137418e-03	8.803338e-01	6.280108e-02	2.826312e-02	3.453796e-02
261           	-3.137331e-03	8.790956e-01	6.108473e-02	2.740503e-02	3.367969e-02
262           	-3.140414e-03	8.784365e-01	5.975315e-02	2.673616e-02	3.301699e-02
263           	-3.145667e-03	8.782030e-01	5.854123e-02	2.612495e-02	3.241628e-02
264           	-3.151939e-03	8.783219e-01	5.727603e-02	2.548608e-02	3.178996e-02
265           	-3.158189e-03	8.787588e-01	5.585650e-02	2.477006e-02	3.108644e-02
266           	-3.162945e-03	8.794291e-01	5.416234e-02	2.391823e-02	3.024412e-02
267           	-3.163900e-03	8.802374e-01	5.216554e-02	2.291887e-02	2.924667e-02
268           	-3.158511e-03	8.809138e-01	5.029981e-02	2.199140e-02	2.830842e-02
269           	-3.146324e-03	8.811173e-01	4.921386e-02	2.146061e-02	2.775325e-02
270           	-3.128959e-03	8.807693e-01	4.926748e-02	2.150478e-02	2.776270e-02
271           	-3.108425e-03	8.798519e-01	5.064912e-02	2.221614e-02	2.843298e-02
272           	-3.087682e-03	8.785833e-01	5.329802e-02	2.356133e-02	2.973669e-02
273           	-3.069596e-03	8.773066e-01	5.694869e-02	2.540475e-02	3.154394e-02
274           	-3.055170e-03	8.762005e-01	6.105424e-02	2.747195e-02	3.358229e-02
275           	-3.045140e-03	8.754609e-01	6.527326e-02	2.959149e-02	3.568177e-02
276           	-3.039687e-03	8.752163e-01	6.927585e-02	3.159824e-02	3.767761e-02
277           	-3.038160e-03	8.754255e-01	7.276047e-02	3.334208e-02	3.941840e-02
278           	-3.039636e-03	8.759576e-01	7.553453e-02	3.472763e-02	4.080690e-02
279           	-3.042957e-03	8.766733e-01	7.734346e-02	3.562877e-02	4.171469e-02
280           	-3.046004e-03	8.774069e-01	7.783200e-02	3.587000e-02	4.196201e-02
281           	-3.045411e-03	8.776774e-01	7.701179e-02	3.546049e-02	4.155131e-02
282           	-3.040865e-03	8.776275e-01	7.530683e-02	3.461255e-02	4.069428e-02
283           	-3.033856e-03	8.774048e-01	7.323511e-02	3.358370e-02	3.965141e-02
284           	-3.026666e-03	8.772247e-01	7.129942e-02	3.262304e-02	3.867637e-02
285           	-3.020782e-03	8.772103e-01	6.981284e-02	3.188564e-02	3.792720e-02
286           	-3.017297e-03	8.774310e-01	6.885024e-02	3.140782e-02	3.744242e-02
287           	-3.015647e-03	8.778669e-01	6.839224e-02	3.118047e-02	3.721177e-02
288           	-3.015265e-03	8.784640e-01	6.831609e-02	3.114278e-02	3.717331e-02
289           	-3.015738e-03	8.791756e-01	6.845879e-02	3.121365e-02	3.724513e-02
290           	-3.016826e-03	8.799858e-01	6.871406e-02	3.134020e-02	3.737386e-02
291           	-3.018766e-03	8.809249e-01	6.884065e-02	3.140156e-02	3.743909e-02
292           	-3.021530e-03	8.819942e-01	6.852939e-02	3.124316e-02	3.728622e-02
293           	-3.024027e-03	8.829756e-01	6.760448e-02	3.077821e-02	3.682627e-02
294           	-3.025471e-03	8.836564e-01	6.593987e-02	2.994446e-02	3.599540e-02
295           	-3.024455e-03	8.838144e-01	6.370396e-02	2.882753e-02	3.487644e-02
296           	-3.020772e-03	8.834350e-01	6.107091e-02	2.751468e-02	3.355623e-02
297           	-3.015032e-03	8.826208e-01	5.825462e-02	2.611228e-02	3.214234e-02
298           	-3.008339e-03	8.815559e-01	5.547005e-02	2.472669e-02	3.074337e-02
299           	-3.001494e-03	8.804326e-01	5.297622e-02	2.348661e-02	2.948960e-02
300           	-2.995294e-03	8.793399e-01	5.074432e-02	2.237687e-02	2.836746e-02
301           	-2.990056e-03	8.783673e-01	4.880585e-02	2.141287e-02	2.739298e-02
302           	-2.985345e-03	8.775011e-01	4.714688e-02	2.058809e-02	2.655878e-02
303           	-2.980540e-03	8.766597e-01	4.579619e-02	1.991755e-02	2.587863e-02
304           	-2.974856e-03	8.757580e-01	4.481816e-02	1.943422e-02	2.538394e-02
305           	-2.968763e-03	8.748610e-01	4.441118e-02	1.923682e-02	2.517435e-02
306           	-2.963923e-03	8.741667e-01	4.464052e-02	1.935634e-02	2.528418e-02
307           	-2.961761e-03	8.737823e-01	4.535154e-02	1.971401e-02	2.563753e-02
308           	-2.961664e-03	8.736593e-01	4.630607e-02	2.019137e-02	2.611470e-02
309           	-2.963017e-03	8.737480e-01	4.727904e-02	2.067650e-02	2.660254e-02
310           	-2.965313e-03	8.740031e-01	4.809146e-02	2.108042e-02	2.701104e-02
311           	-2.968257e-03	8.744097e-01	4.863650e-02	2.134999e-02	2.728651e-02
312           	-2.971225e-03	8.749086e-01	4.883665e-02	2.144710e-02	2.738955e-02
313           	-2.974432e-03	8.755337e-01	4.871268e-02	2.138191e-02	2.733077e-02
314           	-2.977800e-03	8.762971e-01	4.827690e-02	2.116065e-02	2.711625e-02
315           	-2.981071e-03	8.771870e-01	4.754516e-02	2.079151e-02	2.675365e-02
316           	-2.983554e-03	8.781514e-01	4.649688e-02	2.026488e-02	2.623199e-02
317           	-2.983594e-03	8.789714e-01	4.527441e-02	1.965361e-02	2.562080e-02
318           	-2.980269e-03	8.794137e-01	4.429711e-02	1.916828e-02	2.512882e-02
319           	-2.974151e-03	8.795045e-01	4.391048e-02	1.898109e-02	2.492939e-02
320           	-2.966737e-03	8.793054e-01	4.426283e-02	1.916468e-02	2.509815e-02
321           	-2.959232e-03	8.789205e-01	4.533935e-02	1.971044e-02	2.562891e-02
322           	-2.952419e-03	8.784654e-01	4.703382e-02	2.056449e-02	2.646933e-02
323           	-2.946650e-03	8.780245e-01	4.920087e-02	2.165379e-02	2.754708e-02
324           	-2.942197e-03	8.776410e-01	5.160021e-02	2.285791e-02	2.874230e-02
325           	-2.938669e-03	8.773119e-01	5.419870e-02	2.416068e-02	3.003802e-02
326           	-2.936080e-03	8.770617e-01	5.687716e-02	2.550250e-02	3.137466e-02
327           	-2.934578e-03	8.768909e-01	5.955874e-02	2.684479e-02	3.271395e-02
328           	-2.934117e-03	8.767455e-01	6.227746e-02	2.820461e-02	3.407285e-02
329           	-2.935010e-03	8.766013e-01	6.497471e-02	2.955234e-02	3.542236e-02
330           	-2.936993e-03	8.764992e-01	6.729826e-02	3.071214e-02	3.658612e-02
331           	-2.939001e-03	8.764899e-01	6.896783e-02	3.154492e-02	3.742292e-02
332           	-2.939921e-03	8.765853e-01	7.014709e-02	3.213362e-02	3.801347e-02
333           	-2.939717e-03	8.767713e-01	7.098606e-02	3.255331e-02	3.843275e-02
334           	-2.938519e-03	8.770242e-01	7.171829e-02	3.292063e-02	3.879766e-02
335           	-2.936978e-03	8.773685e-01	7.243406e-02	3.328005e-02	3.915401e-02
336           	-2.935559e-03	8.777626e-01	7.323874e-02	3.368381e-02	3.955493e-02
337           	-2.934189e-03	8.782136e-01	7.418788e-02	3.415975e-02	4.002813e-02
338           	-2.932991e-03	8.787146e-01	7.526336e-02	3.469869e-02	4.056467e-02
339           	-2.932141e-03	8.792554e-01	7.640997e-02	3.527284e-02	4.113713e-02
340           	-2.931885e-03	8.798154e-01	7.754947e-02	3.584285e-02	4.170662e-02
341           	-2.932552e-03	8.803876e-01	7.857342e-02	3.635416e-02	4.221926e-02
342           	-2.934543e-03	8.809733e-01	7.932093e-02	3.672592e-02	4.259501e-02
343           	-2.937655e-03	8.814979e-01	7.955015e-02	3.683742e-02	4.271273e-02
344           	-2.941434e-03	8.818963e-01	7.904871e-02	3.658292e-02	4.246579e-02
345           	-2.944633e-03	8.820737e-01	7.786067e-02	3.598570e-02	4.187497e-02
346           	-2.946434e-03	8.819825e-01	7.611203e-02	3.510958e-02	4.100245e-02
347           	-2.946823e-03	8.816936e-01	7.398506e-02	3.404570e-02	3.993935e-02
348           	-2.945953e-03	8.812636e-01	7.165201e-02	3.288005e-02	3.877196e-02
349           	-2.944083e-03	8.807702e-01	6.935853e-02	3.173518e-02	3.762335e-02
350           	-2.941568e-03	8.802491e-01	6.716001e-02	3.063844e-02	3.652157e-02
351           	-2.938537e-03	8.797185e-01	6.512580e-02	2.962436e-02	3.550144e-02
352           	-2.935082e-03	8.791937e-01	6.327826e-02	2.870405e-02	3.457421e-02
353           	-2.931087e-03	8.786493e-01	6.167574e-02	2.790679e-02	3.376896e-02
354           	-2.926952e-03	8.781245e-01	6.039959e-02	2.727284e-02	3.312674e-02
355           	-2.923368e-03	8.776795e-01	5.947551e-02	2.681439e-02	3.266112e-02
356           	-2.921023e-03	8.774154e-01	5.883342e-02	2.649569e-02	3.233773e-02
357           	-2.919990e-03	8.773700e-01	5.833261e-02	2.624631e-02	3.208629e-02
358           	-2.919936e-03	8.775279e-01	5.785382e-02	2.600697e-02	3.184684e-02
359           	-2.920458e-03	8.778561e-01	5.736019e-02	2.575964e-02	3.160055e-02
360           	-2.921173e-03	8.782941e-01	5.682185e-02	2.548975e-02	3.133210e-02
361           	-2.921822e-03	8.787932e-01	5.626827e-02	2.521231e-02	3.105595e-02
362           	-2.922275e-03	8.793095e-01	5.573560e-02	2.494553e-02	3.079008e-02
363           	-2.922504e-03	8.798140e-01	5.531824e-02	2.473662e-02	3.058163e-02
364           	-2.922555e-03	8.803342e-01	5.508656e-02	2.462072e-02	3.046583e-02
365           	-2.922577e-03	8.809131e-01	5.512399e-02	2.463942e-02	3.048457e-02
366           	-2.922562e-03	8.814589e-01	5.552025e-02	2.483756e-02	3.068269e-02
367           	-2.922460e-03	8.818532e-01	5.627318e-02	2.521413e-02	3.105905e-02
368           	-2.922415e-03	8.820695e-01	5.728935e-02	2.572226e-02	3.156709e-02
369           	-2.922685e-03	8.821502e-01	5.842491e-02	2.628977e-02	3.213514e-02
370           	-2.923388e-03	8.821551e-01	5.953344e-02	2.684333e-02	3.269011e-02
371           	-2.924497e-03	8.821299e-01	6.048681e-02	2.731891e-02	3.316790e-02
372           	-2.925851e-03	8.820993e-01	6.120334e-02	2.767582e-02	3.352752e-02
373           	-2.927263e-03	8.820676e-01	6.164258e-02	2.789403e-02	3.374855e-02
374           	-2.928617e-03	8.820233e-01	6.180228e-02	2.797253e-02	3.382976e-02
375           	-2.929768e-03	8.819560e-01	6.169048e-02	2.791547e-02	3.377501e-02
376           	-2.930512e-03	8.818364e-01	6.130776e-02	2.772337e-02	3.358439e-02
377           	-2.930377e-03	8.816157e-01	6.064064e-02	2.738994e-02	3.325070e-02
378           	-2.929352e-03	8.813113e-01	5.976105e-02	2.695117e-02	3.280988e-02
379           	-2.927725e-03	8.809924e-01	5.882339e-02	2.648397e-02	3.233942e-02
380           	-2.926210e-03	8.808035e-01	5.797789e-02	2.606274e-02	3.191516e-02
381           	-2.924915e-03	8.807332e-01	5.729792e-02	2.572405e-02	3.157388e-02
382           	-2.923962e-03	8.807877e-01	5.680784e-02	2.547996e-02	3.132788e-02
383           	-2.923391e-03	8.809637e-01	5.650126e-02	2.532724e-02	3.117402e-02
384           	-2.923207e-03	8.812518e-01	5.635405e-02	2.525382e-02	3.110023e-02
385           	-2.923347e-03	8.816413e-01	5.634559e-02	2.524945e-02	3.109614e-02
386           	-2.923743e-03	8.821172e-01	5.645013e-02	2.530132e-02	3.114881e-02
387           	-2.924287e-03	8.826593e-01	5.664607e-02	2.539875e-02	3.124732e-02
388           	-2.924860e-03	8.832481e-01	5.691099e-02	2.553063e-02	3.138035e-02
389           	-2.925188e-03	8.838085e-01	5.722245e-02	2.568604e-02	3.153641e-02
390           	-2.924979e-03	8.842576e-01	5.754645e-02	2.584825e-02	3.169820e-02
391           	-2.924041e-03	8.845269e-01	5.784989e-02	2.600090e-02	3.184899e-02
392           	-2.922321e-03	8.845824e-01	5.810985e-02	2.613261e-02	3.197725e-02
393           	-2.920066e-03	8.844739e-01	5.831176e-02	2.623582e-02	3.207595e-02
394           	-2.917437e-03	8.842265e-01	5.845280e-02	2.630896e-02	3.214384e-02
395           	-2.914610e-03	8.838721e-01	5.853566e-02	2.635322e-02	3.218244e-02
396           	-2.911790e-03	8.834427e-01	5.856744e-02	2.637193e-02	3.219551e-02
397           	-2.909134e-03	8.829812e-01	5.854280e-02	2.636227e-02	3.218053e-02
398           	-2.906749e-03	8.825088e-01	5.846517e-02	2.632584e-02	3.213934e-02
399           	-2.904741e-03	8.820513e-01	5.833070e-02	2.626061e-02	3.207009e-02
400           	-2.903226e-03	8.816425e-01	5.812780e-02	2.616067e-02	3.196713e-02
401           	-2.902269e-03	8.813067e-01	5.784344e-02	2.601945e-02	3.182399e-02
402           	-2.901926e-03	8.810722e-01	5.746546e-02	2.583081e-02	3.163466e-02
403           	-2.902187e-03	8.809578e-01	5.698186e-02	2.558874e-02	3.139312e-02
404           	-2.902897e-03	8.809498e-01	5.638429e-02	2.528925e-02	3.109504e-02
405           	-2.903911e-03	8.810437e-01	5.566607e-02	2.492912e-02	3.073695e-02
406           	-2.905050e-03	8.812274e-01	5.482573e-02	2.450782e-02	3.031792e-02
407           	-2.906165e-03	8.814974e-01	5.388121e-02	2.403444e-02	2.984677e-02
408           	-2.907116e-03	8.818401e-01	5.285851e-02	2.352214e-02	2.933637e-02
409           	-2.907686e-03	8.822009e-01	5.179542e-02	2.299003e-02	2.880540e-02
410           	-2.907746e-03	8.825420e-01	5.074036e-02	2.246243e-02	2.827793e-02
411           	-2.907165e-03	8.828185e-01	4.969463e-02	2.194015e-02	2.775448e-02
412           	-2.906023e-03	8.830271e-01	4.875791e-02	2.147293e-02	2.728498e-02
413           	-2.904425e-03	8.831604e-01	4.792694e-02	2.105904e-02	2.686789e-02
414           	-2.902445e-03	8.832147e-01	4.721283e-02	2.070397e-02	2.650886e-02
415           	-2.900184e-03	8.831925e-01	4.663949e-02	2.041956e-02	2.621993e-02
416           	-2.897677e-03	8.830992e-01	4.620099e-02	2.020282e-02	2.599817e-02
417           	-2.894949e-03	8.829446e-01	4.589611e-02	2.005310e-02	2.584300e-02
418           	-2.891926e-03	8.827313e-01	4.573547e-02	1.997581e-02	2.575966e-02
419           	-2.888823e-03	8.824836e-01	4.570033e-02	1.996134e-02	2.573899e-02
420           	-2.885718e-03	8.821973e-01	4.577790e-02	2.000323e-02	2.577467e-02
421           	-2.882712e-03	8.818651e-01	4.598425e-02	2.010941e-02	2.587484e-02
422           	-2.880240e-03	8.815273e-01	4.630713e-02	2.027333e-02	2.603381e-02
423           	-2.878195e-03	8.811802e-01	4.671802e-02	2.048081e-02	2.623721e-02
424           	-2.876579e-03	8.808441e-01	4.716142e-02	2.070413e-02	2.645729e-02
425           	-2.875395e-03	8.805418e-01	4.759118e-02	2.092020e-02	2.667099e-02
426           	-2.874663e-03	8.802858e-01	4.797005e-02	2.111036e-02	2.685969e-02
427           	-2.874381e-03	8.800868e-01	4.828067e-02	2.126596e-02	2.701472e-02
428           	-2.874593e-03	8.799595e-01	4.851743e-02	2.138412e-02	2.713331e-02
429           	-2.875164e-03	8.799028e-01	4.867477e-02	2.146222e-02	2.721255e-02
430           	-2.876099e-03	8.799156e-01	4.877149e-02	2.150964e-02	2.726184e-02
431           	-2.877359e-03	8.799967e-01	4.882125e-02	2.153327e-02	2.728798e-02
432           	-2.878881e-03	8.801444e-01	4.883765e-02	2.153994e-02	2.729770e-02
433           	-2.880546e-03	8.803459e-01	4.883941e-02	2.153916e-02	2.730025e-02
434           	-2.882231e-03	8.805998e-01	4.884703e-02	2.154128e-02	2.730575e-02
435           	-2.883752e-03	8.808944e-01	4.890448e-02	2.156849e-02	2.733599e-02
436           	-2.885098e-03	8.812568e-01	4.906435e-02	2.164708e-02	2.741727e-02
437           	-2.886334e-03	8.816622e-01	4.935854e-02	2.179294e-02	2.756561e-02
438           	-2.887424e-03	8.820632e-01	4.980559e-02	2.201537e-02	2.779022e-02
439           	-2.888387e-03	8.824444e-01	5.039912e-02	2.231117e-02	2.808795e-02
440           	-2.889249e-03	8.828028e-01	5.111234e-02	2.266692e-02	2.844542e-02
441           	-2.890015e-03	8.831251e-01	5.191855e-02	2.306926e-02	2.884929e-02
442           	-2.890703e-03	8.834059e-01	5.278953e-02	2.350406e-02	2.928547e-02
443           	-2.891313e-03	8.836234e-01	5.366589e-02	2.394163e-02	2.972426e-02
444           	-2.891898e-03	8.837965e-01	5.455433e-02	2.438527e-02	3.016906e-02
445           	-2.892553e-03	8.839340e-01	5.545254e-02	2.483371e-02	3.061882e-02
446           	-2.893375e-03	8.840360e-01	5.634928e-02	2.528127e-02	3.106802e-02
447           	-2.894413e-03	8.841031e-01	5.721222e-02	2.571170e-02	3.150052e-02
448           	-2.895589e-03	8.841424e-01	5.802602e-02	2.611742e-02	3.190860e-02
449           	-2.896808e-03	8.841511e-01	5.872631e-02	2.646635e-02	3.225996e-02
450           	-2.897990e-03	8.841314e-01	5.930757e-02	2.675580e-02	3.255178e-02
451           	-2.899158e-03	8.840949e-01	5.978842e-02	2.699505e-02	3.279337e-02
452           	-2.900366e-03	8.840548e-01	6.019266e-02	2.719596e-02	3.299670e-02
453           	-2.901681e-03	8.840204e-01	6.052564e-02	2.736114e-02	3.316450e-02
454           	-2.903176e-03	8.839992e-01	6.081068e-02	2.750216e-02	3.330852e-02
455           	-2.904899e-03	8.840008e-01	6.103992e-02	2.761506e-02	3.342486e-02
456           	-2.906819e-03	8.840188e-01	6.122856e-02	2.770746e-02	3.352110e-02
457           	-2.908933e-03	8.840461e-01	6.137564e-02	2.777889e-02	3.359675e-02
458           	-2.911280e-03	8.840888e-01	6.147670e-02	2.782707e-02	3.364963e-02
459           	-2.913861e-03	8.841457e-01	6.150376e-02	2.783802e-02	3.366574e-02
460           	-2.916551e-03	8.841899e-01	6.142695e-02	2.779693e-02	3.363003e-02
461           	-2.919221e-03	8.842258e-01	6.122581e-02	2.769368e-02	3.353213e-02
462           	-2.921782e-03	8.842681e-01	6.090232e-02	2.752938e-02	3.337294e-02
463           	-2.924125e-03	8.843050e-01	6.046970e-02	2.731073e-02	3.315898e-02
464           	-2.926146e-03	8.843137e-01	5.993906e-02	2.704338e-02	3.289567e-02
465           	-2.927822e-03	8.843098e-01	5.936147e-02	2.675291e-02	3.260856e-02
466           	-2.929131e-03	8.842862e-01	5.875399e-02	2.644786e-02	3.230613e-02
467           	-2.930047e-03	8.842370e-01	5.813199e-02	2.613595e-02	3.199604e-02
468           	-2.930552e-03	8.841578e-01	5.751575e-02	2.582732e-02	3.168842e-02
469           	-2.930644e-03	8.840480e-01	5.691936e-02	2.552903e-02	3.139032e-02
470           	-2.930340e-03	8.839130e-01	5.635680e-02	2.524806e-02	3.110874e-02
471           	-2.929663e-03	8.837551e-01	5.584550e-02	2.499309e-02	3.085241e-02
472           	-2.928695e-03	8.835848e-01	5.541200e-02	2.477731e-02	3.063470e-02
473           	-2.927546e-03	8.834202e-01	5.509111e-02	2.461801e-02	3.047310e-02
474           	-2.926288e-03	8.832537e-01	5.490222e-02	2.452482e-02	3.037740e-02
475           	-2.924996e-03	8.830897e-01	5.484855e-02	2.449928e-02	3.034927e-02
476           	-2.923763e-03	8.829400e-01	5.492148e-02	2.453698e-02	3.038450e-02
477           	-2.922608e-03	8.828025e-01	5.511982e-02	2.463730e-02	3.048252e-02
478           	-2.921529e-03	8.826764e-01	5.543704e-02	2.479699e-02	3.064005e-02
479           	-2.920529e-03	8.825664e-01	5.586571e-02	2.501233e-02	3.085338e-02
480           	-2.919614e-03	8.824726e-01	5.637538e-02	2.526808e-02	3.110731e-02
481           	-2.918785e-03	8.823912e-01	5.694600e-02	2.555421e-02	3.139178e-02
482           	-2.918036e-03	8.823246e-01	5.756868e-02	2.586631e-02	3.170238e-02
483           	-2.917342e-03	8.822677e-01	5.822857e-02	2.619694e-02	3.203163e-02
484           	-2.916716e-03	8.822268e-01	5.892876e-02	2.654766e-02	3.238109e-02
485           	-2.916128e-03	8.821966e-01	5.965660e-02	2.691217e-02	3.274443e-02
486           	-2.915547e-03	8.821735e-01	6.039623e-02	2.728257e-02	3.311366e-02
487           	-2.914939e-03	8.821528e-01	6.112289e-02	2.764651e-02	3.347638e-02
488           	-2.914282e-03	8.821387e-01	6.181289e-02	2.799216e-02	3.382073e-02
489           	-2.913576e-03	8.821366e-01	6.244508e-02	2.830896e-02	3.413611e-02
490           	-2.912768e-03	8.821453e-01	6.301272e-02	2.859359e-02	3.441913e-02
491           	-2.911856e-03	8.821671e-01	6.350968e-02	2.884298e-02	3.466670e-02
492           	-2.910838e-03	8.822084e-01	6.393696e-02	2.905764e-02	3.487932e-02
493           	-2.909712e-03	8.822713e-01	6.429550e-02	2.923804e-02	3.505746e-02
494           	-2.908491e-03	8.823588e-01	6.458645e-02	2.938473e-02	3.520171e-02
495           	-2.907153e-03	8.824695e-01	6.481538e-02	2.950054e-02	3.531484e-02
496           	-2.905685e-03	8.826025e-01	6.498368e-02	2.958615e-02	3.539752e-02
497           	-2.904072e-03	8.827558e-01	6.509502e-02	2.964344e-02	3.545158e-02
498           	-2.902310e-03	8.829276e-01	6.514970e-02	2.967254e-02	3.547716e-02
499           	-2.900374e-03	8.831130e-01	6.514918e-02	2.967422e-02	3.547496e-02
500           	-2.898253e-03	8.833073e-01	6.509291e-02	2.964820e-02	3.544471e-02
501           	-2.895960e-03	8.835047e-01	6.498064e-02	2.959436e-02	3.538628e-02
502           	-2.893485e-03	8.836915e-01	6.481360e-02	2.951331e-02	3.530028e-02
503           	-2.890857e-03	8.838612e-01	6.459510e-02	2.940669e-02	3.518841e-02
504           	-2.888070e-03	8.839883e-01	6.432957e-02	2.927672e-02	3.505286e-02
505           	-2.885141e-03	8.840693e-01	6.401794e-02	2.912383e-02	3.489411e-02
506           	-2.882090e-03	8.840956e-01	6.366456e-02	2.895019e-02	3.471437e-02
507           	-2.878974e-03	8.840695e-01	6.326958e-02	2.875582e-02	3.451376e-02
508           	-2.875850e-03	8.839979e-01	6.283398e-02	2.854114e-02	3.429284e-02
509           	-2.872799e-03	8.838871e-01	6.236032e-02	2.830736e-02	3.405296e-02
510           	-2.869876e-03	8.837415e-01	6.185335e-02	2.805680e-02	3.379655e-02
511           	-2.867141e-03	8.835707e-01	6.131649e-02	2.779111e-02	3.352539e-02
512           	-2.864626e-03	8.833808e-01	6.075469e-02	2.751272e-02	3.324197e-02
513           	-2.862380e-03	8.831786e-01	6.016824e-02	2.722174e-02	3.294650e-02
514           	-2.860408e-03	8.829699e-01	5.956230e-02	2.692074e-02	3.264156e-02
515           	-2.858712e-03	8.827608e-01	5.894019e-02	2.661138e-02	3.232881e-02
516           	-2.857294e-03	8.825537e-01	5.830118e-02	2.629329e-02	3.200788e-02
517           	-2.856123e-03	8.823501e-01	5.765007e-02	2.596891e-02	3.168116e-02
518           	-2.855179e-03	8.821552e-01	5.699061e-02	2.564013e-02	3.135048e-02
519           	-2.854469e-03	8.819754e-01	5.632342e-02	2.530724e-02	3.101618e-02
520           	-2.853950e-03	8.818145e-01	5.565959e-02	2.497584e-02	3.068374e-02
521           	-2.853594e-03	8.816677e-01	5.500540e-02	2.464911e-02	3.035629e-02
522           	-2.853268e-03	8.815141e-01	5.436825e-02	2.433086e-02	3.003739e-02
523           	-2.852949e-03	8.813876e-01	5.379171e-02	2.404291e-02	2.974880e-02
524           	-2.852680e-03	8.812845e-01	5.327693e-02	2.378579e-02	2.949115e-02
525           	-2.852453e-03	8.811996e-01	5.283033e-02	2.356271e-02	2.926762e-02
526           	-2.852234e-03	8.811253e-01	5.245528e-02	2.337541e-02	2.907987e-02
527           	-2.851992e-03	8.810595e-01	5.216166e-02	2.322884e-02	2.893282e-02
528           	-2.851707e-03	8.809971e-01	5.195581e-02	2.312620e-02	2.882961e-02
529           	-2.851381e-03	8.809370e-01	5.184356e-02	2.307040e-02	2.877316e-02
530           	-2.851009e-03	8.808792e-01	5.183058e-02	2.306428e-02	2.876630e-02
531           	-2.850630e-03	8.808257e-01	5.191896e-02	2.310885e-02	2.881011e-02
532           	-2.850255e-03	8.807782e-01	5.211096e-02	2.320523e-02	2.890573e-02
533           	-2.849934e-03	8.807415e-01	5.240434e-02	2.335224e-02	2.905211e-02
534           	-2.849702e-03	8.807179e-01	5.279545e-02	2.354802e-02	2.924742e-02
535           	-2.849601e-03	8.807106e-01	5.327435e-02	2.378758e-02	2.948678e-02
536           	-2.849672e-03	8.807229e-01	5.382652e-02	2.406359e-02	2.976293e-02
537           	-2.849945e-03	8.807554e-01	5.443335e-02	2.436673e-02	3.006662e-02
538           	-2.850422e-03	8.808057e-01	5.507490e-02	2.468703e-02	3.038787e-02
539           	-2.851124e-03	8.808752e-01	5.572927e-02	2.501351e-02	3.071576e-02
540           	-2.852036e-03	8.809642e-01	5.637898e-02	2.533745e-02	3.104152e-02
541           	-2.853168e-03	8.810733e-01	5.700726e-02	2.565046e-02	3.135680e-02
542           	-2.854471e-03	8.811959e-01	5.760248e-02	2.594677e-02	3.165571e-02
543           	-2.855935e-03	8.813377e-01	5.815545e-02	2.622179e-02	3.193366e-02
544           	-2.857555e-03	8.814979e-01	5.865714e-02	2.647101e-02	3.218612e-02
545           	-2.859268e-03	8.816708e-01	5.910653e-02	2.669400e-02	3.241253e-02
546           	-2.861040e-03	8.818549e-01	5.950166e-02	2.688979e-02	3.261187e-02
547           	-2.862836e-03	8.820487e-01	5.984432e-02	2.705933e-02	3.278500e-02
548           	-2.864618e-03	8.822503e-01	6.013749e-02	2.720413e-02	3.293336e-02
549           	-2.866351e-03	8.824588e-01	6.038680e-02	2.732705e-02	3.305975e-02
550           	-2.868010e-03	8.826721e-01	6.059821e-02	2.743110e-02	3.316712e-02
551           	-2.869576e-03	8.828900e-01	6.077913e-02	2.751999e-02	3.325914e-02
552           	-2.871050e-03	8.831181e-01	6.093911e-02	2.759850e-02	3.334060e-02
553           	-2.872432e-03	8.833503e-01	6.108067e-02	2.766790e-02	3.341277e-02
554           	-2.873725e-03	8.835814e-01	6.120798e-02	2.773026e-02	3.347771e-02
555           	-2.874928e-03	8.838030e-01	6.132221e-02	2.778617e-02	3.353603e-02
556           	-2.876034e-03	8.840189e-01	6.142488e-02	2.783641e-02	3.358847e-02
557           	-2.877035e-03	8.842292e-01	6.151386e-02	2.787989e-02	3.363396e-02
558           	-2.877957e-03	8.844334e-01	6.158520e-02	2.791464e-02	3.367055e-02
559           	-2.878831e-03	8.846298e-01	6.162772e-02	2.793503e-02	3.369269e-02
560           	-2.879665e-03	8.848206e-01	6.164648e-02	2.794358e-02	3.370291e-02
561           	-2.880431e-03	8.850013e-01	6.164115e-02	2.794015e-02	3.370101e-02
562           	-2.881084e-03	8.851724e-01	6.160567e-02	2.792175e-02	3.368392e-02
563           	-2.881647e-03	8.853225e-01	6.153804e-02	2.788737e-02	3.365067e-02
564           	-2.882081e-03	8.854475e-01	6.144661e-02	2.784122e-02	3.360538e-02
565           	-2.882401e-03	8.855439e-01	6.132330e-02	2.777925e-02	3.354405e-02
566           	-2.882629e-03	8.856133e-01	6.116806e-02	2.770140e-02	3.346666e-02
567           	-2.882764e-03	8.856578e-01	6.098423e-02	2.760935e-02	3.337488e-02
568           	-2.882836e-03	8.856824e-01	6.077378e-02	2.750405e-02	3.326973e-02
569           	-2.882928e-03	8.856919e-01	6.054631e-02	2.739023e-02	3.315608e-02
570           	-2.882963e-03	8.856873e-01	6.030164e-02	2.726786e-02	3.303378e-02
571           	-2.882929e-03	8.856679e-01	6.003815e-02	2.713615e-02	3.290200e-02
572           	-2.882853e-03	8.856349e-01	5.975545e-02	2.699487e-02	3.276058e-02
573           	-2.882730e-03	8.855869e-01	5.945408e-02	2.684431e-02	3.260977e-02
574           	-2.882566e-03	8.855246e-01	5.913502e-02	2.668495e-02	3.245008e-02
575           	-2.882352e-03	8.854473e-01	5.879746e-02	2.651638e-02	3.228108e-02
576           	-2.882077e-03	8.853567e-01	5.844479e-02	2.634032e-02	3.210447e-02
577           	-2.881738e-03	8.852568e-01	5.807593e-02	2.615623e-02	3.191970e-02
578           	-2.881193e-03	8.851327e-01	5.768975e-02	2.596368e-02	3.172607e-02
579           	-2.880511e-03	8.849903e-01	5.730013e-02	2.576955e-02	3.153058e-02
580           	-2.879702e-03	8.848316e-01	5.692551e-02	2.558305e-02	3.134246e-02
581           	-2.878776e-03	8.846656e-01	5.657220e-02	2.540732e-02	3.116487e-02
582           	-2.877729e-03	8.844976e-01	5.624835e-02	2.524644e-02	3.100190e-02
583           	-2.876545e-03	8.843277e-01	5.595864e-02	2.510277e-02	3.085586e-02
584           	-2.875322e-03	8.841635e-01	5.571520e-02	2.498228e-02	3.073292e-02
585           	-2.873973e-03	8.839981e-01	5.551871e-02	2.488538e-02	3.063333e-02
586           	-2.872481e-03	8.838308e-01	5.537475e-02	2.481489e-02	3.055985e-02
587           	-2.870847e-03	8.836584e-01	5.528838e-02	2.477334e-02	3.051504e-02
588           	-2.869111e-03	8.834829e-01	5.526586e-02	2.476382e-02	3.050204e-02
589           	-2.867323e-03	8.833072e-01	5.531265e-02	2.478900e-02	3.052365e-02
590           	-2.865511e-03	8.831320e-01	5.544376e-02	2.485637e-02	3.058739e-02
591           	-2.863737e-03	8.829623e-01	5.565029e-02	2.496141e-02	3.068888e-02
592           	-2.862066e-03	8.828082e-01	5.593516e-02	2.510551e-02	3.082965e-02
593           	-2.860528e-03	8.826650e-01	5.627746e-02	2.527820e-02	3.099926e-02
594           	-2.859170e-03	8.825368e-01	5.666822e-02	2.547494e-02	3.119328e-02
595           	-2.858004e-03	8.824279e-01	5.710631e-02	2.569515e-02	3.141116e-02
596           	-2.857021e-03	8.823338e-01	5.756899e-02	2.592747e-02	3.164151e-02
597           	-2.856193e-03	8.822514e-01	5.804124e-02	2.616443e-02	3.187681e-02
598           	-2.855527e-03	8.821820e-01	5.851068e-02	2.639981e-02	3.211087e-02
599           	-2.854984e-03	8.821194e-01	5.896112e-02	2.662557e-02	3.233554e-02
600           	-2.854593e-03	8.820687e-01	5.939359e-02	2.684220e-02	3.255139e-02
601           	-2.854360e-03	8.820337e-01	5.980634e-02	2.704881e-02	3.275753e-02
602           	-2.854290e-03	8.820174e-01	6.019540e-02	2.724341e-02	3.295199e-02
603           	-2.854358e-03	8.820188e-01	6.055602e-02	2.742365e-02	3.313237e-02
604           	-2.854552e-03	8.820385e-01	6.088175e-02	2.758632e-02	3.329543e-02
605           	-2.854874e-03	8.820815e-01	6.117575e-02	2.773300e-02	3.344275e-02
606           	-2.855270e-03	8.821458e-01	6.143099e-02	2.786023e-02	3.357077e-02
607           	-2.855707e-03	8.822279e-01	6.164663e-02	2.796761e-02	3.367902e-02
608           	-2.856159e-03	8.823231e-01	6.182345e-02	2.805557e-02	3.376789e-02
609           	-2.856657e-03	8.824348e-01	6.196793e-02	2.812731e-02	3.384062e-02
610           	-2.857210e-03	8.825630e-01	6.208233e-02	2.818395e-02	3.389838e-02
611           	-2.857803e-03	8.827062e-01	6.216979e-02	2.822709e-02	3.394270e-02
612           	-2.858432e-03	8.828646e-01	6.222401e-02	2.825357e-02	3.397044e-02
613           	-2.859081e-03	8.830326e-01	6.225410e-02	2.826797e-02	3.398613e-02
614           	-2.859730e-03	8.832054e-01	6.227194e-02	2.827624e-02	3.399570e-02
615           	-2.860375e-03	8.833818e-01	6.226922e-02	2.827423e-02	3.399499e-02
616           	-2.861027e-03	8.835607e-01	6.224194e-02	2.825994e-02	3.398200e-02
617           	-2.861682e-03	8.837409e-01	6.218849e-02	2.823256e-02	3.395593e-02
618           	-2.862343e-03	8.839204e-01	6.210947e-02	2.819239e-02	3.391708e-02
619           	-2.862982e-03	8.840916e-01	6.199728e-02	2.813566e-02	3.386162e-02
620           	-2.863583e-03	8.842493e-01	6.186088e-02	2.806686e-02	3.379402e-02
621           	-2.864096e-03	8.843832e-01	6.171407e-02	2.799294e-02	3.372113e-02
622           	-2.864571e-03	8.844942e-01	6.155068e-02	2.791077e-02	3.363991e-02
623           	-2.865004e-03	8.845767e-01	6.136211e-02	2.781605e-02	3.354606e-02
624           	-2.865397e-03	8.846310e-01	6.115395e-02	2.771158e-02	3.344237e-02
625           	-2.865741e-03	8.846583e-01	6.093005e-02	2.759928e-02	3.333077e-02
626           	-2.866067e-03	8.846634e-01	6.069026e-02	2.747906e-02	3.321120e-02
627           	-2.866388e-03	8.846525e-01	6.044065e-02	2.735394e-02	3.308672e-02
628           	-2.866725e-03	8.846271e-01	6.017647e-02	2.722151e-02	3.295496e-02
629           	-2.867079e-03	8.845890e-01	5.989787e-02	2.708185e-02	3.281601e-02
630           	-2.867483e-03	8.845415e-01	5.960118e-02	2.693311e-02	3.266807e-02
631           	-2.867917e-03	8.844863e-01	5.928944e-02	2.677680e-02	3.251264e-02
632           	-2.868385e-03	8.844268e-01	5.896229e-02	2.661276e-02	3.234953e-02
633           	-2.868856e-03	8.843598e-01	5.861399e-02	2.643814e-02	3.217585e-02
634           	-2.869333e-03	8.842898e-01	5.825217e-02	2.625675e-02	3.199542e-02
635           	-2.869807e-03	8.842221e-01	5.789015e-02	2.607527e-02	3.181488e-02
636           	-2.870266e-03	8.841589e-01	5.753195e-02	2.589571e-02	3.163624e-02
637           	-2.870655e-03	8.840997e-01	5.718934e-02	2.572402e-02	3.146533e-02
638           	-2.870976e-03	8.840436e-01	5.686688e-02	2.556247e-02	3.130442e-02
639           	-2.871200e-03	8.839873e-01	5.657422e-02	2.541591e-02	3.115831e-02
640           	-2.871341e-03	8.839308e-01	5.630909e-02	2.528321e-02	3.102589e-02
641           	-2.871366e-03	8.838721e-01	5.609477e-02	2.517602e-02	3.091875e-02
642           	-2.871295e-03	8.838104e-01	5.592642e-02	2.509192e-02	3.083451e-02
643           	-2.871117e-03	8.837470e-01	5.581448e-02	2.503612e-02	3.077836e-02
644           	-2.870869e-03	8.836851e-01	5.575154e-02	2.500490e-02	3.074664e-02
645           	-2.870551e-03	8.836227e-01	5.573668e-02	2.499779e-02	3.073889e-02
646           	-2.870180e-03	8.835610e-01	5.577169e-02	2.501566e-02	3.075602e-02
647           	-2.869777e-03	8.834994e-01	5.585451e-02	2.505748e-02	3.079703e-02
648           	-2.869340e-03	8.834351e-01	5.599693e-02	2.512912e-02	3.086780e-02
649           	-2.868906e-03	8.833726e-01	5.620784e-02	2.523501e-02	3.097283e-02
650           	-2.868505e-03	8.833128e-01	5.648310e-02	2.537304e-02	3.111005e-02
651           	-2.868154e-03	8.832537e-01	5.681025e-02	2.553697e-02	3.127328e-02
652           	-2.867881e-03	8.831971e-01	5.717786e-02	2.572105e-02	3.145681e-02
653           	-2.867693e-03	8.831458e-01	5.757431e-02	2.591946e-02	3.165485e-02
654           	-2.867614e-03	8.831035e-01	5.798646e-02	2.612562e-02	3.186085e-02
655           	-2.867636e-03	8.830711e-01	5.840471e-02	2.633472e-02	3.206999e-02
656           	-2.867767e-03	8.830505e-01	5.881919e-02	2.654183e-02	3.227736e-02
657           	-2.867996e-03	8.830429e-01	5.922259e-02	2.674330e-02	3.247929e-02
658           	-2.868309e-03	8.830482e-01	5.960995e-02	2.693667e-02	3.267328e-02
659           	-2.868688e-03	8.830667e-01	5.997702e-02	2.711982e-02	3.285720e-02
660           	-2.869129e-03	8.830987e-01	6.031841e-02	2.729008e-02	3.302833e-02
661           	-2.869605e-03	8.831425e-01	6.063186e-02	2.744633e-02	3.318553e-02
662           	-2.870112e-03	8.832009e-01	6.091069e-02	2.758523e-02	3.332546e-02
663           	-2.870611e-03	8.832682e-01	6.115658e-02	2.770768e-02	3.344890e-02
664           	-2.871099e-03	8.833478e-01	6.136878e-02	2.781329e-02	3.355549e-02
665           	-2.871553e-03	8.834385e-01	6.155016e-02	2.790352e-02	3.364663e-02
666           	-2.871960e-03	8.835371e-01	6.170095e-02	2.797852e-02	3.372244e-02
667           	-2.872300e-03	8.836418e-01	6.182427e-02	2.803983e-02	3.378443e-02
668           	-2.872579e-03	8.837537e-01	6.192059e-02	2.808772e-02	3.383287e-02
669           	-2.872794e-03	8.838689e-01	6.199077e-02	2.812259e-02	3.386818e-02
670           	-2.872956e-03	8.839831e-01	6.203484e-02	2.814446e-02	3.389037e-02
671           	-2.873047e-03	8.840963e-01	6.205571e-02	2.815481e-02	3.390090e-02
672           	-2.873091e-03	8.842080e-01	6.204425e-02	2.814904e-02	3.389522e-02
673           	-2.873074e-03	8.843174e-01	6.200515e-02	2.812950e-02	3.387565e-02
674           	-2.872980e-03	8.844238e-01	6.194591e-02	2.809997e-02	3.384593e-02
675           	-2.872818e-03	8.845249e-01	6.185792e-02	2.805614e-02	3.380178e-02
676           	-2.872586e-03	8.846213e-01	6.173468e-02	2.799475e-02	3.373992e-02
677           	-2.872303e-03	8.847087e-01	6.157893e-02	2.791716e-02	3.366177e-02
678           	-2.871968e-03	8.847799e-01	6.139372e-02	2.782489e-02	3.356883e-02
679           	-2.871566e-03	8.848313e-01	6.118664e-02	2.772175e-02	3.346488e-02
680           	-2.871121e-03	8.848627e-01	6.095542e-02	2.760659e-02	3.334883e-02
681           	-2.870652e-03	8.848731e-01	6.069683e-02	2.747776e-02	3.321907e-02
682           	-2.870165e-03	8.848640e-01	6.041525e-02	2.733746e-02	3.307779e-02
683           	-2.869667e-03	8.848347e-01	6.010900e-02	2.718483e-02	3.292417e-02
684           	-2.869174e-03	8.847902e-01	5.978548e-02	2.702356e-02	3.276191e-02
685           	-2.868703e-03	8.847369e-01	5.945567e-02	2.685913e-02	3.259654e-02
686           	-2.868230e-03	8.846739e-01	5.911751e-02	2.669053e-02	3.242699e-02
687           	-2.867766e-03	8.846011e-01	5.876825e-02	2.651636e-02	3.225189e-02
688           	-2.867307e-03	8.845186e-01	5.841098e-02	2.633818e-02	3.207280e-02
689           	-2.866850e-03	8.844266e-01	5.804625e-02	2.615627e-02	3.188997e-02
690           	-2.866402e-03	8.843271e-01	5.767797e-02	2.597258e-02	3.170538e-02
691           	-2.865917e-03	8.842151e-01	5.729737e-02	2.578277e-02	3.151460e-02
692           	-2.865403e-03	8.840931e-01	5.691691e-02	2.559305e-02	3.132386e-02
693           	-2.864869e-03	8.839647e-01	5.654544e-02	2.540785e-02	3.113759e-02
694           	-2.864300e-03	8.838325e-01	5.619459e-02	2.523299e-02	3.096159e-02
695           	-2.863680e-03	8.836960e-01	5.587625e-02	2.507444e-02	3.080180e-02
696           	-2.863031e-03	8.835617e-01	5.559380e-02	2.493387e-02	3.065993e-02
697           	-2.862360e-03	8.834329e-01	5.535080e-02	2.481304e-02	3.053776e-02
698           	-2.861675e-03	8.833111e-01	5.515221e-02	2.471443e-02	3.043778e-02
699           	-2.860985e-03	8.832006e-01	5.500836e-02	2.464319e-02	3.036516e-02
700           	-2.860317e-03	8.830982e-01	5.490539e-02	2.459238e-02	3.031301e-02
701           	-2.859627e-03	8.830011e-01	5.485943e-02	2.457009e-02	3.028934e-02
702           	-2.858939e-03	8.829096e-01	5.486908e-02	2.457560e-02	3.029348e-02
703           	-2.858269e-03	8.828218e-01	5.492946e-02	2.460646e-02	3.032300e-02
704           	-2.857601e-03	8.827368e-01	5.504944e-02	2.466712e-02	3.038232e-02
705           	-2.856984e-03	8.826563e-01	5.522596e-02	2.475599e-02	3.046996e-02
706           	-2.856439e-03	8.825845e-01	5.546507e-02	2.487610e-02	3.058897e-02
707           	-2.856017e-03	8.825258e-01	5.577357e-02	2.503077e-02	3.074280e-02
708           	-2.855717e-03	8.824796e-01	5.613782e-02	2.521319e-02	3.092463e-02
709           	-2.855545e-03	8.824443e-01	5.654630e-02	2.541760e-02	3.112869e-02
710           	-2.855513e-03	8.824219e-01	5.698646e-02	2.563772e-02	3.134875e-02
711           	-2.855636e-03	8.824122e-01	5.744539e-02	2.586706e-02	3.157833e-02
712           	-2.855912e-03	8.824154e-01	5.791354e-02	2.610086e-02	3.181268e-02
713           	-2.856329e-03	8.824326e-01	5.838331e-02	2.633533e-02	3.204799e-02
714           	-2.856899e-03	8.824676e-01	5.884508e-02	2.656564e-02	3.227944e-02
715           	-2.857588e-03	8.825155e-01	5.929052e-02	2.678767e-02	3.250285e-02
716           	-2.858380e-03	8.825751e-01	5.971556e-02	2.699940e-02	3.271616e-02
717           	-2.859254e-03	8.826458e-01	6.011592e-02	2.719871e-02	3.291722e-02
718           	-2.860193e-03	8.827275e-01	6.048838e-02	2.738400e-02	3.310438e-02
719           	-2.861130e-03	8.828141e-01	6.082388e-02	2.755081e-02	3.327307e-02
720           	-2.862090e-03	8.829095e-01	6.112590e-02	2.770086e-02	3.342504e-02
721           	-2.863099e-03	8.830196e-01	6.140028e-02	2.783704e-02	3.356324e-02
722           	-2.864091e-03	8.831367e-01	6.163757e-02	2.795469e-02	3.368287e-02
723           	-2.865068e-03	8.832619e-01	6.183927e-02	2.805457e-02	3.378470e-02
724           	-2.866029e-03	8.833945e-01	6.200771e-02	2.813782e-02	3.386988e-02
725           	-2.866964e-03	8.835340e-01	6.214412e-02	2.820510e-02	3.393902e-02
726           	-2.867876e-03	8.836781e-01	6.224765e-02	2.825595e-02	3.399170e-02
727           	-2.868745e-03	8.838235e-01	6.231910e-02	2.829080e-02	3.402829e-02
728           	-2.869567e-03	8.839685e-01	6.236026e-02	2.831056e-02	3.404970e-02
729           	-2.870338e-03	8.841112e-01	6.237030e-02	2.831481e-02	3.405549e-02
730           	-2.871062e-03	8.842491e-01	6.234487e-02	2.830137e-02	3.404350e-02
731           	-2.871718e-03	8.843815e-01	6.229020e-02	2.827338e-02	3.401682e-02
732           	-2.872321e-03	8.845090e-01	6.220578e-02	2.823057e-02	3.397521e-02
733           	-2.872833e-03	8.846278e-01	6.210107e-02	2.817770e-02	3.392337e-02
734           	-2.873253e-03	8.847366e-01	6.196515e-02	2.810932e-02	3.385583e-02
735           	-2.873573e-03	8.848305e-01	6.180635e-02	2.802960e-02	3.377675e-02
736           	-2.873806e-03	8.849051e-01	6.162203e-02	2.793721e-02	3.368482e-02
737           	-2.873942e-03	8.849577e-01	6.141486e-02	2.783349e-02	3.358137e-02
738           	-2.874008e-03	8.849868e-01	6.118113e-02	2.771656e-02	3.346457e-02
739           	-2.873992e-03	8.849932e-01	6.092882e-02	2.759042e-02	3.333840e-02
740           	-2.873912e-03	8.849801e-01	6.066024e-02	2.745621e-02	3.320403e-02
741           	-2.873808e-03	8.849538e-01	6.038400e-02	2.731819e-02	3.306581e-02
742           	-2.873667e-03	8.849145e-01	6.009635e-02	2.717451e-02	3.292184e-02
743           	-2.873492e-03	8.848626e-01	5.979557e-02	2.702429e-02	3.277128e-02
744           	-2.873308e-03	8.848015e-01	5.948405e-02	2.686872e-02	3.261533e-02
745           	-2.873105e-03	8.847307e-01	5.916347e-02	2.670863e-02	3.245484e-02
746           	-2.872895e-03	8.846533e-01	5.883611e-02	2.654516e-02	3.229095e-02
747           	-2.872668e-03	8.845694e-01	5.850546e-02	2.638006e-02	3.212540e-02
748           	-2.872415e-03	8.844800e-01	5.817474e-02	2.621496e-02	3.195979e-02
749           	-2.872122e-03	8.843853e-01	5.784671e-02	2.605123e-02	3.179548e-02
750           	-2.871795e-03	8.842872e-01	5.752641e-02	2.589141e-02	3.163500e-02
751           	-2.871360e-03	8.841766e-01	5.721303e-02	2.573516e-02	3.147788e-02
752           	-2.870862e-03	8.840612e-01	5.691640e-02	2.558734e-02	3.132906e-02
753           	-2.870313e-03	8.839448e-01	5.664493e-02	2.545215e-02	3.119278e-02
754           	-2.869727e-03	8.838294e-01	5.640409e-02	2.533232e-02	3.107177e-02
755           	-2.869088e-03	8.837153e-01	5.619932e-02	2.523057e-02	3.096875e-02
756           	-2.868441e-03	8.836087e-01	5.603562e-02	2.514937e-02	3.088625e-02
757           	-2.867752e-03	8.835050e-01	5.591519e-02	2.508985e-02	3.082535e-02
758           	-2.867022e-03	8.834034e-01	5.583936e-02	2.505266e-02	3.078670e-02
759           	-2.866244e-03	8.833026e-01	5.581122e-02	2.503937e-02	3.077186e-02
760           	-2.865421e-03	8.832028e-01	5.584056e-02	2.505486e-02	3.078570e-02
761           	-2.864580e-03	8.831046e-01	5.592278e-02	2.509681e-02	3.082597e-02
762           	-2.863758e-03	8.830104e-01	5.605845e-02	2.516547e-02	3.089298e-02
763           	-2.862977e-03	8.829182e-01	5.624236e-02	2.525820e-02	3.098416e-02
764           	-2.862290e-03	8.828332e-01	5.647329e-02	2.537435e-02	3.109893e-02
765           	-2.861726e-03	8.827611e-01	5.676027e-02	2.551841e-02	3.124186e-02
766           	-2.861281e-03	8.827008e-01	5.709405e-02	2.568574e-02	3.140830e-02
767           	-2.860952e-03	8.826514e-01	5.746059e-02	2.586934e-02	3.159125e-02
768           	-2.860751e-03	8.826132e-01	5.784692e-02	2.606271e-02	3.178421e-02
769           	-2.860676e-03	8.825863e-01	5.824167e-02	2.626016e-02	3.198151e-02
770           	-2.860732e-03	8.825727e-01	5.863784e-02	2.645819e-02	3.217965e-02
771           	-2.860924e-03	8.825761e-01	5.902740e-02	2.665278e-02	3.237463e-02
772           	-2.861239e-03	8.825947e-01	5.940397e-02	2.684075e-02	3.256322e-02
773           	-2.861656e-03	8.826257e-01	5.976356e-02	2.702012e-02	3.274343e-02
774           	-2.862129e-03	8.826647e-01	6.009652e-02	2.718613e-02	3.291039e-02
775           	-2.862666e-03	8.827142e-01	6.040581e-02	2.734024e-02	3.306557e-02
776           	-2.863268e-03	8.827755e-01	6.069223e-02	2.748285e-02	3.320938e-02
777           	-2.863912e-03	8.828470e-01	6.095324e-02	2.761271e-02	3.334053e-02
778           	-2.864593e-03	8.829298e-01	6.118847e-02	2.772964e-02	3.345883e-02
779           	-2.865282e-03	8.830221e-01	6.139723e-02	2.783333e-02	3.356390e-02
780           	-2.865980e-03	8.831230e-01	6.157854e-02	2.792329e-02	3.365525e-02
781           	-2.866675e-03	8.832305e-01	6.173220e-02	2.799942e-02	3.373277e-02
782           	-2.867362e-03	8.833427e-01	6.185903e-02	2.806215e-02	3.379688e-02
783           	-2.868039e-03	8.834593e-01	6.195770e-02	2.811081e-02	3.384689e-02
784           	-2.868703e-03	8.835783e-01	6.202922e-02	2.814591e-02	3.388331e-02
785           	-2.869339e-03	8.836976e-01	6.207409e-02	2.816771e-02	3.390639e-02
786           	-2.869956e-03	8.838164e-01	6.209123e-02	2.817566e-02	3.391557e-02
787           	-2.870545e-03	8.839329e-01	6.208146e-02	2.817018e-02	3.391127e-02
788           	-2.871103e-03	8.840460e-01	6.204496e-02	2.815138e-02	3.389358e-02
789           	-2.871631e-03	8.841547e-01	6.197717e-02	2.811696e-02	3.386022e-02
790           	-2.872131e-03	8.842583e-01	6.188155e-02	2.806865e-02	3.381291e-02
791           	-2.872570e-03	8.843549e-01	6.176597e-02	2.801042e-02	3.375556e-02
792           	-2.872962e-03	8.844438e-01	6.162504e-02	2.793956e-02	3.368548e-02
793           	-2.873280e-03	8.845213e-01	6.146190e-02	2.785767e-02	3.360423e-02
794           	-2.873543e-03	8.845844e-01	6.127342e-02	2.776316e-02	3.351025e-02
795           	-2.873746e-03	8.846313e-01	6.106399e-02	2.765825e-02	3.340574e-02
796           	-2.873901e-03	8.846609e-01	6.083356e-02	2.754288e-02	3.329068e-02
797           	-2.873989e-03	8.846708e-01	6.058507e-02	2.741855e-02	3.316653e-02
798           	-2.874037e-03	8.846650e-01	6.031954e-02	2.728573e-02	3.303381e-02
799           	-2.874039e-03	8.846447e-01	6.004236e-02	2.714714e-02	3.289522e-02
800           	-2.874030e-03	8.846171e-01	5.975968e-02	2.700581e-02	3.275387e-02
801           	-2.873997e-03	8.845819e-01	5.946993e-02	2.686097e-02	3.260896e-02
802           	-2.873950e-03	8.845391e-01	5.917185e-02	2.671198e-02	3.245988e-02
803           	-2.873864e-03	8.844872e-01	5.886920e-02	2.656073e-02	3.230846e-02
804           	-2.873759e-03	8.844289e-01	5.856211e-02	2.640729e-02	3.215481e-02
805           	-2.873615e-03	8.843641e-01	5.825568e-02	2.625423e-02	3.200146e-02
806           	-2.873430e-03	8.842931e-01	5.795153e-02	2.610233e-02	3.184919e-02
807           	-2.873189e-03	8.842162e-01	5.765468e-02	2.595415e-02	3.170053e-02
808           	-2.872892e-03	8.841347e-01	5.736916e-02	2.581169e-02	3.155747e-02
809           	-2.872483e-03	8.840428e-01	5.709588e-02	2.567546e-02	3.142042e-02
810           	-2.872006e-03	8.839461e-01	5.684169e-02	2.554884e-02	3.129285e-02
811           	-2.871488e-03	8.838511e-01	5.661740e-02	2.543721e-02	3.118019e-02
812           	-2.870930e-03	8.837592e-01	5.642370e-02	2.534092e-02	3.108278e-02
813           	-2.870314e-03	8.836676e-01	5.626369e-02	2.526153e-02	3.100216e-02
814           	-2.869644e-03	8.835770e-01	5.613875e-02	2.519973e-02	3.093902e-02
815           	-2.868914e-03	8.834863e-01	5.605354e-02	2.515786e-02	3.089568e-02
816           	-2.868147e-03	8.833970e-01	5.600891e-02	2.513631e-02	3.087260e-02
817           	-2.867344e-03	8.833100e-01	5.600901e-02	2.513716e-02	3.087185e-02
818           	-2.866512e-03	8.832246e-01	5.606020e-02	2.516359e-02	3.089661e-02
819           	-2.865678e-03	8.831417e-01	5.615751e-02	2.521308e-02	3.094443e-02
820           	-2.864870e-03	8.830636e-01	5.630295e-02	2.528660e-02	3.101634e-02
821           	-2.864096e-03	8.829883e-01	5.649134e-02	2.538157e-02	3.110977e-02
822           	-2.863416e-03	8.829234e-01	5.672996e-02	2.550156e-02	3.122840e-02
823           	-2.862849e-03	8.828681e-01	5.700846e-02	2.564138e-02	3.136708e-02
824           	-2.862380e-03	8.828213e-01	5.732290e-02	2.579907e-02	3.152383e-02
825           	-2.862009e-03	8.827819e-01	5.766050e-02	2.596824e-02	3.169226e-02
826           	-2.861744e-03	8.827508e-01	5.801141e-02	2.614396e-02	3.186745e-02
827           	-2.861577e-03	8.827294e-01	5.836765e-02	2.632225e-02	3.204540e-02
828           	-2.861519e-03	8.827189e-01	5.872153e-02	2.649925e-02	3.222228e-02
829           	-2.861569e-03	8.827227e-01	5.906685e-02	2.667186e-02	3.239500e-02
830           	-2.861718e-03	8.827396e-01	5.939925e-02	2.683791e-02	3.256134e-02
831           	-2.861922e-03	8.827636e-01	5.970757e-02	2.699186e-02	3.271571e-02
832           	-2.862201e-03	8.827974e-01	5.999579e-02	2.713569e-02	3.286009e-02
833           	-2.862543e-03	8.828419e-01	6.026424e-02	2.726958e-02	3.299466e-02
834           	-2.862942e-03	8.828977e-01	6.050954e-02	2.739183e-02	3.311771e-02
835           	-2.863378e-03	8.829643e-01	6.073033e-02	2.750179e-02	3.322854e-02
836           	-2.863841e-03	8.830404e-01	6.092643e-02	2.759937e-02	3.332706e-02
837           	-2.864314e-03	8.831245e-01	6.109568e-02	2.768353e-02	3.341216e-02
838           	-2.864797e-03	8.832160e-01	6.123902e-02	2.775471e-02	3.348431e-02
839           	-2.865283e-03	8.833138e-01	6.135669e-02	2.781306e-02	3.354363e-02
840           	-2.865761e-03	8.834158e-01	6.144847e-02	2.785848e-02	3.359000e-02
841           	-2.866228e-03	8.835209e-01	6.151500e-02	2.789127e-02	3.362373e-02
842           	-2.866687e-03	8.836283e-01	6.155706e-02	2.791184e-02	3.364522e-02
843           	-2.867133e-03	8.837359e-01	6.157331e-02	2.791952e-02	3.365379e-02
844           	-2.867567e-03	8.838430e-01	6.156556e-02	2.791521e-02	3.365035e-02
845           	-2.867979e-03	8.839472e-01	6.153324e-02	2.789864e-02	3.363460e-02
846           	-2.868385e-03	8.840492e-01	6.147157e-02	2.786740e-02	3.360417e-02
847           	-2.868764e-03	8.841469e-01	6.138622e-02	2.782434e-02	3.356187e-02
848           	-2.869122e-03	8.842396e-01	6.127714e-02	2.776945e-02	3.350769e-02
849           	-2.869427e-03	8.843250e-01	6.115133e-02	2.770624e-02	3.344509e-02
850           	-2.869693e-03	8.844016e-01	6.099892e-02	2.762976e-02	3.336915e-02
851           	-2.869911e-03	8.844656e-01	6.082582e-02	2.754300e-02	3.328282e-02
852           	-2.870079e-03	8.845151e-01	6.063615e-02	2.744800e-02	3.318815e-02
853           	-2.870196e-03	8.845492e-01	6.043239e-02	2.734600e-02	3.308639e-02
854           	-2.870285e-03	8.845684e-01	6.021287e-02	2.723615e-02	3.297672e-02
855           	-2.870337e-03	8.845720e-01	5.998068e-02	2.712000e-02	3.286068e-02
856           	-2.870369e-03	8.845604e-01	5.973394e-02	2.699660e-02	3.273734e-02
857           	-2.870377e-03	8.845361e-01	5.947820e-02	2.686872e-02	3.260948e-02
858           	-2.870395e-03	8.845065e-01	5.921952e-02	2.673937e-02	3.248016e-02
859           	-2.870393e-03	8.844705e-01	5.895736e-02	2.660829e-02	3.234907e-02
860           	-2.870385e-03	8.844287e-01	5.868982e-02	2.647452e-02	3.221529e-02
861           	-2.870351e-03	8.843796e-01	5.841999e-02	2.633965e-02	3.208035e-02
862           	-2.870301e-03	8.843252e-01	5.814851e-02	2.620395e-02	3.194455e-02
863           	-2.870219e-03	8.842651e-01	5.788080e-02	2.607018e-02	3.181062e-02
864           	-2.870108e-03	8.842006e-01	5.761842e-02	2.593910e-02	3.167932e-02
865           	-2.869950e-03	8.841317e-01	5.736644e-02	2.581327e-02	3.155317e-02
866           	-2.869722e-03	8.840549e-01	5.712378e-02	2.569217e-02	3.143161e-02
867           	-2.869424e-03	8.839736e-01	5.690066e-02	2.558091e-02	3.131975e-02
868           	-2.869086e-03	8.838915e-01	5.669999e-02	2.548091e-02	3.121908e-02
869           	-2.868698e-03	8.838102e-01	5.652823e-02	2.539542e-02	3.113281e-02
870           	-2.868299e-03	8.837334e-01	5.638810e-02	2.532575e-02	3.106235e-02
871           	-2.867854e-03	8.836585e-01	5.628206e-02	2.527318e-02	3.100889e-02
872           	-2.867377e-03	8.835870e-01	5.621120e-02	2.523822e-02	3.097298e-02
873           	-2.866854e-03	8.835154e-01	5.617848e-02	2.522239e-02	3.095610e-02
874           	-2.866304e-03	8.834450e-01	5.618405e-02	2.522572e-02	3.095833e-02
875           	-2.865714e-03	8.833744e-01	5.623562e-02	2.525210e-02	3.098353e-02
876           	-2.865116e-03	8.833054e-01	5.632971e-02	2.529974e-02	3.102997e-02
877           	-2.864537e-03	8.832391e-01	5.646506e-02	2.536799e-02	3.109706e-02
878           	-2.863993e-03	8.831741e-01	5.663746e-02	2.545474e-02	3.118273e-02
879           	-2.863510e-03	8.831154e-01	5.685523e-02	2.556411e-02	3.129113e-02
880           	-2.863106e-03	8.830643e-01	5.711266e-02	2.569322e-02	3.141943e-02
881           	-2.862799e-03	8.830204e-01	5.739728e-02	2.583584e-02	3.156144e-02
882           	-2.862586e-03	8.829850e-01	5.770340e-02	2.598911e-02	3.171428e-02
883           	-2.862453e-03	8.829562e-01	5.802358e-02	2.614934e-02	3.187424e-02
884           	-2.862406e-03	8.829362e-01	5.834796e-02	2.631157e-02	3.203639e-02
885           	-2.862445e-03	8.829262e-01	5.867210e-02	2.647361e-02	3.219850e-02
886           	-2.862572e-03	8.829270e-01	5.899036e-02	2.663261e-02	3.235775e-02
887           	-2.862777e-03	8.829383e-01	5.929907e-02	2.678676e-02	3.251231e-02
888           	-2.863075e-03	8.829644e-01	5.959259e-02	2.693322e-02	3.265937e-02
889           	-2.863415e-03	8.829972e-01	5.986428e-02	2.706873e-02	3.279556e-02
890           	-2.863813e-03	8.830390e-01	6.011484e-02	2.719361e-02	3.292123e-02
891           	-2.864257e-03	8.830899e-01	6.034644e-02	2.730897e-02	3.303748e-02
892           	-2.864742e-03	8.831498e-01	6.055761e-02	2.741406e-02	3.314355e-02
893           	-2.865243e-03	8.832170e-01	6.074727e-02	2.750839e-02	3.323888e-02
894           	-2.865762e-03	8.832930e-01	6.091493e-02	2.759170e-02	3.332323e-02
895           	-2.866285e-03	8.833747e-01	6.105950e-02	2.766347e-02	3.339604e-02
896           	-2.866804e-03	8.834621e-01	6.118152e-02	2.772396e-02	3.345757e-02
897           	-2.867308e-03	8.835533e-01	6.128165e-02	2.777352e-02	3.350813e-02
898           	-2.867806e-03	8.836470e-01	6.135809e-02	2.781124e-02	3.354685e-02
899           	-2.868287e-03	8.837413e-01	6.141164e-02	2.783753e-02	3.357411e-02
900           	-2.868757e-03	8.838364e-01	6.144210e-02	2.785229e-02	3.358981e-02
901           	-2.869207e-03	8.839295e-01	6.145068e-02	2.785614e-02	3.359455e-02
902           	-2.869644e-03	8.840208e-01	6.143480e-02	2.784775e-02	3.358704e-02
903           	-2.870052e-03	8.841093e-01	6.139773e-02	2.782881e-02	3.356892e-02
904           	-2.870451e-03	8.841940e-01	6.133275e-02	2.779592e-02	3.353682e-02
905           	-2.870815e-03	8.842734e-01	6.124559e-02	2.775198e-02	3.349361e-02
906           	-2.871148e-03	8.843482e-01	6.114010e-02	2.769890e-02	3.344120e-02
907           	-2.871429e-03	8.844142e-01	6.101152e-02	2.763433e-02	3.337719e-02
908           	-2.871675e-03	8.844711e-01	6.086042e-02	2.755854e-02	3.330189e-02
909           	-2.871862e-03	8.845162e-01	6.069451e-02	2.747539e-02	3.321912e-02
910           	-2.872008e-03	8.845475e-01	6.051143e-02	2.738371e-02	3.312772e-02
911           	-2.872108e-03	8.845646e-01	6.031265e-02	2.728422e-02	3.302844e-02
912           	-2.872178e-03	8.845693e-01	6.009937e-02	2.717751e-02	3.292186e-02
913           	-2.872209e-03	8.845587e-01	5.987215e-02	2.706387e-02	3.280828e-02
914           	-2.872218e-03	8.845371e-01	5.963322e-02	2.694439e-02	3.268883e-02
915           	-2.872212e-03	8.845100e-01	5.939262e-02	2.682410e-02	3.256852e-02
916           	-2.872192e-03	8.844764e-01	5.914585e-02	2.670073e-02	3.244512e-02
917           	-2.872139e-03	8.844363e-01	5.889521e-02	2.657547e-02	3.231974e-02
918           	-2.872065e-03	8.843902e-01	5.864115e-02	2.644851e-02	3.219264e-02
919           	-2.871956e-03	8.843374e-01	5.838675e-02	2.632142e-02	3.206533e-02
920           	-2.871822e-03	8.842808e-01	5.813397e-02	2.619517e-02	3.193881e-02
921           	-2.871641e-03	8.842181e-01	5.788799e-02	2.607236e-02	3.181564e-02
922           	-2.871422e-03	8.841515e-01	5.764945e-02	2.595330e-02	3.169615e-02
923           	-2.871152e-03	8.840817e-01	5.742469e-02	2.584119e-02	3.158349e-02
924           	-2.870834e-03	8.840092e-01	5.721620e-02	2.573727e-02	3.147893e-02
925           	-2.870453e-03	8.839333e-01	5.702759e-02	2.564334e-02	3.138425e-02
926           	-2.870029e-03	8.838569e-01	5.686153e-02	2.556074e-02	3.130080e-02
927           	-2.869549e-03	8.837783e-01	5.672202e-02	2.549146e-02	3.123056e-02
928           	-2.869027e-03	8.836995e-01	5.661009e-02	2.543602e-02	3.117407e-02
929           	-2.868457e-03	8.836206e-01	5.653024e-02	2.539666e-02	3.113358e-02
930           	-2.867861e-03	8.835435e-01	5.648248e-02	2.537338e-02	3.110910e-02
931           	-2.867238e-03	8.834671e-01	5.646984e-02	2.536768e-02	3.110216e-02
932           	-2.866600e-03	8.833935e-01	5.649386e-02	2.538033e-02	3.111353e-02
933           	-2.865955e-03	8.833221e-01	5.655758e-02	2.541284e-02	3.114475e-02
934           	-2.865320e-03	8.832534e-01	5.665988e-02	2.546462e-02	3.119526e-02
935           	-2.864714e-03	8.831893e-01	5.679950e-02	2.553504e-02	3.126447e-02
936           	-2.864165e-03	8.831287e-01	5.697048e-02	2.562108e-02	3.134941e-02
937           	-2.863700e-03	8.830752e-01	5.717545e-02	2.572403e-02	3.145143e-02
938           	-2.863319e-03	8.830301e-01	5.741299e-02	2.584318e-02	3.156981e-02
939           	-2.863010e-03	8.829910e-01	5.767469e-02	2.597433e-02	3.170035e-02
940           	-2.862786e-03	8.829593e-01	5.795278e-02	2.611360e-02	3.183917e-02
941           	-2.862634e-03	8.829340e-01	5.824138e-02	2.625805e-02	3.198332e-02
942           	-2.862565e-03	8.829174e-01	5.853317e-02	2.640402e-02	3.212915e-02
943           	-2.862575e-03	8.829104e-01	5.882265e-02	2.654875e-02	3.227390e-02
944           	-2.862656e-03	8.829132e-01	5.910084e-02	2.668776e-02	3.241308e-02
945           	-2.862806e-03	8.829251e-01	5.936610e-02	2.682024e-02	3.254586e-02
946           	-2.863038e-03	8.829484e-01	5.961889e-02	2.694641e-02	3.267248e-02
947           	-2.863340e-03	8.829823e-01	5.985723e-02	2.706527e-02	3.279195e-02
948           	-2.863695e-03	8.830254e-01	6.007919e-02	2.717590e-02	3.290329e-02
949           	-2.864086e-03	8.830771e-01	6.028290e-02	2.727736e-02	3.300553e-02
950           	-2.864511e-03	8.831374e-01	6.046648e-02	2.736873e-02	3.309775e-02
951           	-2.864956e-03	8.832044e-01	6.062864e-02	2.744936e-02	3.317928e-02
952           	-2.865420e-03	8.832783e-01	6.076950e-02	2.751933e-02	3.325017e-02
953           	-2.865884e-03	8.833565e-01	6.088927e-02	2.757875e-02	3.331052e-02
954           	-2.866350e-03	8.834389e-01	6.098808e-02	2.762769e-02	3.336039e-02
955           	-2.866811e-03	8.835244e-01	6.106512e-02	2.766575e-02	3.339937e-02
956           	-2.867274e-03	8.836123e-01	6.112139e-02	2.769342e-02	3.342797e-02
957           	-2.867719e-03	8.837003e-01	6.115713e-02	2.771085e-02	3.344628e-02
958           	-2.868157e-03	8.837890e-01	6.117284e-02	2.771827e-02	3.345458e-02
959           	-2.868588e-03	8.838764e-01	6.116711e-02	2.771497e-02	3.345214e-02
960           	-2.869005e-03	8.839621e-01	6.114149e-02	2.770174e-02	3.343975e-02
961           	-2.869409e-03	8.840447e-01	6.109431e-02	2.767775e-02	3.341656e-02
962           	-2.869801e-03	8.841237e-01	6.102340e-02	2.764190e-02	3.338150e-02
963           	-2.870170e-03	8.841978e-01	6.093104e-02	2.759535e-02	3.333569e-02
964           	-2.870508e-03	8.842665e-01	6.082298e-02	2.754098e-02	3.328200e-02
965           	-2.870807e-03	8.843264e-01	6.069308e-02	2.747574e-02	3.321735e-02
966           	-2.871059e-03	8.843765e-01	6.054691e-02	2.740240e-02	3.314451e-02
967           	-2.871269e-03	8.844148e-01	6.038319e-02	2.732033e-02	3.306286e-02
968           	-2.871442e-03	8.844409e-01	6.020459e-02	2.723086e-02	3.297374e-02
969           	-2.871572e-03	8.844545e-01	6.001264e-02	2.713475e-02	3.287789e-02
970           	-2.871670e-03	8.844572e-01	5.980957e-02	2.703312e-02	3.277646e-02
971           	-2.871730e-03	8.844467e-01	5.959508e-02	2.692581e-02	3.266927e-02
972           	-2.871776e-03	8.844300e-01	5.937817e-02	2.681731e-02	3.256086e-02
973           	-2.871794e-03	8.844065e-01	5.915689e-02	2.670665e-02	3.245024e-02
974           	-2.871782e-03	8.843767e-01	5.893213e-02	2.659428e-02	3.233785e-02
975           	-2.871746e-03	8.843408e-01	5.870322e-02	2.647986e-02	3.222336e-02
976           	-2.871683e-03	8.842993e-01	5.847410e-02	2.636537e-02	3.210873e-02
977           	-2.871584e-03	8.842532e-01	5.824640e-02	2.625161e-02	3.199478e-02
978           	-2.871458e-03	8.842037e-01	5.802269e-02	2.613989e-02	3.188280e-02
979           	-2.871292e-03	8.841497e-01	5.780641e-02	2.603191e-02	3.177450e-02
980           	-2.871082e-03	8.840928e-01	5.760005e-02	2.592895e-02	3.167111e-02
981           	-2.870824e-03	8.840334e-01	5.740775e-02	2.583305e-02	3.157470e-02
982           	-2.870517e-03	8.839713e-01	5.723206e-02	2.574552e-02	3.148655e-02
983           	-2.870157e-03	8.839067e-01	5.707530e-02	2.566749e-02	3.140781e-02
984           	-2.869750e-03	8.838410e-01	5.694064e-02	2.560057e-02	3.134007e-02
985           	-2.869296e-03	8.837745e-01	5.683139e-02	2.554640e-02	3.128499e-02
986           	-2.868799e-03	8.837069e-01	5.674845e-02	2.550542e-02	3.124302e-02
987           	-2.868265e-03	8.836390e-01	5.669367e-02	2.547857e-02	3.121510e-02
988           	-2.867698e-03	8.835711e-01	5.666963e-02	2.546712e-02	3.120251e-02
989           	-2.867112e-03	8.835041e-01	5.667633e-02	2.547105e-02	3.120528e-02
990           	-2.866518e-03	8.834393e-01	5.671652e-02	2.549174e-02	3.122478e-02
991           	-2.865914e-03	8.833748e-01	5.679371e-02	2.553094e-02	3.126277e-02
992           	-2.865329e-03	8.833126e-01	5.690353e-02	2.558644e-02	3.131709e-02
993           	-2.864776e-03	8.832533e-01	5.704561e-02	2.565803e-02	3.138758e-02
994           	-2.864291e-03	8.831989e-01	5.721651e-02	2.574396e-02	3.147254e-02
995           	-2.863875e-03	8.831509e-01	5.741454e-02	2.584340e-02	3.157115e-02
996           	-2.863528e-03	8.831080e-01	5.763793e-02	2.595544e-02	3.168249e-02
997           	-2.863238e-03	8.830695e-01	5.787882e-02	2.607617e-02	3.180265e-02
998           	-2.863021e-03	8.830385e-01	5.813108e-02	2.620252e-02	3.192856e-02
999           	-2.862883e-03	8.830153e-01	5.838769e-02	2.633096e-02	3.205673e-02
1000          	-2.862815e-03	8.830003e-01	5.864645e-02	2.646041e-02	3.218604e-02
