# Force coefficients
# liftDir     : (0.000000e+00 0.000000e+00 1.000000e+00)
# dragDir     : (0.000000e+00 1.000000e+00 0.000000e+00)
# pitchAxis   : (1.000000e+00 0.000000e+00 0.000000e+00)
# magUInf     : 8.632134e-02
# lRef        : 4.000000e+00
# Aref        : 2.562000e-02
# CofR        : (0.000000e+00 0.000000e+00 0.000000e+00)
# Time        	Cm            	Cd            	Cl            	Cl(f)         	Cl(r)         
1             	-9.198517e-04	2.144135e-01	-2.436243e-02	-1.310106e-02	-1.126136e-02
2             	-3.133182e-03	8.090930e-01	-8.148058e-02	-4.387347e-02	-3.760711e-02
3             	-3.455935e-03	1.024023e+00	-4.191337e-02	-2.441262e-02	-1.750075e-02
4             	-2.724424e-03	9.899333e-01	2.267105e-02	8.611103e-03	1.405995e-02
5             	-2.015912e-03	9.094145e-01	5.796773e-02	2.696795e-02	3.099978e-02
6             	-1.668288e-03	8.562602e-01	6.732347e-02	3.199345e-02	3.533002e-02
7             	-1.524682e-03	8.208632e-01	6.170096e-02	2.932580e-02	3.237516e-02
8             	-1.702103e-03	8.334373e-01	4.589316e-02	2.124448e-02	2.464868e-02
9             	-1.885150e-03	8.432770e-01	3.496734e-02	1.559852e-02	1.936882e-02
10            	-2.070366e-03	8.618254e-01	2.172326e-02	8.791266e-03	1.293200e-02
11            	-2.202270e-03	8.773953e-01	1.100034e-02	3.297897e-03	7.702438e-03
12            	-2.311008e-03	8.917976e-01	4.209466e-04	-2.100535e-03	2.521482e-03
13            	-2.387948e-03	9.033777e-01	-1.327245e-02	-9.024174e-03	-4.248278e-03
14            	-2.392569e-03	9.038500e-01	-2.132849e-02	-1.305681e-02	-8.271676e-03
15            	-2.385767e-03	8.992339e-01	-2.362615e-02	-1.419884e-02	-9.427309e-03
16            	-2.410958e-03	8.961044e-01	-2.219861e-02	-1.351026e-02	-8.688345e-03
17            	-2.477384e-03	8.970272e-01	-1.838814e-02	-1.167145e-02	-6.716687e-03
18            	-2.571295e-03	9.012013e-01	-1.302257e-02	-9.082582e-03	-3.939991e-03
19            	-2.677527e-03	9.075210e-01	-7.330385e-03	-6.342720e-03	-9.876652e-04
20            	-2.780739e-03	9.146724e-01	-2.359652e-03	-3.960565e-03	1.600913e-03
21            	-2.869275e-03	9.213774e-01	1.447401e-03	-2.145575e-03	3.592976e-03
22            	-2.933564e-03	9.266104e-01	4.212610e-03	-8.272591e-04	5.039869e-03
23            	-2.976341e-03	9.304706e-01	6.454183e-03	2.507507e-04	6.203432e-03
24            	-3.001123e-03	9.331750e-01	8.844168e-03	1.420961e-03	7.423207e-03
25            	-3.013025e-03	9.352358e-01	1.164358e-02	2.808767e-03	8.834816e-03
26            	-3.016504e-03	9.368930e-01	1.459870e-02	4.282846e-03	1.031585e-02
27            	-3.017227e-03	9.389115e-01	1.754084e-02	5.753192e-03	1.178764e-02
28            	-3.016400e-03	9.413501e-01	2.008920e-02	7.028199e-03	1.306100e-02
29            	-3.014456e-03	9.440657e-01	2.190408e-02	7.937585e-03	1.396650e-02
30            	-3.010619e-03	9.466788e-01	2.284977e-02	8.414265e-03	1.443550e-02
31            	-3.004790e-03	9.489441e-01	2.295062e-02	8.470522e-03	1.448010e-02
32            	-2.998730e-03	9.509339e-01	2.235434e-02	8.178441e-03	1.417590e-02
33            	-2.992435e-03	9.523753e-01	2.124980e-02	7.632468e-03	1.361734e-02
34            	-2.987203e-03	9.532583e-01	1.986360e-02	6.944597e-03	1.291900e-02
35            	-2.984213e-03	9.536972e-01	1.840970e-02	6.220637e-03	1.218906e-02
36            	-2.984265e-03	9.538802e-01	1.708383e-02	5.557652e-03	1.152618e-02
37            	-2.986849e-03	9.539385e-01	1.603224e-02	5.029270e-03	1.100297e-02
38            	-2.990402e-03	9.538398e-01	1.530109e-02	4.660142e-03	1.064095e-02
39            	-2.993242e-03	9.535039e-01	1.487372e-02	4.443620e-03	1.043010e-02
40            	-2.996134e-03	9.530227e-01	1.472505e-02	4.366393e-03	1.035866e-02
41            	-3.001158e-03	9.526294e-01	1.485848e-02	4.428081e-03	1.043040e-02
42            	-3.009092e-03	9.524682e-01	1.532536e-02	4.653587e-03	1.067177e-02
43            	-3.020157e-03	9.525743e-01	1.615818e-02	5.058935e-03	1.109925e-02
44            	-3.033092e-03	9.528526e-01	1.725309e-02	5.593452e-03	1.165964e-02
45            	-3.045810e-03	9.530727e-01	1.845032e-02	6.179350e-03	1.227097e-02
46            	-3.057446e-03	9.531804e-01	1.956018e-02	6.722645e-03	1.283754e-02
47            	-3.068453e-03	9.532973e-01	2.047036e-02	7.166726e-03	1.330363e-02
48            	-3.079895e-03	9.536541e-01	2.113009e-02	7.485149e-03	1.364494e-02
49            	-3.093325e-03	9.545509e-01	2.155805e-02	7.685699e-03	1.387235e-02
50            	-3.110071e-03	9.562827e-01	2.178331e-02	7.781584e-03	1.400172e-02
51            	-3.131965e-03	9.591582e-01	2.187324e-02	7.804655e-03	1.406858e-02
52            	-3.160331e-03	9.633903e-01	2.205400e-02	7.866670e-03	1.418733e-02
53            	-3.191239e-03	9.683631e-01	2.237547e-02	7.996499e-03	1.437898e-02
54            	-3.219151e-03	9.730366e-01	2.288984e-02	8.225768e-03	1.466407e-02
55            	-3.240315e-03	9.767081e-01	2.365946e-02	8.589413e-03	1.507004e-02
56            	-3.253642e-03	9.789171e-01	2.468371e-02	9.088213e-03	1.559550e-02
57            	-3.260238e-03	9.794878e-01	2.594400e-02	9.711763e-03	1.623224e-02
58            	-3.262997e-03	9.786052e-01	2.737911e-02	1.042656e-02	1.695255e-02
59            	-3.264860e-03	9.765848e-01	2.896206e-02	1.121617e-02	1.774589e-02
60            	-3.267125e-03	9.736580e-01	3.058716e-02	1.202646e-02	1.856071e-02
61            	-3.270635e-03	9.702815e-01	3.203241e-02	1.274557e-02	1.928684e-02
62            	-3.275906e-03	9.669581e-01	3.310224e-02	1.327521e-02	1.982703e-02
63            	-3.286640e-03	9.647225e-01	3.354625e-02	1.348648e-02	2.005976e-02
64            	-3.299878e-03	9.636340e-01	3.347285e-02	1.343655e-02	2.003630e-02
65            	-3.312715e-03	9.634221e-01	3.315460e-02	1.326458e-02	1.989001e-02
66            	-3.325708e-03	9.641580e-01	3.295866e-02	1.315362e-02	1.980504e-02
67            	-3.342599e-03	9.662101e-01	3.370006e-02	1.350743e-02	2.019263e-02
68            	-3.360265e-03	9.690912e-01	3.694592e-02	1.511270e-02	2.183323e-02
69            	-3.368188e-03	9.711140e-01	4.348360e-02	1.837361e-02	2.510999e-02
70            	-3.359762e-03	9.708002e-01	5.229891e-02	2.278969e-02	2.950922e-02
71            	-3.338835e-03	9.683052e-01	6.115018e-02	2.723625e-02	3.391392e-02
72            	-3.314461e-03	9.647507e-01	6.775883e-02	3.056496e-02	3.719388e-02
73            	-3.295128e-03	9.613487e-01	7.082222e-02	3.211598e-02	3.870624e-02
74            	-3.280132e-03	9.581297e-01	7.046279e-02	3.195126e-02	3.851153e-02
75            	-3.267900e-03	9.550599e-01	6.741231e-02	3.043825e-02	3.697406e-02
76            	-3.257336e-03	9.520748e-01	6.282938e-02	2.815736e-02	3.467203e-02
77            	-3.247895e-03	9.492113e-01	5.766200e-02	2.558310e-02	3.207889e-02
78            	-3.240284e-03	9.467677e-01	5.258506e-02	2.305225e-02	2.953281e-02
79            	-3.234508e-03	9.450147e-01	4.807170e-02	2.080134e-02	2.727036e-02
80            	-3.229758e-03	9.440783e-01	4.436832e-02	1.895440e-02	2.541392e-02
81            	-3.226758e-03	9.442952e-01	4.167573e-02	1.761111e-02	2.406462e-02
82            	-3.227390e-03	9.461296e-01	4.012898e-02	1.683710e-02	2.329188e-02
83            	-3.235860e-03	9.501150e-01	3.967124e-02	1.659976e-02	2.307148e-02
84            	-3.253281e-03	9.560591e-01	4.006338e-02	1.677841e-02	2.328497e-02
85            	-3.275438e-03	9.630831e-01	4.101033e-02	1.722973e-02	2.378060e-02
86            	-3.296221e-03	9.700124e-01	4.215610e-02	1.778183e-02	2.437427e-02
87            	-3.311381e-03	9.759342e-01	4.316458e-02	1.827091e-02	2.489367e-02
88            	-3.321043e-03	9.805510e-01	4.380606e-02	1.858199e-02	2.522407e-02
89            	-3.324642e-03	9.836128e-01	4.406621e-02	1.870846e-02	2.535775e-02
90            	-3.319573e-03	9.847524e-01	4.409443e-02	1.872764e-02	2.536679e-02
91            	-3.302508e-03	9.833216e-01	4.439564e-02	1.889531e-02	2.550033e-02
92            	-3.277013e-03	9.797490e-01	4.562325e-02	1.953461e-02	2.608864e-02
93            	-3.250516e-03	9.753488e-01	4.809394e-02	2.079645e-02	2.729749e-02
94            	-3.226290e-03	9.704851e-01	5.201265e-02	2.278004e-02	2.923262e-02
95            	-3.206977e-03	9.655669e-01	5.678252e-02	2.518428e-02	3.159824e-02
96            	-3.193922e-03	9.609913e-01	6.145163e-02	2.753189e-02	3.391974e-02
97            	-3.186316e-03	9.568729e-01	6.497028e-02	2.929883e-02	3.567146e-02
98            	-3.180751e-03	9.533231e-01	6.642576e-02	3.003213e-02	3.639363e-02
99            	-3.173757e-03	9.501248e-01	6.570352e-02	2.967800e-02	3.602552e-02
100           	-3.164371e-03	9.473231e-01	6.294277e-02	2.830702e-02	3.463576e-02
101           	-3.151360e-03	9.450637e-01	5.821063e-02	2.595396e-02	3.225668e-02
102           	-3.134949e-03	9.433797e-01	5.156697e-02	2.264853e-02	2.891843e-02
103           	-3.115708e-03	9.420856e-01	4.338025e-02	1.857442e-02	2.480583e-02
104           	-3.097182e-03	9.413436e-01	3.442857e-02	1.411711e-02	2.031147e-02
105           	-3.085116e-03	9.416768e-01	2.589505e-02	9.862411e-03	1.603264e-02
106           	-3.081429e-03	9.429979e-01	1.924346e-02	6.540304e-03	1.270316e-02
107           	-3.085483e-03	9.450384e-01	1.536035e-02	4.594694e-03	1.076566e-02
108           	-3.095032e-03	9.473630e-01	1.468214e-02	4.246038e-03	1.043610e-02
109           	-3.108621e-03	9.497394e-01	1.730128e-02	5.542020e-03	1.175926e-02
110           	-3.125897e-03	9.521040e-01	2.284993e-02	8.299066e-03	1.455086e-02
111           	-3.143813e-03	9.541353e-01	3.022917e-02	1.197077e-02	1.825840e-02
112           	-3.160521e-03	9.557783e-01	3.822231e-02	1.595063e-02	2.227167e-02
113           	-3.176226e-03	9.570113e-01	4.594464e-02	1.979610e-02	2.614855e-02
114           	-3.197092e-03	9.584148e-01	5.287157e-02	2.323869e-02	2.963288e-02
115           	-3.227779e-03	9.604780e-01	5.842565e-02	2.598505e-02	3.244060e-02
116           	-3.265281e-03	9.629018e-01	6.206132e-02	2.776538e-02	3.429594e-02
117           	-3.293926e-03	9.641757e-01	6.315338e-02	2.828276e-02	3.487062e-02
118           	-3.308596e-03	9.640813e-01	6.192102e-02	2.765191e-02	3.426911e-02
119           	-3.314596e-03	9.634363e-01	5.920176e-02	2.628629e-02	3.291548e-02
120           	-3.316797e-03	9.628164e-01	5.581819e-02	2.459230e-02	3.122589e-02
121           	-3.318715e-03	9.626975e-01	5.252694e-02	2.294476e-02	2.958219e-02
122           	-3.323533e-03	9.634927e-01	4.997557e-02	2.166425e-02	2.831132e-02
123           	-3.331604e-03	9.650920e-01	4.837594e-02	2.085636e-02	2.751957e-02
124           	-3.340985e-03	9.670583e-01	4.745967e-02	2.038885e-02	2.707082e-02
125           	-3.348736e-03	9.688463e-01	4.684453e-02	2.007353e-02	2.677100e-02
126           	-3.355963e-03	9.706130e-01	4.618605e-02	1.973706e-02	2.644899e-02
127           	-3.365081e-03	9.728136e-01	4.535755e-02	1.931369e-02	2.604386e-02
128           	-3.377469e-03	9.757825e-01	4.429442e-02	1.876974e-02	2.552468e-02
129           	-3.394441e-03	9.798428e-01	4.285334e-02	1.803223e-02	2.482111e-02
130           	-3.412170e-03	9.842467e-01	4.089223e-02	1.703394e-02	2.385828e-02
131           	-3.428281e-03	9.883242e-01	3.837572e-02	1.575958e-02	2.261614e-02
132           	-3.441960e-03	9.916886e-01	3.550664e-02	1.431136e-02	2.119528e-02
133           	-3.452217e-03	9.940544e-01	3.266580e-02	1.288069e-02	1.978512e-02
134           	-3.455958e-03	9.948354e-01	3.042747e-02	1.175778e-02	1.866969e-02
135           	-3.451160e-03	9.938108e-01	2.929303e-02	1.119535e-02	1.809767e-02
136           	-3.436252e-03	9.907151e-01	2.962615e-02	1.137683e-02	1.824933e-02
137           	-3.412278e-03	9.856406e-01	3.158827e-02	1.238186e-02	1.920641e-02
138           	-3.384247e-03	9.794545e-01	3.472288e-02	1.397719e-02	2.074569e-02
139           	-3.356731e-03	9.731935e-01	3.821781e-02	1.575218e-02	2.246564e-02
140           	-3.335549e-03	9.683694e-01	4.107247e-02	1.720068e-02	2.387178e-02
141           	-3.322915e-03	9.657573e-01	4.248834e-02	1.792125e-02	2.456708e-02
142           	-3.317575e-03	9.653881e-01	4.211956e-02	1.774220e-02	2.437735e-02
143           	-3.317662e-03	9.669101e-01	4.014580e-02	1.675524e-02	2.339056e-02
144           	-3.320168e-03	9.696382e-01	3.736470e-02	1.536218e-02	2.200252e-02
145           	-3.326648e-03	9.735640e-01	3.490279e-02	1.412475e-02	2.077805e-02
146           	-3.335101e-03	9.783557e-01	3.441522e-02	1.387251e-02	2.054271e-02
147           	-3.335183e-03	9.822671e-01	3.730451e-02	1.531707e-02	2.198744e-02
148           	-3.323040e-03	9.843815e-01	4.335428e-02	1.835410e-02	2.500018e-02
149           	-3.301109e-03	9.846849e-01	5.088636e-02	2.214207e-02	2.874429e-02
150           	-3.273302e-03	9.834754e-01	5.796876e-02	2.571108e-02	3.225768e-02
151           	-3.239278e-03	9.803773e-01	6.326607e-02	2.839376e-02	3.487231e-02
152           	-3.196659e-03	9.749856e-01	6.636965e-02	2.998817e-02	3.638148e-02
153           	-3.149210e-03	9.678776e-01	6.774291e-02	3.072224e-02	3.702066e-02
154           	-3.105784e-03	9.603597e-01	6.813996e-02	3.096420e-02	3.717577e-02
155           	-3.073517e-03	9.536768e-01	6.808185e-02	3.096741e-02	3.711444e-02
156           	-3.054538e-03	9.485317e-01	6.768166e-02	3.078629e-02	3.689537e-02
157           	-3.046474e-03	9.450149e-01	6.686225e-02	3.038465e-02	3.647760e-02
158           	-3.044630e-03	9.429044e-01	6.560013e-02	2.975544e-02	3.584469e-02
159           	-3.044790e-03	9.415177e-01	6.377391e-02	2.884216e-02	3.493174e-02
160           	-3.045407e-03	9.404245e-01	6.120634e-02	2.755777e-02	3.364858e-02
161           	-3.047716e-03	9.399017e-01	5.768470e-02	2.579463e-02	3.189007e-02
162           	-3.054099e-03	9.405434e-01	5.354708e-02	2.371944e-02	2.982764e-02
163           	-3.071571e-03	9.435425e-01	4.980341e-02	2.183014e-02	2.797328e-02
164           	-3.100081e-03	9.489459e-01	4.736101e-02	2.058042e-02	2.678058e-02
165           	-3.128427e-03	9.547583e-01	4.598621e-02	1.986468e-02	2.612153e-02
166           	-3.150629e-03	9.597786e-01	4.519679e-02	1.944777e-02	2.574903e-02
167           	-3.160843e-03	9.628865e-01	4.469481e-02	1.918656e-02	2.550825e-02
168           	-3.160687e-03	9.644873e-01	4.428410e-02	1.898136e-02	2.530274e-02
169           	-3.151242e-03	9.648784e-01	4.370498e-02	1.870125e-02	2.500373e-02
170           	-3.135081e-03	9.645463e-01	4.242555e-02	1.807769e-02	2.434786e-02
171           	-3.112902e-03	9.634535e-01	3.997505e-02	1.687462e-02	2.310043e-02
172           	-3.088582e-03	9.619385e-01	3.603003e-02	1.492644e-02	2.110360e-02
173           	-3.070224e-03	9.609412e-01	3.041863e-02	1.213909e-02	1.827954e-02
174           	-3.069711e-03	9.616715e-01	2.419024e-02	9.025410e-03	1.516483e-02
175           	-3.089333e-03	9.643745e-01	1.838724e-02	6.104289e-03	1.228296e-02
176           	-3.122373e-03	9.681576e-01	1.387452e-02	3.814884e-03	1.005963e-02
177           	-3.159415e-03	9.718524e-01	1.093657e-02	2.308871e-03	8.627700e-03
178           	-3.194910e-03	9.747436e-01	9.777781e-03	1.693981e-03	8.083800e-03
179           	-3.227188e-03	9.767100e-01	1.027471e-02	1.910165e-03	8.364540e-03
180           	-3.257777e-03	9.780156e-01	1.212384e-02	2.804145e-03	9.319699e-03
181           	-3.287979e-03	9.789472e-01	1.498108e-02	4.202562e-03	1.077852e-02
182           	-3.319442e-03	9.799056e-01	1.842358e-02	5.892350e-03	1.253123e-02
183           	-3.348686e-03	9.810151e-01	2.186022e-02	7.581421e-03	1.427879e-02
184           	-3.372980e-03	9.821298e-01	2.493509e-02	9.094564e-03	1.584052e-02
185           	-3.389812e-03	9.829683e-01	2.756057e-02	1.039047e-02	1.717009e-02
186           	-3.398196e-03	9.832278e-01	2.978601e-02	1.149481e-02	1.829120e-02
187           	-3.397119e-03	9.825750e-01	3.176923e-02	1.248750e-02	1.928173e-02
188           	-3.387171e-03	9.810044e-01	3.373523e-02	1.348045e-02	2.025479e-02
189           	-3.369382e-03	9.785126e-01	3.593491e-02	1.459807e-02	2.133684e-02
190           	-3.345414e-03	9.752087e-01	3.863231e-02	1.597074e-02	2.266157e-02
191           	-3.316500e-03	9.711123e-01	4.202518e-02	1.769609e-02	2.432909e-02
192           	-3.282949e-03	9.660770e-01	4.618197e-02	1.980803e-02	2.637393e-02
193           	-3.248443e-03	9.607209e-01	5.066309e-02	2.208310e-02	2.857999e-02
194           	-3.219353e-03	9.563124e-01	5.452732e-02	2.404430e-02	3.048301e-02
195           	-3.200097e-03	9.538732e-01	5.691929e-02	2.525955e-02	3.165974e-02
196           	-3.192016e-03	9.537805e-01	5.737999e-02	2.549798e-02	3.188201e-02
197           	-3.194562e-03	9.560839e-01	5.591993e-02	2.476540e-02	3.115452e-02
198           	-3.201960e-03	9.597600e-01	5.298102e-02	2.328855e-02	2.969247e-02
199           	-3.208719e-03	9.638755e-01	4.914001e-02	2.136128e-02	2.777872e-02
200           	-3.212570e-03	9.680908e-01	4.483534e-02	1.920510e-02	2.563024e-02
201           	-3.214545e-03	9.725192e-01	4.057410e-02	1.707250e-02	2.350159e-02
202           	-3.215465e-03	9.770825e-01	3.691443e-02	1.524175e-02	2.167268e-02
203           	-3.213720e-03	9.812100e-01	3.421112e-02	1.389184e-02	2.031928e-02
204           	-3.205679e-03	9.839531e-01	3.250681e-02	1.304773e-02	1.945908e-02
205           	-3.187966e-03	9.844603e-01	3.141447e-02	1.251927e-02	1.889520e-02
206           	-3.164451e-03	9.831289e-01	3.072627e-02	1.219868e-02	1.852759e-02
207           	-3.140254e-03	9.806926e-01	3.024890e-02	1.198419e-02	1.826470e-02
208           	-3.118848e-03	9.777254e-01	2.979361e-02	1.177796e-02	1.801565e-02
209           	-3.101914e-03	9.747327e-01	2.913742e-02	1.146680e-02	1.767063e-02
210           	-3.088568e-03	9.717952e-01	2.806079e-02	1.094183e-02	1.711896e-02
211           	-3.077398e-03	9.688665e-01	2.645532e-02	1.015026e-02	1.630506e-02
212           	-3.066662e-03	9.658297e-01	2.448304e-02	9.174856e-03	1.530818e-02
213           	-3.055566e-03	9.626753e-01	2.246382e-02	8.176346e-03	1.428748e-02
214           	-3.043112e-03	9.592132e-01	2.086718e-02	7.390477e-03	1.347670e-02
215           	-3.026961e-03	9.550498e-01	2.017394e-02	7.060010e-03	1.311393e-02
216           	-3.006529e-03	9.502194e-01	2.058756e-02	7.287249e-03	1.330031e-02
217           	-2.986880e-03	9.457677e-01	2.186830e-02	7.947271e-03	1.392103e-02
218           	-2.975438e-03	9.430850e-01	2.343779e-02	8.743456e-03	1.469433e-02
219           	-2.973946e-03	9.422285e-01	2.472163e-02	9.386870e-03	1.533476e-02
220           	-2.982032e-03	9.430841e-01	2.541868e-02	9.727306e-03	1.569137e-02
221           	-2.997283e-03	9.452270e-01	2.550135e-02	9.753391e-03	1.574796e-02
222           	-3.016595e-03	9.482244e-01	2.502184e-02	9.494325e-03	1.552751e-02
223           	-3.039756e-03	9.520595e-01	2.422593e-02	9.073209e-03	1.515272e-02
224           	-3.067143e-03	9.569007e-01	2.338705e-02	8.626382e-03	1.476067e-02
225           	-3.095183e-03	9.623942e-01	2.282926e-02	8.319448e-03	1.450981e-02
226           	-3.116777e-03	9.673775e-01	2.299404e-02	8.380244e-03	1.461380e-02
227           	-3.128413e-03	9.708577e-01	2.431889e-02	9.031034e-03	1.528786e-02
228           	-3.131206e-03	9.721880e-01	2.700824e-02	1.037291e-02	1.663533e-02
229           	-3.131746e-03	9.718831e-01	3.093340e-02	1.233495e-02	1.859844e-02
230           	-3.134398e-03	9.704029e-01	3.552732e-02	1.462926e-02	2.089806e-02
231           	-3.143976e-03	9.689570e-01	4.006060e-02	1.688632e-02	2.317427e-02
232           	-3.158797e-03	9.679535e-01	4.389860e-02	1.879050e-02	2.510810e-02
233           	-3.180899e-03	9.678601e-01	4.678080e-02	2.020950e-02	2.657130e-02
234           	-3.205146e-03	9.684173e-01	4.860578e-02	2.109774e-02	2.750803e-02
235           	-3.231545e-03	9.696679e-01	4.929071e-02	2.141381e-02	2.787690e-02
236           	-3.254503e-03	9.711578e-01	4.894242e-02	2.121671e-02	2.772571e-02
237           	-3.272098e-03	9.726021e-01	4.768306e-02	2.056943e-02	2.711363e-02
238           	-3.283049e-03	9.738251e-01	4.565167e-02	1.954279e-02	2.610889e-02
239           	-3.287509e-03	9.747987e-01	4.312676e-02	1.827587e-02	2.485089e-02
240           	-3.288726e-03	9.759225e-01	4.047044e-02	1.694649e-02	2.352395e-02
241           	-3.289462e-03	9.773013e-01	3.819420e-02	1.580764e-02	2.238656e-02
242           	-3.290925e-03	9.789108e-01	3.660618e-02	1.501216e-02	2.159401e-02
243           	-3.292641e-03	9.805846e-01	3.583691e-02	1.462582e-02	2.121110e-02
244           	-3.293429e-03	9.821067e-01	3.585319e-02	1.463316e-02	2.122002e-02
245           	-3.292820e-03	9.834092e-01	3.648375e-02	1.494905e-02	2.153470e-02
246           	-3.289814e-03	9.842641e-01	3.749341e-02	1.545689e-02	2.203652e-02
247           	-3.284163e-03	9.845534e-01	3.861520e-02	1.602344e-02	2.259176e-02
248           	-3.275738e-03	9.843106e-01	3.974835e-02	1.659844e-02	2.314991e-02
249           	-3.264409e-03	9.835658e-01	4.082494e-02	1.714806e-02	2.367688e-02
250           	-3.250127e-03	9.823254e-01	4.181876e-02	1.765925e-02	2.415951e-02
251           	-3.233206e-03	9.805980e-01	4.265609e-02	1.809484e-02	2.456125e-02
252           	-3.213713e-03	9.784197e-01	4.329179e-02	1.843218e-02	2.485961e-02
253           	-3.191240e-03	9.758838e-01	4.360696e-02	1.861224e-02	2.499472e-02
254           	-3.165864e-03	9.730632e-01	4.364000e-02	1.865414e-02	2.498587e-02
255           	-3.138782e-03	9.701300e-01	4.338581e-02	1.855412e-02	2.483168e-02
256           	-3.111876e-03	9.673335e-01	4.281562e-02	1.829593e-02	2.451968e-02
257           	-3.086884e-03	9.648979e-01	4.194331e-02	1.788477e-02	2.405854e-02
258           	-3.064050e-03	9.627927e-01	4.081488e-02	1.734339e-02	2.347149e-02
259           	-3.045109e-03	9.612672e-01	3.955683e-02	1.673331e-02	2.282352e-02
260           	-3.029449e-03	9.603034e-01	3.821486e-02	1.607798e-02	2.213688e-02
261           	-3.018307e-03	9.601411e-01	3.681187e-02	1.538763e-02	2.142424e-02
262           	-3.012785e-03	9.609956e-01	3.530142e-02	1.463793e-02	2.066350e-02
263           	-3.011359e-03	9.625490e-01	3.362835e-02	1.380281e-02	1.982553e-02
264           	-3.009716e-03	9.640411e-01	3.171713e-02	1.284885e-02	1.886828e-02
265           	-3.005376e-03	9.649779e-01	2.956756e-02	1.177840e-02	1.778916e-02
266           	-2.998484e-03	9.652467e-01	2.727460e-02	1.063882e-02	1.663578e-02
267           	-2.991312e-03	9.650860e-01	2.500614e-02	9.511756e-03	1.549438e-02
268           	-2.986642e-03	9.648968e-01	2.292093e-02	8.473824e-03	1.444711e-02
269           	-2.985529e-03	9.649444e-01	2.121828e-02	7.623613e-03	1.359467e-02
270           	-2.988238e-03	9.653256e-01	1.984065e-02	6.932088e-03	1.290856e-02
271           	-2.994776e-03	9.661069e-01	1.873316e-02	6.371802e-03	1.236135e-02
272           	-3.005697e-03	9.674443e-01	1.782708e-02	5.907841e-03	1.191924e-02
273           	-3.020526e-03	9.692995e-01	1.708288e-02	5.520916e-03	1.156197e-02
274           	-3.035785e-03	9.711483e-01	1.647647e-02	5.202451e-03	1.127402e-02
275           	-3.049807e-03	9.725264e-01	1.590202e-02	4.901205e-03	1.100082e-02
276           	-3.060328e-03	9.731408e-01	1.525980e-02	4.569570e-03	1.069023e-02
277           	-3.067614e-03	9.730515e-01	1.455263e-02	4.208702e-03	1.034393e-02
278           	-3.072232e-03	9.723514e-01	1.393034e-02	3.892938e-03	1.003740e-02
279           	-3.075402e-03	9.712176e-01	1.360587e-02	3.727532e-03	9.878336e-03
280           	-3.078938e-03	9.699142e-01	1.374019e-02	3.791157e-03	9.949032e-03
281           	-3.084085e-03	9.686870e-01	1.442762e-02	4.129727e-03	1.029790e-02
282           	-3.091532e-03	9.676926e-01	1.566510e-02	4.741015e-03	1.092408e-02
283           	-3.100988e-03	9.670422e-01	1.733272e-02	5.565372e-03	1.176735e-02
284           	-3.112511e-03	9.666528e-01	1.939093e-02	6.582954e-03	1.280798e-02
285           	-3.126443e-03	9.665761e-01	2.177684e-02	7.761975e-03	1.401486e-02
286           	-3.142552e-03	9.668938e-01	2.425925e-02	8.987074e-03	1.527218e-02
287           	-3.159591e-03	9.676795e-01	2.643305e-02	1.005693e-02	1.637612e-02
288           	-3.175789e-03	9.688415e-01	2.793065e-02	1.078954e-02	1.714111e-02
289           	-3.189728e-03	9.701824e-01	2.868005e-02	1.115030e-02	1.752975e-02
290           	-3.200451e-03	9.715284e-01	2.882318e-02	1.121114e-02	1.761204e-02
291           	-3.207637e-03	9.727748e-01	2.860429e-02	1.109451e-02	1.750978e-02
292           	-3.211526e-03	9.738874e-01	2.828129e-02	1.092912e-02	1.735217e-02
293           	-3.212629e-03	9.748687e-01	2.806101e-02	1.081788e-02	1.724313e-02
294           	-3.211441e-03	9.757237e-01	2.806301e-02	1.082007e-02	1.724295e-02
295           	-3.208989e-03	9.764254e-01	2.831681e-02	1.094942e-02	1.736739e-02
296           	-3.204945e-03	9.769938e-01	2.883245e-02	1.121128e-02	1.762117e-02
297           	-3.199103e-03	9.774013e-01	2.964674e-02	1.162427e-02	1.802247e-02
298           	-3.190794e-03	9.776006e-01	3.083946e-02	1.222894e-02	1.861053e-02
299           	-3.180759e-03	9.774361e-01	3.233970e-02	1.298909e-02	1.935061e-02
300           	-3.169717e-03	9.768672e-01	3.399553e-02	1.382805e-02	2.016748e-02
301           	-3.157875e-03	9.759417e-01	3.566108e-02	1.467266e-02	2.098841e-02
302           	-3.145206e-03	9.747824e-01	3.723986e-02	1.547472e-02	2.176513e-02
303           	-3.131675e-03	9.734839e-01	3.866881e-02	1.620273e-02	2.246608e-02
304           	-3.117338e-03	9.721167e-01	3.991815e-02	1.684174e-02	2.307641e-02
305           	-3.102447e-03	9.707426e-01	4.095899e-02	1.737705e-02	2.358194e-02
306           	-3.087346e-03	9.694131e-01	4.175928e-02	1.779230e-02	2.396699e-02
307           	-3.072411e-03	9.681691e-01	4.229174e-02	1.807346e-02	2.421828e-02
308           	-3.057940e-03	9.670304e-01	4.252494e-02	1.820453e-02	2.432041e-02
309           	-3.044130e-03	9.660015e-01	4.242932e-02	1.817053e-02	2.425879e-02
310           	-3.031026e-03	9.650643e-01	4.196606e-02	1.795200e-02	2.401405e-02
311           	-3.018722e-03	9.642261e-01	4.108478e-02	1.752367e-02	2.356111e-02
312           	-3.007212e-03	9.634927e-01	3.973034e-02	1.685796e-02	2.287238e-02
313           	-2.996515e-03	9.628738e-01	3.788039e-02	1.594368e-02	2.193671e-02
314           	-2.986657e-03	9.623822e-01	3.559247e-02	1.480958e-02	2.078289e-02
315           	-2.977693e-03	9.620038e-01	3.293058e-02	1.348760e-02	1.944298e-02
316           	-2.969617e-03	9.617235e-01	3.000822e-02	1.203449e-02	1.797372e-02
317           	-2.962473e-03	9.615227e-01	2.696615e-02	1.052060e-02	1.644555e-02
318           	-2.956406e-03	9.613973e-01	2.394157e-02	9.014378e-03	1.492719e-02
319           	-2.951520e-03	9.613427e-01	2.105536e-02	7.576159e-03	1.347920e-02
320           	-2.947930e-03	9.613697e-01	1.839323e-02	6.248686e-03	1.214455e-02
321           	-2.945623e-03	9.614730e-01	1.601774e-02	5.063248e-03	1.095449e-02
322           	-2.944561e-03	9.616536e-01	1.397581e-02	4.043345e-03	9.932467e-03
323           	-2.944666e-03	9.619036e-01	1.229759e-02	3.204128e-03	9.093460e-03
324           	-2.945784e-03	9.621976e-01	1.100721e-02	2.557819e-03	8.449387e-03
325           	-2.947767e-03	9.625098e-01	1.010076e-02	2.102613e-03	7.998148e-03
326           	-2.950454e-03	9.628100e-01	9.548936e-03	1.824014e-03	7.724921e-03
327           	-2.953800e-03	9.630911e-01	9.298645e-03	1.695523e-03	7.603122e-03
328           	-2.957818e-03	9.633471e-01	9.283295e-03	1.683830e-03	7.599465e-03
329           	-2.963033e-03	9.636016e-01	9.443822e-03	1.758878e-03	7.684943e-03
330           	-2.969372e-03	9.638716e-01	9.732873e-03	1.897065e-03	7.835809e-03
331           	-2.976631e-03	9.641387e-01	1.012101e-02	2.083875e-03	8.037137e-03
332           	-2.984734e-03	9.643958e-01	1.058589e-02	2.308211e-03	8.277678e-03
333           	-2.993658e-03	9.646515e-01	1.112042e-02	2.566552e-03	8.553869e-03
334           	-3.003355e-03	9.649193e-01	1.172030e-02	2.856797e-03	8.863507e-03
335           	-3.013737e-03	9.652150e-01	1.237246e-02	3.172492e-03	9.199965e-03
336           	-3.024626e-03	9.655442e-01	1.306398e-02	3.507364e-03	9.556615e-03
337           	-3.035921e-03	9.659450e-01	1.378447e-02	3.856314e-03	9.928156e-03
338           	-3.047431e-03	9.664271e-01	1.452756e-02	4.216348e-03	1.031121e-02
339           	-3.058861e-03	9.669913e-01	1.528773e-02	4.585004e-03	1.070273e-02
340           	-3.069800e-03	9.676137e-01	1.607047e-02	4.965435e-03	1.110504e-02
341           	-3.079857e-03	9.682639e-01	1.687980e-02	5.360045e-03	1.151976e-02
342           	-3.088652e-03	9.689087e-01	1.772639e-02	5.774545e-03	1.195185e-02
343           	-3.095878e-03	9.695119e-01	1.861850e-02	6.213373e-03	1.240513e-02
344           	-3.101373e-03	9.700408e-01	1.956313e-02	6.680192e-03	1.288294e-02
345           	-3.105041e-03	9.704708e-01	2.056863e-02	7.179275e-03	1.338936e-02
346           	-3.106832e-03	9.707696e-01	2.163933e-02	7.712832e-03	1.392650e-02
347           	-3.106787e-03	9.709159e-01	2.276883e-02	8.277627e-03	1.449120e-02
348           	-3.104989e-03	9.708978e-01	2.395201e-02	8.871017e-03	1.508100e-02
349           	-3.101512e-03	9.707069e-01	2.517470e-02	9.485838e-03	1.568886e-02
350           	-3.096445e-03	9.703494e-01	2.641001e-02	1.010856e-02	1.630145e-02
351           	-3.089893e-03	9.698415e-01	2.762234e-02	1.072128e-02	1.690106e-02
352           	-3.082007e-03	9.692033e-01	2.876568e-02	1.130083e-02	1.746485e-02
353           	-3.072948e-03	9.684626e-01	2.978454e-02	1.181932e-02	1.796522e-02
354           	-3.062890e-03	9.676433e-01	3.062253e-02	1.224837e-02	1.837415e-02
355           	-3.052039e-03	9.667697e-01	3.123303e-02	1.256448e-02	1.866856e-02
356           	-3.040554e-03	9.658630e-01	3.157348e-02	1.274619e-02	1.882729e-02
357           	-3.028635e-03	9.649444e-01	3.161179e-02	1.277726e-02	1.883453e-02
358           	-3.016460e-03	9.640318e-01	3.132722e-02	1.264715e-02	1.868007e-02
359           	-3.004218e-03	9.631487e-01	3.070951e-02	1.235054e-02	1.835897e-02
360           	-2.992078e-03	9.623093e-01	2.976410e-02	1.188997e-02	1.787413e-02
361           	-2.980226e-03	9.615259e-01	2.851903e-02	1.127929e-02	1.723974e-02
362           	-2.968826e-03	9.608088e-01	2.701235e-02	1.053735e-02	1.647500e-02
363           	-2.958039e-03	9.601653e-01	2.529526e-02	9.689592e-03	1.560567e-02
364           	-2.948074e-03	9.596071e-01	2.342612e-02	8.764985e-03	1.466113e-02
365           	-2.939066e-03	9.591408e-01	2.146386e-02	7.792866e-03	1.367100e-02
366           	-2.931111e-03	9.587647e-01	1.947103e-02	6.804403e-03	1.266662e-02
367           	-2.924325e-03	9.584981e-01	1.750228e-02	5.826816e-03	1.167547e-02
368           	-2.918761e-03	9.583424e-01	1.560312e-02	4.882797e-03	1.072032e-02
369           	-2.914413e-03	9.582921e-01	1.382049e-02	3.995832e-03	9.824658e-03
370           	-2.911216e-03	9.583412e-01	1.218469e-02	3.181127e-03	9.003559e-03
371           	-2.909071e-03	9.584754e-01	1.072249e-02	2.452177e-03	8.270318e-03
372           	-2.907905e-03	9.586792e-01	9.447015e-03	1.815602e-03	7.631413e-03
373           	-2.907557e-03	9.589346e-01	8.365996e-03	1.275441e-03	7.090556e-03
374           	-2.907904e-03	9.592200e-01	7.478080e-03	8.311354e-04	6.646944e-03
375           	-2.908870e-03	9.595166e-01	6.774652e-03	4.784558e-04	6.296197e-03
376           	-2.909940e-03	9.598011e-01	6.251579e-03	2.158497e-04	6.035729e-03
377           	-2.911321e-03	9.600501e-01	5.899606e-03	3.848129e-05	5.861124e-03
378           	-2.913367e-03	9.602896e-01	5.696793e-03	-6.497066e-05	5.761763e-03
379           	-2.916738e-03	9.605454e-01	5.625617e-03	-1.039289e-04	5.729546e-03
380           	-2.921427e-03	9.608324e-01	5.664496e-03	-8.917884e-05	5.753675e-03
381           	-2.927154e-03	9.611186e-01	5.813401e-03	-2.045340e-05	5.833855e-03
382           	-2.933732e-03	9.613808e-01	6.072208e-03	1.023720e-04	5.969836e-03
383           	-2.941082e-03	9.616079e-01	6.435949e-03	2.768927e-04	6.159056e-03
384           	-2.949154e-03	9.617998e-01	6.897939e-03	4.998153e-04	6.398124e-03
385           	-2.957941e-03	9.619720e-01	7.445478e-03	7.647978e-04	6.680680e-03
386           	-2.967403e-03	9.621588e-01	8.061385e-03	1.063289e-03	6.998096e-03
387           	-2.977449e-03	9.623891e-01	8.720915e-03	1.383009e-03	7.337906e-03
388           	-2.987929e-03	9.626867e-01	9.405584e-03	1.714864e-03	7.690721e-03
389           	-2.998691e-03	9.630711e-01	1.010161e-02	2.052112e-03	8.049494e-03
390           	-3.009513e-03	9.635479e-01	1.080082e-02	2.390897e-03	8.409923e-03
391           	-3.020092e-03	9.640997e-01	1.148936e-02	2.724589e-03	8.764774e-03
392           	-3.030180e-03	9.647077e-01	1.218643e-02	3.063037e-03	9.123397e-03
393           	-3.039394e-03	9.653496e-01	1.293088e-02	3.426044e-03	9.504832e-03
394           	-3.047403e-03	9.659749e-01	1.373161e-02	3.818401e-03	9.913206e-03
395           	-3.054061e-03	9.665521e-01	1.459868e-02	4.245278e-03	1.035340e-02
396           	-3.059325e-03	9.670623e-01	1.554469e-02	4.713018e-03	1.083167e-02
397           	-3.063190e-03	9.674902e-01	1.657754e-02	5.225579e-03	1.135196e-02
398           	-3.065686e-03	9.678307e-01	1.769691e-02	5.782768e-03	1.191414e-02
399           	-3.066879e-03	9.680785e-01	1.888950e-02	6.377869e-03	1.251163e-02
400           	-3.066784e-03	9.682269e-01	2.013690e-02	7.001666e-03	1.313523e-02
401           	-3.065380e-03	9.682682e-01	2.141412e-02	7.641678e-03	1.377244e-02
402           	-3.062637e-03	9.681954e-01	2.268983e-02	8.282279e-03	1.440755e-02
403           	-3.058568e-03	9.680058e-01	2.392735e-02	8.905109e-03	1.502224e-02
404           	-3.053209e-03	9.677027e-01	2.508198e-02	9.487779e-03	1.559420e-02
405           	-3.046632e-03	9.672939e-01	2.610931e-02	1.000802e-02	1.610129e-02
406           	-3.038990e-03	9.667914e-01	2.696754e-02	1.044478e-02	1.652276e-02
407           	-3.030454e-03	9.662128e-01	2.761809e-02	1.077859e-02	1.683950e-02
408           	-3.021238e-03	9.655779e-01	2.802975e-02	1.099364e-02	1.703611e-02
409           	-3.011545e-03	9.649095e-01	2.818010e-02	1.107850e-02	1.710159e-02
410           	-3.001571e-03	9.642295e-01	2.805432e-02	1.102559e-02	1.702873e-02
411           	-2.991505e-03	9.635598e-01	2.765181e-02	1.083440e-02	1.681741e-02
412           	-2.981497e-03	9.629183e-01	2.698045e-02	1.050873e-02	1.647172e-02
413           	-2.971680e-03	9.623194e-01	2.605571e-02	1.005618e-02	1.599954e-02
414           	-2.962166e-03	9.617733e-01	2.490459e-02	9.490129e-03	1.541446e-02
415           	-2.953066e-03	9.612932e-01	2.355766e-02	8.825765e-03	1.473190e-02
416           	-2.944501e-03	9.608869e-01	2.205012e-02	8.080559e-03	1.396956e-02
417           	-2.936564e-03	9.605549e-01	2.042663e-02	7.276753e-03	1.314988e-02
418           	-2.929314e-03	9.602987e-01	1.873330e-02	6.437338e-03	1.229597e-02
419           	-2.922813e-03	9.601199e-01	1.701150e-02	5.582938e-03	1.142856e-02
420           	-2.917134e-03	9.600185e-01	1.530407e-02	4.734900e-03	1.056917e-02
421           	-2.912317e-03	9.599976e-01	1.364846e-02	3.911912e-03	9.736546e-03
422           	-2.908340e-03	9.600441e-01	1.207671e-02	3.130017e-03	8.946696e-03
423           	-2.905155e-03	9.601437e-01	1.061365e-02	2.401672e-03	8.211981e-03
424           	-2.902698e-03	9.602803e-01	9.276228e-03	1.735416e-03	7.540812e-03
425           	-2.900879e-03	9.604327e-01	8.080797e-03	1.139520e-03	6.941277e-03
426           	-2.899666e-03	9.605964e-01	7.030390e-03	6.155293e-04	6.414860e-03
427           	-2.899032e-03	9.607587e-01	6.131613e-03	1.667749e-04	5.964838e-03
428           	-2.898951e-03	9.609083e-01	5.387264e-03	-2.053185e-04	5.592583e-03
429           	-2.899413e-03	9.610380e-01	4.795420e-03	-5.017029e-04	5.297123e-03
430           	-2.900479e-03	9.611509e-01	4.351299e-03	-7.248299e-04	5.076129e-03
431           	-2.902212e-03	9.612485e-01	4.052988e-03	-8.757184e-04	4.928706e-03
432           	-2.904697e-03	9.613334e-01	3.897722e-03	-9.558361e-04	4.853558e-03
433           	-2.908007e-03	9.614121e-01	3.876534e-03	-9.697397e-04	4.846274e-03
434           	-2.912184e-03	9.614892e-01	3.981045e-03	-9.216608e-04	4.902706e-03
435           	-2.917267e-03	9.615707e-01	4.200074e-03	-8.172302e-04	5.017304e-03
436           	-2.923242e-03	9.616634e-01	4.525067e-03	-6.607087e-04	5.185775e-03
437           	-2.930093e-03	9.617818e-01	4.940733e-03	-4.597266e-04	5.400459e-03
438           	-2.937700e-03	9.619395e-01	5.432845e-03	-2.212777e-04	5.654122e-03
439           	-2.945928e-03	9.621471e-01	5.985440e-03	4.679241e-05	5.938648e-03
440           	-2.954633e-03	9.624151e-01	6.584268e-03	3.375009e-04	6.246767e-03
441           	-2.963633e-03	9.627493e-01	7.220826e-03	6.467795e-04	6.574046e-03
442           	-2.972756e-03	9.631491e-01	7.890157e-03	9.723230e-04	6.917834e-03
443           	-2.981715e-03	9.635920e-01	8.582425e-03	1.309497e-03	7.272928e-03
444           	-2.990382e-03	9.640717e-01	9.305242e-03	1.662239e-03	7.643003e-03
445           	-2.998524e-03	9.645684e-01	1.007512e-02	2.039038e-03	8.036086e-03
446           	-3.005935e-03	9.650616e-01	1.091533e-02	2.451732e-03	8.463602e-03
447           	-3.012452e-03	9.655205e-01	1.182158e-02	2.898339e-03	8.923244e-03
448           	-3.018012e-03	9.659278e-01	1.279302e-02	3.378497e-03	9.414520e-03
449           	-3.022605e-03	9.662747e-01	1.383145e-02	3.893119e-03	9.938330e-03
450           	-3.026247e-03	9.665605e-01	1.493080e-02	4.439152e-03	1.049165e-02
451           	-3.028939e-03	9.667838e-01	1.607806e-02	5.010090e-03	1.106797e-02
452           	-3.030709e-03	9.669452e-01	1.725463e-02	5.596608e-03	1.165803e-02
453           	-3.031535e-03	9.670451e-01	1.843283e-02	6.184882e-03	1.224795e-02
454           	-3.031394e-03	9.670824e-01	1.958427e-02	6.760739e-03	1.282353e-02
455           	-3.030282e-03	9.670536e-01	2.067779e-02	7.308614e-03	1.336918e-02
456           	-3.028163e-03	9.669556e-01	2.168360e-02	7.813638e-03	1.386996e-02
457           	-3.025066e-03	9.667862e-01	2.257074e-02	8.260302e-03	1.431043e-02
458           	-3.021060e-03	9.665448e-01	2.331096e-02	8.634423e-03	1.467654e-02
459           	-3.016198e-03	9.662351e-01	2.388295e-02	8.925277e-03	1.495767e-02
460           	-3.010616e-03	9.658682e-01	2.427003e-02	9.124398e-03	1.514563e-02
461           	-3.004426e-03	9.654568e-01	2.446056e-02	9.225853e-03	1.523471e-02
462           	-2.997775e-03	9.650166e-01	2.444624e-02	9.225343e-03	1.522089e-02
463           	-2.990825e-03	9.645629e-01	2.423024e-02	9.124295e-03	1.510594e-02
464           	-2.983706e-03	9.641121e-01	2.382217e-02	8.927376e-03	1.489479e-02
465           	-2.976541e-03	9.636798e-01	2.323599e-02	8.641453e-03	1.459453e-02
466           	-2.969422e-03	9.632753e-01	2.249237e-02	8.276764e-03	1.421561e-02
467           	-2.962423e-03	9.629057e-01	2.161094e-02	7.843049e-03	1.376790e-02
468           	-2.955628e-03	9.625809e-01	2.061186e-02	7.350301e-03	1.326156e-02
469           	-2.949116e-03	9.623068e-01	1.951514e-02	6.808454e-03	1.270669e-02
470           	-2.942923e-03	9.620813e-01	1.834187e-02	6.228011e-03	1.211386e-02
471           	-2.937103e-03	9.619048e-01	1.711486e-02	5.620329e-03	1.149454e-02
472           	-2.931715e-03	9.617758e-01	1.586058e-02	4.998576e-03	1.086201e-02
473           	-2.926807e-03	9.616916e-01	1.460044e-02	4.373414e-03	1.022703e-02
474           	-2.922416e-03	9.616470e-01	1.336050e-02	3.757834e-03	9.602666e-03
475           	-2.918579e-03	9.616390e-01	1.215734e-02	3.160091e-03	8.997249e-03
476           	-2.915296e-03	9.616525e-01	1.100556e-02	2.587483e-03	8.418076e-03
477           	-2.912592e-03	9.616853e-01	9.914133e-03	2.044474e-03	7.869659e-03
478           	-2.910456e-03	9.617315e-01	8.890474e-03	1.534781e-03	7.355692e-03
479           	-2.908879e-03	9.617848e-01	7.941795e-03	1.062019e-03	6.879777e-03
480           	-2.907709e-03	9.618279e-01	7.091001e-03	6.377914e-04	6.453210e-03
481           	-2.906946e-03	9.618599e-01	6.344024e-03	2.650658e-04	6.078958e-03
482           	-2.906697e-03	9.618843e-01	5.699119e-03	-5.713801e-05	5.756257e-03
483           	-2.907197e-03	9.619178e-01	5.141542e-03	-3.364258e-04	5.477968e-03
484           	-2.908496e-03	9.619701e-01	4.675371e-03	-5.708098e-04	5.246181e-03
485           	-2.910464e-03	9.620329e-01	4.312868e-03	-7.540303e-04	5.066899e-03
486           	-2.912982e-03	9.621025e-01	4.065233e-03	-8.803658e-04	4.945599e-03
487           	-2.916002e-03	9.621793e-01	3.937345e-03	-9.473289e-04	4.884674e-03
488           	-2.919495e-03	9.622662e-01	3.926912e-03	-9.560388e-04	4.882950e-03
489           	-2.923452e-03	9.623678e-01	4.026749e-03	-9.100776e-04	4.936827e-03
490           	-2.927826e-03	9.624872e-01	4.227605e-03	-8.140233e-04	5.041629e-03
491           	-2.932578e-03	9.626333e-01	4.517347e-03	-6.739049e-04	5.191252e-03
492           	-2.937639e-03	9.628110e-01	4.883724e-03	-4.957773e-04	5.379502e-03
493           	-2.942929e-03	9.630236e-01	5.317810e-03	-2.840245e-04	5.601834e-03
494           	-2.948348e-03	9.632701e-01	5.812447e-03	-4.212489e-05	5.854572e-03
495           	-2.953786e-03	9.635463e-01	6.362296e-03	2.273622e-04	6.134934e-03
496           	-2.959113e-03	9.638457e-01	6.964546e-03	5.231596e-04	6.441386e-03
497           	-2.964229e-03	9.641571e-01	7.617616e-03	8.445791e-04	6.773037e-03
498           	-2.969023e-03	9.644685e-01	8.321195e-03	1.191574e-03	7.129621e-03
499           	-2.973416e-03	9.647697e-01	9.075625e-03	1.564396e-03	7.511229e-03
500           	-2.977342e-03	9.650479e-01	9.880613e-03	1.962965e-03	7.917648e-03
501           	-2.980743e-03	9.652941e-01	1.073157e-02	2.385043e-03	8.346529e-03
502           	-2.983598e-03	9.655024e-01	1.162106e-02	2.826934e-03	8.794131e-03
503           	-2.985893e-03	9.656676e-01	1.253756e-02	3.282885e-03	9.254672e-03
504           	-2.987627e-03	9.657886e-01	1.346701e-02	3.745876e-03	9.721130e-03
505           	-2.988830e-03	9.658654e-01	1.438986e-02	4.206099e-03	1.018376e-02
506           	-2.989514e-03	9.658989e-01	1.528791e-02	4.654443e-03	1.063347e-02
507           	-2.989666e-03	9.658887e-01	1.613863e-02	5.079650e-03	1.105898e-02
508           	-2.989272e-03	9.658355e-01	1.692261e-02	5.472033e-03	1.145058e-02
509           	-2.988345e-03	9.657398e-01	1.762098e-02	5.822147e-03	1.179884e-02
510           	-2.986911e-03	9.656020e-01	1.821663e-02	6.121404e-03	1.209523e-02
511           	-2.984994e-03	9.654242e-01	1.869364e-02	6.361824e-03	1.233181e-02
512           	-2.982623e-03	9.652100e-01	1.904143e-02	6.538093e-03	1.250334e-02
513           	-2.979855e-03	9.649653e-01	1.925514e-02	6.647715e-03	1.260742e-02
514           	-2.976752e-03	9.646983e-01	1.933081e-02	6.688651e-03	1.264215e-02
515           	-2.973396e-03	9.644173e-01	1.927027e-02	6.661739e-03	1.260853e-02
516           	-2.969864e-03	9.641320e-01	1.908115e-02	6.570710e-03	1.251044e-02
517           	-2.966222e-03	9.638499e-01	1.877450e-02	6.421028e-03	1.235347e-02
518           	-2.962523e-03	9.635783e-01	1.836307e-02	6.219010e-03	1.214406e-02
519           	-2.958819e-03	9.633227e-01	1.786005e-02	5.971206e-03	1.188884e-02
520           	-2.955156e-03	9.630860e-01	1.728103e-02	5.685358e-03	1.159567e-02
521           	-2.951567e-03	9.628718e-01	1.664144e-02	5.369153e-03	1.127229e-02
522           	-2.948101e-03	9.626847e-01	1.595335e-02	5.028572e-03	1.092477e-02
523           	-2.944781e-03	9.625218e-01	1.523245e-02	4.671445e-03	1.056101e-02
524           	-2.941637e-03	9.623822e-01	1.449325e-02	4.304987e-03	1.018826e-02
525           	-2.938701e-03	9.622646e-01	1.374998e-02	3.936287e-03	9.813689e-03
526           	-2.935991e-03	9.621668e-01	1.301581e-02	3.571915e-03	9.443898e-03
527           	-2.933532e-03	9.620858e-01	1.230098e-02	3.216959e-03	9.084023e-03
528           	-2.931341e-03	9.620169e-01	1.161229e-02	2.874806e-03	8.737488e-03
529           	-2.929439e-03	9.619569e-01	1.095293e-02	2.547027e-03	8.405905e-03
530           	-2.927830e-03	9.619036e-01	1.032399e-02	2.234166e-03	8.089825e-03
531           	-2.926524e-03	9.618570e-01	9.726674e-03	1.936813e-03	7.789861e-03
532           	-2.925449e-03	9.618117e-01	9.173437e-03	1.661270e-03	7.512167e-03
533           	-2.924596e-03	9.617697e-01	8.664343e-03	1.407575e-03	7.256768e-03
534           	-2.924016e-03	9.617351e-01	8.194369e-03	1.173168e-03	7.021200e-03
535           	-2.923740e-03	9.617133e-01	7.761342e-03	9.569315e-04	6.804411e-03
536           	-2.923833e-03	9.617116e-01	7.358729e-03	7.555318e-04	6.603197e-03
537           	-2.924294e-03	9.617332e-01	6.994298e-03	5.728547e-04	6.421443e-03
538           	-2.925020e-03	9.617737e-01	6.678682e-03	4.143208e-04	6.264361e-03
539           	-2.925916e-03	9.618299e-01	6.420440e-03	2.843036e-04	6.136136e-03
540           	-2.926922e-03	9.618994e-01	6.225499e-03	1.858269e-04	6.039672e-03
541           	-2.928004e-03	9.619810e-01	6.096098e-03	1.200453e-04	5.976052e-03
542           	-2.929148e-03	9.620744e-01	6.031985e-03	8.684475e-05	5.945141e-03
543           	-2.930339e-03	9.621788e-01	6.031637e-03	8.547915e-05	5.946158e-03
544           	-2.931558e-03	9.622931e-01	6.093072e-03	1.149781e-04	5.978094e-03
545           	-2.932775e-03	9.624147e-01	6.214431e-03	1.744401e-04	6.039991e-03
546           	-2.933972e-03	9.625426e-01	6.392871e-03	2.624633e-04	6.130407e-03
547           	-2.935129e-03	9.626743e-01	6.625375e-03	3.775580e-04	6.247817e-03
548           	-2.936218e-03	9.628066e-01	6.907850e-03	5.177069e-04	6.390143e-03
549           	-2.937217e-03	9.629355e-01	7.235445e-03	6.805051e-04	6.554940e-03
550           	-2.938089e-03	9.630560e-01	7.602111e-03	8.629664e-04	6.739144e-03
551           	-2.938812e-03	9.631640e-01	8.000346e-03	1.061361e-03	6.938985e-03
552           	-2.939371e-03	9.632558e-01	8.421268e-03	1.271263e-03	7.150005e-03
553           	-2.939766e-03	9.633307e-01	8.855283e-03	1.487876e-03	7.367407e-03
554           	-2.939976e-03	9.633849e-01	9.293052e-03	1.706550e-03	7.586502e-03
555           	-2.939998e-03	9.634179e-01	9.724495e-03	1.922249e-03	7.802246e-03
556           	-2.939832e-03	9.634298e-01	1.014035e-02	2.130343e-03	8.010007e-03
557           	-2.939481e-03	9.634210e-01	1.053246e-02	2.326747e-03	8.205709e-03
558           	-2.938939e-03	9.633917e-01	1.089302e-02	2.507573e-03	8.385451e-03
559           	-2.938211e-03	9.633428e-01	1.121530e-02	2.669438e-03	8.545860e-03
560           	-2.937307e-03	9.632750e-01	1.149372e-02	2.809555e-03	8.684168e-03
561           	-2.936238e-03	9.631899e-01	1.172320e-02	2.925363e-03	8.797839e-03
562           	-2.935016e-03	9.630894e-01	1.189979e-02	3.014879e-03	8.884912e-03
563           	-2.933659e-03	9.629757e-01	1.202112e-02	3.076900e-03	8.944218e-03
564           	-2.932184e-03	9.628519e-01	1.208592e-02	3.110774e-03	8.975142e-03
565           	-2.930611e-03	9.627207e-01	1.209454e-02	3.116660e-03	8.977882e-03
566           	-2.928960e-03	9.625849e-01	1.204860e-02	3.095340e-03	8.953260e-03
567           	-2.927250e-03	9.624477e-01	1.195050e-02	3.048002e-03	8.902503e-03
568           	-2.925500e-03	9.623121e-01	1.180391e-02	2.976456e-03	8.827457e-03
569           	-2.923727e-03	9.621802e-01	1.161317e-02	2.882857e-03	8.730312e-03
570           	-2.921945e-03	9.620543e-01	1.138381e-02	2.769961e-03	8.613852e-03
571           	-2.920171e-03	9.619363e-01	1.112095e-02	2.640302e-03	8.480643e-03
572           	-2.918419e-03	9.618285e-01	1.082973e-02	2.496445e-03	8.333282e-03
573           	-2.916699e-03	9.617315e-01	1.051624e-02	2.341419e-03	8.174817e-03
574           	-2.915018e-03	9.616443e-01	1.018726e-02	2.178614e-03	8.008650e-03
575           	-2.913384e-03	9.615664e-01	9.848536e-03	2.010883e-03	7.837652e-03
576           	-2.911805e-03	9.614975e-01	9.505267e-03	1.840829e-03	7.664439e-03
577           	-2.910284e-03	9.614368e-01	9.162548e-03	1.670990e-03	7.491558e-03
578           	-2.908824e-03	9.613833e-01	8.824492e-03	1.503422e-03	7.321070e-03
579           	-2.907426e-03	9.613358e-01	8.494013e-03	1.339580e-03	7.154433e-03
580           	-2.906089e-03	9.612934e-01	8.172915e-03	1.180369e-03	6.992546e-03
581           	-2.904810e-03	9.612558e-01	7.862546e-03	1.026463e-03	6.836083e-03
582           	-2.903589e-03	9.612227e-01	7.563121e-03	8.779717e-04	6.685149e-03
583           	-2.902419e-03	9.611942e-01	7.274777e-03	7.349699e-04	6.539807e-03
584           	-2.901292e-03	9.611698e-01	6.997906e-03	5.976614e-04	6.400245e-03
585           	-2.900205e-03	9.611463e-01	6.738863e-03	4.692265e-04	6.269637e-03
586           	-2.899132e-03	9.611260e-01	6.496230e-03	3.489828e-04	6.147247e-03
587           	-2.898079e-03	9.611108e-01	6.267372e-03	2.356074e-04	6.031765e-03
588           	-2.897052e-03	9.611011e-01	6.050733e-03	1.283145e-04	5.922418e-03
589           	-2.896037e-03	9.611013e-01	5.840954e-03	2.443959e-05	5.816514e-03
590           	-2.895067e-03	9.611036e-01	5.646584e-03	-7.177508e-05	5.718359e-03
591           	-2.894073e-03	9.611125e-01	5.464046e-03	-1.620500e-04	5.626096e-03
592           	-2.893066e-03	9.611250e-01	5.296379e-03	-2.448765e-04	5.541256e-03
593           	-2.892035e-03	9.611386e-01	5.145807e-03	-3.191309e-04	5.464938e-03
594           	-2.890965e-03	9.611517e-01	5.013137e-03	-3.843965e-04	5.397534e-03
595           	-2.889849e-03	9.611633e-01	4.897948e-03	-4.408753e-04	5.338823e-03
596           	-2.888686e-03	9.611727e-01	4.799149e-03	-4.891114e-04	5.288261e-03
597           	-2.887477e-03	9.611793e-01	4.715106e-03	-5.299240e-04	5.245030e-03
598           	-2.886226e-03	9.611826e-01	4.643942e-03	-5.642556e-04	5.208197e-03
599           	-2.884939e-03	9.611822e-01	4.583624e-03	-5.931266e-04	5.176751e-03
600           	-2.883621e-03	9.611780e-01	4.531809e-03	-6.177162e-04	5.149526e-03
601           	-2.882278e-03	9.611697e-01	4.486195e-03	-6.391801e-04	5.125375e-03
602           	-2.880915e-03	9.611575e-01	4.444158e-03	-6.588356e-04	5.102994e-03
603           	-2.879535e-03	9.611415e-01	4.403117e-03	-6.779769e-04	5.081093e-03
604           	-2.878143e-03	9.611219e-01	4.360482e-03	-6.979026e-04	5.058384e-03
605           	-2.876742e-03	9.610991e-01	4.313915e-03	-7.197841e-04	5.033699e-03
606           	-2.875333e-03	9.610730e-01	4.261367e-03	-7.446497e-04	5.006017e-03
607           	-2.873921e-03	9.610441e-01	4.201128e-03	-7.733572e-04	4.974485e-03
608           	-2.872507e-03	9.610123e-01	4.132015e-03	-8.065002e-04	4.938515e-03
609           	-2.871094e-03	9.609778e-01	4.053207e-03	-8.444900e-04	4.897697e-03
610           	-2.869678e-03	9.609403e-01	3.963581e-03	-8.878875e-04	4.851468e-03
611           	-2.868268e-03	9.609004e-01	3.863261e-03	-9.366375e-04	4.799898e-03
612           	-2.866868e-03	9.608585e-01	3.752427e-03	-9.906541e-04	4.743081e-03
613           	-2.865479e-03	9.608150e-01	3.631429e-03	-1.049764e-03	4.681193e-03
614           	-2.864104e-03	9.607701e-01	3.500628e-03	-1.113790e-03	4.614418e-03
615           	-2.862743e-03	9.607245e-01	3.360558e-03	-1.182464e-03	4.543022e-03
616           	-2.861398e-03	9.606784e-01	3.211750e-03	-1.255523e-03	4.467273e-03
617           	-2.860069e-03	9.606324e-01	3.054776e-03	-1.332681e-03	4.387457e-03
618           	-2.858755e-03	9.605868e-01	2.890267e-03	-1.413622e-03	4.303889e-03
619           	-2.857456e-03	9.605418e-01	2.718938e-03	-1.497987e-03	4.216925e-03
620           	-2.856170e-03	9.604976e-01	2.541373e-03	-1.585483e-03	4.126857e-03
621           	-2.854896e-03	9.604544e-01	2.358228e-03	-1.675782e-03	4.034009e-03
622           	-2.853633e-03	9.604122e-01	2.170147e-03	-1.768559e-03	3.938706e-03
623           	-2.852380e-03	9.603712e-01	1.977880e-03	-1.863440e-03	3.841320e-03
624           	-2.851137e-03	9.603313e-01	1.782174e-03	-1.960050e-03	3.742224e-03
625           	-2.849901e-03	9.602924e-01	1.583728e-03	-2.058037e-03	3.641765e-03
626           	-2.848671e-03	9.602548e-01	1.383236e-03	-2.157053e-03	3.540289e-03
627           	-2.847445e-03	9.602182e-01	1.181287e-03	-2.256802e-03	3.438089e-03
628           	-2.846221e-03	9.601828e-01	9.784392e-04	-2.357002e-03	3.335441e-03
629           	-2.844997e-03	9.601483e-01	7.751107e-04	-2.457442e-03	3.232553e-03
630           	-2.843772e-03	9.601149e-01	5.717394e-04	-2.557902e-03	3.129642e-03
631           	-2.842543e-03	9.600823e-01	3.686671e-04	-2.658209e-03	3.026876e-03
632           	-2.841310e-03	9.600508e-01	1.661829e-04	-2.758218e-03	2.924401e-03
633           	-2.840079e-03	9.600207e-01	-3.512317e-05	-2.857640e-03	2.822517e-03
634           	-2.838835e-03	9.599910e-01	-2.347866e-04	-2.956229e-03	2.721442e-03
635           	-2.837593e-03	9.599626e-01	-4.326545e-04	-3.053920e-03	2.621266e-03
636           	-2.836347e-03	9.599352e-01	-6.282951e-04	-3.150495e-03	2.522200e-03
637           	-2.835097e-03	9.599086e-01	-8.215469e-04	-3.245870e-03	2.424324e-03
638           	-2.833842e-03	9.598828e-01	-1.012445e-03	-3.340064e-03	2.327619e-03
639           	-2.832582e-03	9.598575e-01	-1.201183e-03	-3.433173e-03	2.231990e-03
640           	-2.831317e-03	9.598326e-01	-1.387725e-03	-3.525179e-03	2.137455e-03
641           	-2.830049e-03	9.598083e-01	-1.572408e-03	-3.616253e-03	2.043845e-03
642           	-2.828778e-03	9.597841e-01	-1.755052e-03	-3.706304e-03	1.951252e-03
643           	-2.827497e-03	9.597597e-01	-1.936754e-03	-3.795874e-03	1.859120e-03
644           	-2.826225e-03	9.597362e-01	-2.116849e-03	-3.884649e-03	1.767801e-03
645           	-2.824950e-03	9.597124e-01	-2.295715e-03	-3.972807e-03	1.677092e-03
646           	-2.823679e-03	9.596888e-01	-2.473359e-03	-4.060359e-03	1.587000e-03
647           	-2.822418e-03	9.596653e-01	-2.649677e-03	-4.147256e-03	1.497579e-03
648           	-2.821168e-03	9.596419e-01	-2.824307e-03	-4.233322e-03	1.409015e-03
649           	-2.819933e-03	9.596184e-01	-2.997161e-03	-4.318514e-03	1.321353e-03
650           	-2.818716e-03	9.595949e-01	-3.168174e-03	-4.402803e-03	1.234629e-03
651           	-2.817518e-03	9.595713e-01	-3.337379e-03	-4.486207e-03	1.148829e-03
652           	-2.816340e-03	9.595476e-01	-3.504803e-03	-4.568742e-03	1.063939e-03
653           	-2.815183e-03	9.595239e-01	-3.670578e-03	-4.650472e-03	9.798943e-04
654           	-2.814047e-03	9.595001e-01	-3.834820e-03	-4.731457e-03	8.966372e-04
655           	-2.812930e-03	9.594761e-01	-3.997676e-03	-4.811768e-03	8.140923e-04
656           	-2.811832e-03	9.594520e-01	-4.159358e-03	-4.891511e-03	7.321528e-04
657           	-2.810752e-03	9.594277e-01	-4.320077e-03	-4.970791e-03	6.507134e-04
658           	-2.809690e-03	9.594031e-01	-4.480094e-03	-5.049737e-03	5.696432e-04
659           	-2.808645e-03	9.593785e-01	-4.639595e-03	-5.128443e-03	4.888478e-04
660           	-2.807617e-03	9.593536e-01	-4.798809e-03	-5.207021e-03	4.082125e-04
661           	-2.806604e-03	9.593284e-01	-4.957862e-03	-5.285535e-03	3.276728e-04
662           	-2.805606e-03	9.593030e-01	-5.116814e-03	-5.364013e-03	2.471986e-04
663           	-2.804621e-03	9.592773e-01	-5.275621e-03	-5.442431e-03	1.668103e-04
664           	-2.803648e-03	9.592512e-01	-5.434302e-03	-5.520799e-03	8.649731e-05
665           	-2.802687e-03	9.592248e-01	-5.592823e-03	-5.599099e-03	6.275321e-06
666           	-2.801736e-03	9.591982e-01	-5.751189e-03	-5.677331e-03	-7.385820e-05
667           	-2.800795e-03	9.591712e-01	-5.909381e-03	-5.755486e-03	-1.538952e-04
668           	-2.799864e-03	9.591441e-01	-6.067303e-03	-5.833515e-03	-2.337878e-04
669           	-2.798940e-03	9.591168e-01	-6.224902e-03	-5.911391e-03	-3.135107e-04
670           	-2.798025e-03	9.590895e-01	-6.382173e-03	-5.989112e-03	-3.930616e-04
671           	-2.797116e-03	9.590621e-01	-6.539092e-03	-6.066662e-03	-4.724295e-04
672           	-2.796214e-03	9.590348e-01	-6.695664e-03	-6.144046e-03	-5.516177e-04
673           	-2.795318e-03	9.590075e-01	-6.851876e-03	-6.221256e-03	-6.306193e-04
674           	-2.794429e-03	9.589805e-01	-7.007741e-03	-6.298300e-03	-7.094410e-04
675           	-2.793547e-03	9.589536e-01	-7.163279e-03	-6.375187e-03	-7.880928e-04
676           	-2.792672e-03	9.589270e-01	-7.318535e-03	-6.451939e-03	-8.665958e-04
677           	-2.791804e-03	9.589007e-01	-7.473468e-03	-6.528539e-03	-9.449297e-04
678           	-2.790946e-03	9.588749e-01	-7.628080e-03	-6.604986e-03	-1.023094e-03
679           	-2.790096e-03	9.588495e-01	-7.782261e-03	-6.681227e-03	-1.101034e-03
680           	-2.789257e-03	9.588246e-01	-7.935947e-03	-6.757230e-03	-1.178717e-03
681           	-2.788427e-03	9.588003e-01	-8.089015e-03	-6.832935e-03	-1.256080e-03
682           	-2.787609e-03	9.587765e-01	-8.241381e-03	-6.908299e-03	-1.333081e-03
683           	-2.786801e-03	9.587532e-01	-8.392885e-03	-6.983244e-03	-1.409641e-03
684           	-2.786005e-03	9.587305e-01	-8.543458e-03	-7.057734e-03	-1.485723e-03
685           	-2.785222e-03	9.587084e-01	-8.692908e-03	-7.131676e-03	-1.561232e-03
686           	-2.784452e-03	9.586868e-01	-8.841206e-03	-7.205055e-03	-1.636151e-03
687           	-2.783695e-03	9.586657e-01	-8.988242e-03	-7.277816e-03	-1.710426e-03
688           	-2.782952e-03	9.586449e-01	-9.134007e-03	-7.349956e-03	-1.784051e-03
689           	-2.782223e-03	9.586244e-01	-9.278408e-03	-7.421427e-03	-1.856981e-03
690           	-2.781507e-03	9.586042e-01	-9.421485e-03	-7.492250e-03	-1.929235e-03
691           	-2.780805e-03	9.585840e-01	-9.563163e-03	-7.562386e-03	-2.000777e-03
692           	-2.780116e-03	9.585640e-01	-9.703429e-03	-7.631830e-03	-2.071598e-03
693           	-2.779441e-03	9.585439e-01	-9.842276e-03	-7.700578e-03	-2.141697e-03
694           	-2.778778e-03	9.585239e-01	-9.979769e-03	-7.768663e-03	-2.211106e-03
695           	-2.778128e-03	9.585038e-01	-1.011586e-02	-7.836059e-03	-2.279802e-03
696           	-2.777493e-03	9.584837e-01	-1.025067e-02	-7.902830e-03	-2.347844e-03
697           	-2.776870e-03	9.584635e-01	-1.038422e-02	-7.968981e-03	-2.415240e-03
698           	-2.776263e-03	9.584433e-01	-1.051662e-02	-8.034572e-03	-2.482047e-03
699           	-2.775669e-03	9.584230e-01	-1.064786e-02	-8.099599e-03	-2.548261e-03
700           	-2.775091e-03	9.584026e-01	-1.077805e-02	-8.164114e-03	-2.613933e-03
701           	-2.774527e-03	9.583822e-01	-1.090715e-02	-8.228101e-03	-2.679047e-03
702           	-2.773979e-03	9.583619e-01	-1.103518e-02	-8.291568e-03	-2.743609e-03
703           	-2.773447e-03	9.583415e-01	-1.116205e-02	-8.354470e-03	-2.807576e-03
704           	-2.772931e-03	9.583212e-01	-1.128782e-02	-8.416841e-03	-2.870978e-03
705           	-2.772431e-03	9.583010e-01	-1.141237e-02	-8.478618e-03	-2.933756e-03
706           	-2.771946e-03	9.582807e-01	-1.153573e-02	-8.539810e-03	-2.995919e-03
707           	-2.771475e-03	9.582603e-01	-1.165784e-02	-8.600394e-03	-3.057444e-03
708           	-2.771018e-03	9.582398e-01	-1.177870e-02	-8.660370e-03	-3.118334e-03
709           	-2.770576e-03	9.582192e-01	-1.189830e-02	-8.719726e-03	-3.178573e-03
710           	-2.770150e-03	9.581986e-01	-1.201663e-02	-8.778465e-03	-3.238166e-03
711           	-2.769738e-03	9.581780e-01	-1.213362e-02	-8.836547e-03	-3.297072e-03
712           	-2.769341e-03	9.581574e-01	-1.224927e-02	-8.893975e-03	-3.355293e-03
713           	-2.768959e-03	9.581369e-01	-1.236356e-02	-8.950737e-03	-3.412820e-03
714           	-2.768590e-03	9.581163e-01	-1.247650e-02	-9.006842e-03	-3.469662e-03
715           	-2.768236e-03	9.580956e-01	-1.258808e-02	-9.062278e-03	-3.525807e-03
716           	-2.767895e-03	9.580750e-01	-1.269830e-02	-9.117044e-03	-3.581253e-03
717           	-2.767569e-03	9.580543e-01	-1.280712e-02	-9.171127e-03	-3.635990e-03
718           	-2.767256e-03	9.580336e-01	-1.291452e-02	-9.224515e-03	-3.690002e-03
719           	-2.766957e-03	9.580127e-01	-1.302044e-02	-9.277178e-03	-3.743264e-03
720           	-2.766671e-03	9.579916e-01	-1.312492e-02	-9.329132e-03	-3.795790e-03
721           	-2.766398e-03	9.579704e-01	-1.322795e-02	-9.380372e-03	-3.847577e-03
722           	-2.766138e-03	9.579489e-01	-1.332950e-02	-9.430887e-03	-3.898612e-03
723           	-2.765891e-03	9.579273e-01	-1.342954e-02	-9.480662e-03	-3.948881e-03
724           	-2.765658e-03	9.579055e-01	-1.352800e-02	-9.529656e-03	-3.998341e-03
725           	-2.765438e-03	9.578835e-01	-1.362478e-02	-9.577826e-03	-4.046950e-03
726           	-2.765232e-03	9.578613e-01	-1.371982e-02	-9.625141e-03	-4.094677e-03
727           	-2.765041e-03	9.578389e-01	-1.381302e-02	-9.671552e-03	-4.141470e-03
728           	-2.764865e-03	9.578163e-01	-1.390431e-02	-9.717020e-03	-4.187290e-03
729           	-2.764705e-03	9.577934e-01	-1.399362e-02	-9.761515e-03	-4.232106e-03
730           	-2.764562e-03	9.577705e-01	-1.408090e-02	-9.805010e-03	-4.275887e-03
731           	-2.764436e-03	9.577475e-01	-1.416604e-02	-9.847455e-03	-4.318584e-03
732           	-2.764327e-03	9.577244e-01	-1.424897e-02	-9.888812e-03	-4.360157e-03
733           	-2.764235e-03	9.577011e-01	-1.432957e-02	-9.929018e-03	-4.400548e-03
734           	-2.764161e-03	9.576777e-01	-1.440770e-02	-9.968010e-03	-4.439689e-03
735           	-2.764103e-03	9.576541e-01	-1.448328e-02	-1.000574e-02	-4.477540e-03
736           	-2.764061e-03	9.576303e-01	-1.455630e-02	-1.004221e-02	-4.514090e-03
737           	-2.764036e-03	9.576060e-01	-1.462676e-02	-1.007741e-02	-4.549341e-03
738           	-2.764028e-03	9.575814e-01	-1.469460e-02	-1.011133e-02	-4.583269e-03
739           	-2.764035e-03	9.575562e-01	-1.475972e-02	-1.014389e-02	-4.615824e-03
740           	-2.764057e-03	9.575306e-01	-1.482214e-02	-1.017513e-02	-4.647011e-03
741           	-2.764094e-03	9.575044e-01	-1.488180e-02	-1.020499e-02	-4.676804e-03
742           	-2.764145e-03	9.574777e-01	-1.493869e-02	-1.023349e-02	-4.705200e-03
743           	-2.764210e-03	9.574503e-01	-1.499277e-02	-1.026059e-02	-4.732173e-03
744           	-2.764289e-03	9.574224e-01	-1.504396e-02	-1.028627e-02	-4.757693e-03
745           	-2.764381e-03	9.573938e-01	-1.509220e-02	-1.031048e-02	-4.781718e-03
746           	-2.764488e-03	9.573646e-01	-1.513732e-02	-1.033315e-02	-4.804171e-03
747           	-2.764611e-03	9.573346e-01	-1.517935e-02	-1.035429e-02	-4.825063e-03
748           	-2.764748e-03	9.573035e-01	-1.521811e-02	-1.037380e-02	-4.844306e-03
749           	-2.764899e-03	9.572717e-01	-1.525336e-02	-1.039158e-02	-4.861782e-03
750           	-2.765067e-03	9.572393e-01	-1.528504e-02	-1.040759e-02	-4.877454e-03
751           	-2.765252e-03	9.572063e-01	-1.531324e-02	-1.042187e-02	-4.891370e-03
752           	-2.765452e-03	9.571725e-01	-1.533788e-02	-1.043439e-02	-4.903490e-03
753           	-2.765667e-03	9.571379e-01	-1.535898e-02	-1.044516e-02	-4.913824e-03
754           	-2.765896e-03	9.571023e-01	-1.537659e-02	-1.045419e-02	-4.922401e-03
755           	-2.766138e-03	9.570658e-01	-1.539084e-02	-1.046156e-02	-4.929281e-03
756           	-2.766395e-03	9.570282e-01	-1.540188e-02	-1.046733e-02	-4.934543e-03
757           	-2.766667e-03	9.569899e-01	-1.540973e-02	-1.047153e-02	-4.938199e-03
758           	-2.766954e-03	9.569507e-01	-1.541426e-02	-1.047409e-02	-4.940177e-03
759           	-2.767257e-03	9.569104e-01	-1.541530e-02	-1.047490e-02	-4.940391e-03
760           	-2.767572e-03	9.568690e-01	-1.541252e-02	-1.047383e-02	-4.938689e-03
761           	-2.767900e-03	9.568263e-01	-1.540555e-02	-1.047067e-02	-4.934875e-03
762           	-2.768239e-03	9.567824e-01	-1.539400e-02	-1.046524e-02	-4.928763e-03
763           	-2.768591e-03	9.567372e-01	-1.537755e-02	-1.045737e-02	-4.920186e-03
764           	-2.768957e-03	9.566908e-01	-1.535585e-02	-1.044688e-02	-4.908969e-03
765           	-2.769337e-03	9.566433e-01	-1.532850e-02	-1.043358e-02	-4.894911e-03
766           	-2.769730e-03	9.565941e-01	-1.529515e-02	-1.041731e-02	-4.877847e-03
767           	-2.770135e-03	9.565435e-01	-1.525567e-02	-1.039797e-02	-4.857699e-03
768           	-2.770553e-03	9.564914e-01	-1.520985e-02	-1.037548e-02	-4.834374e-03
769           	-2.770982e-03	9.564378e-01	-1.515765e-02	-1.034981e-02	-4.807844e-03
770           	-2.771423e-03	9.563827e-01	-1.509912e-02	-1.032098e-02	-4.778134e-03
771           	-2.771876e-03	9.563259e-01	-1.503439e-02	-1.028907e-02	-4.745319e-03
772           	-2.772340e-03	9.562674e-01	-1.496375e-02	-1.025421e-02	-4.709534e-03
773           	-2.772813e-03	9.562073e-01	-1.488746e-02	-1.021654e-02	-4.670918e-03
774           	-2.773293e-03	9.561454e-01	-1.480592e-02	-1.017625e-02	-4.629667e-03
775           	-2.773779e-03	9.560812e-01	-1.471958e-02	-1.013357e-02	-4.586012e-03
776           	-2.774270e-03	9.560148e-01	-1.462880e-02	-1.008867e-02	-4.540129e-03
777           	-2.774764e-03	9.559461e-01	-1.453383e-02	-1.004168e-02	-4.492152e-03
778           	-2.775262e-03	9.558752e-01	-1.443491e-02	-9.992719e-03	-4.442196e-03
779           	-2.775721e-03	9.557984e-01	-1.433287e-02	-9.942155e-03	-4.390712e-03
780           	-2.776225e-03	9.557236e-01	-1.422911e-02	-9.890780e-03	-4.338331e-03
781           	-2.776697e-03	9.556445e-01	-1.412263e-02	-9.838010e-03	-4.284616e-03
782           	-2.777173e-03	9.555641e-01	-1.401472e-02	-9.784531e-03	-4.230186e-03
783           	-2.777656e-03	9.554830e-01	-1.390529e-02	-9.730301e-03	-4.174989e-03
784           	-2.778145e-03	9.554013e-01	-1.379368e-02	-9.674986e-03	-4.118696e-03
785           	-2.778638e-03	9.553184e-01	-1.367934e-02	-9.618309e-03	-4.061034e-03
786           	-2.779131e-03	9.552341e-01	-1.356174e-02	-9.560000e-03	-4.001738e-03
787           	-2.779623e-03	9.551481e-01	-1.344047e-02	-9.499857e-03	-3.940610e-03
788           	-2.780116e-03	9.550606e-01	-1.331553e-02	-9.437882e-03	-3.877649e-03
789           	-2.780608e-03	9.549717e-01	-1.318696e-02	-9.374090e-03	-3.812873e-03
790           	-2.781101e-03	9.548816e-01	-1.305514e-02	-9.308673e-03	-3.746470e-03
791           	-2.781595e-03	9.547904e-01	-1.292058e-02	-9.241884e-03	-3.678694e-03
792           	-2.782089e-03	9.546983e-01	-1.278388e-02	-9.174031e-03	-3.609854e-03
793           	-2.782582e-03	9.546052e-01	-1.264567e-02	-9.105418e-03	-3.540254e-03
794           	-2.783070e-03	9.545111e-01	-1.250652e-02	-9.036329e-03	-3.470190e-03
795           	-2.783552e-03	9.544166e-01	-1.236695e-02	-8.967029e-03	-3.399925e-03
796           	-2.784026e-03	9.543209e-01	-1.222715e-02	-8.897601e-03	-3.329549e-03
797           	-2.784491e-03	9.542242e-01	-1.208754e-02	-8.828262e-03	-3.259280e-03
798           	-2.784947e-03	9.541268e-01	-1.194842e-02	-8.759160e-03	-3.189265e-03
799           	-2.785394e-03	9.540292e-01	-1.180997e-02	-8.690380e-03	-3.119592e-03
800           	-2.785830e-03	9.539308e-01	-1.167224e-02	-8.621952e-03	-3.050292e-03
801           	-2.786257e-03	9.538328e-01	-1.153558e-02	-8.554045e-03	-2.981532e-03
802           	-2.786674e-03	9.537351e-01	-1.140030e-02	-8.486826e-03	-2.913477e-03
803           	-2.787082e-03	9.536376e-01	-1.126673e-02	-8.420448e-03	-2.846283e-03
804           	-2.787479e-03	9.535404e-01	-1.113520e-02	-8.355076e-03	-2.780119e-03
805           	-2.787863e-03	9.534438e-01	-1.100643e-02	-8.291079e-03	-2.715354e-03
806           	-2.788233e-03	9.533479e-01	-1.088105e-02	-8.228758e-03	-2.652292e-03
807           	-2.788599e-03	9.532611e-01	-1.076391e-02	-8.170556e-03	-2.593358e-03
808           	-2.788926e-03	9.531684e-01	-1.064790e-02	-8.112875e-03	-2.535024e-03
809           	-2.789249e-03	9.530816e-01	-1.053920e-02	-8.058847e-03	-2.480349e-03
810           	-2.789548e-03	9.529965e-01	-1.043565e-02	-8.007374e-03	-2.428278e-03
811           	-2.789822e-03	9.529112e-01	-1.033628e-02	-7.957965e-03	-2.378320e-03
812           	-2.790075e-03	9.528255e-01	-1.024074e-02	-7.910446e-03	-2.330296e-03
813           	-2.790311e-03	9.527404e-01	-1.014904e-02	-7.864831e-03	-2.284209e-03
814           	-2.790530e-03	9.526558e-01	-1.006101e-02	-7.821036e-03	-2.239977e-03
815           	-2.790731e-03	9.525724e-01	-9.976766e-03	-7.779114e-03	-2.197652e-03
816           	-2.790916e-03	9.524909e-01	-9.896396e-03	-7.739114e-03	-2.157282e-03
817           	-2.791084e-03	9.524114e-01	-9.820065e-03	-7.701117e-03	-2.118948e-03
818           	-2.791235e-03	9.523343e-01	-9.748064e-03	-7.665267e-03	-2.082797e-03
819           	-2.791368e-03	9.522596e-01	-9.680736e-03	-7.631736e-03	-2.049000e-03
820           	-2.791482e-03	9.521871e-01	-9.618448e-03	-7.600706e-03	-2.017743e-03
821           	-2.791576e-03	9.521175e-01	-9.561696e-03	-7.572424e-03	-1.989272e-03
822           	-2.791647e-03	9.520499e-01	-9.510771e-03	-7.547033e-03	-1.963739e-03
823           	-2.791694e-03	9.519843e-01	-9.466057e-03	-7.524722e-03	-1.941334e-03
824           	-2.791716e-03	9.519209e-01	-9.427841e-03	-7.505637e-03	-1.922205e-03
825           	-2.791712e-03	9.518597e-01	-9.396300e-03	-7.489862e-03	-1.906438e-03
826           	-2.791683e-03	9.518008e-01	-9.371459e-03	-7.477413e-03	-1.894046e-03
827           	-2.791628e-03	9.517442e-01	-9.353207e-03	-7.468232e-03	-1.884975e-03
828           	-2.791536e-03	9.516864e-01	-9.341049e-03	-7.462060e-03	-1.878988e-03
829           	-2.791435e-03	9.516337e-01	-9.335395e-03	-7.459132e-03	-1.876263e-03
830           	-2.791297e-03	9.515819e-01	-9.335715e-03	-7.459154e-03	-1.876561e-03
831           	-2.791135e-03	9.515325e-01	-9.341832e-03	-7.462051e-03	-1.879781e-03
832           	-2.790952e-03	9.514865e-01	-9.353353e-03	-7.467628e-03	-1.885725e-03
833           	-2.790746e-03	9.514439e-01	-9.369837e-03	-7.475664e-03	-1.894172e-03
834           	-2.790518e-03	9.514047e-01	-9.390894e-03	-7.485965e-03	-1.904929e-03
835           	-2.790268e-03	9.513689e-01	-9.416190e-03	-7.498363e-03	-1.917827e-03
836           	-2.789995e-03	9.513361e-01	-9.445388e-03	-7.512689e-03	-1.932699e-03
837           	-2.789700e-03	9.513061e-01	-9.478293e-03	-7.528847e-03	-1.949447e-03
838           	-2.789383e-03	9.512790e-01	-9.514806e-03	-7.546786e-03	-1.968020e-03
839           	-2.789044e-03	9.512546e-01	-9.554897e-03	-7.566493e-03	-1.988404e-03
840           	-2.788684e-03	9.512328e-01	-9.598499e-03	-7.587933e-03	-2.010566e-03
841           	-2.788300e-03	9.512136e-01	-9.645671e-03	-7.611135e-03	-2.034535e-03
842           	-2.787895e-03	9.511970e-01	-9.696479e-03	-7.636134e-03	-2.060345e-03
843           	-2.787468e-03	9.511832e-01	-9.751101e-03	-7.663019e-03	-2.088082e-03
844           	-2.787021e-03	9.511718e-01	-9.809251e-03	-7.691646e-03	-2.117605e-03
845           	-2.786551e-03	9.511626e-01	-9.870946e-03	-7.722024e-03	-2.148921e-03
846           	-2.786060e-03	9.511554e-01	-9.936140e-03	-7.754130e-03	-2.182010e-03
847           	-2.785547e-03	9.511503e-01	-1.000480e-02	-7.787949e-03	-2.216855e-03
848           	-2.785013e-03	9.511473e-01	-1.007691e-02	-7.823469e-03	-2.253444e-03
849           	-2.784458e-03	9.511461e-01	-1.015212e-02	-7.860518e-03	-2.291601e-03
850           	-2.783884e-03	9.511469e-01	-1.023020e-02	-7.898982e-03	-2.331215e-03
851           	-2.783290e-03	9.511496e-01	-1.031086e-02	-7.938719e-03	-2.372138e-03
852           	-2.782678e-03	9.511542e-01	-1.039378e-02	-7.979570e-03	-2.414213e-03
853           	-2.782050e-03	9.511607e-01	-1.047864e-02	-8.021370e-03	-2.457271e-03
854           	-2.781405e-03	9.511694e-01	-1.056506e-02	-8.063934e-03	-2.501124e-03
855           	-2.780744e-03	9.511801e-01	-1.065268e-02	-8.107086e-03	-2.545597e-03
856           	-2.780070e-03	9.511928e-01	-1.074126e-02	-8.150700e-03	-2.590559e-03
857           	-2.779382e-03	9.512074e-01	-1.083065e-02	-8.194709e-03	-2.635944e-03
858           	-2.778661e-03	9.512219e-01	-1.092088e-02	-8.239103e-03	-2.681781e-03
859           	-2.777949e-03	9.512402e-01	-1.101338e-02	-8.284636e-03	-2.728739e-03
860           	-2.777226e-03	9.512607e-01	-1.110703e-02	-8.330741e-03	-2.776290e-03
861           	-2.776467e-03	9.512803e-01	-1.120178e-02	-8.377355e-03	-2.824422e-03
862           	-2.775694e-03	9.513011e-01	-1.129913e-02	-8.425262e-03	-2.873873e-03
863           	-2.774935e-03	9.513259e-01	-1.139919e-02	-8.474529e-03	-2.924659e-03
864           	-2.774143e-03	9.513501e-01	-1.150065e-02	-8.524469e-03	-2.976183e-03
865           	-2.773339e-03	9.513752e-01	-1.160447e-02	-8.575574e-03	-3.028896e-03
866           	-2.772527e-03	9.514018e-01	-1.171063e-02	-8.627844e-03	-3.082789e-03
867           	-2.771709e-03	9.514291e-01	-1.181846e-02	-8.680939e-03	-3.137521e-03
868           	-2.770886e-03	9.514595e-01	-1.192819e-02	-8.734980e-03	-3.193208e-03
869           	-2.770060e-03	9.514911e-01	-1.203847e-02	-8.789295e-03	-3.249176e-03
870           	-2.769229e-03	9.515238e-01	-1.214880e-02	-8.843627e-03	-3.305168e-03
871           	-2.768397e-03	9.515578e-01	-1.225895e-02	-8.897870e-03	-3.361076e-03
872           	-2.767562e-03	9.515929e-01	-1.236875e-02	-8.951938e-03	-3.416814e-03
873           	-2.766727e-03	9.516294e-01	-1.247817e-02	-9.005809e-03	-3.472356e-03
874           	-2.765890e-03	9.516670e-01	-1.258719e-02	-9.059485e-03	-3.527704e-03
875           	-2.765053e-03	9.517056e-01	-1.269585e-02	-9.112980e-03	-3.582873e-03
876           	-2.764217e-03	9.517452e-01	-1.280421e-02	-9.166323e-03	-3.637890e-03
877           	-2.763381e-03	9.517856e-01	-1.291234e-02	-9.219552e-03	-3.692791e-03
878           	-2.762547e-03	9.518268e-01	-1.302020e-02	-9.272646e-03	-3.747553e-03
879           	-2.761716e-03	9.518687e-01	-1.312778e-02	-9.325607e-03	-3.802176e-03
880           	-2.760913e-03	9.519137e-01	-1.323430e-02	-9.378062e-03	-3.856236e-03
881           	-2.760086e-03	9.519563e-01	-1.333951e-02	-9.429843e-03	-3.909670e-03
882           	-2.759262e-03	9.519988e-01	-1.344446e-02	-9.481490e-03	-3.962966e-03
883           	-2.758447e-03	9.520421e-01	-1.354948e-02	-9.533188e-03	-4.016294e-03
884           	-2.757667e-03	9.520888e-01	-1.365363e-02	-9.584483e-03	-4.069150e-03
885           	-2.756866e-03	9.521331e-01	-1.375672e-02	-9.635227e-03	-4.121496e-03
886           	-2.756069e-03	9.521772e-01	-1.385954e-02	-9.685837e-03	-4.173699e-03
887           	-2.755306e-03	9.522241e-01	-1.396147e-02	-9.736041e-03	-4.225428e-03
888           	-2.754526e-03	9.522687e-01	-1.406245e-02	-9.785751e-03	-4.276699e-03
889           	-2.753776e-03	9.523154e-01	-1.416234e-02	-9.834945e-03	-4.327392e-03
890           	-2.753009e-03	9.523596e-01	-1.426153e-02	-9.883773e-03	-4.377754e-03
891           	-2.752275e-03	9.524059e-01	-1.435982e-02	-9.932187e-03	-4.427637e-03
892           	-2.751550e-03	9.524523e-01	-1.445673e-02	-9.979916e-03	-4.476816e-03
893           	-2.750808e-03	9.524956e-01	-1.455315e-02	-1.002738e-02	-4.525768e-03
894           	-2.750100e-03	9.525410e-01	-1.464909e-02	-1.007464e-02	-4.574444e-03
895           	-2.749406e-03	9.525864e-01	-1.474399e-02	-1.012140e-02	-4.622588e-03
896           	-2.748698e-03	9.526289e-01	-1.483867e-02	-1.016803e-02	-4.670638e-03
897           	-2.748025e-03	9.526735e-01	-1.493288e-02	-1.021446e-02	-4.718413e-03
898           	-2.747366e-03	9.527180e-01	-1.502586e-02	-1.026030e-02	-4.765567e-03
899           	-2.746715e-03	9.527618e-01	-1.511734e-02	-1.030539e-02	-4.811956e-03
900           	-2.746076e-03	9.528047e-01	-1.520737e-02	-1.034976e-02	-4.857612e-03
901           	-2.745447e-03	9.528471e-01	-1.529599e-02	-1.039344e-02	-4.902549e-03
902           	-2.744831e-03	9.528885e-01	-1.538308e-02	-1.043637e-02	-4.946710e-03
903           	-2.744230e-03	9.529301e-01	-1.546895e-02	-1.047870e-02	-4.990243e-03
904           	-2.743643e-03	9.529713e-01	-1.555324e-02	-1.052026e-02	-5.032975e-03
905           	-2.743069e-03	9.530119e-01	-1.563592e-02	-1.056103e-02	-5.074892e-03
906           	-2.742509e-03	9.530515e-01	-1.571695e-02	-1.060098e-02	-5.115964e-03
907           	-2.741964e-03	9.530911e-01	-1.579661e-02	-1.064027e-02	-5.156340e-03
908           	-2.741433e-03	9.531297e-01	-1.587456e-02	-1.067872e-02	-5.195848e-03
909           	-2.740919e-03	9.531682e-01	-1.595112e-02	-1.071648e-02	-5.234643e-03
910           	-2.740421e-03	9.532058e-01	-1.602607e-02	-1.075346e-02	-5.272615e-03
911           	-2.739939e-03	9.532433e-01	-1.609970e-02	-1.078979e-02	-5.309910e-03
912           	-2.739472e-03	9.532798e-01	-1.617177e-02	-1.082536e-02	-5.346414e-03
913           	-2.739022e-03	9.533159e-01	-1.624259e-02	-1.086032e-02	-5.382273e-03
914           	-2.738588e-03	9.533516e-01	-1.631217e-02	-1.089467e-02	-5.417495e-03
915           	-2.738170e-03	9.533867e-01	-1.638051e-02	-1.092842e-02	-5.452085e-03
916           	-2.737768e-03	9.534213e-01	-1.644763e-02	-1.096158e-02	-5.486048e-03
917           	-2.737382e-03	9.534554e-01	-1.651352e-02	-1.099414e-02	-5.519377e-03
918           	-2.737011e-03	9.534888e-01	-1.657812e-02	-1.102607e-02	-5.552050e-03
919           	-2.736655e-03	9.535215e-01	-1.664138e-02	-1.105735e-02	-5.584035e-03
920           	-2.736315e-03	9.535536e-01	-1.670323e-02	-1.108793e-02	-5.615300e-03
921           	-2.735988e-03	9.535850e-01	-1.676360e-02	-1.111779e-02	-5.645812e-03
922           	-2.735677e-03	9.536158e-01	-1.682244e-02	-1.114690e-02	-5.675543e-03
923           	-2.735380e-03	9.536458e-01	-1.687967e-02	-1.117522e-02	-5.704456e-03
924           	-2.735099e-03	9.536751e-01	-1.693526e-02	-1.120273e-02	-5.732531e-03
925           	-2.734831e-03	9.537036e-01	-1.698915e-02	-1.122940e-02	-5.759743e-03
926           	-2.734578e-03	9.537315e-01	-1.704133e-02	-1.125524e-02	-5.786088e-03
927           	-2.734339e-03	9.537586e-01	-1.709182e-02	-1.128025e-02	-5.811570e-03
928           	-2.734115e-03	9.537851e-01	-1.714062e-02	-1.130442e-02	-5.836193e-03
929           	-2.733905e-03	9.538107e-01	-1.718774e-02	-1.132778e-02	-5.859967e-03
930           	-2.733710e-03	9.538357e-01	-1.723322e-02	-1.135032e-02	-5.882897e-03
931           	-2.733529e-03	9.538576e-01	-1.727555e-02	-1.137130e-02	-5.904246e-03
932           	-2.733367e-03	9.538786e-01	-1.731602e-02	-1.139138e-02	-5.924643e-03
933           	-2.733221e-03	9.538995e-01	-1.735518e-02	-1.141081e-02	-5.944368e-03
934           	-2.733090e-03	9.539203e-01	-1.739312e-02	-1.142965e-02	-5.963471e-03
935           	-2.732971e-03	9.539410e-01	-1.742989e-02	-1.144792e-02	-5.981974e-03
936           	-2.732864e-03	9.539614e-01	-1.746539e-02	-1.146556e-02	-5.999832e-03
937           	-2.732769e-03	9.539812e-01	-1.749957e-02	-1.148255e-02	-6.017013e-03
938           	-2.732687e-03	9.540004e-01	-1.753233e-02	-1.149885e-02	-6.033481e-03
939           	-2.732615e-03	9.540189e-01	-1.756365e-02	-1.151444e-02	-6.049212e-03
940           	-2.732556e-03	9.540365e-01	-1.759348e-02	-1.152930e-02	-6.064184e-03
941           	-2.732507e-03	9.540534e-01	-1.762179e-02	-1.154340e-02	-6.078385e-03
942           	-2.732470e-03	9.540695e-01	-1.764857e-02	-1.155676e-02	-6.091816e-03
943           	-2.732444e-03	9.540848e-01	-1.767384e-02	-1.156937e-02	-6.104477e-03
944           	-2.732429e-03	9.540993e-01	-1.769762e-02	-1.158124e-02	-6.116379e-03
945           	-2.732424e-03	9.541131e-01	-1.771990e-02	-1.159238e-02	-6.127528e-03
946           	-2.732430e-03	9.541262e-01	-1.774074e-02	-1.160280e-02	-6.137941e-03
947           	-2.732447e-03	9.541386e-01	-1.776016e-02	-1.161253e-02	-6.147635e-03
948           	-2.732474e-03	9.541503e-01	-1.777819e-02	-1.162157e-02	-6.156620e-03
949           	-2.732511e-03	9.541613e-01	-1.779484e-02	-1.162993e-02	-6.164907e-03
950           	-2.732559e-03	9.541717e-01	-1.781013e-02	-1.163762e-02	-6.172507e-03
951           	-2.732616e-03	9.541813e-01	-1.782407e-02	-1.164465e-02	-6.179419e-03
952           	-2.732683e-03	9.541903e-01	-1.783665e-02	-1.165101e-02	-6.185641e-03
953           	-2.732760e-03	9.541986e-01	-1.784785e-02	-1.165669e-02	-6.191166e-03
954           	-2.732846e-03	9.542063e-01	-1.785765e-02	-1.166167e-02	-6.195981e-03
955           	-2.732942e-03	9.542132e-01	-1.786602e-02	-1.166595e-02	-6.200070e-03
956           	-2.733047e-03	9.542195e-01	-1.787291e-02	-1.166950e-02	-6.203407e-03
957           	-2.733161e-03	9.542252e-01	-1.787824e-02	-1.167228e-02	-6.205959e-03
958           	-2.733285e-03	9.542302e-01	-1.788198e-02	-1.167427e-02	-6.207704e-03
959           	-2.733418e-03	9.542344e-01	-1.788407e-02	-1.167545e-02	-6.208617e-03
960           	-2.733560e-03	9.542379e-01	-1.788445e-02	-1.167578e-02	-6.208663e-03
961           	-2.733710e-03	9.542407e-01	-1.788309e-02	-1.167525e-02	-6.207833e-03
962           	-2.733870e-03	9.542428e-01	-1.787997e-02	-1.167386e-02	-6.206117e-03
963           	-2.734039e-03	9.542432e-01	-1.787456e-02	-1.167132e-02	-6.203243e-03
964           	-2.734218e-03	9.542427e-01	-1.786718e-02	-1.166781e-02	-6.199371e-03
965           	-2.734407e-03	9.542414e-01	-1.785802e-02	-1.166342e-02	-6.194603e-03
966           	-2.734604e-03	9.542396e-01	-1.784717e-02	-1.165819e-02	-6.188983e-03
967           	-2.734809e-03	9.542372e-01	-1.783466e-02	-1.165214e-02	-6.182519e-03
968           	-2.735033e-03	9.542350e-01	-1.782084e-02	-1.164545e-02	-6.175387e-03
969           	-2.735265e-03	9.542321e-01	-1.780476e-02	-1.163765e-02	-6.167118e-03
970           	-2.735503e-03	9.542280e-01	-1.778631e-02	-1.162866e-02	-6.157653e-03
971           	-2.735747e-03	9.542227e-01	-1.776562e-02	-1.161856e-02	-6.147063e-03
972           	-2.735998e-03	9.542164e-01	-1.774293e-02	-1.160746e-02	-6.135465e-03
973           	-2.736256e-03	9.542091e-01	-1.771845e-02	-1.159548e-02	-6.122971e-03
974           	-2.736522e-03	9.542010e-01	-1.769239e-02	-1.158272e-02	-6.109674e-03
975           	-2.736794e-03	9.541922e-01	-1.766487e-02	-1.156923e-02	-6.095640e-03
976           	-2.737073e-03	9.541826e-01	-1.763597e-02	-1.155506e-02	-6.080911e-03
977           	-2.737358e-03	9.541722e-01	-1.760575e-02	-1.154023e-02	-6.065516e-03
978           	-2.737648e-03	9.541610e-01	-1.757422e-02	-1.152476e-02	-6.049463e-03
979           	-2.737944e-03	9.541489e-01	-1.754141e-02	-1.150865e-02	-6.032764e-03
980           	-2.738245e-03	9.541359e-01	-1.750733e-02	-1.149191e-02	-6.015422e-03
981           	-2.738550e-03	9.541222e-01	-1.747198e-02	-1.147454e-02	-5.997437e-03
982           	-2.738862e-03	9.541076e-01	-1.743533e-02	-1.145653e-02	-5.978802e-03
983           	-2.739178e-03	9.540923e-01	-1.739736e-02	-1.143786e-02	-5.959502e-03
984           	-2.739500e-03	9.540763e-01	-1.735804e-02	-1.141852e-02	-5.939517e-03
985           	-2.739828e-03	9.540595e-01	-1.731733e-02	-1.139849e-02	-5.918835e-03
986           	-2.740161e-03	9.540421e-01	-1.727521e-02	-1.137777e-02	-5.897445e-03
987           	-2.740499e-03	9.540241e-01	-1.723169e-02	-1.135634e-02	-5.875345e-03
988           	-2.740842e-03	9.540054e-01	-1.718676e-02	-1.133422e-02	-5.852537e-03
989           	-2.741190e-03	9.539860e-01	-1.714044e-02	-1.131141e-02	-5.829028e-03
990           	-2.741542e-03	9.539660e-01	-1.709274e-02	-1.128791e-02	-5.804826e-03
991           	-2.741898e-03	9.539453e-01	-1.704369e-02	-1.126374e-02	-5.779944e-03
992           	-2.742258e-03	9.539240e-01	-1.699331e-02	-1.123891e-02	-5.754399e-03
993           	-2.742620e-03	9.539020e-01	-1.694170e-02	-1.121347e-02	-5.728231e-03
994           	-2.742985e-03	9.538793e-01	-1.688886e-02	-1.118742e-02	-5.701446e-03
995           	-2.743352e-03	9.538558e-01	-1.683489e-02	-1.116079e-02	-5.674092e-03
996           	-2.743721e-03	9.538315e-01	-1.677982e-02	-1.113363e-02	-5.646187e-03
997           	-2.744091e-03	9.538065e-01	-1.672360e-02	-1.110589e-02	-5.617706e-03
998           	-2.744465e-03	9.537808e-01	-1.666622e-02	-1.107758e-02	-5.588646e-03
999           	-2.744839e-03	9.537545e-01	-1.660768e-02	-1.104868e-02	-5.559000e-03
1000          	-2.745216e-03	9.537276e-01	-1.654796e-02	-1.101920e-02	-5.528765e-03
