# Force coefficients
# liftDir     : (0.000000e+00 0.000000e+00 1.000000e+00)
# dragDir     : (0.000000e+00 1.000000e+00 0.000000e+00)
# pitchAxis   : (1.000000e+00 0.000000e+00 0.000000e+00)
# magUInf     : 2.354218e-02
# lRef        : 4.000000e+00
# Aref        : 2.562000e-02
# CofR        : (0.000000e+00 0.000000e+00 0.000000e+00)
# Time        	Cm            	Cd            	Cl            	Cl(f)         	Cl(r)         
1             	-3.365836e-03	7.845330e-01	-8.912312e-02	-4.792739e-02	-4.119572e-02
2             	-5.880332e-03	1.483191e+00	-1.471375e-01	-7.944909e-02	-6.768843e-02
3             	-4.916232e-03	1.397831e+00	-6.149138e-02	-3.566192e-02	-2.582946e-02
4             	-3.245187e-03	1.122374e+00	2.456216e-02	9.035893e-03	1.552627e-02
5             	-2.247827e-03	9.444896e-01	7.136409e-02	3.343422e-02	3.792987e-02
6             	-1.844910e-03	8.703056e-01	8.439717e-02	4.035368e-02	4.404350e-02
7             	-1.910215e-03	8.808422e-01	7.332594e-02	3.475275e-02	3.857318e-02
8             	-2.189476e-03	9.376764e-01	4.959573e-02	2.260839e-02	2.698734e-02
9             	-2.371527e-03	9.782234e-01	3.484031e-02	1.504863e-02	1.979168e-02
10            	-2.506589e-03	1.014852e+00	1.982470e-02	7.405759e-03	1.241894e-02
11            	-2.591248e-03	1.040951e+00	9.539051e-03	2.178278e-03	7.360773e-03
12            	-2.627402e-03	1.057468e+00	2.362417e-03	-1.446194e-03	3.808611e-03
13            	-2.613978e-03	1.063388e+00	-1.964294e-03	-3.596125e-03	1.631830e-03
14            	-2.555045e-03	1.057207e+00	-2.616460e-03	-3.863276e-03	1.246815e-03
15            	-2.506942e-03	1.049822e+00	-1.691168e-04	-2.591500e-03	2.422383e-03
16            	-2.484801e-03	1.046248e+00	2.117376e-03	-1.426113e-03	3.543489e-03
17            	-2.481051e-03	1.045701e+00	2.868847e-03	-1.046628e-03	3.915475e-03
18            	-2.490581e-03	1.047706e+00	1.588432e-03	-1.696365e-03	3.284797e-03
19            	-2.507506e-03	1.051567e+00	-1.425478e-03	-3.220245e-03	1.794768e-03
20            	-2.522288e-03	1.055644e+00	-5.679805e-03	-5.362190e-03	-3.176151e-04
21            	-2.531325e-03	1.058867e+00	-1.048710e-02	-7.774877e-03	-2.712227e-03
22            	-2.535901e-03	1.060983e+00	-1.517436e-02	-1.012308e-02	-5.051277e-03
23            	-2.539639e-03	1.062429e+00	-1.927234e-02	-1.217581e-02	-7.096532e-03
24            	-2.545218e-03	1.063870e+00	-2.256698e-02	-1.382871e-02	-8.738269e-03
25            	-2.553308e-03	1.065458e+00	-2.493364e-02	-1.502013e-02	-9.913514e-03
26            	-2.562696e-03	1.067253e+00	-2.641684e-02	-1.577112e-02	-1.064573e-02
27            	-2.574196e-03	1.069152e+00	-2.713155e-02	-1.613997e-02	-1.099158e-02
28            	-2.587247e-03	1.071190e+00	-2.727610e-02	-1.622530e-02	-1.105080e-02
29            	-2.600923e-03	1.073340e+00	-2.696589e-02	-1.608387e-02	-1.088202e-02
30            	-2.614536e-03	1.075686e+00	-2.660479e-02	-1.591693e-02	-1.068786e-02
31            	-2.627026e-03	1.078053e+00	-2.637972e-02	-1.581689e-02	-1.056284e-02
32            	-2.637710e-03	1.080343e+00	-2.636420e-02	-1.581981e-02	-1.054439e-02
33            	-2.646006e-03	1.082459e+00	-2.658133e-02	-1.593667e-02	-1.064466e-02
34            	-2.651633e-03	1.084345e+00	-2.702941e-02	-1.616634e-02	-1.086307e-02
35            	-2.654594e-03	1.085991e+00	-2.768355e-02	-1.649637e-02	-1.118718e-02
36            	-2.655081e-03	1.087413e+00	-2.849707e-02	-1.690362e-02	-1.159346e-02
37            	-2.653701e-03	1.088741e+00	-2.945709e-02	-1.738225e-02	-1.207485e-02
38            	-2.650829e-03	1.089919e+00	-3.041261e-02	-1.785714e-02	-1.255548e-02
39            	-2.647497e-03	1.091160e+00	-3.138765e-02	-1.834132e-02	-1.304633e-02
40            	-2.644048e-03	1.092469e+00	-3.230539e-02	-1.879674e-02	-1.350865e-02
41            	-2.640834e-03	1.093855e+00	-3.313351e-02	-1.920759e-02	-1.392592e-02
42            	-2.638213e-03	1.095331e+00	-3.381833e-02	-1.954738e-02	-1.427095e-02
43            	-2.635541e-03	1.096837e+00	-3.448787e-02	-1.987947e-02	-1.460839e-02
44            	-2.632837e-03	1.098173e+00	-3.501769e-02	-2.014168e-02	-1.487601e-02
45            	-2.630266e-03	1.099454e+00	-3.549814e-02	-2.037934e-02	-1.511881e-02
46            	-2.627457e-03	1.100670e+00	-3.597842e-02	-2.061667e-02	-1.536175e-02
47            	-2.624257e-03	1.101831e+00	-3.647591e-02	-2.086221e-02	-1.561370e-02
48            	-2.620558e-03	1.102900e+00	-3.698106e-02	-2.111109e-02	-1.586997e-02
49            	-2.616319e-03	1.103846e+00	-3.747507e-02	-2.135385e-02	-1.612122e-02
50            	-2.611297e-03	1.104647e+00	-3.798924e-02	-2.160592e-02	-1.638332e-02
51            	-2.606281e-03	1.105356e+00	-3.843731e-02	-2.182494e-02	-1.661238e-02
52            	-2.600714e-03	1.105956e+00	-3.888788e-02	-2.204465e-02	-1.684323e-02
53            	-2.595386e-03	1.106515e+00	-3.927580e-02	-2.223329e-02	-1.704251e-02
54            	-2.589516e-03	1.106970e+00	-3.967261e-02	-2.242582e-02	-1.724679e-02
55            	-2.583487e-03	1.107334e+00	-4.005214e-02	-2.260956e-02	-1.744258e-02
56            	-2.577372e-03	1.107616e+00	-4.040879e-02	-2.278177e-02	-1.762702e-02
57            	-2.571224e-03	1.107827e+00	-4.073995e-02	-2.294120e-02	-1.779875e-02
58            	-2.565105e-03	1.107982e+00	-4.104447e-02	-2.308734e-02	-1.795713e-02
59            	-2.559110e-03	1.108099e+00	-4.132175e-02	-2.321999e-02	-1.810177e-02
60            	-2.553321e-03	1.108198e+00	-4.156971e-02	-2.333817e-02	-1.823153e-02
61            	-2.547957e-03	1.108329e+00	-4.178780e-02	-2.344186e-02	-1.834595e-02
62            	-2.542892e-03	1.108462e+00	-4.197274e-02	-2.352926e-02	-1.844348e-02
63            	-2.538185e-03	1.108608e+00	-4.212353e-02	-2.359995e-02	-1.852358e-02
64            	-2.533872e-03	1.108779e+00	-4.224199e-02	-2.365487e-02	-1.858712e-02
65            	-2.529954e-03	1.108980e+00	-4.233170e-02	-2.369580e-02	-1.863590e-02
66            	-2.526419e-03	1.109210e+00	-4.239727e-02	-2.372505e-02	-1.867222e-02
67            	-2.523228e-03	1.109466e+00	-4.244377e-02	-2.374511e-02	-1.869866e-02
68            	-2.520331e-03	1.109740e+00	-4.247648e-02	-2.375857e-02	-1.871791e-02
69            	-2.517661e-03	1.110023e+00	-4.250000e-02	-2.376766e-02	-1.873234e-02
70            	-2.515173e-03	1.110305e+00	-4.251848e-02	-2.377442e-02	-1.874407e-02
71            	-2.512809e-03	1.110579e+00	-4.253502e-02	-2.378032e-02	-1.875470e-02
72            	-2.510527e-03	1.110834e+00	-4.255178e-02	-2.378642e-02	-1.876537e-02
73            	-2.508279e-03	1.111061e+00	-4.256978e-02	-2.379317e-02	-1.877661e-02
74            	-2.506040e-03	1.111265e+00	-4.259082e-02	-2.380145e-02	-1.878937e-02
75            	-2.503780e-03	1.111436e+00	-4.261467e-02	-2.381111e-02	-1.880356e-02
76            	-2.501615e-03	1.111575e+00	-4.262922e-02	-2.381622e-02	-1.881299e-02
77            	-2.499207e-03	1.111653e+00	-4.265022e-02	-2.382432e-02	-1.882590e-02
78            	-2.496699e-03	1.111675e+00	-4.267450e-02	-2.383395e-02	-1.884055e-02
79            	-2.494118e-03	1.111648e+00	-4.269915e-02	-2.384370e-02	-1.885546e-02
80            	-2.491498e-03	1.111577e+00	-4.272253e-02	-2.385276e-02	-1.886977e-02
81            	-2.488876e-03	1.111474e+00	-4.274333e-02	-2.386054e-02	-1.888279e-02
82            	-2.486297e-03	1.111350e+00	-4.276097e-02	-2.386678e-02	-1.889419e-02
83            	-2.483810e-03	1.111217e+00	-4.277446e-02	-2.387104e-02	-1.890342e-02
84            	-2.481464e-03	1.111088e+00	-4.278334e-02	-2.387313e-02	-1.891021e-02
85            	-2.479294e-03	1.110971e+00	-4.278679e-02	-2.387269e-02	-1.891410e-02
86            	-2.477412e-03	1.110879e+00	-4.277863e-02	-2.386672e-02	-1.891190e-02
87            	-2.475744e-03	1.110811e+00	-4.276324e-02	-2.385736e-02	-1.890588e-02
88            	-2.474284e-03	1.110770e+00	-4.274347e-02	-2.384602e-02	-1.889745e-02
89            	-2.473020e-03	1.110756e+00	-4.272017e-02	-2.383310e-02	-1.888706e-02
90            	-2.471946e-03	1.110766e+00	-4.269453e-02	-2.381921e-02	-1.887532e-02
91            	-2.471053e-03	1.110802e+00	-4.266717e-02	-2.380464e-02	-1.886253e-02
92            	-2.470331e-03	1.110860e+00	-4.264002e-02	-2.379034e-02	-1.884968e-02
93            	-2.469694e-03	1.110933e+00	-4.261809e-02	-2.377874e-02	-1.883935e-02
94            	-2.469201e-03	1.111021e+00	-4.260207e-02	-2.377023e-02	-1.883183e-02
95            	-2.468825e-03	1.111122e+00	-4.259183e-02	-2.376474e-02	-1.882709e-02
96            	-2.468535e-03	1.111229e+00	-4.258829e-02	-2.376268e-02	-1.882561e-02
97            	-2.468291e-03	1.111339e+00	-4.259119e-02	-2.376388e-02	-1.882730e-02
98            	-2.468071e-03	1.111446e+00	-4.260122e-02	-2.376868e-02	-1.883254e-02
99            	-2.467853e-03	1.111550e+00	-4.261847e-02	-2.377709e-02	-1.884138e-02
100           	-2.467605e-03	1.111646e+00	-4.264362e-02	-2.378941e-02	-1.885420e-02
101           	-2.467288e-03	1.111723e+00	-4.267445e-02	-2.380451e-02	-1.886994e-02
102           	-2.466868e-03	1.111771e+00	-4.270729e-02	-2.382051e-02	-1.888678e-02
103           	-2.466324e-03	1.111785e+00	-4.273777e-02	-2.383521e-02	-1.890256e-02
104           	-2.465655e-03	1.111766e+00	-4.276381e-02	-2.384756e-02	-1.891625e-02
105           	-2.464885e-03	1.111718e+00	-4.278378e-02	-2.385677e-02	-1.892701e-02
106           	-2.464039e-03	1.111654e+00	-4.279836e-02	-2.386322e-02	-1.893514e-02
107           	-2.463182e-03	1.111575e+00	-4.280699e-02	-2.386668e-02	-1.894032e-02
108           	-2.462356e-03	1.111492e+00	-4.281009e-02	-2.386740e-02	-1.894269e-02
109           	-2.461595e-03	1.111413e+00	-4.280842e-02	-2.386580e-02	-1.894261e-02
110           	-2.460921e-03	1.111346e+00	-4.280375e-02	-2.386280e-02	-1.894095e-02
111           	-2.460340e-03	1.111293e+00	-4.279654e-02	-2.385861e-02	-1.893793e-02
112           	-2.459849e-03	1.111254e+00	-4.278783e-02	-2.385376e-02	-1.893406e-02
113           	-2.459455e-03	1.111228e+00	-4.277646e-02	-2.384768e-02	-1.892877e-02
114           	-2.459138e-03	1.111215e+00	-4.276361e-02	-2.384094e-02	-1.892267e-02
115           	-2.458900e-03	1.111214e+00	-4.274969e-02	-2.383375e-02	-1.891595e-02
116           	-2.458734e-03	1.111228e+00	-4.273721e-02	-2.382734e-02	-1.890987e-02
117           	-2.458657e-03	1.111255e+00	-4.272676e-02	-2.382204e-02	-1.890472e-02
118           	-2.458659e-03	1.111299e+00	-4.271989e-02	-2.381861e-02	-1.890129e-02
119           	-2.458730e-03	1.111356e+00	-4.271714e-02	-2.381730e-02	-1.889984e-02
120           	-2.458865e-03	1.111425e+00	-4.271970e-02	-2.381872e-02	-1.890099e-02
121           	-2.459031e-03	1.111500e+00	-4.272715e-02	-2.382261e-02	-1.890455e-02
122           	-2.459194e-03	1.111574e+00	-4.273914e-02	-2.382876e-02	-1.891037e-02
123           	-2.459322e-03	1.111639e+00	-4.275377e-02	-2.383621e-02	-1.891756e-02
124           	-2.459395e-03	1.111692e+00	-4.276979e-02	-2.384429e-02	-1.892550e-02
125           	-2.459409e-03	1.111732e+00	-4.278767e-02	-2.385324e-02	-1.893443e-02
126           	-2.459359e-03	1.111760e+00	-4.280793e-02	-2.386332e-02	-1.894460e-02
127           	-2.459229e-03	1.111771e+00	-4.282858e-02	-2.387352e-02	-1.895506e-02
128           	-2.459022e-03	1.111764e+00	-4.284818e-02	-2.388311e-02	-1.896507e-02
129           	-2.458748e-03	1.111742e+00	-4.286478e-02	-2.389114e-02	-1.897364e-02
130           	-2.458429e-03	1.111707e+00	-4.287779e-02	-2.389732e-02	-1.898047e-02
131           	-2.458084e-03	1.111662e+00	-4.288646e-02	-2.390132e-02	-1.898515e-02
132           	-2.457741e-03	1.111615e+00	-4.289159e-02	-2.390354e-02	-1.898805e-02
133           	-2.457418e-03	1.111568e+00	-4.289331e-02	-2.390407e-02	-1.898923e-02
134           	-2.457140e-03	1.111527e+00	-4.289276e-02	-2.390352e-02	-1.898924e-02
135           	-2.456913e-03	1.111493e+00	-4.289012e-02	-2.390198e-02	-1.898815e-02
136           	-2.456727e-03	1.111467e+00	-4.288617e-02	-2.389981e-02	-1.898636e-02
137           	-2.456577e-03	1.111449e+00	-4.288056e-02	-2.389686e-02	-1.898370e-02
138           	-2.456468e-03	1.111438e+00	-4.287384e-02	-2.389339e-02	-1.898045e-02
139           	-2.456404e-03	1.111436e+00	-4.286598e-02	-2.388939e-02	-1.897659e-02
140           	-2.456382e-03	1.111443e+00	-4.285838e-02	-2.388557e-02	-1.897281e-02
141           	-2.456407e-03	1.111459e+00	-4.285138e-02	-2.388210e-02	-1.896928e-02
142           	-2.456477e-03	1.111483e+00	-4.284621e-02	-2.387958e-02	-1.896663e-02
143           	-2.456581e-03	1.111515e+00	-4.284295e-02	-2.387806e-02	-1.896490e-02
144           	-2.456713e-03	1.111551e+00	-4.284251e-02	-2.387797e-02	-1.896454e-02
145           	-2.456854e-03	1.111590e+00	-4.284450e-02	-2.387911e-02	-1.896540e-02
146           	-2.456994e-03	1.111629e+00	-4.284925e-02	-2.388162e-02	-1.896763e-02
147           	-2.457114e-03	1.111664e+00	-4.285561e-02	-2.388492e-02	-1.897069e-02
148           	-2.457212e-03	1.111695e+00	-4.286395e-02	-2.388919e-02	-1.897476e-02
149           	-2.457278e-03	1.111720e+00	-4.287345e-02	-2.389400e-02	-1.897945e-02
150           	-2.457306e-03	1.111737e+00	-4.288431e-02	-2.389946e-02	-1.898485e-02
151           	-2.457290e-03	1.111746e+00	-4.289532e-02	-2.390495e-02	-1.899037e-02
152           	-2.457231e-03	1.111745e+00	-4.290600e-02	-2.391023e-02	-1.899577e-02
153           	-2.457133e-03	1.111737e+00	-4.291515e-02	-2.391471e-02	-1.900044e-02
154           	-2.457008e-03	1.111721e+00	-4.292263e-02	-2.391832e-02	-1.900431e-02
155           	-2.456865e-03	1.111700e+00	-4.292770e-02	-2.392072e-02	-1.900699e-02
156           	-2.456718e-03	1.111676e+00	-4.293092e-02	-2.392218e-02	-1.900874e-02
157           	-2.456576e-03	1.111653e+00	-4.293207e-02	-2.392261e-02	-1.900946e-02
158           	-2.456456e-03	1.111632e+00	-4.293201e-02	-2.392246e-02	-1.900955e-02
159           	-2.456359e-03	1.111616e+00	-4.293053e-02	-2.392162e-02	-1.900890e-02
160           	-2.456286e-03	1.111603e+00	-4.292830e-02	-2.392043e-02	-1.900786e-02
161           	-2.456232e-03	1.111595e+00	-4.292494e-02	-2.391870e-02	-1.900624e-02
162           	-2.456201e-03	1.111592e+00	-4.292107e-02	-2.391673e-02	-1.900433e-02
163           	-2.456193e-03	1.111593e+00	-4.291644e-02	-2.391442e-02	-1.900203e-02
164           	-2.456211e-03	1.111599e+00	-4.291199e-02	-2.391221e-02	-1.899978e-02
165           	-2.456252e-03	1.111610e+00	-4.290773e-02	-2.391012e-02	-1.899761e-02
166           	-2.456321e-03	1.111627e+00	-4.290464e-02	-2.390864e-02	-1.899600e-02
167           	-2.456412e-03	1.111648e+00	-4.290265e-02	-2.390774e-02	-1.899491e-02
168           	-2.456524e-03	1.111673e+00	-4.290267e-02	-2.390786e-02	-1.899481e-02
169           	-2.456650e-03	1.111702e+00	-4.290432e-02	-2.390881e-02	-1.899551e-02
170           	-2.456779e-03	1.111732e+00	-4.290806e-02	-2.391081e-02	-1.899725e-02
171           	-2.456902e-03	1.111762e+00	-4.291329e-02	-2.391354e-02	-1.899974e-02
172           	-2.457010e-03	1.111791e+00	-4.292015e-02	-2.391709e-02	-1.900307e-02
173           	-2.457088e-03	1.111813e+00	-4.292721e-02	-2.392069e-02	-1.900652e-02
174           	-2.457141e-03	1.111831e+00	-4.293453e-02	-2.392441e-02	-1.901013e-02
175           	-2.457172e-03	1.111845e+00	-4.294150e-02	-2.392792e-02	-1.901358e-02
176           	-2.457188e-03	1.111854e+00	-4.294846e-02	-2.393142e-02	-1.901704e-02
177           	-2.457194e-03	1.111862e+00	-4.295525e-02	-2.393482e-02	-1.902043e-02
178           	-2.457189e-03	1.111867e+00	-4.296207e-02	-2.393822e-02	-1.902384e-02
179           	-2.457160e-03	1.111867e+00	-4.296745e-02	-2.394088e-02	-1.902656e-02
180           	-2.457119e-03	1.111865e+00	-4.297173e-02	-2.394298e-02	-1.902875e-02
181           	-2.457078e-03	1.111862e+00	-4.297469e-02	-2.394443e-02	-1.903027e-02
182           	-2.457052e-03	1.111861e+00	-4.297714e-02	-2.394562e-02	-1.903152e-02
183           	-2.457046e-03	1.111864e+00	-4.297908e-02	-2.394658e-02	-1.903249e-02
184           	-2.457063e-03	1.111871e+00	-4.298121e-02	-2.394767e-02	-1.903354e-02
185           	-2.457099e-03	1.111882e+00	-4.298314e-02	-2.394867e-02	-1.903447e-02
186           	-2.457152e-03	1.111896e+00	-4.298543e-02	-2.394987e-02	-1.903556e-02
187           	-2.457214e-03	1.111912e+00	-4.298760e-02	-2.395101e-02	-1.903659e-02
188           	-2.457287e-03	1.111932e+00	-4.299021e-02	-2.395239e-02	-1.903782e-02
189           	-2.457369e-03	1.111954e+00	-4.299290e-02	-2.395382e-02	-1.903908e-02
190           	-2.457467e-03	1.111979e+00	-4.299637e-02	-2.395565e-02	-1.904072e-02
191           	-2.457576e-03	1.112008e+00	-4.300034e-02	-2.395774e-02	-1.904259e-02
192           	-2.457693e-03	1.112039e+00	-4.300555e-02	-2.396047e-02	-1.904508e-02
193           	-2.457819e-03	1.112073e+00	-4.301158e-02	-2.396361e-02	-1.904797e-02
194           	-2.457955e-03	1.112109e+00	-4.301897e-02	-2.396744e-02	-1.905153e-02
195           	-2.458099e-03	1.112147e+00	-4.302705e-02	-2.397163e-02	-1.905543e-02
196           	-2.458237e-03	1.112184e+00	-4.303650e-02	-2.397649e-02	-1.906001e-02
197           	-2.458370e-03	1.112221e+00	-4.304644e-02	-2.398159e-02	-1.906485e-02
198           	-2.458495e-03	1.112256e+00	-4.305733e-02	-2.398716e-02	-1.907017e-02
199           	-2.458608e-03	1.112291e+00	-4.306857e-02	-2.399289e-02	-1.907568e-02
200           	-2.458711e-03	1.112323e+00	-4.308054e-02	-2.399898e-02	-1.908156e-02
201           	-2.458805e-03	1.112355e+00	-4.309264e-02	-2.400513e-02	-1.908751e-02
202           	-2.458895e-03	1.112385e+00	-4.310525e-02	-2.401152e-02	-1.909373e-02
203           	-2.458978e-03	1.112416e+00	-4.311777e-02	-2.401786e-02	-1.909991e-02
204           	-2.459061e-03	1.112446e+00	-4.313061e-02	-2.402437e-02	-1.910625e-02
205           	-2.459143e-03	1.112476e+00	-4.314325e-02	-2.403077e-02	-1.911248e-02
206           	-2.459230e-03	1.112507e+00	-4.315615e-02	-2.403731e-02	-1.911885e-02
207           	-2.459319e-03	1.112539e+00	-4.316886e-02	-2.404375e-02	-1.912511e-02
208           	-2.459417e-03	1.112573e+00	-4.318191e-02	-2.405037e-02	-1.913154e-02
209           	-2.459521e-03	1.112609e+00	-4.319488e-02	-2.405696e-02	-1.913792e-02
210           	-2.459636e-03	1.112648e+00	-4.320835e-02	-2.406381e-02	-1.914454e-02
211           	-2.459760e-03	1.112689e+00	-4.322194e-02	-2.407073e-02	-1.915121e-02
212           	-2.459884e-03	1.112732e+00	-4.323643e-02	-2.407810e-02	-1.915833e-02
213           	-2.460033e-03	1.112779e+00	-4.325116e-02	-2.408562e-02	-1.916555e-02
214           	-2.460184e-03	1.112828e+00	-4.326707e-02	-2.409372e-02	-1.917335e-02
215           	-2.460354e-03	1.112880e+00	-4.328337e-02	-2.410204e-02	-1.918133e-02
216           	-2.460520e-03	1.112934e+00	-4.330105e-02	-2.411105e-02	-1.919001e-02
217           	-2.460688e-03	1.112989e+00	-4.331943e-02	-2.412040e-02	-1.919903e-02
218           	-2.460874e-03	1.113046e+00	-4.333853e-02	-2.413014e-02	-1.920839e-02
219           	-2.461045e-03	1.113104e+00	-4.335835e-02	-2.414022e-02	-1.921813e-02
220           	-2.461229e-03	1.113163e+00	-4.337870e-02	-2.415058e-02	-1.922812e-02
221           	-2.461396e-03	1.113221e+00	-4.339960e-02	-2.416120e-02	-1.923840e-02
222           	-2.461578e-03	1.113282e+00	-4.342087e-02	-2.417201e-02	-1.924886e-02
223           	-2.461756e-03	1.113342e+00	-4.344223e-02	-2.418287e-02	-1.925936e-02
224           	-2.461917e-03	1.113402e+00	-4.346457e-02	-2.419420e-02	-1.927037e-02
225           	-2.462091e-03	1.113464e+00	-4.348680e-02	-2.420549e-02	-1.928131e-02
226           	-2.462268e-03	1.113526e+00	-4.350968e-02	-2.421711e-02	-1.929257e-02
227           	-2.462440e-03	1.113588e+00	-4.353289e-02	-2.422889e-02	-1.930401e-02
228           	-2.462612e-03	1.113652e+00	-4.355700e-02	-2.424111e-02	-1.931589e-02
229           	-2.462781e-03	1.113716e+00	-4.358162e-02	-2.425359e-02	-1.932803e-02
230           	-2.462954e-03	1.113781e+00	-4.360723e-02	-2.426657e-02	-1.934066e-02
231           	-2.463127e-03	1.113847e+00	-4.363338e-02	-2.427982e-02	-1.935356e-02
232           	-2.463304e-03	1.113915e+00	-4.366051e-02	-2.429356e-02	-1.936695e-02
233           	-2.463483e-03	1.113985e+00	-4.368817e-02	-2.430757e-02	-1.938060e-02
234           	-2.463667e-03	1.114055e+00	-4.371681e-02	-2.432207e-02	-1.939474e-02
235           	-2.463854e-03	1.114128e+00	-4.374594e-02	-2.433683e-02	-1.940912e-02
236           	-2.464046e-03	1.114202e+00	-4.377607e-02	-2.435208e-02	-1.942399e-02
237           	-2.464241e-03	1.114277e+00	-4.380676e-02	-2.436762e-02	-1.943914e-02
238           	-2.464443e-03	1.114355e+00	-4.383853e-02	-2.438371e-02	-1.945482e-02
239           	-2.464648e-03	1.114434e+00	-4.387102e-02	-2.440016e-02	-1.947086e-02
240           	-2.464859e-03	1.114514e+00	-4.390481e-02	-2.441726e-02	-1.948754e-02
241           	-2.465076e-03	1.114597e+00	-4.393962e-02	-2.443489e-02	-1.950474e-02
242           	-2.465299e-03	1.114681e+00	-4.397607e-02	-2.445333e-02	-1.952273e-02
243           	-2.465524e-03	1.114767e+00	-4.401378e-02	-2.447242e-02	-1.954137e-02
244           	-2.465752e-03	1.114854e+00	-4.405329e-02	-2.449240e-02	-1.956089e-02
245           	-2.465979e-03	1.114942e+00	-4.409412e-02	-2.451304e-02	-1.958108e-02
246           	-2.466208e-03	1.115032e+00	-4.413667e-02	-2.453454e-02	-1.960213e-02
247           	-2.466435e-03	1.115122e+00	-4.418041e-02	-2.455664e-02	-1.962377e-02
248           	-2.466663e-03	1.115213e+00	-4.422567e-02	-2.457950e-02	-1.964617e-02
249           	-2.466887e-03	1.115304e+00	-4.427195e-02	-2.460286e-02	-1.966909e-02
250           	-2.467110e-03	1.115396e+00	-4.431967e-02	-2.462695e-02	-1.969273e-02
251           	-2.467329e-03	1.115488e+00	-4.436845e-02	-2.465155e-02	-1.971689e-02
252           	-2.467547e-03	1.115581e+00	-4.441880e-02	-2.467695e-02	-1.974186e-02
253           	-2.467761e-03	1.115674e+00	-4.447037e-02	-2.470295e-02	-1.976742e-02
254           	-2.467977e-03	1.115767e+00	-4.452360e-02	-2.472978e-02	-1.979382e-02
255           	-2.468191e-03	1.115861e+00	-4.457805e-02	-2.475721e-02	-1.982083e-02
256           	-2.468406e-03	1.115955e+00	-4.463409e-02	-2.478545e-02	-1.984864e-02
257           	-2.468617e-03	1.116049e+00	-4.469120e-02	-2.481421e-02	-1.987698e-02
258           	-2.468826e-03	1.116144e+00	-4.474978e-02	-2.484372e-02	-1.990606e-02
259           	-2.469030e-03	1.116238e+00	-4.480940e-02	-2.487373e-02	-1.993567e-02
260           	-2.469234e-03	1.116334e+00	-4.487053e-02	-2.490450e-02	-1.996603e-02
261           	-2.469435e-03	1.116429e+00	-4.493281e-02	-2.493584e-02	-1.999697e-02
262           	-2.469638e-03	1.116525e+00	-4.499681e-02	-2.496804e-02	-2.002876e-02
263           	-2.469840e-03	1.116622e+00	-4.506215e-02	-2.500092e-02	-2.006124e-02
264           	-2.470046e-03	1.116720e+00	-4.512940e-02	-2.503474e-02	-2.009465e-02
265           	-2.470251e-03	1.116819e+00	-4.519815e-02	-2.506932e-02	-2.012882e-02
266           	-2.470455e-03	1.116918e+00	-4.526876e-02	-2.510484e-02	-2.016393e-02
267           	-2.470657e-03	1.117017e+00	-4.534074e-02	-2.514103e-02	-2.019971e-02
268           	-2.470860e-03	1.117116e+00	-4.541436e-02	-2.517804e-02	-2.023632e-02
269           	-2.471058e-03	1.117216e+00	-4.548906e-02	-2.521559e-02	-2.027347e-02
270           	-2.471254e-03	1.117315e+00	-4.556508e-02	-2.525379e-02	-2.031128e-02
271           	-2.471447e-03	1.117414e+00	-4.564198e-02	-2.529244e-02	-2.034954e-02
272           	-2.471639e-03	1.117513e+00	-4.572014e-02	-2.533171e-02	-2.038843e-02
273           	-2.471828e-03	1.117612e+00	-4.579918e-02	-2.537142e-02	-2.042776e-02
274           	-2.472016e-03	1.117711e+00	-4.587956e-02	-2.541180e-02	-2.046776e-02
275           	-2.472186e-03	1.117806e+00	-4.595964e-02	-2.545200e-02	-2.050763e-02
276           	-2.472368e-03	1.117905e+00	-4.604097e-02	-2.549286e-02	-2.054812e-02
277           	-2.472535e-03	1.118001e+00	-4.612265e-02	-2.553386e-02	-2.058879e-02
278           	-2.472700e-03	1.118098e+00	-4.620437e-02	-2.557489e-02	-2.062949e-02
279           	-2.472864e-03	1.118194e+00	-4.628613e-02	-2.561593e-02	-2.067020e-02
280           	-2.473028e-03	1.118291e+00	-4.636850e-02	-2.565728e-02	-2.071122e-02
281           	-2.473191e-03	1.118387e+00	-4.645126e-02	-2.569882e-02	-2.075244e-02
282           	-2.473356e-03	1.118483e+00	-4.653515e-02	-2.574093e-02	-2.079422e-02
283           	-2.473520e-03	1.118579e+00	-4.662029e-02	-2.578366e-02	-2.083662e-02
284           	-2.473684e-03	1.118673e+00	-4.670757e-02	-2.582747e-02	-2.088010e-02
285           	-2.473843e-03	1.118767e+00	-4.679717e-02	-2.587243e-02	-2.092474e-02
286           	-2.474001e-03	1.118861e+00	-4.688992e-02	-2.591896e-02	-2.097096e-02
287           	-2.474153e-03	1.118953e+00	-4.698569e-02	-2.596700e-02	-2.101869e-02
288           	-2.474300e-03	1.119045e+00	-4.708478e-02	-2.601669e-02	-2.106809e-02
289           	-2.474438e-03	1.119136e+00	-4.718656e-02	-2.606772e-02	-2.111884e-02
290           	-2.474568e-03	1.119225e+00	-4.729092e-02	-2.612003e-02	-2.117089e-02
291           	-2.474690e-03	1.119313e+00	-4.739692e-02	-2.617315e-02	-2.122377e-02
292           	-2.474805e-03	1.119401e+00	-4.750434e-02	-2.622698e-02	-2.127737e-02
293           	-2.474913e-03	1.119486e+00	-4.761238e-02	-2.628110e-02	-2.133128e-02
294           	-2.475015e-03	1.119571e+00	-4.772105e-02	-2.633554e-02	-2.138551e-02
295           	-2.475111e-03	1.119655e+00	-4.782977e-02	-2.639000e-02	-2.143978e-02
296           	-2.475201e-03	1.119736e+00	-4.793889e-02	-2.644464e-02	-2.149424e-02
297           	-2.475284e-03	1.119817e+00	-4.804811e-02	-2.649934e-02	-2.154877e-02
298           	-2.475364e-03	1.119896e+00	-4.815794e-02	-2.655433e-02	-2.160361e-02
299           	-2.475437e-03	1.119974e+00	-4.826815e-02	-2.660951e-02	-2.165864e-02
300           	-2.475507e-03	1.120051e+00	-4.837931e-02	-2.666516e-02	-2.171415e-02
301           	-2.475609e-03	1.120128e+00	-4.849040e-02	-2.672081e-02	-2.176959e-02
302           	-2.475696e-03	1.120203e+00	-4.860284e-02	-2.677712e-02	-2.182572e-02
303           	-2.475725e-03	1.120274e+00	-4.871744e-02	-2.683445e-02	-2.188300e-02
304           	-2.475803e-03	1.120358e+00	-4.884091e-02	-2.689626e-02	-2.194465e-02
305           	-2.475884e-03	1.120434e+00	-4.896223e-02	-2.695700e-02	-2.200523e-02
306           	-2.475928e-03	1.120510e+00	-4.908965e-02	-2.702075e-02	-2.206890e-02
307           	-2.475956e-03	1.120585e+00	-4.922069e-02	-2.708630e-02	-2.213439e-02
308           	-2.475963e-03	1.120655e+00	-4.935341e-02	-2.715267e-02	-2.220074e-02
309           	-2.475940e-03	1.120718e+00	-4.948592e-02	-2.721890e-02	-2.226702e-02
310           	-2.475896e-03	1.120776e+00	-4.961783e-02	-2.728481e-02	-2.233302e-02
311           	-2.475837e-03	1.120830e+00	-4.974848e-02	-2.735007e-02	-2.239840e-02
312           	-2.475778e-03	1.120884e+00	-4.987819e-02	-2.741487e-02	-2.246332e-02
313           	-2.475724e-03	1.120937e+00	-5.000655e-02	-2.747900e-02	-2.252755e-02
314           	-2.475683e-03	1.120991e+00	-5.013382e-02	-2.754259e-02	-2.259123e-02
315           	-2.475645e-03	1.121046e+00	-5.025930e-02	-2.760530e-02	-2.265401e-02
316           	-2.475609e-03	1.121100e+00	-5.038336e-02	-2.766729e-02	-2.271607e-02
317           	-2.475571e-03	1.121153e+00	-5.050563e-02	-2.772838e-02	-2.277724e-02
318           	-2.475530e-03	1.121205e+00	-5.062659e-02	-2.778883e-02	-2.283777e-02
319           	-2.475484e-03	1.121256e+00	-5.074639e-02	-2.784868e-02	-2.289771e-02
320           	-2.475436e-03	1.121305e+00	-5.086562e-02	-2.790825e-02	-2.295738e-02
321           	-2.475380e-03	1.121353e+00	-5.098417e-02	-2.796747e-02	-2.301671e-02
322           	-2.475317e-03	1.121399e+00	-5.110258e-02	-2.802661e-02	-2.307597e-02
323           	-2.475248e-03	1.121443e+00	-5.122064e-02	-2.808557e-02	-2.313507e-02
324           	-2.475172e-03	1.121486e+00	-5.133878e-02	-2.814456e-02	-2.319422e-02
325           	-2.475090e-03	1.121527e+00	-5.145670e-02	-2.820344e-02	-2.325326e-02
326           	-2.475006e-03	1.121567e+00	-5.157479e-02	-2.826240e-02	-2.331239e-02
327           	-2.474918e-03	1.121605e+00	-5.169274e-02	-2.832129e-02	-2.337145e-02
328           	-2.474830e-03	1.121643e+00	-5.181087e-02	-2.838027e-02	-2.343061e-02
329           	-2.474740e-03	1.121680e+00	-5.192882e-02	-2.843915e-02	-2.348967e-02
330           	-2.474650e-03	1.121716e+00	-5.204688e-02	-2.849809e-02	-2.354879e-02
331           	-2.474555e-03	1.121751e+00	-5.216465e-02	-2.855688e-02	-2.360777e-02
332           	-2.474458e-03	1.121785e+00	-5.228237e-02	-2.861564e-02	-2.366672e-02
333           	-2.474354e-03	1.121818e+00	-5.239957e-02	-2.867414e-02	-2.372543e-02
334           	-2.474247e-03	1.121849e+00	-5.251642e-02	-2.873245e-02	-2.378396e-02
335           	-2.474136e-03	1.121879e+00	-5.263264e-02	-2.879045e-02	-2.384218e-02
336           	-2.474025e-03	1.121909e+00	-5.274843e-02	-2.884824e-02	-2.390019e-02
337           	-2.473912e-03	1.121937e+00	-5.286354e-02	-2.890568e-02	-2.395786e-02
338           	-2.473798e-03	1.121965e+00	-5.297812e-02	-2.896286e-02	-2.401526e-02
339           	-2.473680e-03	1.121992e+00	-5.309193e-02	-2.901965e-02	-2.407229e-02
340           	-2.473563e-03	1.122018e+00	-5.320532e-02	-2.907623e-02	-2.412910e-02
341           	-2.473443e-03	1.122043e+00	-5.331795e-02	-2.913242e-02	-2.418553e-02
342           	-2.473323e-03	1.122067e+00	-5.343010e-02	-2.918837e-02	-2.424173e-02
343           	-2.473200e-03	1.122091e+00	-5.354146e-02	-2.924393e-02	-2.429753e-02
344           	-2.473076e-03	1.122114e+00	-5.365241e-02	-2.929928e-02	-2.435313e-02
345           	-2.472949e-03	1.122137e+00	-5.376269e-02	-2.935430e-02	-2.440840e-02
346           	-2.472822e-03	1.122158e+00	-5.387274e-02	-2.940919e-02	-2.446355e-02
347           	-2.472692e-03	1.122179e+00	-5.398236e-02	-2.946387e-02	-2.451849e-02
348           	-2.472561e-03	1.122199e+00	-5.409187e-02	-2.951850e-02	-2.457338e-02
349           	-2.472427e-03	1.122219e+00	-5.420096e-02	-2.957291e-02	-2.462806e-02
350           	-2.472292e-03	1.122237e+00	-5.430989e-02	-2.962724e-02	-2.468265e-02
351           	-2.472155e-03	1.122255e+00	-5.441824e-02	-2.968128e-02	-2.473697e-02
352           	-2.472019e-03	1.122273e+00	-5.452631e-02	-2.973517e-02	-2.479113e-02
353           	-2.471881e-03	1.122290e+00	-5.463369e-02	-2.978872e-02	-2.484496e-02
354           	-2.471742e-03	1.122307e+00	-5.474051e-02	-2.984200e-02	-2.489851e-02
355           	-2.471601e-03	1.122323e+00	-5.484646e-02	-2.989483e-02	-2.495163e-02
356           	-2.471459e-03	1.122339e+00	-5.495182e-02	-2.994737e-02	-2.500445e-02
357           	-2.471314e-03	1.122354e+00	-5.505620e-02	-2.999942e-02	-2.505679e-02
358           	-2.471170e-03	1.122368e+00	-5.516004e-02	-3.005119e-02	-2.510885e-02
359           	-2.471025e-03	1.122382e+00	-5.526318e-02	-3.010262e-02	-2.516057e-02
360           	-2.470880e-03	1.122396e+00	-5.536594e-02	-3.015385e-02	-2.521209e-02
361           	-2.470734e-03	1.122409e+00	-5.546803e-02	-3.020475e-02	-2.526328e-02
362           	-2.470588e-03	1.122421e+00	-5.556973e-02	-3.025545e-02	-2.531428e-02
363           	-2.470440e-03	1.122434e+00	-5.567074e-02	-3.030581e-02	-2.536493e-02
364           	-2.470293e-03	1.122446e+00	-5.577129e-02	-3.035594e-02	-2.541535e-02
365           	-2.470144e-03	1.122457e+00	-5.587092e-02	-3.040560e-02	-2.546532e-02
366           	-2.469994e-03	1.122468e+00	-5.596984e-02	-3.045491e-02	-2.551492e-02
367           	-2.469844e-03	1.122479e+00	-5.606771e-02	-3.050370e-02	-2.556401e-02
368           	-2.469694e-03	1.122490e+00	-5.616477e-02	-3.055208e-02	-2.561269e-02
369           	-2.469545e-03	1.122501e+00	-5.626073e-02	-3.059991e-02	-2.566082e-02
370           	-2.469397e-03	1.122511e+00	-5.635595e-02	-3.064737e-02	-2.570858e-02
371           	-2.469271e-03	1.122522e+00	-5.645015e-02	-3.069434e-02	-2.575580e-02
372           	-2.469115e-03	1.122532e+00	-5.654416e-02	-3.074119e-02	-2.580296e-02
373           	-2.468981e-03	1.122543e+00	-5.663740e-02	-3.078768e-02	-2.584972e-02
374           	-2.468821e-03	1.122552e+00	-5.673067e-02	-3.083416e-02	-2.589651e-02
375           	-2.468687e-03	1.122563e+00	-5.682323e-02	-3.088030e-02	-2.594293e-02
376           	-2.468528e-03	1.122573e+00	-5.691576e-02	-3.092641e-02	-2.598935e-02
377           	-2.468395e-03	1.122584e+00	-5.700772e-02	-3.097225e-02	-2.603546e-02
378           	-2.468264e-03	1.122595e+00	-5.709964e-02	-3.101808e-02	-2.608155e-02
379           	-2.468104e-03	1.122604e+00	-5.719102e-02	-3.106362e-02	-2.612741e-02
380           	-2.467971e-03	1.122615e+00	-5.728169e-02	-3.110882e-02	-2.617288e-02
381           	-2.467836e-03	1.122625e+00	-5.737158e-02	-3.115363e-02	-2.621795e-02
382           	-2.467677e-03	1.122634e+00	-5.746097e-02	-3.119816e-02	-2.626281e-02
383           	-2.467543e-03	1.122645e+00	-5.754907e-02	-3.124208e-02	-2.630699e-02
384           	-2.467410e-03	1.122655e+00	-5.763637e-02	-3.128559e-02	-2.635077e-02
385           	-2.467271e-03	1.122664e+00	-5.772252e-02	-3.132853e-02	-2.639399e-02
386           	-2.467111e-03	1.122672e+00	-5.780774e-02	-3.137098e-02	-2.643676e-02
387           	-2.466977e-03	1.122682e+00	-5.789135e-02	-3.141265e-02	-2.647870e-02
388           	-2.466845e-03	1.122692e+00	-5.797386e-02	-3.145377e-02	-2.652008e-02
389           	-2.466709e-03	1.122701e+00	-5.805510e-02	-3.149426e-02	-2.656084e-02
390           	-2.466573e-03	1.122711e+00	-5.813548e-02	-3.153431e-02	-2.660117e-02
391           	-2.466436e-03	1.122720e+00	-5.821487e-02	-3.157387e-02	-2.664100e-02
392           	-2.466301e-03	1.122729e+00	-5.829360e-02	-3.161310e-02	-2.668050e-02
393           	-2.466167e-03	1.122738e+00	-5.837149e-02	-3.165191e-02	-2.671958e-02
394           	-2.466036e-03	1.122748e+00	-5.844896e-02	-3.169052e-02	-2.675844e-02
395           	-2.465904e-03	1.122757e+00	-5.852574e-02	-3.172878e-02	-2.679697e-02
396           	-2.465775e-03	1.122767e+00	-5.860227e-02	-3.176691e-02	-2.683536e-02
397           	-2.465645e-03	1.122776e+00	-5.867819e-02	-3.180474e-02	-2.687345e-02
398           	-2.465517e-03	1.122786e+00	-5.875379e-02	-3.184241e-02	-2.691138e-02
399           	-2.465388e-03	1.122795e+00	-5.882875e-02	-3.187976e-02	-2.694899e-02
400           	-2.465260e-03	1.122804e+00	-5.890338e-02	-3.191695e-02	-2.698643e-02
401           	-2.465133e-03	1.122814e+00	-5.897732e-02	-3.195379e-02	-2.702353e-02
402           	-2.465007e-03	1.122823e+00	-5.905083e-02	-3.199042e-02	-2.706041e-02
403           	-2.464880e-03	1.122832e+00	-5.912354e-02	-3.202665e-02	-2.709689e-02
404           	-2.464755e-03	1.122842e+00	-5.919564e-02	-3.206258e-02	-2.713307e-02
405           	-2.464629e-03	1.122851e+00	-5.926677e-02	-3.209802e-02	-2.716876e-02
406           	-2.464506e-03	1.122860e+00	-5.933716e-02	-3.213308e-02	-2.720407e-02
407           	-2.464383e-03	1.122870e+00	-5.940638e-02	-3.216757e-02	-2.723881e-02
408           	-2.464262e-03	1.122879e+00	-5.947461e-02	-3.220157e-02	-2.727304e-02
409           	-2.464141e-03	1.122888e+00	-5.954151e-02	-3.223489e-02	-2.730661e-02
410           	-2.464021e-03	1.122898e+00	-5.960726e-02	-3.226765e-02	-2.733961e-02
411           	-2.463902e-03	1.122907e+00	-5.967156e-02	-3.229968e-02	-2.737188e-02
412           	-2.463785e-03	1.122917e+00	-5.973472e-02	-3.233115e-02	-2.740358e-02
413           	-2.463669e-03	1.122927e+00	-5.979652e-02	-3.236193e-02	-2.743459e-02
414           	-2.463555e-03	1.122936e+00	-5.985731e-02	-3.239221e-02	-2.746510e-02
415           	-2.463442e-03	1.122946e+00	-5.991693e-02	-3.242191e-02	-2.749502e-02
416           	-2.463331e-03	1.122956e+00	-5.997578e-02	-3.245122e-02	-2.752456e-02
417           	-2.463220e-03	1.122965e+00	-6.003372e-02	-3.248008e-02	-2.755364e-02
418           	-2.463112e-03	1.122975e+00	-6.009114e-02	-3.250868e-02	-2.758246e-02
419           	-2.463003e-03	1.122985e+00	-6.014786e-02	-3.253693e-02	-2.761092e-02
420           	-2.462898e-03	1.122995e+00	-6.020425e-02	-3.256502e-02	-2.763923e-02
421           	-2.462792e-03	1.123005e+00	-6.026006e-02	-3.259282e-02	-2.766724e-02
422           	-2.462689e-03	1.123015e+00	-6.031558e-02	-3.262048e-02	-2.769510e-02
423           	-2.462586e-03	1.123025e+00	-6.037045e-02	-3.264781e-02	-2.772264e-02
424           	-2.462484e-03	1.123035e+00	-6.042491e-02	-3.267494e-02	-2.774997e-02
425           	-2.462383e-03	1.123045e+00	-6.047864e-02	-3.270170e-02	-2.777694e-02
426           	-2.462283e-03	1.123055e+00	-6.053182e-02	-3.272819e-02	-2.780362e-02
427           	-2.462183e-03	1.123065e+00	-6.058410e-02	-3.275423e-02	-2.782986e-02
428           	-2.462084e-03	1.123075e+00	-6.063570e-02	-3.277994e-02	-2.785577e-02
429           	-2.461986e-03	1.123085e+00	-6.068634e-02	-3.280516e-02	-2.788118e-02
430           	-2.461890e-03	1.123095e+00	-6.073623e-02	-3.283000e-02	-2.790622e-02
431           	-2.461793e-03	1.123105e+00	-6.078510e-02	-3.285435e-02	-2.793076e-02
432           	-2.461697e-03	1.123115e+00	-6.083323e-02	-3.287831e-02	-2.795492e-02
433           	-2.461602e-03	1.123125e+00	-6.088038e-02	-3.290179e-02	-2.797859e-02
434           	-2.461509e-03	1.123135e+00	-6.092686e-02	-3.292494e-02	-2.800192e-02
435           	-2.461416e-03	1.123145e+00	-6.097247e-02	-3.294765e-02	-2.802482e-02
436           	-2.461325e-03	1.123155e+00	-6.101752e-02	-3.297008e-02	-2.804743e-02
437           	-2.461235e-03	1.123165e+00	-6.106179e-02	-3.299213e-02	-2.806966e-02
438           	-2.461146e-03	1.123175e+00	-6.110558e-02	-3.301394e-02	-2.809165e-02
439           	-2.461057e-03	1.123185e+00	-6.114867e-02	-3.303539e-02	-2.811328e-02
440           	-2.460970e-03	1.123195e+00	-6.119134e-02	-3.305664e-02	-2.813470e-02
441           	-2.460882e-03	1.123205e+00	-6.123334e-02	-3.307755e-02	-2.815579e-02
442           	-2.460796e-03	1.123214e+00	-6.127494e-02	-3.309827e-02	-2.817668e-02
443           	-2.460710e-03	1.123224e+00	-6.131587e-02	-3.311864e-02	-2.819722e-02
444           	-2.460627e-03	1.123234e+00	-6.135637e-02	-3.313881e-02	-2.821756e-02
445           	-2.460543e-03	1.123244e+00	-6.139619e-02	-3.315864e-02	-2.823755e-02
446           	-2.460462e-03	1.123254e+00	-6.143557e-02	-3.317825e-02	-2.825732e-02
447           	-2.460380e-03	1.123263e+00	-6.147424e-02	-3.319750e-02	-2.827674e-02
448           	-2.460305e-03	1.123274e+00	-6.151250e-02	-3.321656e-02	-2.829595e-02
449           	-2.460224e-03	1.123284e+00	-6.155000e-02	-3.323522e-02	-2.831478e-02
450           	-2.460146e-03	1.123293e+00	-6.158704e-02	-3.325367e-02	-2.833338e-02
451           	-2.460068e-03	1.123303e+00	-6.162345e-02	-3.327179e-02	-2.835166e-02
452           	-2.459995e-03	1.123313e+00	-6.165952e-02	-3.328976e-02	-2.836977e-02
453           	-2.459918e-03	1.123323e+00	-6.169492e-02	-3.330738e-02	-2.838754e-02
454           	-2.459846e-03	1.123333e+00	-6.173000e-02	-3.332485e-02	-2.840516e-02
455           	-2.459760e-03	1.123341e+00	-6.176474e-02	-3.334213e-02	-2.842261e-02
456           	-2.459690e-03	1.123351e+00	-6.179911e-02	-3.335924e-02	-2.843986e-02
457           	-2.459618e-03	1.123361e+00	-6.183287e-02	-3.337605e-02	-2.845681e-02
458           	-2.459551e-03	1.123371e+00	-6.186632e-02	-3.339271e-02	-2.847361e-02
459           	-2.459483e-03	1.123381e+00	-6.189915e-02	-3.340906e-02	-2.849009e-02
460           	-2.459406e-03	1.123390e+00	-6.193184e-02	-3.342533e-02	-2.850651e-02
461           	-2.459336e-03	1.123399e+00	-6.196376e-02	-3.344122e-02	-2.852254e-02
462           	-2.459274e-03	1.123409e+00	-6.199536e-02	-3.345695e-02	-2.853841e-02
463           	-2.459210e-03	1.123419e+00	-6.202634e-02	-3.347238e-02	-2.855396e-02
464           	-2.459138e-03	1.123428e+00	-6.205718e-02	-3.348773e-02	-2.856945e-02
465           	-2.459071e-03	1.123437e+00	-6.208731e-02	-3.350272e-02	-2.858458e-02
466           	-2.459011e-03	1.123447e+00	-6.211717e-02	-3.351759e-02	-2.859957e-02
467           	-2.458941e-03	1.123456e+00	-6.214675e-02	-3.353232e-02	-2.861443e-02
468           	-2.458881e-03	1.123465e+00	-6.217594e-02	-3.354685e-02	-2.862909e-02
469           	-2.458818e-03	1.123474e+00	-6.220451e-02	-3.356107e-02	-2.864344e-02
470           	-2.458752e-03	1.123483e+00	-6.223306e-02	-3.357528e-02	-2.865778e-02
471           	-2.458693e-03	1.123492e+00	-6.226098e-02	-3.358918e-02	-2.867180e-02
472           	-2.458628e-03	1.123501e+00	-6.228877e-02	-3.360301e-02	-2.868576e-02
473           	-2.458568e-03	1.123510e+00	-6.231585e-02	-3.361649e-02	-2.869936e-02
474           	-2.458506e-03	1.123519e+00	-6.234282e-02	-3.362992e-02	-2.871290e-02
475           	-2.458452e-03	1.123528e+00	-6.236911e-02	-3.364300e-02	-2.872610e-02
476           	-2.458391e-03	1.123537e+00	-6.239521e-02	-3.365599e-02	-2.873921e-02
477           	-2.458335e-03	1.123545e+00	-6.242057e-02	-3.366862e-02	-2.875195e-02
478           	-2.458276e-03	1.123554e+00	-6.244584e-02	-3.368120e-02	-2.876464e-02
479           	-2.458225e-03	1.123563e+00	-6.247047e-02	-3.369346e-02	-2.877701e-02
480           	-2.458167e-03	1.123571e+00	-6.249498e-02	-3.370566e-02	-2.878932e-02
481           	-2.458114e-03	1.123580e+00	-6.251887e-02	-3.371755e-02	-2.880132e-02
482           	-2.458059e-03	1.123588e+00	-6.254273e-02	-3.372942e-02	-2.881331e-02
483           	-2.458009e-03	1.123597e+00	-6.256606e-02	-3.374104e-02	-2.882502e-02
484           	-2.457954e-03	1.123605e+00	-6.258933e-02	-3.375262e-02	-2.883671e-02
485           	-2.457903e-03	1.123613e+00	-6.261206e-02	-3.376393e-02	-2.884812e-02
486           	-2.457850e-03	1.123621e+00	-6.263477e-02	-3.377524e-02	-2.885954e-02
487           	-2.457802e-03	1.123630e+00	-6.265697e-02	-3.378629e-02	-2.887068e-02
488           	-2.457750e-03	1.123638e+00	-6.267912e-02	-3.379731e-02	-2.888181e-02
489           	-2.457701e-03	1.123646e+00	-6.270072e-02	-3.380806e-02	-2.889266e-02
490           	-2.457650e-03	1.123654e+00	-6.272228e-02	-3.381879e-02	-2.890349e-02
491           	-2.457605e-03	1.123662e+00	-6.274334e-02	-3.382927e-02	-2.891406e-02
492           	-2.457554e-03	1.123669e+00	-6.276431e-02	-3.383971e-02	-2.892460e-02
493           	-2.457508e-03	1.123677e+00	-6.278476e-02	-3.384989e-02	-2.893487e-02
494           	-2.457459e-03	1.123685e+00	-6.280520e-02	-3.386006e-02	-2.894514e-02
495           	-2.457409e-03	1.123692e+00	-6.282534e-02	-3.387008e-02	-2.895526e-02
496           	-2.457365e-03	1.123700e+00	-6.284519e-02	-3.387996e-02	-2.896523e-02
497           	-2.457318e-03	1.123707e+00	-6.286479e-02	-3.388971e-02	-2.897508e-02
498           	-2.457277e-03	1.123715e+00	-6.288412e-02	-3.389934e-02	-2.898479e-02
499           	-2.457229e-03	1.123722e+00	-6.290316e-02	-3.390881e-02	-2.899435e-02
500           	-2.457182e-03	1.123729e+00	-6.292210e-02	-3.391823e-02	-2.900387e-02
501           	-2.457140e-03	1.123736e+00	-6.294054e-02	-3.392741e-02	-2.901313e-02
502           	-2.457097e-03	1.123743e+00	-6.295895e-02	-3.393657e-02	-2.902238e-02
503           	-2.457052e-03	1.123750e+00	-6.297704e-02	-3.394557e-02	-2.903147e-02
504           	-2.457012e-03	1.123757e+00	-6.299485e-02	-3.395444e-02	-2.904042e-02
505           	-2.456968e-03	1.123764e+00	-6.301241e-02	-3.396317e-02	-2.904924e-02
506           	-2.456926e-03	1.123771e+00	-6.302989e-02	-3.397187e-02	-2.905802e-02
507           	-2.456886e-03	1.123777e+00	-6.304690e-02	-3.398034e-02	-2.906656e-02
508           	-2.456846e-03	1.123784e+00	-6.306389e-02	-3.398879e-02	-2.907510e-02
509           	-2.456804e-03	1.123790e+00	-6.308062e-02	-3.399711e-02	-2.908351e-02
510           	-2.456767e-03	1.123797e+00	-6.309712e-02	-3.400533e-02	-2.909179e-02
511           	-2.456730e-03	1.123804e+00	-6.311344e-02	-3.401345e-02	-2.909999e-02
512           	-2.456698e-03	1.123811e+00	-6.312979e-02	-3.402159e-02	-2.910820e-02
513           	-2.456669e-03	1.123819e+00	-6.314593e-02	-3.402963e-02	-2.911630e-02
514           	-2.456643e-03	1.123828e+00	-6.316203e-02	-3.403766e-02	-2.912437e-02
515           	-2.456617e-03	1.123836e+00	-6.317782e-02	-3.404553e-02	-2.913229e-02
516           	-2.456590e-03	1.123844e+00	-6.319346e-02	-3.405332e-02	-2.914014e-02
517           	-2.456562e-03	1.123852e+00	-6.320871e-02	-3.406091e-02	-2.914779e-02
518           	-2.456533e-03	1.123859e+00	-6.322379e-02	-3.406843e-02	-2.915536e-02
519           	-2.456503e-03	1.123867e+00	-6.323854e-02	-3.407577e-02	-2.916277e-02
520           	-2.456473e-03	1.123874e+00	-6.325320e-02	-3.408307e-02	-2.917013e-02
521           	-2.456442e-03	1.123881e+00	-6.326763e-02	-3.409026e-02	-2.917737e-02
522           	-2.456409e-03	1.123888e+00	-6.328207e-02	-3.409744e-02	-2.918463e-02
523           	-2.456370e-03	1.123893e+00	-6.329633e-02	-3.410453e-02	-2.919179e-02
524           	-2.456328e-03	1.123898e+00	-6.331068e-02	-3.411167e-02	-2.919901e-02
525           	-2.456284e-03	1.123903e+00	-6.332498e-02	-3.411877e-02	-2.920621e-02
526           	-2.456244e-03	1.123907e+00	-6.333938e-02	-3.412593e-02	-2.921345e-02
527           	-2.456200e-03	1.123912e+00	-6.335385e-02	-3.413312e-02	-2.922072e-02
528           	-2.456157e-03	1.123915e+00	-6.336857e-02	-3.414044e-02	-2.922813e-02
529           	-2.456119e-03	1.123920e+00	-6.338322e-02	-3.414773e-02	-2.923549e-02
530           	-2.456078e-03	1.123924e+00	-6.339806e-02	-3.415511e-02	-2.924295e-02
531           	-2.456038e-03	1.123928e+00	-6.341280e-02	-3.416244e-02	-2.925036e-02
532           	-2.456003e-03	1.123932e+00	-6.342747e-02	-3.416974e-02	-2.925773e-02
533           	-2.455965e-03	1.123937e+00	-6.344186e-02	-3.417690e-02	-2.926497e-02
534           	-2.455931e-03	1.123941e+00	-6.345600e-02	-3.418393e-02	-2.927207e-02
535           	-2.455895e-03	1.123945e+00	-6.346974e-02	-3.419077e-02	-2.927898e-02
536           	-2.455860e-03	1.123950e+00	-6.348324e-02	-3.419748e-02	-2.928576e-02
537           	-2.455829e-03	1.123954e+00	-6.349614e-02	-3.420390e-02	-2.929224e-02
538           	-2.455799e-03	1.123959e+00	-6.350879e-02	-3.421020e-02	-2.929860e-02
539           	-2.455772e-03	1.123964e+00	-6.352100e-02	-3.421627e-02	-2.930473e-02
540           	-2.455750e-03	1.123971e+00	-6.353297e-02	-3.422224e-02	-2.931073e-02
541           	-2.455730e-03	1.123977e+00	-6.354448e-02	-3.422797e-02	-2.931651e-02
542           	-2.455711e-03	1.123983e+00	-6.355571e-02	-3.423356e-02	-2.932214e-02
543           	-2.455691e-03	1.123989e+00	-6.356646e-02	-3.423892e-02	-2.932754e-02
544           	-2.455670e-03	1.123995e+00	-6.357699e-02	-3.424417e-02	-2.933282e-02
545           	-2.455649e-03	1.124001e+00	-6.358713e-02	-3.424921e-02	-2.933792e-02
546           	-2.455628e-03	1.124006e+00	-6.359716e-02	-3.425421e-02	-2.934295e-02
547           	-2.455606e-03	1.124012e+00	-6.360693e-02	-3.425907e-02	-2.934786e-02
548           	-2.455584e-03	1.124017e+00	-6.361673e-02	-3.426395e-02	-2.935278e-02
549           	-2.455561e-03	1.124023e+00	-6.362641e-02	-3.426876e-02	-2.935764e-02
550           	-2.455539e-03	1.124028e+00	-6.363623e-02	-3.427365e-02	-2.936257e-02
551           	-2.455516e-03	1.124033e+00	-6.364602e-02	-3.427853e-02	-2.936750e-02
552           	-2.455493e-03	1.124037e+00	-6.365604e-02	-3.428351e-02	-2.937253e-02
553           	-2.455468e-03	1.124042e+00	-6.366606e-02	-3.428850e-02	-2.937756e-02
554           	-2.455444e-03	1.124046e+00	-6.367632e-02	-3.429360e-02	-2.938271e-02
555           	-2.455419e-03	1.124051e+00	-6.368657e-02	-3.429870e-02	-2.938786e-02
556           	-2.455394e-03	1.124055e+00	-6.369700e-02	-3.430389e-02	-2.939310e-02
557           	-2.455369e-03	1.124059e+00	-6.370737e-02	-3.430906e-02	-2.939832e-02
558           	-2.455344e-03	1.124063e+00	-6.371786e-02	-3.431427e-02	-2.940359e-02
559           	-2.455318e-03	1.124067e+00	-6.372822e-02	-3.431943e-02	-2.940879e-02
560           	-2.455293e-03	1.124070e+00	-6.373861e-02	-3.432460e-02	-2.941401e-02
561           	-2.455267e-03	1.124074e+00	-6.374879e-02	-3.432966e-02	-2.941913e-02
562           	-2.455243e-03	1.124078e+00	-6.375896e-02	-3.433472e-02	-2.942424e-02
563           	-2.455218e-03	1.124081e+00	-6.376889e-02	-3.433966e-02	-2.942923e-02
564           	-2.455195e-03	1.124085e+00	-6.377873e-02	-3.434456e-02	-2.943417e-02
565           	-2.455170e-03	1.124088e+00	-6.378828e-02	-3.434931e-02	-2.943897e-02
566           	-2.455147e-03	1.124092e+00	-6.379777e-02	-3.435403e-02	-2.944374e-02
567           	-2.455124e-03	1.124095e+00	-6.380696e-02	-3.435860e-02	-2.944836e-02
568           	-2.455102e-03	1.124099e+00	-6.381609e-02	-3.436315e-02	-2.945294e-02
569           	-2.455080e-03	1.124103e+00	-6.382494e-02	-3.436755e-02	-2.945739e-02
570           	-2.455058e-03	1.124106e+00	-6.383371e-02	-3.437191e-02	-2.946180e-02
571           	-2.455036e-03	1.124109e+00	-6.384224e-02	-3.437615e-02	-2.946608e-02
572           	-2.455015e-03	1.124113e+00	-6.385071e-02	-3.438037e-02	-2.947034e-02
573           	-2.454994e-03	1.124116e+00	-6.385895e-02	-3.438447e-02	-2.947448e-02
574           	-2.454973e-03	1.124119e+00	-6.386715e-02	-3.438855e-02	-2.947860e-02
575           	-2.454953e-03	1.124123e+00	-6.387514e-02	-3.439252e-02	-2.948262e-02
576           	-2.454933e-03	1.124126e+00	-6.388309e-02	-3.439648e-02	-2.948661e-02
577           	-2.454913e-03	1.124129e+00	-6.389083e-02	-3.440033e-02	-2.949050e-02
578           	-2.454893e-03	1.124132e+00	-6.389856e-02	-3.440418e-02	-2.949439e-02
579           	-2.454873e-03	1.124135e+00	-6.390609e-02	-3.440792e-02	-2.949817e-02
580           	-2.454855e-03	1.124139e+00	-6.391364e-02	-3.441168e-02	-2.950197e-02
581           	-2.454835e-03	1.124141e+00	-6.392098e-02	-3.441533e-02	-2.950566e-02
582           	-2.454817e-03	1.124145e+00	-6.392835e-02	-3.441899e-02	-2.950936e-02
583           	-2.454798e-03	1.124147e+00	-6.393551e-02	-3.442255e-02	-2.951296e-02
584           	-2.454780e-03	1.124150e+00	-6.394268e-02	-3.442612e-02	-2.951656e-02
585           	-2.454762e-03	1.124153e+00	-6.394968e-02	-3.442960e-02	-2.952008e-02
586           	-2.454744e-03	1.124156e+00	-6.395667e-02	-3.443308e-02	-2.952359e-02
587           	-2.454726e-03	1.124159e+00	-6.396348e-02	-3.443647e-02	-2.952701e-02
588           	-2.454709e-03	1.124162e+00	-6.397029e-02	-3.443985e-02	-2.953044e-02
589           	-2.454691e-03	1.124164e+00	-6.397690e-02	-3.444314e-02	-2.953376e-02
590           	-2.454674e-03	1.124167e+00	-6.398352e-02	-3.444644e-02	-2.953709e-02
591           	-2.454657e-03	1.124170e+00	-6.398994e-02	-3.444963e-02	-2.954031e-02
592           	-2.454641e-03	1.124172e+00	-6.399637e-02	-3.445282e-02	-2.954354e-02
593           	-2.454624e-03	1.124175e+00	-6.400258e-02	-3.445592e-02	-2.954667e-02
594           	-2.454608e-03	1.124177e+00	-6.400881e-02	-3.445901e-02	-2.954980e-02
595           	-2.454592e-03	1.124180e+00	-6.401483e-02	-3.446201e-02	-2.955282e-02
596           	-2.454577e-03	1.124182e+00	-6.402087e-02	-3.446501e-02	-2.955586e-02
597           	-2.454560e-03	1.124184e+00	-6.402670e-02	-3.446791e-02	-2.955879e-02
598           	-2.454546e-03	1.124187e+00	-6.403254e-02	-3.447082e-02	-2.956173e-02
599           	-2.454530e-03	1.124189e+00	-6.403819e-02	-3.447362e-02	-2.956456e-02
600           	-2.454516e-03	1.124192e+00	-6.404385e-02	-3.447644e-02	-2.956741e-02
601           	-2.454500e-03	1.124194e+00	-6.404931e-02	-3.447916e-02	-2.957016e-02
602           	-2.454487e-03	1.124196e+00	-6.405480e-02	-3.448189e-02	-2.957291e-02
603           	-2.454472e-03	1.124198e+00	-6.406009e-02	-3.448452e-02	-2.957558e-02
604           	-2.454458e-03	1.124200e+00	-6.406541e-02	-3.448716e-02	-2.957825e-02
605           	-2.454444e-03	1.124203e+00	-6.407054e-02	-3.448971e-02	-2.958083e-02
606           	-2.454431e-03	1.124205e+00	-6.407570e-02	-3.449228e-02	-2.958342e-02
607           	-2.454417e-03	1.124207e+00	-6.408067e-02	-3.449475e-02	-2.958592e-02
608           	-2.454404e-03	1.124209e+00	-6.408568e-02	-3.449724e-02	-2.958843e-02
609           	-2.454390e-03	1.124211e+00	-6.409050e-02	-3.449964e-02	-2.959086e-02
610           	-2.454378e-03	1.124213e+00	-6.409536e-02	-3.450206e-02	-2.959330e-02
611           	-2.454364e-03	1.124215e+00	-6.410003e-02	-3.450438e-02	-2.959565e-02
612           	-2.454352e-03	1.124217e+00	-6.410475e-02	-3.450673e-02	-2.959802e-02
613           	-2.454339e-03	1.124219e+00	-6.410929e-02	-3.450898e-02	-2.960030e-02
614           	-2.454328e-03	1.124221e+00	-6.411387e-02	-3.451126e-02	-2.960260e-02
615           	-2.454315e-03	1.124222e+00	-6.411828e-02	-3.451345e-02	-2.960482e-02
616           	-2.454304e-03	1.124224e+00	-6.412271e-02	-3.451566e-02	-2.960705e-02
617           	-2.454292e-03	1.124226e+00	-6.412699e-02	-3.451779e-02	-2.960920e-02
618           	-2.454280e-03	1.124228e+00	-6.413130e-02	-3.451993e-02	-2.961137e-02
619           	-2.454269e-03	1.124230e+00	-6.413545e-02	-3.452199e-02	-2.961346e-02
620           	-2.454258e-03	1.124231e+00	-6.413963e-02	-3.452407e-02	-2.961556e-02
621           	-2.454246e-03	1.124233e+00	-6.414364e-02	-3.452607e-02	-2.961758e-02
622           	-2.454236e-03	1.124235e+00	-6.414770e-02	-3.452808e-02	-2.961961e-02
623           	-2.454225e-03	1.124236e+00	-6.415158e-02	-3.453002e-02	-2.962157e-02
624           	-2.454214e-03	1.124238e+00	-6.415550e-02	-3.453197e-02	-2.962354e-02
625           	-2.454204e-03	1.124239e+00	-6.415927e-02	-3.453384e-02	-2.962543e-02
626           	-2.454194e-03	1.124241e+00	-6.416307e-02	-3.453573e-02	-2.962734e-02
627           	-2.454183e-03	1.124243e+00	-6.416671e-02	-3.453754e-02	-2.962917e-02
628           	-2.454174e-03	1.124244e+00	-6.417039e-02	-3.453937e-02	-2.963102e-02
629           	-2.454164e-03	1.124246e+00	-6.417393e-02	-3.454113e-02	-2.963280e-02
630           	-2.454154e-03	1.124247e+00	-6.417750e-02	-3.454290e-02	-2.963460e-02
631           	-2.454144e-03	1.124248e+00	-6.418092e-02	-3.454460e-02	-2.963631e-02
632           	-2.454135e-03	1.124250e+00	-6.418439e-02	-3.454633e-02	-2.963806e-02
633           	-2.454126e-03	1.124251e+00	-6.418771e-02	-3.454798e-02	-2.963973e-02
634           	-2.454116e-03	1.124253e+00	-6.419109e-02	-3.454966e-02	-2.964143e-02
635           	-2.454107e-03	1.124254e+00	-6.419430e-02	-3.455126e-02	-2.964304e-02
636           	-2.454099e-03	1.124255e+00	-6.419755e-02	-3.455287e-02	-2.964468e-02
637           	-2.454090e-03	1.124257e+00	-6.420067e-02	-3.455442e-02	-2.964624e-02
638           	-2.454081e-03	1.124258e+00	-6.420385e-02	-3.455600e-02	-2.964784e-02
639           	-2.454073e-03	1.124259e+00	-6.420686e-02	-3.455750e-02	-2.964936e-02
640           	-2.454065e-03	1.124261e+00	-6.420993e-02	-3.455903e-02	-2.965090e-02
641           	-2.454056e-03	1.124262e+00	-6.421286e-02	-3.456048e-02	-2.965237e-02
642           	-2.454048e-03	1.124263e+00	-6.421584e-02	-3.456197e-02	-2.965387e-02
643           	-2.454040e-03	1.124264e+00	-6.421867e-02	-3.456338e-02	-2.965530e-02
644           	-2.454033e-03	1.124266e+00	-6.422156e-02	-3.456481e-02	-2.965675e-02
645           	-2.454024e-03	1.124267e+00	-6.422431e-02	-3.456618e-02	-2.965813e-02
646           	-2.454017e-03	1.124268e+00	-6.422711e-02	-3.456757e-02	-2.965954e-02
647           	-2.454009e-03	1.124269e+00	-6.422976e-02	-3.456889e-02	-2.966087e-02
648           	-2.454002e-03	1.124270e+00	-6.423248e-02	-3.457024e-02	-2.966224e-02
649           	-2.453995e-03	1.124271e+00	-6.423506e-02	-3.457152e-02	-2.966353e-02
650           	-2.453988e-03	1.124272e+00	-6.423769e-02	-3.457284e-02	-2.966486e-02
651           	-2.453980e-03	1.124273e+00	-6.424020e-02	-3.457408e-02	-2.966612e-02
652           	-2.453974e-03	1.124275e+00	-6.424277e-02	-3.457536e-02	-2.966741e-02
653           	-2.453966e-03	1.124276e+00	-6.424520e-02	-3.457657e-02	-2.966863e-02
654           	-2.453960e-03	1.124277e+00	-6.424769e-02	-3.457780e-02	-2.966988e-02
655           	-2.453953e-03	1.124278e+00	-6.425004e-02	-3.457897e-02	-2.967107e-02
656           	-2.453947e-03	1.124279e+00	-6.425246e-02	-3.458018e-02	-2.967229e-02
657           	-2.453940e-03	1.124280e+00	-6.425475e-02	-3.458131e-02	-2.967343e-02
658           	-2.453934e-03	1.124281e+00	-6.425710e-02	-3.458248e-02	-2.967462e-02
659           	-2.453928e-03	1.124282e+00	-6.425931e-02	-3.458358e-02	-2.967573e-02
660           	-2.453922e-03	1.124283e+00	-6.426159e-02	-3.458472e-02	-2.967687e-02
661           	-2.453915e-03	1.124283e+00	-6.426374e-02	-3.458579e-02	-2.967795e-02
662           	-2.453910e-03	1.124284e+00	-6.426595e-02	-3.458689e-02	-2.967907e-02
663           	-2.453903e-03	1.124285e+00	-6.426804e-02	-3.458792e-02	-2.968012e-02
664           	-2.453898e-03	1.124286e+00	-6.427018e-02	-3.458899e-02	-2.968119e-02
665           	-2.453892e-03	1.124287e+00	-6.427220e-02	-3.458999e-02	-2.968221e-02
666           	-2.453887e-03	1.124288e+00	-6.427429e-02	-3.459103e-02	-2.968326e-02
667           	-2.453881e-03	1.124289e+00	-6.427624e-02	-3.459200e-02	-2.968424e-02
668           	-2.453876e-03	1.124290e+00	-6.427827e-02	-3.459301e-02	-2.968526e-02
669           	-2.453870e-03	1.124290e+00	-6.428017e-02	-3.459396e-02	-2.968622e-02
670           	-2.453865e-03	1.124291e+00	-6.428214e-02	-3.459494e-02	-2.968721e-02
671           	-2.453860e-03	1.124292e+00	-6.428398e-02	-3.459585e-02	-2.968813e-02
672           	-2.453855e-03	1.124293e+00	-6.428590e-02	-3.459680e-02	-2.968909e-02
673           	-2.453849e-03	1.124294e+00	-6.428768e-02	-3.459769e-02	-2.968999e-02
674           	-2.453845e-03	1.124295e+00	-6.428954e-02	-3.459861e-02	-2.969092e-02
675           	-2.453840e-03	1.124295e+00	-6.429127e-02	-3.459948e-02	-2.969180e-02
676           	-2.453835e-03	1.124296e+00	-6.429308e-02	-3.460037e-02	-2.969270e-02
677           	-2.453830e-03	1.124297e+00	-6.429476e-02	-3.460121e-02	-2.969355e-02
678           	-2.453825e-03	1.124298e+00	-6.429652e-02	-3.460208e-02	-2.969443e-02
679           	-2.453821e-03	1.124298e+00	-6.429814e-02	-3.460289e-02	-2.969525e-02
680           	-2.453816e-03	1.124299e+00	-6.429985e-02	-3.460374e-02	-2.969611e-02
681           	-2.453812e-03	1.124300e+00	-6.430142e-02	-3.460452e-02	-2.969690e-02
682           	-2.453807e-03	1.124300e+00	-6.430308e-02	-3.460535e-02	-2.969773e-02
683           	-2.453803e-03	1.124301e+00	-6.430461e-02	-3.460611e-02	-2.969850e-02
684           	-2.453799e-03	1.124302e+00	-6.430622e-02	-3.460691e-02	-2.969931e-02
685           	-2.453794e-03	1.124302e+00	-6.430771e-02	-3.460765e-02	-2.970006e-02
686           	-2.453790e-03	1.124303e+00	-6.430927e-02	-3.460843e-02	-2.970085e-02
687           	-2.453786e-03	1.124304e+00	-6.431071e-02	-3.460914e-02	-2.970157e-02
688           	-2.453782e-03	1.124304e+00	-6.431223e-02	-3.460989e-02	-2.970233e-02
689           	-2.453778e-03	1.124305e+00	-6.431362e-02	-3.461059e-02	-2.970303e-02
690           	-2.453774e-03	1.124306e+00	-6.431509e-02	-3.461132e-02	-2.970377e-02
691           	-2.453770e-03	1.124306e+00	-6.431644e-02	-3.461199e-02	-2.970445e-02
692           	-2.453766e-03	1.124307e+00	-6.431786e-02	-3.461270e-02	-2.970517e-02
693           	-2.453762e-03	1.124307e+00	-6.431917e-02	-3.461335e-02	-2.970582e-02
694           	-2.453759e-03	1.124308e+00	-6.432055e-02	-3.461404e-02	-2.970652e-02
695           	-2.453755e-03	1.124309e+00	-6.432182e-02	-3.461466e-02	-2.970716e-02
696           	-2.453752e-03	1.124309e+00	-6.432316e-02	-3.461533e-02	-2.970783e-02
697           	-2.453748e-03	1.124310e+00	-6.432439e-02	-3.461594e-02	-2.970845e-02
698           	-2.453745e-03	1.124310e+00	-6.432570e-02	-3.461659e-02	-2.970910e-02
699           	-2.453741e-03	1.124311e+00	-6.432688e-02	-3.461718e-02	-2.970970e-02
700           	-2.453738e-03	1.124311e+00	-6.432815e-02	-3.461781e-02	-2.971034e-02
701           	-2.453734e-03	1.124312e+00	-6.432930e-02	-3.461839e-02	-2.971092e-02
702           	-2.453731e-03	1.124312e+00	-6.433053e-02	-3.461900e-02	-2.971154e-02
703           	-2.453728e-03	1.124313e+00	-6.433168e-02	-3.461957e-02	-2.971211e-02
704           	-2.453725e-03	1.124314e+00	-6.433289e-02	-3.462017e-02	-2.971272e-02
705           	-2.453721e-03	1.124314e+00	-6.433397e-02	-3.462070e-02	-2.971326e-02
706           	-2.453718e-03	1.124314e+00	-6.433511e-02	-3.462127e-02	-2.971384e-02
707           	-2.453714e-03	1.124315e+00	-6.433615e-02	-3.462179e-02	-2.971436e-02
708           	-2.453712e-03	1.124315e+00	-6.433727e-02	-3.462235e-02	-2.971492e-02
709           	-2.453709e-03	1.124316e+00	-6.433831e-02	-3.462286e-02	-2.971545e-02
710           	-2.453706e-03	1.124316e+00	-6.433942e-02	-3.462342e-02	-2.971600e-02
711           	-2.453703e-03	1.124317e+00	-6.434041e-02	-3.462391e-02	-2.971650e-02
712           	-2.453700e-03	1.124317e+00	-6.434147e-02	-3.462443e-02	-2.971703e-02
713           	-2.453697e-03	1.124317e+00	-6.434241e-02	-3.462490e-02	-2.971751e-02
714           	-2.453695e-03	1.124318e+00	-6.434347e-02	-3.462543e-02	-2.971804e-02
715           	-2.453692e-03	1.124318e+00	-6.434441e-02	-3.462590e-02	-2.971851e-02
716           	-2.453689e-03	1.124319e+00	-6.434542e-02	-3.462640e-02	-2.971902e-02
717           	-2.453686e-03	1.124319e+00	-6.434630e-02	-3.462684e-02	-2.971946e-02
718           	-2.453684e-03	1.124320e+00	-6.434730e-02	-3.462733e-02	-2.971996e-02
719           	-2.453681e-03	1.124320e+00	-6.434816e-02	-3.462776e-02	-2.972040e-02
720           	-2.453678e-03	1.124320e+00	-6.434910e-02	-3.462823e-02	-2.972087e-02
721           	-2.453675e-03	1.124321e+00	-6.434992e-02	-3.462864e-02	-2.972129e-02
722           	-2.453673e-03	1.124321e+00	-6.435085e-02	-3.462910e-02	-2.972175e-02
723           	-2.453670e-03	1.124321e+00	-6.435167e-02	-3.462950e-02	-2.972216e-02
724           	-2.453668e-03	1.124322e+00	-6.435256e-02	-3.462995e-02	-2.972261e-02
725           	-2.453665e-03	1.124322e+00	-6.435336e-02	-3.463034e-02	-2.972301e-02
726           	-2.453663e-03	1.124322e+00	-6.435423e-02	-3.463078e-02	-2.972345e-02
727           	-2.453660e-03	1.124323e+00	-6.435498e-02	-3.463115e-02	-2.972383e-02
728           	-2.453658e-03	1.124323e+00	-6.435584e-02	-3.463158e-02	-2.972426e-02
729           	-2.453656e-03	1.124323e+00	-6.435657e-02	-3.463194e-02	-2.972463e-02
730           	-2.453653e-03	1.124324e+00	-6.435738e-02	-3.463234e-02	-2.972504e-02
731           	-2.453650e-03	1.124324e+00	-6.435809e-02	-3.463270e-02	-2.972539e-02
732           	-2.453648e-03	1.124324e+00	-6.435887e-02	-3.463309e-02	-2.972579e-02
733           	-2.453646e-03	1.124324e+00	-6.435954e-02	-3.463342e-02	-2.972612e-02
734           	-2.453644e-03	1.124325e+00	-6.436031e-02	-3.463380e-02	-2.972651e-02
735           	-2.453641e-03	1.124325e+00	-6.436096e-02	-3.463412e-02	-2.972684e-02
736           	-2.453639e-03	1.124325e+00	-6.436171e-02	-3.463449e-02	-2.972721e-02
737           	-2.453637e-03	1.124325e+00	-6.436233e-02	-3.463480e-02	-2.972753e-02
738           	-2.453635e-03	1.124326e+00	-6.436302e-02	-3.463515e-02	-2.972788e-02
739           	-2.453633e-03	1.124326e+00	-6.436362e-02	-3.463544e-02	-2.972818e-02
740           	-2.453632e-03	1.124326e+00	-6.436430e-02	-3.463578e-02	-2.972852e-02
741           	-2.453629e-03	1.124326e+00	-6.436485e-02	-3.463605e-02	-2.972880e-02
742           	-2.453628e-03	1.124327e+00	-6.436550e-02	-3.463638e-02	-2.972912e-02
743           	-2.453626e-03	1.124327e+00	-6.436603e-02	-3.463664e-02	-2.972939e-02
744           	-2.453625e-03	1.124327e+00	-6.436664e-02	-3.463694e-02	-2.972969e-02
745           	-2.453623e-03	1.124327e+00	-6.436715e-02	-3.463720e-02	-2.972995e-02
746           	-2.453622e-03	1.124328e+00	-6.436773e-02	-3.463749e-02	-2.973024e-02
747           	-2.453620e-03	1.124328e+00	-6.436819e-02	-3.463772e-02	-2.973048e-02
748           	-2.453619e-03	1.124328e+00	-6.436875e-02	-3.463800e-02	-2.973076e-02
749           	-2.453617e-03	1.124328e+00	-6.436920e-02	-3.463822e-02	-2.973098e-02
750           	-2.453616e-03	1.124329e+00	-6.436973e-02	-3.463848e-02	-2.973125e-02
751           	-2.453614e-03	1.124329e+00	-6.437016e-02	-3.463870e-02	-2.973147e-02
752           	-2.453613e-03	1.124329e+00	-6.437068e-02	-3.463895e-02	-2.973173e-02
753           	-2.453611e-03	1.124329e+00	-6.437109e-02	-3.463915e-02	-2.973193e-02
754           	-2.453610e-03	1.124330e+00	-6.437158e-02	-3.463940e-02	-2.973218e-02
755           	-2.453609e-03	1.124330e+00	-6.437199e-02	-3.463960e-02	-2.973239e-02
756           	-2.453608e-03	1.124330e+00	-6.437249e-02	-3.463985e-02	-2.973264e-02
757           	-2.453606e-03	1.124330e+00	-6.437288e-02	-3.464005e-02	-2.973283e-02
758           	-2.453605e-03	1.124330e+00	-6.437336e-02	-3.464028e-02	-2.973307e-02
759           	-2.453604e-03	1.124331e+00	-6.437374e-02	-3.464047e-02	-2.973327e-02
760           	-2.453603e-03	1.124331e+00	-6.437421e-02	-3.464071e-02	-2.973350e-02
761           	-2.453601e-03	1.124331e+00	-6.437459e-02	-3.464089e-02	-2.973369e-02
762           	-2.453601e-03	1.124331e+00	-6.437505e-02	-3.464113e-02	-2.973393e-02
763           	-2.453599e-03	1.124331e+00	-6.437542e-02	-3.464131e-02	-2.973411e-02
764           	-2.453599e-03	1.124332e+00	-6.437588e-02	-3.464154e-02	-2.973434e-02
765           	-2.453597e-03	1.124332e+00	-6.437623e-02	-3.464171e-02	-2.973452e-02
766           	-2.453596e-03	1.124332e+00	-6.437668e-02	-3.464194e-02	-2.973474e-02
767           	-2.453595e-03	1.124332e+00	-6.437702e-02	-3.464211e-02	-2.973492e-02
768           	-2.453594e-03	1.124332e+00	-6.437745e-02	-3.464232e-02	-2.973513e-02
769           	-2.453593e-03	1.124333e+00	-6.437779e-02	-3.464249e-02	-2.973530e-02
770           	-2.453592e-03	1.124333e+00	-6.437821e-02	-3.464270e-02	-2.973551e-02
771           	-2.453591e-03	1.124333e+00	-6.437853e-02	-3.464286e-02	-2.973567e-02
772           	-2.453590e-03	1.124333e+00	-6.437894e-02	-3.464306e-02	-2.973588e-02
773           	-2.453589e-03	1.124333e+00	-6.437925e-02	-3.464321e-02	-2.973604e-02
774           	-2.453588e-03	1.124334e+00	-6.437966e-02	-3.464342e-02	-2.973624e-02
775           	-2.453587e-03	1.124334e+00	-6.437996e-02	-3.464357e-02	-2.973639e-02
776           	-2.453586e-03	1.124334e+00	-6.438035e-02	-3.464376e-02	-2.973659e-02
777           	-2.453585e-03	1.124334e+00	-6.438065e-02	-3.464391e-02	-2.973674e-02
778           	-2.453585e-03	1.124334e+00	-6.438104e-02	-3.464410e-02	-2.973693e-02
779           	-2.453583e-03	1.124334e+00	-6.438132e-02	-3.464425e-02	-2.973708e-02
780           	-2.453583e-03	1.124334e+00	-6.438171e-02	-3.464444e-02	-2.973727e-02
781           	-2.453582e-03	1.124335e+00	-6.438198e-02	-3.464457e-02	-2.973741e-02
782           	-2.453581e-03	1.124335e+00	-6.438236e-02	-3.464476e-02	-2.973760e-02
783           	-2.453580e-03	1.124335e+00	-6.438263e-02	-3.464490e-02	-2.973774e-02
784           	-2.453579e-03	1.124335e+00	-6.438300e-02	-3.464508e-02	-2.973792e-02
785           	-2.453578e-03	1.124335e+00	-6.438326e-02	-3.464521e-02	-2.973805e-02
786           	-2.453578e-03	1.124335e+00	-6.438362e-02	-3.464539e-02	-2.973823e-02
787           	-2.453577e-03	1.124335e+00	-6.438388e-02	-3.464552e-02	-2.973836e-02
788           	-2.453576e-03	1.124336e+00	-6.438423e-02	-3.464569e-02	-2.973854e-02
789           	-2.453575e-03	1.124336e+00	-6.438448e-02	-3.464582e-02	-2.973867e-02
790           	-2.453575e-03	1.124336e+00	-6.438482e-02	-3.464599e-02	-2.973884e-02
791           	-2.453573e-03	1.124336e+00	-6.438507e-02	-3.464611e-02	-2.973896e-02
792           	-2.453573e-03	1.124336e+00	-6.438540e-02	-3.464627e-02	-2.973913e-02
793           	-2.453572e-03	1.124336e+00	-6.438564e-02	-3.464639e-02	-2.973925e-02
794           	-2.453572e-03	1.124336e+00	-6.438597e-02	-3.464656e-02	-2.973941e-02
795           	-2.453571e-03	1.124337e+00	-6.438620e-02	-3.464667e-02	-2.973953e-02
796           	-2.453570e-03	1.124337e+00	-6.438652e-02	-3.464683e-02	-2.973969e-02
797           	-2.453569e-03	1.124337e+00	-6.438674e-02	-3.464694e-02	-2.973980e-02
798           	-2.453569e-03	1.124337e+00	-6.438706e-02	-3.464710e-02	-2.973996e-02
799           	-2.453568e-03	1.124337e+00	-6.438727e-02	-3.464720e-02	-2.974007e-02
800           	-2.453567e-03	1.124337e+00	-6.438758e-02	-3.464736e-02	-2.974022e-02
801           	-2.453566e-03	1.124337e+00	-6.438779e-02	-3.464746e-02	-2.974033e-02
802           	-2.453566e-03	1.124337e+00	-6.438809e-02	-3.464761e-02	-2.974048e-02
803           	-2.453565e-03	1.124338e+00	-6.438830e-02	-3.464771e-02	-2.974058e-02
804           	-2.453565e-03	1.124338e+00	-6.438859e-02	-3.464786e-02	-2.974073e-02
805           	-2.453564e-03	1.124338e+00	-6.438879e-02	-3.464796e-02	-2.974083e-02
806           	-2.453564e-03	1.124338e+00	-6.438908e-02	-3.464811e-02	-2.974098e-02
807           	-2.453563e-03	1.124338e+00	-6.438928e-02	-3.464820e-02	-2.974108e-02
808           	-2.453562e-03	1.124338e+00	-6.438956e-02	-3.464834e-02	-2.974122e-02
