# Force coefficients
# liftDir     : (0.000000e+00 0.000000e+00 1.000000e+00)
# dragDir     : (0.000000e+00 1.000000e+00 0.000000e+00)
# pitchAxis   : (1.000000e+00 0.000000e+00 0.000000e+00)
# magUInf     : 3.138958e-02
# lRef        : 4.000000e+00
# Aref        : 2.562000e-02
# CofR        : (0.000000e+00 0.000000e+00 0.000000e+00)
# Time        	Cm            	Cd            	Cl            	Cl(f)         	Cl(r)         
1             	-2.524711e-03	5.884839e-01	-6.685635e-02	-3.595289e-02	-3.090347e-02
2             	-4.978700e-03	1.266677e+00	-1.257085e-01	-6.783294e-02	-5.787554e-02
3             	-4.512581e-03	1.300866e+00	-5.925189e-02	-3.413853e-02	-2.511336e-02
4             	-3.062391e-03	1.077782e+00	2.788318e-02	1.087920e-02	1.700398e-02
5             	-2.138606e-03	9.245190e-01	7.040501e-02	3.306390e-02	3.734111e-02
6             	-1.746219e-03	8.562245e-01	8.011584e-02	3.831170e-02	4.180414e-02
7             	-1.792734e-03	8.622310e-01	6.736487e-02	3.188970e-02	3.547517e-02
8             	-2.047093e-03	9.094405e-01	4.476018e-02	2.033300e-02	2.442719e-02
9             	-2.223484e-03	9.429580e-01	3.163435e-02	1.359369e-02	1.804066e-02
10            	-2.369757e-03	9.765673e-01	1.856600e-02	6.913243e-03	1.165276e-02
11            	-2.466848e-03	1.000702e+00	1.050258e-02	2.784441e-03	7.718138e-03
12            	-2.520240e-03	1.016908e+00	5.370603e-03	1.650620e-04	5.205541e-03
13            	-2.524542e-03	1.023748e+00	1.656866e-03	-1.696109e-03	3.352975e-03
14            	-2.467655e-03	1.015950e+00	3.473875e-04	-2.293961e-03	2.641349e-03
15            	-2.424432e-03	1.008147e+00	9.216460e-04	-1.963609e-03	2.885255e-03
16            	-2.402363e-03	1.003164e+00	2.148613e-04	-2.294932e-03	2.509793e-03
17            	-2.398981e-03	1.001007e+00	-2.708243e-03	-3.753103e-03	1.044860e-03
18            	-2.408219e-03	1.001686e+00	-7.382982e-03	-6.099709e-03	-1.283272e-03
19            	-2.429017e-03	1.004465e+00	-1.276743e-02	-8.812730e-03	-3.954697e-03
20            	-2.454222e-03	1.007951e+00	-1.771373e-02	-1.131109e-02	-6.402644e-03
21            	-2.479858e-03	1.011165e+00	-2.150720e-02	-1.323346e-02	-8.273744e-03
22            	-2.504041e-03	1.013612e+00	-2.385097e-02	-1.442952e-02	-9.421442e-03
23            	-2.528207e-03	1.015518e+00	-2.482537e-02	-1.494089e-02	-9.884479e-03
24            	-2.553090e-03	1.017358e+00	-2.456142e-02	-1.483380e-02	-9.727618e-03
25            	-2.578338e-03	1.019483e+00	-2.363532e-02	-1.439600e-02	-9.239323e-03
26            	-2.603168e-03	1.021869e+00	-2.240254e-02	-1.380444e-02	-8.598101e-03
27            	-2.626208e-03	1.024276e+00	-2.112043e-02	-1.318642e-02	-7.934007e-03
28            	-2.647484e-03	1.026859e+00	-2.005702e-02	-1.267599e-02	-7.381024e-03
29            	-2.666857e-03	1.029691e+00	-1.941598e-02	-1.237485e-02	-7.041134e-03
30            	-2.682540e-03	1.032333e+00	-1.917654e-02	-1.227081e-02	-6.905729e-03
31            	-2.693568e-03	1.034618e+00	-1.933325e-02	-1.236019e-02	-6.973058e-03
32            	-2.699247e-03	1.036424e+00	-1.978956e-02	-1.259403e-02	-7.195532e-03
33            	-2.699402e-03	1.037682e+00	-2.052968e-02	-1.296424e-02	-7.565436e-03
34            	-2.694460e-03	1.038253e+00	-2.137583e-02	-1.338237e-02	-7.993453e-03
35            	-2.686734e-03	1.038457e+00	-2.229993e-02	-1.383670e-02	-8.463231e-03
36            	-2.678393e-03	1.038711e+00	-2.325309e-02	-1.430494e-02	-8.948153e-03
37            	-2.669873e-03	1.038985e+00	-2.417599e-02	-1.475787e-02	-9.418120e-03
38            	-2.662313e-03	1.039444e+00	-2.502590e-02	-1.517526e-02	-9.850637e-03
39            	-2.656117e-03	1.040127e+00	-2.579624e-02	-1.555424e-02	-1.024200e-02
40            	-2.651584e-03	1.041071e+00	-2.650098e-02	-1.590207e-02	-1.059890e-02
41            	-2.648244e-03	1.042175e+00	-2.714511e-02	-1.622080e-02	-1.092431e-02
42            	-2.646156e-03	1.043492e+00	-2.775331e-02	-1.652281e-02	-1.123050e-02
43            	-2.644871e-03	1.044944e+00	-2.833036e-02	-1.681005e-02	-1.152031e-02
44            	-2.643867e-03	1.046438e+00	-2.887470e-02	-1.708121e-02	-1.179348e-02
45            	-2.642895e-03	1.047944e+00	-2.938104e-02	-1.733342e-02	-1.204763e-02
46            	-2.641740e-03	1.049420e+00	-2.983798e-02	-1.756073e-02	-1.227725e-02
47            	-2.640181e-03	1.050819e+00	-3.023014e-02	-1.775525e-02	-1.247489e-02
48            	-2.638043e-03	1.052095e+00	-3.055087e-02	-1.791348e-02	-1.263739e-02
49            	-2.635063e-03	1.053183e+00	-3.079509e-02	-1.803261e-02	-1.276248e-02
50            	-2.631195e-03	1.054063e+00	-3.097242e-02	-1.811741e-02	-1.285502e-02
51            	-2.626474e-03	1.054733e+00	-3.109788e-02	-1.817541e-02	-1.292247e-02
52            	-2.620998e-03	1.055200e+00	-3.118840e-02	-1.821520e-02	-1.297320e-02
53            	-2.614777e-03	1.055368e+00	-3.124509e-02	-1.823732e-02	-1.300777e-02
54            	-2.608279e-03	1.055359e+00	-3.128462e-02	-1.825059e-02	-1.303403e-02
55            	-2.601666e-03	1.055238e+00	-3.132329e-02	-1.826331e-02	-1.305998e-02
56            	-2.594866e-03	1.055014e+00	-3.136490e-02	-1.827732e-02	-1.308759e-02
57            	-2.587864e-03	1.054685e+00	-3.139977e-02	-1.828775e-02	-1.311202e-02
58            	-2.580770e-03	1.054274e+00	-3.141741e-02	-1.828947e-02	-1.312793e-02
59            	-2.573748e-03	1.053814e+00	-3.140828e-02	-1.827789e-02	-1.313039e-02
60            	-2.566957e-03	1.053336e+00	-3.136433e-02	-1.824912e-02	-1.311521e-02
61            	-2.560676e-03	1.052902e+00	-3.128427e-02	-1.820281e-02	-1.308146e-02
62            	-2.555073e-03	1.052549e+00	-3.116833e-02	-1.813924e-02	-1.302909e-02
63            	-2.550368e-03	1.052332e+00	-3.102294e-02	-1.806184e-02	-1.296110e-02
64            	-2.546242e-03	1.052227e+00	-3.083995e-02	-1.796622e-02	-1.287373e-02
65            	-2.542866e-03	1.052264e+00	-3.062946e-02	-1.785759e-02	-1.277186e-02
66            	-2.540350e-03	1.052445e+00	-3.040095e-02	-1.774082e-02	-1.266012e-02
67            	-2.538738e-03	1.052764e+00	-3.016543e-02	-1.762145e-02	-1.254398e-02
68            	-2.538095e-03	1.053238e+00	-2.993807e-02	-1.750713e-02	-1.243094e-02
69            	-2.538068e-03	1.053826e+00	-2.974701e-02	-1.741157e-02	-1.233544e-02
70            	-2.538835e-03	1.054538e+00	-2.960692e-02	-1.734229e-02	-1.226462e-02
71            	-2.540090e-03	1.055330e+00	-2.952931e-02	-1.730474e-02	-1.222456e-02
72            	-2.541405e-03	1.056141e+00	-2.950747e-02	-1.729514e-02	-1.221233e-02
73            	-2.541998e-03	1.056786e+00	-2.953696e-02	-1.731048e-02	-1.222648e-02
74            	-2.541707e-03	1.057226e+00	-2.960369e-02	-1.734355e-02	-1.226014e-02
75            	-2.540486e-03	1.057465e+00	-2.970448e-02	-1.739272e-02	-1.231175e-02
76            	-2.538308e-03	1.057499e+00	-2.983835e-02	-1.745748e-02	-1.238086e-02
77            	-2.535047e-03	1.057283e+00	-2.998381e-02	-1.752695e-02	-1.245686e-02
78            	-2.530751e-03	1.056810e+00	-3.011968e-02	-1.759059e-02	-1.252909e-02
79            	-2.525553e-03	1.056110e+00	-3.022589e-02	-1.763850e-02	-1.258739e-02
80            	-2.519774e-03	1.055209e+00	-3.028357e-02	-1.766156e-02	-1.262201e-02
81            	-2.513720e-03	1.054173e+00	-3.028005e-02	-1.765375e-02	-1.262631e-02
82            	-2.508006e-03	1.053144e+00	-3.021286e-02	-1.761444e-02	-1.259842e-02
83            	-2.503052e-03	1.052223e+00	-3.008304e-02	-1.754457e-02	-1.253847e-02
84            	-2.499074e-03	1.051475e+00	-2.989293e-02	-1.744554e-02	-1.244739e-02
85            	-2.496156e-03	1.050928e+00	-2.964137e-02	-1.731684e-02	-1.232453e-02
86            	-2.494552e-03	1.050639e+00	-2.934887e-02	-1.716899e-02	-1.217988e-02
87            	-2.494148e-03	1.050595e+00	-2.901876e-02	-1.700353e-02	-1.201523e-02
88            	-2.494767e-03	1.050782e+00	-2.866815e-02	-1.682884e-02	-1.183931e-02
89            	-2.496507e-03	1.051211e+00	-2.833459e-02	-1.666380e-02	-1.167079e-02
90            	-2.499280e-03	1.051871e+00	-2.804067e-02	-1.651962e-02	-1.152105e-02
91            	-2.502982e-03	1.052743e+00	-2.782251e-02	-1.641423e-02	-1.140827e-02
92            	-2.507229e-03	1.053735e+00	-2.770168e-02	-1.635807e-02	-1.134361e-02
93            	-2.511622e-03	1.054770e+00	-2.768799e-02	-1.635562e-02	-1.133237e-02
94            	-2.515768e-03	1.055767e+00	-2.777887e-02	-1.640520e-02	-1.137367e-02
95            	-2.519359e-03	1.056666e+00	-2.796571e-02	-1.650221e-02	-1.146349e-02
96            	-2.521999e-03	1.057382e+00	-2.823740e-02	-1.664070e-02	-1.159670e-02
97            	-2.523386e-03	1.057854e+00	-2.858519e-02	-1.681598e-02	-1.176921e-02
98            	-2.523194e-03	1.058014e+00	-2.899187e-02	-1.701913e-02	-1.197274e-02
99            	-2.521254e-03	1.057813e+00	-2.942215e-02	-1.723233e-02	-1.218982e-02
100           	-2.517818e-03	1.057278e+00	-2.983087e-02	-1.743325e-02	-1.239762e-02
101           	-2.512989e-03	1.056408e+00	-3.017932e-02	-1.760265e-02	-1.257667e-02
102           	-2.507284e-03	1.055320e+00	-3.043868e-02	-1.772662e-02	-1.271206e-02
103           	-2.501301e-03	1.054130e+00	-3.058839e-02	-1.779550e-02	-1.279289e-02
104           	-2.495582e-03	1.052951e+00	-3.062034e-02	-1.780575e-02	-1.281459e-02
105           	-2.490499e-03	1.051864e+00	-3.053640e-02	-1.775870e-02	-1.277770e-02
106           	-2.486301e-03	1.050930e+00	-3.034571e-02	-1.765916e-02	-1.268655e-02
107           	-2.483201e-03	1.050210e+00	-3.005270e-02	-1.750955e-02	-1.254315e-02
108           	-2.481350e-03	1.049739e+00	-2.965670e-02	-1.730970e-02	-1.234700e-02
109           	-2.481183e-03	1.049623e+00	-2.920403e-02	-1.708320e-02	-1.212083e-02
110           	-2.482551e-03	1.049833e+00	-2.871261e-02	-1.683886e-02	-1.187375e-02
111           	-2.485331e-03	1.050368e+00	-2.824372e-02	-1.660719e-02	-1.163653e-02
112           	-2.489681e-03	1.051264e+00	-2.785965e-02	-1.641951e-02	-1.144014e-02
113           	-2.495257e-03	1.052427e+00	-2.760375e-02	-1.629713e-02	-1.130662e-02
114           	-2.501515e-03	1.053753e+00	-2.749993e-02	-1.625148e-02	-1.124845e-02
115           	-2.507853e-03	1.055123e+00	-2.754820e-02	-1.628195e-02	-1.126625e-02
116           	-2.513849e-03	1.056453e+00	-2.773157e-02	-1.637963e-02	-1.135194e-02
117           	-2.518800e-03	1.057595e+00	-2.802017e-02	-1.652889e-02	-1.149129e-02
118           	-2.522380e-03	1.058482e+00	-2.840215e-02	-1.672345e-02	-1.167869e-02
119           	-2.524274e-03	1.059050e+00	-2.887007e-02	-1.695931e-02	-1.191076e-02
120           	-2.524130e-03	1.059216e+00	-2.939721e-02	-1.722273e-02	-1.217447e-02
121           	-2.521844e-03	1.058936e+00	-2.993462e-02	-1.748915e-02	-1.244546e-02
122           	-2.517608e-03	1.058224e+00	-3.043518e-02	-1.773520e-02	-1.269998e-02
123           	-2.511851e-03	1.057136e+00	-3.085683e-02	-1.794027e-02	-1.291656e-02
124           	-2.505184e-03	1.055811e+00	-3.116830e-02	-1.808934e-02	-1.307897e-02
125           	-2.498230e-03	1.054374e+00	-3.134770e-02	-1.817208e-02	-1.317562e-02
126           	-2.491540e-03	1.052943e+00	-3.138294e-02	-1.818301e-02	-1.319993e-02
127           	-2.485496e-03	1.051609e+00	-3.127368e-02	-1.812234e-02	-1.315134e-02
128           	-2.480395e-03	1.050434e+00	-3.102811e-02	-1.799445e-02	-1.303366e-02
129           	-2.476509e-03	1.049492e+00	-3.064409e-02	-1.779855e-02	-1.284553e-02
130           	-2.474164e-03	1.048857e+00	-3.012500e-02	-1.753666e-02	-1.258833e-02
131           	-2.473987e-03	1.048684e+00	-2.954069e-02	-1.724433e-02	-1.229636e-02
132           	-2.475757e-03	1.048925e+00	-2.891673e-02	-1.693412e-02	-1.198261e-02
133           	-2.479483e-03	1.049613e+00	-2.833042e-02	-1.664469e-02	-1.168573e-02
134           	-2.485209e-03	1.050746e+00	-2.785316e-02	-1.641179e-02	-1.144137e-02
135           	-2.492374e-03	1.052200e+00	-2.753375e-02	-1.625925e-02	-1.127450e-02
136           	-2.500315e-03	1.053845e+00	-2.739765e-02	-1.619914e-02	-1.119851e-02
137           	-2.508373e-03	1.055547e+00	-2.744057e-02	-1.622866e-02	-1.121191e-02
138           	-2.515739e-03	1.057149e+00	-2.763684e-02	-1.633416e-02	-1.130268e-02
139           	-2.521968e-03	1.058560e+00	-2.796960e-02	-1.650677e-02	-1.146283e-02
140           	-2.526490e-03	1.059660e+00	-2.842509e-02	-1.673903e-02	-1.168605e-02
141           	-2.528862e-03	1.060358e+00	-2.898905e-02	-1.702339e-02	-1.196566e-02
142           	-2.528669e-03	1.060549e+00	-2.961887e-02	-1.733810e-02	-1.228076e-02
143           	-2.525846e-03	1.060192e+00	-3.025484e-02	-1.765327e-02	-1.260157e-02
144           	-2.520724e-03	1.059313e+00	-3.084174e-02	-1.794159e-02	-1.290014e-02
145           	-2.513687e-03	1.057979e+00	-3.132849e-02	-1.817793e-02	-1.315056e-02
146           	-2.505600e-03	1.056364e+00	-3.168148e-02	-1.834634e-02	-1.333514e-02
147           	-2.497190e-03	1.054613e+00	-3.187714e-02	-1.843576e-02	-1.344138e-02
148           	-2.489135e-03	1.052872e+00	-3.190275e-02	-1.844051e-02	-1.346224e-02
149           	-2.481833e-03	1.051234e+00	-3.175626e-02	-1.835996e-02	-1.339629e-02
150           	-2.475615e-03	1.049772e+00	-3.144324e-02	-1.819723e-02	-1.324600e-02
151           	-2.470894e-03	1.048595e+00	-3.095886e-02	-1.795033e-02	-1.300854e-02
152           	-2.468174e-03	1.047824e+00	-3.031801e-02	-1.762718e-02	-1.269083e-02
153           	-2.467948e-03	1.047582e+00	-2.957864e-02	-1.725727e-02	-1.232137e-02
154           	-2.470441e-03	1.047932e+00	-2.882183e-02	-1.688136e-02	-1.194047e-02
155           	-2.475485e-03	1.048856e+00	-2.812687e-02	-1.653892e-02	-1.158795e-02
156           	-2.482892e-03	1.050302e+00	-2.756723e-02	-1.626651e-02	-1.130072e-02
157           	-2.491897e-03	1.052111e+00	-2.719501e-02	-1.608940e-02	-1.110561e-02
158           	-2.501802e-03	1.054138e+00	-2.703438e-02	-1.601899e-02	-1.101539e-02
159           	-2.511568e-03	1.056193e+00	-2.707759e-02	-1.605036e-02	-1.102723e-02
160           	-2.520456e-03	1.058126e+00	-2.730997e-02	-1.617544e-02	-1.113453e-02
161           	-2.527931e-03	1.059831e+00	-2.771741e-02	-1.638663e-02	-1.133077e-02
162           	-2.533272e-03	1.061153e+00	-2.828255e-02	-1.667455e-02	-1.160800e-02
163           	-2.535877e-03	1.061964e+00	-2.897489e-02	-1.702332e-02	-1.195157e-02
164           	-2.535340e-03	1.062151e+00	-2.973263e-02	-1.740166e-02	-1.233097e-02
165           	-2.531663e-03	1.061681e+00	-3.048338e-02	-1.777335e-02	-1.271003e-02
166           	-2.525335e-03	1.060604e+00	-3.116249e-02	-1.810658e-02	-1.305591e-02
167           	-2.516867e-03	1.059012e+00	-3.171442e-02	-1.837408e-02	-1.334034e-02
168           	-2.507273e-03	1.057108e+00	-3.210563e-02	-1.856009e-02	-1.354554e-02
169           	-2.497423e-03	1.055061e+00	-3.231201e-02	-1.865343e-02	-1.365858e-02
170           	-2.487994e-03	1.053020e+00	-3.232381e-02	-1.864990e-02	-1.367391e-02
171           	-2.479656e-03	1.051126e+00	-3.214624e-02	-1.855278e-02	-1.359346e-02
172           	-2.472542e-03	1.049430e+00	-3.176741e-02	-1.835625e-02	-1.341116e-02
173           	-2.467236e-03	1.048086e+00	-3.118339e-02	-1.805893e-02	-1.312446e-02
174           	-2.464722e-03	1.047338e+00	-3.046142e-02	-1.769543e-02	-1.276599e-02
175           	-2.464770e-03	1.047139e+00	-2.961772e-02	-1.727363e-02	-1.234409e-02
176           	-2.467852e-03	1.047608e+00	-2.874947e-02	-1.684259e-02	-1.190688e-02
177           	-2.473922e-03	1.048747e+00	-2.795448e-02	-1.645116e-02	-1.150332e-02
178           	-2.482621e-03	1.050458e+00	-2.731770e-02	-1.614147e-02	-1.117623e-02
179           	-2.493234e-03	1.052585e+00	-2.689620e-02	-1.594133e-02	-1.095487e-02
180           	-2.504654e-03	1.054934e+00	-2.671330e-02	-1.586130e-02	-1.085200e-02
181           	-2.515927e-03	1.057312e+00	-2.677204e-02	-1.590195e-02	-1.087009e-02
182           	-2.526330e-03	1.059584e+00	-2.706337e-02	-1.605801e-02	-1.100535e-02
183           	-2.534986e-03	1.061570e+00	-2.756854e-02	-1.631925e-02	-1.124928e-02
184           	-2.541068e-03	1.063103e+00	-2.825906e-02	-1.667060e-02	-1.158846e-02
185           	-2.543837e-03	1.064020e+00	-2.907999e-02	-1.708383e-02	-1.199616e-02
186           	-2.542912e-03	1.064212e+00	-2.995013e-02	-1.751798e-02	-1.243215e-02
187           	-2.538411e-03	1.063659e+00	-3.079006e-02	-1.793344e-02	-1.285662e-02
188           	-2.530958e-03	1.062422e+00	-3.152665e-02	-1.829428e-02	-1.323236e-02
189           	-2.521344e-03	1.060652e+00	-3.210888e-02	-1.857579e-02	-1.353310e-02
190           	-2.510626e-03	1.058556e+00	-3.250462e-02	-1.876294e-02	-1.374168e-02
191           	-2.499667e-03	1.056308e+00	-3.269793e-02	-1.884863e-02	-1.384930e-02
192           	-2.489487e-03	1.054113e+00	-3.269158e-02	-1.883528e-02	-1.385630e-02
193           	-2.480544e-03	1.052090e+00	-3.248083e-02	-1.872096e-02	-1.375987e-02
194           	-2.472941e-03	1.050289e+00	-3.204722e-02	-1.849655e-02	-1.355067e-02
195           	-2.467397e-03	1.048899e+00	-3.139704e-02	-1.816592e-02	-1.323112e-02
196           	-2.465007e-03	1.048192e+00	-3.061804e-02	-1.777403e-02	-1.284401e-02
197           	-2.465453e-03	1.048097e+00	-2.973022e-02	-1.733056e-02	-1.239966e-02
198           	-2.469135e-03	1.048708e+00	-2.883115e-02	-1.688471e-02	-1.194644e-02
199           	-2.476066e-03	1.050030e+00	-2.802135e-02	-1.648674e-02	-1.153461e-02
200           	-2.485537e-03	1.051903e+00	-2.738002e-02	-1.617555e-02	-1.120447e-02
201           	-2.496743e-03	1.054170e+00	-2.696910e-02	-1.598129e-02	-1.098781e-02
202           	-2.508720e-03	1.056644e+00	-2.682153e-02	-1.591949e-02	-1.090205e-02
203           	-2.520487e-03	1.059139e+00	-2.694287e-02	-1.599192e-02	-1.095095e-02
204           	-2.531308e-03	1.061523e+00	-2.732307e-02	-1.619284e-02	-1.113023e-02
205           	-2.540227e-03	1.063608e+00	-2.793441e-02	-1.650743e-02	-1.142698e-02
206           	-2.546281e-03	1.065198e+00	-2.872322e-02	-1.690789e-02	-1.181533e-02
207           	-2.548784e-03	1.066133e+00	-2.960842e-02	-1.735299e-02	-1.225543e-02
208           	-2.547486e-03	1.066323e+00	-3.049581e-02	-1.779539e-02	-1.270042e-02
209           	-2.542748e-03	1.065777e+00	-3.129982e-02	-1.819266e-02	-1.310716e-02
210           	-2.535029e-03	1.064550e+00	-3.195619e-02	-1.851312e-02	-1.344307e-02
211           	-2.525467e-03	1.062851e+00	-3.242811e-02	-1.873952e-02	-1.368859e-02
212           	-2.514967e-03	1.060855e+00	-3.270574e-02	-1.886784e-02	-1.383790e-02
213           	-2.504634e-03	1.058771e+00	-3.280267e-02	-1.890597e-02	-1.389670e-02
214           	-2.495159e-03	1.056767e+00	-3.273307e-02	-1.886169e-02	-1.387138e-02
215           	-2.486882e-03	1.054941e+00	-3.250170e-02	-1.873773e-02	-1.376397e-02
216           	-2.479918e-03	1.053341e+00	-3.210040e-02	-1.853012e-02	-1.357028e-02
217           	-2.474996e-03	1.052149e+00	-3.154811e-02	-1.824905e-02	-1.329906e-02
218           	-2.473035e-03	1.051587e+00	-3.092667e-02	-1.793637e-02	-1.299030e-02
219           	-2.473553e-03	1.051561e+00	-3.025287e-02	-1.759999e-02	-1.265288e-02
220           	-2.476849e-03	1.052142e+00	-2.960115e-02	-1.727743e-02	-1.232373e-02
221           	-2.482909e-03	1.053325e+00	-2.904643e-02	-1.700612e-02	-1.204030e-02
222           	-2.491080e-03	1.054963e+00	-2.864161e-02	-1.681188e-02	-1.182972e-02
223           	-2.500661e-03	1.056920e+00	-2.842820e-02	-1.671476e-02	-1.171344e-02
224           	-2.510821e-03	1.059036e+00	-2.842649e-02	-1.672407e-02	-1.170242e-02
225           	-2.520765e-03	1.061158e+00	-2.863596e-02	-1.683874e-02	-1.179721e-02
226           	-2.529843e-03	1.063174e+00	-2.904393e-02	-1.705181e-02	-1.199212e-02
227           	-2.537458e-03	1.064983e+00	-2.963043e-02	-1.735267e-02	-1.227776e-02
228           	-2.542680e-03	1.066388e+00	-3.033533e-02	-1.771034e-02	-1.262498e-02
229           	-2.544893e-03	1.067241e+00	-3.106701e-02	-1.807840e-02	-1.298861e-02
230           	-2.544000e-03	1.067489e+00	-3.173711e-02	-1.841256e-02	-1.332455e-02
231           	-2.540403e-03	1.067156e+00	-3.227497e-02	-1.867789e-02	-1.359708e-02
232           	-2.534582e-03	1.066315e+00	-3.264080e-02	-1.885498e-02	-1.378582e-02
233           	-2.527460e-03	1.065136e+00	-3.283157e-02	-1.894325e-02	-1.388833e-02
234           	-2.519785e-03	1.063759e+00	-3.287668e-02	-1.895812e-02	-1.391855e-02
235           	-2.512291e-03	1.062329e+00	-3.282125e-02	-1.892292e-02	-1.389833e-02
236           	-2.505420e-03	1.060957e+00	-3.270279e-02	-1.885682e-02	-1.384598e-02
237           	-2.499445e-03	1.059722e+00	-3.254357e-02	-1.877123e-02	-1.377234e-02
238           	-2.494768e-03	1.058715e+00	-3.235939e-02	-1.867446e-02	-1.368492e-02
239           	-2.491310e-03	1.057947e+00	-3.215459e-02	-1.856860e-02	-1.358598e-02
240           	-2.489015e-03	1.057420e+00	-3.193545e-02	-1.845674e-02	-1.347871e-02
241           	-2.488728e-03	1.057310e+00	-3.175049e-02	-1.836397e-02	-1.338652e-02
242           	-2.490526e-03	1.057635e+00	-3.163759e-02	-1.830932e-02	-1.332827e-02
243           	-2.494153e-03	1.058354e+00	-3.161280e-02	-1.830055e-02	-1.331225e-02
244           	-2.499015e-03	1.059343e+00	-3.167621e-02	-1.833712e-02	-1.333909e-02
245           	-2.504576e-03	1.060499e+00	-3.182036e-02	-1.841476e-02	-1.340560e-02
246           	-2.510373e-03	1.061730e+00	-3.203490e-02	-1.852782e-02	-1.350708e-02
247           	-2.516022e-03	1.062961e+00	-3.230912e-02	-1.867058e-02	-1.363854e-02
248           	-2.521280e-03	1.064152e+00	-3.264081e-02	-1.884168e-02	-1.379912e-02
249           	-2.525958e-03	1.065286e+00	-3.303576e-02	-1.904384e-02	-1.399192e-02
250           	-2.529543e-03	1.066260e+00	-3.347305e-02	-1.926607e-02	-1.420698e-02
251           	-2.531500e-03	1.066941e+00	-3.389005e-02	-1.947653e-02	-1.441353e-02
252           	-2.531691e-03	1.067272e+00	-3.423191e-02	-1.964765e-02	-1.458427e-02
253           	-2.530351e-03	1.067275e+00	-3.447017e-02	-1.976544e-02	-1.470474e-02
254           	-2.527775e-03	1.067002e+00	-3.459810e-02	-1.982683e-02	-1.477127e-02
255           	-2.524497e-03	1.066559e+00	-3.462773e-02	-1.983836e-02	-1.478937e-02
256           	-2.520887e-03	1.066013e+00	-3.458678e-02	-1.981428e-02	-1.477250e-02
257           	-2.517281e-03	1.065426e+00	-3.451070e-02	-1.977263e-02	-1.473807e-02
258           	-2.513900e-03	1.064847e+00	-3.443068e-02	-1.972924e-02	-1.470144e-02
259           	-2.510890e-03	1.064309e+00	-3.436806e-02	-1.969492e-02	-1.467314e-02
260           	-2.508273e-03	1.063830e+00	-3.433793e-02	-1.967724e-02	-1.466069e-02
261           	-2.506136e-03	1.063433e+00	-3.435312e-02	-1.968269e-02	-1.467042e-02
262           	-2.504628e-03	1.063149e+00	-3.442862e-02	-1.971894e-02	-1.470968e-02
263           	-2.503723e-03	1.062990e+00	-3.458715e-02	-1.979730e-02	-1.478985e-02
264           	-2.503680e-03	1.063005e+00	-3.483168e-02	-1.991952e-02	-1.491216e-02
265           	-2.504462e-03	1.063194e+00	-3.514693e-02	-2.007793e-02	-1.506901e-02
266           	-2.505828e-03	1.063512e+00	-3.550692e-02	-2.025929e-02	-1.524763e-02
267           	-2.507503e-03	1.063903e+00	-3.588328e-02	-2.044914e-02	-1.543414e-02
268           	-2.509296e-03	1.064330e+00	-3.625138e-02	-2.063498e-02	-1.561639e-02
269           	-2.511060e-03	1.064748e+00	-3.657800e-02	-2.080006e-02	-1.577794e-02
270           	-2.512706e-03	1.065152e+00	-3.687281e-02	-2.094911e-02	-1.592370e-02
271           	-2.514228e-03	1.065552e+00	-3.714774e-02	-2.108810e-02	-1.605964e-02
272           	-2.515626e-03	1.065955e+00	-3.741889e-02	-2.122507e-02	-1.619382e-02
273           	-2.516744e-03	1.066336e+00	-3.767975e-02	-2.135662e-02	-1.632313e-02
274           	-2.517372e-03	1.066629e+00	-3.789455e-02	-2.146465e-02	-1.642990e-02
275           	-2.517493e-03	1.066826e+00	-3.805413e-02	-2.154456e-02	-1.650957e-02
276           	-2.517077e-03	1.066902e+00	-3.815778e-02	-2.159597e-02	-1.656181e-02
277           	-2.516217e-03	1.066879e+00	-3.821759e-02	-2.162501e-02	-1.659258e-02
278           	-2.515111e-03	1.066797e+00	-3.825137e-02	-2.164080e-02	-1.661058e-02
279           	-2.513913e-03	1.066683e+00	-3.827519e-02	-2.165151e-02	-1.662368e-02
280           	-2.512729e-03	1.066558e+00	-3.830424e-02	-2.166485e-02	-1.663939e-02
281           	-2.511614e-03	1.066433e+00	-3.834820e-02	-2.168571e-02	-1.666248e-02
282           	-2.510611e-03	1.066310e+00	-3.841058e-02	-2.171590e-02	-1.669468e-02
283           	-2.509679e-03	1.066194e+00	-3.849688e-02	-2.175812e-02	-1.673876e-02
284           	-2.508833e-03	1.066091e+00	-3.861414e-02	-2.181590e-02	-1.679824e-02
285           	-2.508097e-03	1.066007e+00	-3.876879e-02	-2.189249e-02	-1.687630e-02
286           	-2.507495e-03	1.065947e+00	-3.896475e-02	-2.198987e-02	-1.697488e-02
287           	-2.507044e-03	1.065918e+00	-3.919998e-02	-2.210704e-02	-1.709295e-02
288           	-2.506689e-03	1.065920e+00	-3.947922e-02	-2.224630e-02	-1.723292e-02
289           	-2.506513e-03	1.065957e+00	-3.978573e-02	-2.239938e-02	-1.738635e-02
290           	-2.506477e-03	1.066020e+00	-4.010365e-02	-2.255830e-02	-1.754535e-02
291           	-2.506516e-03	1.066097e+00	-4.041950e-02	-2.271626e-02	-1.770323e-02
292           	-2.506580e-03	1.066179e+00	-4.072421e-02	-2.286869e-02	-1.785553e-02
293           	-2.506677e-03	1.066256e+00	-4.099961e-02	-2.300648e-02	-1.799313e-02
294           	-2.506730e-03	1.066330e+00	-4.125567e-02	-2.313457e-02	-1.812110e-02
295           	-2.506733e-03	1.066405e+00	-4.149862e-02	-2.325604e-02	-1.824258e-02
296           	-2.506680e-03	1.066479e+00	-4.173424e-02	-2.337380e-02	-1.836044e-02
297           	-2.506538e-03	1.066543e+00	-4.195995e-02	-2.348651e-02	-1.847344e-02
298           	-2.506304e-03	1.066594e+00	-4.216362e-02	-2.358812e-02	-1.857551e-02
299           	-2.505956e-03	1.066631e+00	-4.234608e-02	-2.367900e-02	-1.866709e-02
300           	-2.505563e-03	1.066655e+00	-4.250327e-02	-2.375720e-02	-1.874607e-02
301           	-2.505123e-03	1.066662e+00	-4.263888e-02	-2.382457e-02	-1.881432e-02
302           	-2.504660e-03	1.066658e+00	-4.275974e-02	-2.388453e-02	-1.887521e-02
303           	-2.504193e-03	1.066649e+00	-4.287215e-02	-2.394027e-02	-1.893188e-02
304           	-2.503747e-03	1.066640e+00	-4.298201e-02	-2.399475e-02	-1.898726e-02
305           	-2.503322e-03	1.066633e+00	-4.309306e-02	-2.404985e-02	-1.904321e-02
306           	-2.502919e-03	1.066627e+00	-4.320883e-02	-2.410733e-02	-1.910150e-02
307           	-2.502523e-03	1.066620e+00	-4.333150e-02	-2.416827e-02	-1.916323e-02
308           	-2.502126e-03	1.066611e+00	-4.346366e-02	-2.423396e-02	-1.922970e-02
309           	-2.501716e-03	1.066599e+00	-4.360659e-02	-2.430501e-02	-1.930158e-02
310           	-2.501291e-03	1.066582e+00	-4.376148e-02	-2.438203e-02	-1.937945e-02
311           	-2.500848e-03	1.066562e+00	-4.392784e-02	-2.446477e-02	-1.946307e-02
312           	-2.500400e-03	1.066540e+00	-4.410465e-02	-2.455273e-02	-1.955193e-02
313           	-2.499961e-03	1.066519e+00	-4.428986e-02	-2.464489e-02	-1.964497e-02
314           	-2.499548e-03	1.066502e+00	-4.448120e-02	-2.474015e-02	-1.974105e-02
315           	-2.499171e-03	1.066491e+00	-4.467609e-02	-2.483722e-02	-1.983888e-02
316           	-2.498834e-03	1.066488e+00	-4.487247e-02	-2.493507e-02	-1.993740e-02
317           	-2.498534e-03	1.066492e+00	-4.506804e-02	-2.503255e-02	-2.003548e-02
318           	-2.498263e-03	1.066501e+00	-4.526105e-02	-2.512879e-02	-2.013226e-02
319           	-2.498017e-03	1.066518e+00	-4.544973e-02	-2.522288e-02	-2.022685e-02
320           	-2.497772e-03	1.066536e+00	-4.563284e-02	-2.531419e-02	-2.031865e-02
321           	-2.497504e-03	1.066550e+00	-4.580884e-02	-2.540193e-02	-2.040692e-02
322           	-2.497237e-03	1.066567e+00	-4.597750e-02	-2.548599e-02	-2.049151e-02
323           	-2.496945e-03	1.066581e+00	-4.613799e-02	-2.556594e-02	-2.057205e-02
324           	-2.496636e-03	1.066592e+00	-4.629042e-02	-2.564185e-02	-2.064858e-02
325           	-2.496315e-03	1.066601e+00	-4.643504e-02	-2.571384e-02	-2.072120e-02
326           	-2.495984e-03	1.066607e+00	-4.657289e-02	-2.578243e-02	-2.079046e-02
327           	-2.495663e-03	1.066615e+00	-4.670536e-02	-2.584834e-02	-2.085701e-02
328           	-2.495342e-03	1.066624e+00	-4.683369e-02	-2.591219e-02	-2.092150e-02
329           	-2.495025e-03	1.066632e+00	-4.695905e-02	-2.597455e-02	-2.098450e-02
330           	-2.494715e-03	1.066641e+00	-4.708285e-02	-2.603614e-02	-2.104671e-02
331           	-2.494404e-03	1.066650e+00	-4.720579e-02	-2.609730e-02	-2.110849e-02
332           	-2.494101e-03	1.066660e+00	-4.732883e-02	-2.615852e-02	-2.117032e-02
333           	-2.493799e-03	1.066671e+00	-4.745196e-02	-2.621978e-02	-2.123218e-02
334           	-2.493490e-03	1.066680e+00	-4.757530e-02	-2.628114e-02	-2.129416e-02
335           	-2.493180e-03	1.066689e+00	-4.769871e-02	-2.634253e-02	-2.135618e-02
336           	-2.492868e-03	1.066697e+00	-4.782225e-02	-2.640399e-02	-2.141826e-02
337           	-2.492554e-03	1.066705e+00	-4.794547e-02	-2.646529e-02	-2.148018e-02
338           	-2.492239e-03	1.066713e+00	-4.806823e-02	-2.652635e-02	-2.154188e-02
339           	-2.491937e-03	1.066724e+00	-4.819047e-02	-2.658717e-02	-2.160330e-02
340           	-2.491630e-03	1.066731e+00	-4.831185e-02	-2.664756e-02	-2.166430e-02
341           	-2.491338e-03	1.066742e+00	-4.843210e-02	-2.670739e-02	-2.172471e-02
342           	-2.491041e-03	1.066751e+00	-4.855109e-02	-2.676658e-02	-2.178450e-02
343           	-2.490759e-03	1.066764e+00	-4.866866e-02	-2.682509e-02	-2.184357e-02
344           	-2.490471e-03	1.066774e+00	-4.878479e-02	-2.688286e-02	-2.190192e-02
345           	-2.490190e-03	1.066786e+00	-4.889918e-02	-2.693978e-02	-2.195940e-02
346           	-2.489914e-03	1.066800e+00	-4.901194e-02	-2.699588e-02	-2.201605e-02
347           	-2.489641e-03	1.066814e+00	-4.912252e-02	-2.705090e-02	-2.207162e-02
348           	-2.489381e-03	1.066831e+00	-4.923111e-02	-2.710494e-02	-2.212618e-02
349           	-2.489119e-03	1.066848e+00	-4.933702e-02	-2.715763e-02	-2.217939e-02
350           	-2.488848e-03	1.066863e+00	-4.944023e-02	-2.720896e-02	-2.223127e-02
351           	-2.488587e-03	1.066881e+00	-4.954078e-02	-2.725898e-02	-2.228180e-02
352           	-2.488319e-03	1.066897e+00	-4.963869e-02	-2.730766e-02	-2.233103e-02
353           	-2.488051e-03	1.066914e+00	-4.973381e-02	-2.735496e-02	-2.237885e-02
354           	-2.487795e-03	1.066934e+00	-4.982661e-02	-2.740110e-02	-2.242551e-02
355           	-2.487528e-03	1.066951e+00	-4.991666e-02	-2.744586e-02	-2.247080e-02
356           	-2.487273e-03	1.066971e+00	-5.000471e-02	-2.748963e-02	-2.251508e-02
357           	-2.487008e-03	1.066988e+00	-5.009043e-02	-2.753222e-02	-2.255821e-02
358           	-2.486755e-03	1.067009e+00	-5.017460e-02	-2.757406e-02	-2.260055e-02
359           	-2.486500e-03	1.067029e+00	-5.025699e-02	-2.761499e-02	-2.264199e-02
360           	-2.486246e-03	1.067048e+00	-5.033798e-02	-2.765523e-02	-2.268274e-02
361           	-2.485985e-03	1.067066e+00	-5.041735e-02	-2.769466e-02	-2.272269e-02
362           	-2.485735e-03	1.067086e+00	-5.049572e-02	-2.773359e-02	-2.276212e-02
363           	-2.485485e-03	1.067106e+00	-5.057269e-02	-2.777183e-02	-2.280086e-02
364           	-2.485234e-03	1.067126e+00	-5.064842e-02	-2.780944e-02	-2.283898e-02
365           	-2.484976e-03	1.067143e+00	-5.072259e-02	-2.784627e-02	-2.287632e-02
366           	-2.484730e-03	1.067164e+00	-5.079572e-02	-2.788259e-02	-2.291313e-02
367           	-2.484483e-03	1.067183e+00	-5.086742e-02	-2.791819e-02	-2.294923e-02
368           	-2.484232e-03	1.067201e+00	-5.093780e-02	-2.795313e-02	-2.298467e-02
369           	-2.483992e-03	1.067222e+00	-5.100695e-02	-2.798747e-02	-2.301948e-02
370           	-2.483754e-03	1.067242e+00	-5.107491e-02	-2.802121e-02	-2.305370e-02
371           	-2.483516e-03	1.067261e+00	-5.114139e-02	-2.805421e-02	-2.308718e-02
372           	-2.483279e-03	1.067281e+00	-5.120666e-02	-2.808661e-02	-2.312005e-02
373           	-2.483043e-03	1.067301e+00	-5.127050e-02	-2.811829e-02	-2.315221e-02
374           	-2.482808e-03	1.067320e+00	-5.133312e-02	-2.814937e-02	-2.318375e-02
375           	-2.482573e-03	1.067340e+00	-5.139427e-02	-2.817971e-02	-2.321456e-02
376           	-2.482341e-03	1.067359e+00	-5.145421e-02	-2.820945e-02	-2.324476e-02
377           	-2.482109e-03	1.067379e+00	-5.151273e-02	-2.823847e-02	-2.327425e-02
378           	-2.481879e-03	1.067398e+00	-5.157009e-02	-2.826693e-02	-2.330317e-02
379           	-2.481651e-03	1.067418e+00	-5.162615e-02	-2.829472e-02	-2.333142e-02
380           	-2.481426e-03	1.067437e+00	-5.168120e-02	-2.832203e-02	-2.335917e-02
381           	-2.481202e-03	1.067457e+00	-5.173505e-02	-2.834873e-02	-2.338633e-02
382           	-2.480980e-03	1.067477e+00	-5.178802e-02	-2.837499e-02	-2.341303e-02
383           	-2.480758e-03	1.067496e+00	-5.183992e-02	-2.840072e-02	-2.343920e-02
384           	-2.480536e-03	1.067515e+00	-5.189099e-02	-2.842603e-02	-2.346496e-02
385           	-2.480318e-03	1.067535e+00	-5.194106e-02	-2.845085e-02	-2.349021e-02
386           	-2.480101e-03	1.067555e+00	-5.199033e-02	-2.847526e-02	-2.351506e-02
387           	-2.479882e-03	1.067573e+00	-5.203844e-02	-2.849910e-02	-2.353934e-02
388           	-2.479650e-03	1.067591e+00	-5.208636e-02	-2.852283e-02	-2.356353e-02
389           	-2.479436e-03	1.067610e+00	-5.213330e-02	-2.854609e-02	-2.358721e-02
390           	-2.479211e-03	1.067628e+00	-5.217960e-02	-2.856901e-02	-2.361059e-02
391           	-2.478987e-03	1.067646e+00	-5.222519e-02	-2.859158e-02	-2.363361e-02
392           	-2.478768e-03	1.067664e+00	-5.227009e-02	-2.861381e-02	-2.365628e-02
393           	-2.478553e-03	1.067682e+00	-5.231389e-02	-2.863550e-02	-2.367839e-02
394           	-2.478343e-03	1.067700e+00	-5.235669e-02	-2.865669e-02	-2.370000e-02
395           	-2.478135e-03	1.067718e+00	-5.239816e-02	-2.867722e-02	-2.372094e-02
396           	-2.477932e-03	1.067736e+00	-5.243855e-02	-2.869721e-02	-2.374134e-02
397           	-2.477730e-03	1.067754e+00	-5.247769e-02	-2.871658e-02	-2.376112e-02
398           	-2.477532e-03	1.067772e+00	-5.251588e-02	-2.873547e-02	-2.378041e-02
399           	-2.477336e-03	1.067790e+00	-5.255296e-02	-2.875381e-02	-2.379914e-02
400           	-2.477142e-03	1.067808e+00	-5.258920e-02	-2.877174e-02	-2.381746e-02
401           	-2.476950e-03	1.067825e+00	-5.262446e-02	-2.878918e-02	-2.383528e-02
402           	-2.476760e-03	1.067843e+00	-5.265898e-02	-2.880625e-02	-2.385273e-02
403           	-2.476570e-03	1.067860e+00	-5.269257e-02	-2.882285e-02	-2.386971e-02
404           	-2.476383e-03	1.067877e+00	-5.272550e-02	-2.883913e-02	-2.388637e-02
405           	-2.476197e-03	1.067894e+00	-5.275759e-02	-2.885499e-02	-2.390260e-02
406           	-2.476013e-03	1.067911e+00	-5.278911e-02	-2.887057e-02	-2.391854e-02
407           	-2.475830e-03	1.067928e+00	-5.281985e-02	-2.888576e-02	-2.393410e-02
408           	-2.475649e-03	1.067944e+00	-5.285010e-02	-2.890070e-02	-2.394940e-02
409           	-2.475470e-03	1.067960e+00	-5.287966e-02	-2.891530e-02	-2.396436e-02
410           	-2.475293e-03	1.067977e+00	-5.290883e-02	-2.892971e-02	-2.397912e-02
411           	-2.475118e-03	1.067993e+00	-5.293738e-02	-2.894381e-02	-2.399357e-02
412           	-2.474945e-03	1.068009e+00	-5.296558e-02	-2.895774e-02	-2.400784e-02
413           	-2.474774e-03	1.068024e+00	-5.299317e-02	-2.897136e-02	-2.402181e-02
414           	-2.474605e-03	1.068040e+00	-5.302034e-02	-2.898478e-02	-2.403557e-02
415           	-2.474436e-03	1.068056e+00	-5.304686e-02	-2.899786e-02	-2.404899e-02
416           	-2.474271e-03	1.068071e+00	-5.307292e-02	-2.901073e-02	-2.406219e-02
417           	-2.474107e-03	1.068086e+00	-5.309828e-02	-2.902325e-02	-2.407503e-02
418           	-2.473946e-03	1.068101e+00	-5.312314e-02	-2.903552e-02	-2.408762e-02
419           	-2.473787e-03	1.068115e+00	-5.314731e-02	-2.904744e-02	-2.409987e-02
420           	-2.473630e-03	1.068130e+00	-5.317095e-02	-2.905910e-02	-2.411184e-02
421           	-2.473474e-03	1.068144e+00	-5.319390e-02	-2.907042e-02	-2.412348e-02
422           	-2.473322e-03	1.068159e+00	-5.321644e-02	-2.908154e-02	-2.413490e-02
423           	-2.473171e-03	1.068173e+00	-5.323837e-02	-2.909235e-02	-2.414601e-02
424           	-2.473022e-03	1.068187e+00	-5.325996e-02	-2.910300e-02	-2.415696e-02
425           	-2.472875e-03	1.068200e+00	-5.328102e-02	-2.911338e-02	-2.416763e-02
426           	-2.472731e-03	1.068214e+00	-5.330188e-02	-2.912367e-02	-2.417821e-02
427           	-2.472588e-03	1.068228e+00	-5.332229e-02	-2.913373e-02	-2.418856e-02
428           	-2.472448e-03	1.068241e+00	-5.334252e-02	-2.914371e-02	-2.419881e-02
429           	-2.472310e-03	1.068254e+00	-5.336228e-02	-2.915345e-02	-2.420883e-02
430           	-2.472174e-03	1.068268e+00	-5.338179e-02	-2.916307e-02	-2.421872e-02
431           	-2.472039e-03	1.068281e+00	-5.340081e-02	-2.917244e-02	-2.422836e-02
432           	-2.471907e-03	1.068293e+00	-5.341955e-02	-2.918168e-02	-2.423787e-02
433           	-2.471782e-03	1.068306e+00	-5.343765e-02	-2.919061e-02	-2.424705e-02
434           	-2.471651e-03	1.068318e+00	-5.345564e-02	-2.919947e-02	-2.425617e-02
435           	-2.471521e-03	1.068331e+00	-5.347309e-02	-2.920806e-02	-2.426502e-02
436           	-2.471400e-03	1.068343e+00	-5.349011e-02	-2.921645e-02	-2.427365e-02
437           	-2.471275e-03	1.068355e+00	-5.350675e-02	-2.922465e-02	-2.428210e-02
438           	-2.471156e-03	1.068367e+00	-5.352300e-02	-2.923266e-02	-2.429034e-02
439           	-2.471039e-03	1.068379e+00	-5.353884e-02	-2.924046e-02	-2.429838e-02
440           	-2.470918e-03	1.068391e+00	-5.355462e-02	-2.924823e-02	-2.430639e-02
441           	-2.470804e-03	1.068402e+00	-5.356989e-02	-2.925575e-02	-2.431414e-02
442           	-2.470693e-03	1.068414e+00	-5.358504e-02	-2.926321e-02	-2.432183e-02
443           	-2.470582e-03	1.068425e+00	-5.359993e-02	-2.927055e-02	-2.432938e-02
444           	-2.470473e-03	1.068437e+00	-5.361477e-02	-2.927786e-02	-2.433691e-02
445           	-2.470365e-03	1.068448e+00	-5.362936e-02	-2.928504e-02	-2.434431e-02
446           	-2.470260e-03	1.068459e+00	-5.364390e-02	-2.929221e-02	-2.435169e-02
447           	-2.470162e-03	1.068472e+00	-5.365863e-02	-2.929947e-02	-2.435915e-02
448           	-2.470064e-03	1.068484e+00	-5.367295e-02	-2.930654e-02	-2.436641e-02
449           	-2.469960e-03	1.068493e+00	-5.368663e-02	-2.931328e-02	-2.437336e-02
450           	-2.469862e-03	1.068505e+00	-5.370051e-02	-2.932012e-02	-2.438039e-02
451           	-2.469763e-03	1.068514e+00	-5.371374e-02	-2.932663e-02	-2.438711e-02
452           	-2.469668e-03	1.068525e+00	-5.372710e-02	-2.933322e-02	-2.439388e-02
453           	-2.469565e-03	1.068534e+00	-5.373999e-02	-2.933956e-02	-2.440043e-02
454           	-2.469474e-03	1.068544e+00	-5.375326e-02	-2.934610e-02	-2.440716e-02
455           	-2.469376e-03	1.068552e+00	-5.376603e-02	-2.935239e-02	-2.441364e-02
456           	-2.469284e-03	1.068562e+00	-5.377928e-02	-2.935892e-02	-2.442036e-02
457           	-2.469202e-03	1.068573e+00	-5.379245e-02	-2.936543e-02	-2.442703e-02
458           	-2.469113e-03	1.068581e+00	-5.380504e-02	-2.937163e-02	-2.443341e-02
459           	-2.469025e-03	1.068590e+00	-5.381753e-02	-2.937779e-02	-2.443974e-02
460           	-2.468943e-03	1.068600e+00	-5.383013e-02	-2.938401e-02	-2.444612e-02
461           	-2.468864e-03	1.068609e+00	-5.384248e-02	-2.939010e-02	-2.445237e-02
462           	-2.468787e-03	1.068619e+00	-5.385463e-02	-2.939610e-02	-2.445853e-02
463           	-2.468709e-03	1.068627e+00	-5.386630e-02	-2.940186e-02	-2.446444e-02
464           	-2.468633e-03	1.068636e+00	-5.387767e-02	-2.940747e-02	-2.447020e-02
465           	-2.468556e-03	1.068644e+00	-5.388857e-02	-2.941284e-02	-2.447573e-02
466           	-2.468478e-03	1.068650e+00	-5.389891e-02	-2.941794e-02	-2.448098e-02
467           	-2.468404e-03	1.068657e+00	-5.390909e-02	-2.942295e-02	-2.448614e-02
468           	-2.468338e-03	1.068666e+00	-5.391945e-02	-2.942807e-02	-2.449139e-02
469           	-2.468276e-03	1.068675e+00	-5.392973e-02	-2.943314e-02	-2.449659e-02
470           	-2.468216e-03	1.068684e+00	-5.394004e-02	-2.943824e-02	-2.450180e-02
471           	-2.468156e-03	1.068692e+00	-5.395010e-02	-2.944320e-02	-2.450689e-02
472           	-2.468095e-03	1.068700e+00	-5.396010e-02	-2.944814e-02	-2.451195e-02
473           	-2.468033e-03	1.068708e+00	-5.396991e-02	-2.945299e-02	-2.451692e-02
474           	-2.467973e-03	1.068716e+00	-5.397979e-02	-2.945787e-02	-2.452192e-02
475           	-2.467913e-03	1.068723e+00	-5.398951e-02	-2.946267e-02	-2.452684e-02
476           	-2.467855e-03	1.068730e+00	-5.399932e-02	-2.946751e-02	-2.453180e-02
477           	-2.467797e-03	1.068737e+00	-5.400903e-02	-2.947231e-02	-2.453672e-02
478           	-2.467743e-03	1.068744e+00	-5.401885e-02	-2.947717e-02	-2.454168e-02
479           	-2.467689e-03	1.068751e+00	-5.402852e-02	-2.948195e-02	-2.454657e-02
480           	-2.467638e-03	1.068758e+00	-5.403825e-02	-2.948676e-02	-2.455149e-02
481           	-2.467587e-03	1.068765e+00	-5.404777e-02	-2.949147e-02	-2.455630e-02
482           	-2.467537e-03	1.068772e+00	-5.405727e-02	-2.949617e-02	-2.456110e-02
483           	-2.467489e-03	1.068779e+00	-5.406656e-02	-2.950077e-02	-2.456579e-02
484           	-2.467441e-03	1.068786e+00	-5.407577e-02	-2.950532e-02	-2.457044e-02
485           	-2.467395e-03	1.068792e+00	-5.408471e-02	-2.950975e-02	-2.457496e-02
486           	-2.467350e-03	1.068799e+00	-5.409359e-02	-2.951414e-02	-2.457944e-02
487           	-2.467305e-03	1.068805e+00	-5.410221e-02	-2.951841e-02	-2.458380e-02
488           	-2.467261e-03	1.068811e+00	-5.411083e-02	-2.952267e-02	-2.458815e-02
489           	-2.467214e-03	1.068816e+00	-5.411898e-02	-2.952670e-02	-2.459228e-02
490           	-2.467171e-03	1.068822e+00	-5.412734e-02	-2.953084e-02	-2.459650e-02
491           	-2.467132e-03	1.068828e+00	-5.413581e-02	-2.953504e-02	-2.460077e-02
492           	-2.467097e-03	1.068835e+00	-5.414450e-02	-2.953935e-02	-2.460515e-02
493           	-2.467061e-03	1.068841e+00	-5.415308e-02	-2.954360e-02	-2.460948e-02
494           	-2.467022e-03	1.068846e+00	-5.416143e-02	-2.954774e-02	-2.461369e-02
495           	-2.466983e-03	1.068851e+00	-5.416977e-02	-2.955187e-02	-2.461790e-02
496           	-2.466948e-03	1.068857e+00	-5.417832e-02	-2.955611e-02	-2.462221e-02
497           	-2.466914e-03	1.068863e+00	-5.418679e-02	-2.956031e-02	-2.462648e-02
498           	-2.466877e-03	1.068868e+00	-5.419503e-02	-2.956439e-02	-2.463064e-02
499           	-2.466841e-03	1.068873e+00	-5.420319e-02	-2.956844e-02	-2.463476e-02
500           	-2.466808e-03	1.068878e+00	-5.421150e-02	-2.957256e-02	-2.463894e-02
501           	-2.466773e-03	1.068883e+00	-5.421940e-02	-2.957647e-02	-2.464293e-02
502           	-2.466740e-03	1.068888e+00	-5.422743e-02	-2.958046e-02	-2.464698e-02
503           	-2.466708e-03	1.068893e+00	-5.423539e-02	-2.958440e-02	-2.465099e-02
504           	-2.466676e-03	1.068898e+00	-5.424314e-02	-2.958825e-02	-2.465489e-02
505           	-2.466644e-03	1.068902e+00	-5.425082e-02	-2.959205e-02	-2.465876e-02
506           	-2.466612e-03	1.068906e+00	-5.425840e-02	-2.959581e-02	-2.466259e-02
507           	-2.466581e-03	1.068911e+00	-5.426598e-02	-2.959957e-02	-2.466641e-02
508           	-2.466551e-03	1.068915e+00	-5.427353e-02	-2.960332e-02	-2.467021e-02
509           	-2.466522e-03	1.068920e+00	-5.428113e-02	-2.960709e-02	-2.467404e-02
510           	-2.466493e-03	1.068924e+00	-5.428872e-02	-2.961085e-02	-2.467787e-02
511           	-2.466464e-03	1.068929e+00	-5.429634e-02	-2.961463e-02	-2.468171e-02
512           	-2.466435e-03	1.068933e+00	-5.430395e-02	-2.961841e-02	-2.468554e-02
513           	-2.466405e-03	1.068936e+00	-5.431136e-02	-2.962209e-02	-2.468928e-02
514           	-2.466377e-03	1.068941e+00	-5.431912e-02	-2.962594e-02	-2.469318e-02
515           	-2.466349e-03	1.068945e+00	-5.432668e-02	-2.962969e-02	-2.469699e-02
516           	-2.466322e-03	1.068948e+00	-5.433427e-02	-2.963346e-02	-2.470081e-02
517           	-2.466295e-03	1.068953e+00	-5.434195e-02	-2.963727e-02	-2.470468e-02
518           	-2.466269e-03	1.068956e+00	-5.434962e-02	-2.964108e-02	-2.470854e-02
519           	-2.466241e-03	1.068960e+00	-5.435704e-02	-2.964476e-02	-2.471228e-02
520           	-2.466214e-03	1.068963e+00	-5.436450e-02	-2.964846e-02	-2.471604e-02
521           	-2.466188e-03	1.068967e+00	-5.437206e-02	-2.965222e-02	-2.471984e-02
522           	-2.466163e-03	1.068971e+00	-5.437962e-02	-2.965597e-02	-2.472365e-02
523           	-2.466136e-03	1.068974e+00	-5.438691e-02	-2.965959e-02	-2.472732e-02
524           	-2.466109e-03	1.068977e+00	-5.439422e-02	-2.966322e-02	-2.473100e-02
525           	-2.466082e-03	1.068980e+00	-5.440137e-02	-2.966676e-02	-2.473460e-02
526           	-2.466057e-03	1.068984e+00	-5.440861e-02	-2.967036e-02	-2.473825e-02
527           	-2.466031e-03	1.068987e+00	-5.441572e-02	-2.967389e-02	-2.474183e-02
528           	-2.466007e-03	1.068990e+00	-5.442292e-02	-2.967747e-02	-2.474545e-02
529           	-2.465984e-03	1.068994e+00	-5.442986e-02	-2.968091e-02	-2.474895e-02
530           	-2.465961e-03	1.068997e+00	-5.443687e-02	-2.968440e-02	-2.475248e-02
531           	-2.465937e-03	1.069000e+00	-5.444361e-02	-2.968774e-02	-2.475587e-02
532           	-2.465915e-03	1.069004e+00	-5.445035e-02	-2.969109e-02	-2.475926e-02
533           	-2.465891e-03	1.069007e+00	-5.445684e-02	-2.969431e-02	-2.476253e-02
534           	-2.465867e-03	1.069010e+00	-5.446338e-02	-2.969756e-02	-2.476582e-02
535           	-2.465843e-03	1.069013e+00	-5.446972e-02	-2.970070e-02	-2.476902e-02
536           	-2.465819e-03	1.069015e+00	-5.447616e-02	-2.970390e-02	-2.477226e-02
537           	-2.465795e-03	1.069018e+00	-5.448245e-02	-2.970702e-02	-2.477543e-02
538           	-2.465772e-03	1.069021e+00	-5.448887e-02	-2.971021e-02	-2.477866e-02
539           	-2.465747e-03	1.069024e+00	-5.449515e-02	-2.971332e-02	-2.478183e-02
540           	-2.465724e-03	1.069026e+00	-5.450155e-02	-2.971650e-02	-2.478505e-02
541           	-2.465701e-03	1.069029e+00	-5.450781e-02	-2.971961e-02	-2.478820e-02
542           	-2.465678e-03	1.069031e+00	-5.451417e-02	-2.972276e-02	-2.479141e-02
543           	-2.465655e-03	1.069034e+00	-5.452036e-02	-2.972583e-02	-2.479452e-02
544           	-2.465633e-03	1.069036e+00	-5.452662e-02	-2.972894e-02	-2.479768e-02
545           	-2.465610e-03	1.069039e+00	-5.453268e-02	-2.973195e-02	-2.480073e-02
546           	-2.465588e-03	1.069041e+00	-5.453878e-02	-2.973498e-02	-2.480380e-02
547           	-2.465566e-03	1.069044e+00	-5.454466e-02	-2.973789e-02	-2.480676e-02
548           	-2.465544e-03	1.069046e+00	-5.455056e-02	-2.974083e-02	-2.480974e-02
549           	-2.465522e-03	1.069048e+00	-5.455624e-02	-2.974364e-02	-2.481260e-02
550           	-2.465501e-03	1.069051e+00	-5.456193e-02	-2.974647e-02	-2.481547e-02
551           	-2.465480e-03	1.069053e+00	-5.456740e-02	-2.974918e-02	-2.481822e-02
552           	-2.465459e-03	1.069055e+00	-5.457290e-02	-2.975191e-02	-2.482099e-02
553           	-2.465438e-03	1.069057e+00	-5.457817e-02	-2.975452e-02	-2.482365e-02
554           	-2.465418e-03	1.069060e+00	-5.458348e-02	-2.975716e-02	-2.482632e-02
555           	-2.465398e-03	1.069062e+00	-5.458858e-02	-2.975969e-02	-2.482889e-02
556           	-2.465378e-03	1.069064e+00	-5.459372e-02	-2.976224e-02	-2.483148e-02
557           	-2.465359e-03	1.069066e+00	-5.459868e-02	-2.976470e-02	-2.483398e-02
558           	-2.465341e-03	1.069068e+00	-5.460368e-02	-2.976718e-02	-2.483650e-02
559           	-2.465324e-03	1.069071e+00	-5.460850e-02	-2.976957e-02	-2.483893e-02
560           	-2.465309e-03	1.069073e+00	-5.461335e-02	-2.977198e-02	-2.484137e-02
561           	-2.465292e-03	1.069076e+00	-5.461799e-02	-2.977429e-02	-2.484370e-02
562           	-2.465276e-03	1.069078e+00	-5.462264e-02	-2.977660e-02	-2.484604e-02
563           	-2.465259e-03	1.069081e+00	-5.462707e-02	-2.977879e-02	-2.484827e-02
564           	-2.465243e-03	1.069083e+00	-5.463150e-02	-2.978099e-02	-2.485051e-02
565           	-2.465226e-03	1.069085e+00	-5.463574e-02	-2.978310e-02	-2.485265e-02
566           	-2.465209e-03	1.069087e+00	-5.464002e-02	-2.978522e-02	-2.485480e-02
567           	-2.465191e-03	1.069089e+00	-5.464415e-02	-2.978727e-02	-2.485688e-02
568           	-2.465175e-03	1.069092e+00	-5.464835e-02	-2.978935e-02	-2.485900e-02
569           	-2.465157e-03	1.069094e+00	-5.465244e-02	-2.979138e-02	-2.486106e-02
570           	-2.465140e-03	1.069096e+00	-5.465664e-02	-2.979346e-02	-2.486318e-02
571           	-2.465123e-03	1.069097e+00	-5.466075e-02	-2.979550e-02	-2.486525e-02
572           	-2.465106e-03	1.069099e+00	-5.466498e-02	-2.979760e-02	-2.486738e-02
573           	-2.465088e-03	1.069101e+00	-5.466913e-02	-2.979965e-02	-2.486948e-02
574           	-2.465071e-03	1.069103e+00	-5.467340e-02	-2.980177e-02	-2.487163e-02
575           	-2.465054e-03	1.069104e+00	-5.467753e-02	-2.980382e-02	-2.487371e-02
576           	-2.465038e-03	1.069106e+00	-5.468172e-02	-2.980590e-02	-2.487582e-02
577           	-2.465021e-03	1.069108e+00	-5.468575e-02	-2.980790e-02	-2.487785e-02
578           	-2.465005e-03	1.069109e+00	-5.468984e-02	-2.980992e-02	-2.487991e-02
579           	-2.464987e-03	1.069111e+00	-5.469376e-02	-2.981187e-02	-2.488190e-02
580           	-2.464971e-03	1.069112e+00	-5.469774e-02	-2.981384e-02	-2.488390e-02
581           	-2.464954e-03	1.069114e+00	-5.470157e-02	-2.981574e-02	-2.488583e-02
582           	-2.464938e-03	1.069115e+00	-5.470544e-02	-2.981766e-02	-2.488778e-02
583           	-2.464922e-03	1.069117e+00	-5.470915e-02	-2.981949e-02	-2.488965e-02
584           	-2.464906e-03	1.069118e+00	-5.471289e-02	-2.982135e-02	-2.489154e-02
585           	-2.464889e-03	1.069119e+00	-5.471650e-02	-2.982314e-02	-2.489336e-02
586           	-2.464874e-03	1.069121e+00	-5.472015e-02	-2.982495e-02	-2.489520e-02
587           	-2.464858e-03	1.069122e+00	-5.472363e-02	-2.982667e-02	-2.489696e-02
588           	-2.464843e-03	1.069123e+00	-5.472717e-02	-2.982843e-02	-2.489874e-02
589           	-2.464828e-03	1.069125e+00	-5.473053e-02	-2.983009e-02	-2.490044e-02
590           	-2.464813e-03	1.069126e+00	-5.473392e-02	-2.983177e-02	-2.490215e-02
591           	-2.464799e-03	1.069128e+00	-5.473711e-02	-2.983335e-02	-2.490376e-02
592           	-2.464785e-03	1.069129e+00	-5.474031e-02	-2.983494e-02	-2.490537e-02
593           	-2.464771e-03	1.069130e+00	-5.474331e-02	-2.983643e-02	-2.490688e-02
594           	-2.464758e-03	1.069132e+00	-5.474631e-02	-2.983791e-02	-2.490840e-02
595           	-2.464745e-03	1.069133e+00	-5.474911e-02	-2.983930e-02	-2.490981e-02
596           	-2.464732e-03	1.069134e+00	-5.475192e-02	-2.984069e-02	-2.491123e-02
597           	-2.464719e-03	1.069135e+00	-5.475454e-02	-2.984199e-02	-2.491255e-02
598           	-2.464707e-03	1.069137e+00	-5.475717e-02	-2.984329e-02	-2.491388e-02
599           	-2.464694e-03	1.069138e+00	-5.475963e-02	-2.984451e-02	-2.491512e-02
600           	-2.464683e-03	1.069139e+00	-5.476212e-02	-2.984574e-02	-2.491638e-02
601           	-2.464671e-03	1.069140e+00	-5.476445e-02	-2.984690e-02	-2.491756e-02
602           	-2.464660e-03	1.069141e+00	-5.476684e-02	-2.984808e-02	-2.491876e-02
603           	-2.464648e-03	1.069143e+00	-5.476906e-02	-2.984918e-02	-2.491988e-02
604           	-2.464637e-03	1.069144e+00	-5.477135e-02	-2.985031e-02	-2.492104e-02
605           	-2.464625e-03	1.069145e+00	-5.477349e-02	-2.985137e-02	-2.492212e-02
606           	-2.464615e-03	1.069146e+00	-5.477569e-02	-2.985246e-02	-2.492323e-02
607           	-2.464604e-03	1.069147e+00	-5.477779e-02	-2.985350e-02	-2.492429e-02
608           	-2.464594e-03	1.069148e+00	-5.477993e-02	-2.985456e-02	-2.492537e-02
609           	-2.464583e-03	1.069149e+00	-5.478193e-02	-2.985555e-02	-2.492638e-02
610           	-2.464573e-03	1.069150e+00	-5.478401e-02	-2.985658e-02	-2.492743e-02
611           	-2.464562e-03	1.069151e+00	-5.478593e-02	-2.985753e-02	-2.492841e-02
612           	-2.464552e-03	1.069152e+00	-5.478791e-02	-2.985851e-02	-2.492940e-02
613           	-2.464541e-03	1.069153e+00	-5.478973e-02	-2.985941e-02	-2.493033e-02
614           	-2.464530e-03	1.069154e+00	-5.479160e-02	-2.986033e-02	-2.493127e-02
615           	-2.464520e-03	1.069155e+00	-5.479333e-02	-2.986118e-02	-2.493214e-02
616           	-2.464510e-03	1.069155e+00	-5.479512e-02	-2.986207e-02	-2.493305e-02
617           	-2.464501e-03	1.069156e+00	-5.479676e-02	-2.986288e-02	-2.493388e-02
618           	-2.464492e-03	1.069157e+00	-5.479848e-02	-2.986373e-02	-2.493475e-02
619           	-2.464483e-03	1.069158e+00	-5.480005e-02	-2.986451e-02	-2.493554e-02
620           	-2.464474e-03	1.069159e+00	-5.480168e-02	-2.986532e-02	-2.493637e-02
621           	-2.464466e-03	1.069159e+00	-5.480318e-02	-2.986605e-02	-2.493712e-02
622           	-2.464458e-03	1.069160e+00	-5.480473e-02	-2.986683e-02	-2.493791e-02
623           	-2.464449e-03	1.069161e+00	-5.480614e-02	-2.986752e-02	-2.493862e-02
624           	-2.464442e-03	1.069162e+00	-5.480760e-02	-2.986824e-02	-2.493936e-02
625           	-2.464434e-03	1.069163e+00	-5.480890e-02	-2.986889e-02	-2.494002e-02
626           	-2.464427e-03	1.069163e+00	-5.481026e-02	-2.986956e-02	-2.494070e-02
627           	-2.464419e-03	1.069164e+00	-5.481145e-02	-2.987014e-02	-2.494131e-02
628           	-2.464413e-03	1.069165e+00	-5.481270e-02	-2.987076e-02	-2.494194e-02
629           	-2.464405e-03	1.069165e+00	-5.481379e-02	-2.987130e-02	-2.494249e-02
630           	-2.464399e-03	1.069166e+00	-5.481494e-02	-2.987187e-02	-2.494307e-02
631           	-2.464392e-03	1.069167e+00	-5.481594e-02	-2.987236e-02	-2.494358e-02
632           	-2.464386e-03	1.069168e+00	-5.481702e-02	-2.987290e-02	-2.494412e-02
633           	-2.464380e-03	1.069168e+00	-5.481797e-02	-2.987336e-02	-2.494460e-02
634           	-2.464374e-03	1.069169e+00	-5.481900e-02	-2.987387e-02	-2.494512e-02
635           	-2.464368e-03	1.069170e+00	-5.481990e-02	-2.987432e-02	-2.494558e-02
636           	-2.464362e-03	1.069170e+00	-5.482090e-02	-2.987481e-02	-2.494609e-02
637           	-2.464356e-03	1.069171e+00	-5.482178e-02	-2.987525e-02	-2.494654e-02
638           	-2.464351e-03	1.069172e+00	-5.482276e-02	-2.987573e-02	-2.494703e-02
639           	-2.464345e-03	1.069172e+00	-5.482362e-02	-2.987616e-02	-2.494747e-02
640           	-2.464340e-03	1.069173e+00	-5.482458e-02	-2.987663e-02	-2.494795e-02
641           	-2.464334e-03	1.069173e+00	-5.482542e-02	-2.987705e-02	-2.494838e-02
642           	-2.464329e-03	1.069174e+00	-5.482636e-02	-2.987751e-02	-2.494885e-02
643           	-2.464324e-03	1.069174e+00	-5.482716e-02	-2.987791e-02	-2.494926e-02
644           	-2.464319e-03	1.069175e+00	-5.482806e-02	-2.987835e-02	-2.494971e-02
645           	-2.464314e-03	1.069175e+00	-5.482884e-02	-2.987873e-02	-2.495010e-02
646           	-2.464309e-03	1.069176e+00	-5.482970e-02	-2.987916e-02	-2.495054e-02
647           	-2.464303e-03	1.069176e+00	-5.483042e-02	-2.987951e-02	-2.495091e-02
648           	-2.464298e-03	1.069177e+00	-5.483123e-02	-2.987991e-02	-2.495131e-02
649           	-2.464293e-03	1.069177e+00	-5.483190e-02	-2.988024e-02	-2.495166e-02
650           	-2.464288e-03	1.069177e+00	-5.483267e-02	-2.988062e-02	-2.495205e-02
651           	-2.464282e-03	1.069178e+00	-5.483331e-02	-2.988094e-02	-2.495237e-02
652           	-2.464278e-03	1.069178e+00	-5.483404e-02	-2.988130e-02	-2.495274e-02
653           	-2.464273e-03	1.069178e+00	-5.483466e-02	-2.988160e-02	-2.495306e-02
654           	-2.464269e-03	1.069179e+00	-5.483537e-02	-2.988196e-02	-2.495342e-02
655           	-2.464264e-03	1.069179e+00	-5.483597e-02	-2.988225e-02	-2.495372e-02
656           	-2.464261e-03	1.069179e+00	-5.483665e-02	-2.988258e-02	-2.495406e-02
657           	-2.464256e-03	1.069180e+00	-5.483720e-02	-2.988286e-02	-2.495434e-02
658           	-2.464253e-03	1.069180e+00	-5.483784e-02	-2.988317e-02	-2.495467e-02
659           	-2.464249e-03	1.069180e+00	-5.483835e-02	-2.988342e-02	-2.495492e-02
660           	-2.464246e-03	1.069181e+00	-5.483893e-02	-2.988371e-02	-2.495522e-02
661           	-2.464242e-03	1.069181e+00	-5.483937e-02	-2.988393e-02	-2.495544e-02
662           	-2.464240e-03	1.069182e+00	-5.483989e-02	-2.988419e-02	-2.495571e-02
663           	-2.464236e-03	1.069182e+00	-5.484027e-02	-2.988437e-02	-2.495590e-02
664           	-2.464234e-03	1.069182e+00	-5.484071e-02	-2.988459e-02	-2.495612e-02
665           	-2.464230e-03	1.069183e+00	-5.484103e-02	-2.988475e-02	-2.495628e-02
666           	-2.464228e-03	1.069183e+00	-5.484143e-02	-2.988494e-02	-2.495649e-02
667           	-2.464225e-03	1.069183e+00	-5.484171e-02	-2.988508e-02	-2.495663e-02
668           	-2.464223e-03	1.069184e+00	-5.484208e-02	-2.988526e-02	-2.495682e-02
669           	-2.464220e-03	1.069184e+00	-5.484235e-02	-2.988540e-02	-2.495696e-02
670           	-2.464218e-03	1.069184e+00	-5.484274e-02	-2.988559e-02	-2.495715e-02
671           	-2.464215e-03	1.069185e+00	-5.484302e-02	-2.988572e-02	-2.495730e-02
672           	-2.464213e-03	1.069185e+00	-5.484342e-02	-2.988592e-02	-2.495750e-02
673           	-2.464210e-03	1.069185e+00	-5.484372e-02	-2.988607e-02	-2.495765e-02
674           	-2.464208e-03	1.069185e+00	-5.484414e-02	-2.988628e-02	-2.495786e-02
675           	-2.464205e-03	1.069186e+00	-5.484447e-02	-2.988644e-02	-2.495803e-02
676           	-2.464203e-03	1.069186e+00	-5.484490e-02	-2.988665e-02	-2.495824e-02
677           	-2.464200e-03	1.069186e+00	-5.484523e-02	-2.988681e-02	-2.495841e-02
678           	-2.464199e-03	1.069186e+00	-5.484568e-02	-2.988704e-02	-2.495864e-02
679           	-2.464196e-03	1.069187e+00	-5.484602e-02	-2.988721e-02	-2.495881e-02
680           	-2.464194e-03	1.069187e+00	-5.484646e-02	-2.988742e-02	-2.495903e-02
681           	-2.464191e-03	1.069187e+00	-5.484678e-02	-2.988758e-02	-2.495920e-02
682           	-2.464190e-03	1.069187e+00	-5.484722e-02	-2.988780e-02	-2.495942e-02
683           	-2.464187e-03	1.069188e+00	-5.484754e-02	-2.988796e-02	-2.495958e-02
684           	-2.464185e-03	1.069188e+00	-5.484795e-02	-2.988816e-02	-2.495979e-02
685           	-2.464183e-03	1.069188e+00	-5.484825e-02	-2.988831e-02	-2.495994e-02
686           	-2.464181e-03	1.069188e+00	-5.484866e-02	-2.988851e-02	-2.496015e-02
687           	-2.464179e-03	1.069189e+00	-5.484895e-02	-2.988865e-02	-2.496030e-02
688           	-2.464177e-03	1.069189e+00	-5.484935e-02	-2.988885e-02	-2.496050e-02
689           	-2.464175e-03	1.069189e+00	-5.484964e-02	-2.988899e-02	-2.496064e-02
690           	-2.464174e-03	1.069189e+00	-5.485004e-02	-2.988919e-02	-2.496085e-02
691           	-2.464171e-03	1.069189e+00	-5.485034e-02	-2.988934e-02	-2.496100e-02
692           	-2.464170e-03	1.069190e+00	-5.485074e-02	-2.988954e-02	-2.496120e-02
693           	-2.464167e-03	1.069190e+00	-5.485104e-02	-2.988969e-02	-2.496135e-02
694           	-2.464166e-03	1.069190e+00	-5.485145e-02	-2.988989e-02	-2.496156e-02
695           	-2.464164e-03	1.069190e+00	-5.485175e-02	-2.989004e-02	-2.496171e-02
696           	-2.464162e-03	1.069190e+00	-5.485216e-02	-2.989024e-02	-2.496192e-02
697           	-2.464160e-03	1.069190e+00	-5.485246e-02	-2.989039e-02	-2.496207e-02
698           	-2.464159e-03	1.069191e+00	-5.485288e-02	-2.989060e-02	-2.496228e-02
699           	-2.464157e-03	1.069191e+00	-5.485318e-02	-2.989075e-02	-2.496243e-02
700           	-2.464155e-03	1.069191e+00	-5.485358e-02	-2.989095e-02	-2.496264e-02
701           	-2.464153e-03	1.069191e+00	-5.485388e-02	-2.989109e-02	-2.496279e-02
702           	-2.464152e-03	1.069191e+00	-5.485428e-02	-2.989129e-02	-2.496299e-02
703           	-2.464150e-03	1.069191e+00	-5.485458e-02	-2.989144e-02	-2.496314e-02
704           	-2.464148e-03	1.069192e+00	-5.485498e-02	-2.989164e-02	-2.496334e-02
705           	-2.464146e-03	1.069192e+00	-5.485527e-02	-2.989178e-02	-2.496349e-02
706           	-2.464145e-03	1.069192e+00	-5.485567e-02	-2.989198e-02	-2.496369e-02
707           	-2.464143e-03	1.069192e+00	-5.485596e-02	-2.989212e-02	-2.496384e-02
708           	-2.464141e-03	1.069192e+00	-5.485636e-02	-2.989232e-02	-2.496404e-02
709           	-2.464139e-03	1.069192e+00	-5.485665e-02	-2.989246e-02	-2.496418e-02
710           	-2.464138e-03	1.069192e+00	-5.485705e-02	-2.989266e-02	-2.496439e-02
711           	-2.464136e-03	1.069193e+00	-5.485735e-02	-2.989281e-02	-2.496454e-02
712           	-2.464135e-03	1.069193e+00	-5.485775e-02	-2.989301e-02	-2.496474e-02
713           	-2.464133e-03	1.069193e+00	-5.485805e-02	-2.989316e-02	-2.496489e-02
714           	-2.464132e-03	1.069193e+00	-5.485846e-02	-2.989336e-02	-2.496510e-02
715           	-2.464130e-03	1.069193e+00	-5.485877e-02	-2.989351e-02	-2.496525e-02
716           	-2.464129e-03	1.069193e+00	-5.485918e-02	-2.989372e-02	-2.496546e-02
717           	-2.464127e-03	1.069193e+00	-5.485948e-02	-2.989387e-02	-2.496561e-02
718           	-2.464126e-03	1.069193e+00	-5.485989e-02	-2.989407e-02	-2.496582e-02
719           	-2.464124e-03	1.069193e+00	-5.486019e-02	-2.989422e-02	-2.496597e-02
720           	-2.464123e-03	1.069194e+00	-5.486060e-02	-2.989442e-02	-2.496617e-02
721           	-2.464121e-03	1.069194e+00	-5.486089e-02	-2.989457e-02	-2.496632e-02
722           	-2.464120e-03	1.069194e+00	-5.486128e-02	-2.989476e-02	-2.496652e-02
723           	-2.464119e-03	1.069194e+00	-5.486156e-02	-2.989490e-02	-2.496666e-02
724           	-2.464118e-03	1.069194e+00	-5.486194e-02	-2.989509e-02	-2.496685e-02
725           	-2.464116e-03	1.069194e+00	-5.486221e-02	-2.989522e-02	-2.496699e-02
726           	-2.464115e-03	1.069194e+00	-5.486257e-02	-2.989540e-02	-2.496717e-02
727           	-2.464113e-03	1.069194e+00	-5.486282e-02	-2.989553e-02	-2.496730e-02
728           	-2.464112e-03	1.069195e+00	-5.486317e-02	-2.989570e-02	-2.496748e-02
729           	-2.464111e-03	1.069195e+00	-5.486341e-02	-2.989582e-02	-2.496760e-02
730           	-2.464110e-03	1.069195e+00	-5.486375e-02	-2.989598e-02	-2.496776e-02
731           	-2.464108e-03	1.069195e+00	-5.486397e-02	-2.989609e-02	-2.496788e-02
732           	-2.464107e-03	1.069195e+00	-5.486430e-02	-2.989626e-02	-2.496804e-02
733           	-2.464106e-03	1.069195e+00	-5.486451e-02	-2.989636e-02	-2.496815e-02
734           	-2.464105e-03	1.069195e+00	-5.486483e-02	-2.989652e-02	-2.496831e-02
735           	-2.464104e-03	1.069195e+00	-5.486503e-02	-2.989662e-02	-2.496841e-02
736           	-2.464103e-03	1.069195e+00	-5.486534e-02	-2.989677e-02	-2.496857e-02
737           	-2.464102e-03	1.069195e+00	-5.486553e-02	-2.989687e-02	-2.496866e-02
738           	-2.464101e-03	1.069195e+00	-5.486583e-02	-2.989702e-02	-2.496881e-02
739           	-2.464099e-03	1.069196e+00	-5.486601e-02	-2.989711e-02	-2.496891e-02
740           	-2.464099e-03	1.069196e+00	-5.486630e-02	-2.989725e-02	-2.496905e-02
741           	-2.464097e-03	1.069196e+00	-5.486648e-02	-2.989733e-02	-2.496914e-02
742           	-2.464097e-03	1.069196e+00	-5.486675e-02	-2.989747e-02	-2.496928e-02
743           	-2.464095e-03	1.069196e+00	-5.486692e-02	-2.989756e-02	-2.496937e-02
744           	-2.464095e-03	1.069196e+00	-5.486720e-02	-2.989769e-02	-2.496950e-02
745           	-2.464093e-03	1.069196e+00	-5.486736e-02	-2.989777e-02	-2.496959e-02
746           	-2.464093e-03	1.069196e+00	-5.486763e-02	-2.989791e-02	-2.496972e-02
747           	-2.464091e-03	1.069196e+00	-5.486779e-02	-2.989799e-02	-2.496981e-02
748           	-2.464091e-03	1.069196e+00	-5.486806e-02	-2.989812e-02	-2.496994e-02
749           	-2.464089e-03	1.069196e+00	-5.486822e-02	-2.989820e-02	-2.497002e-02
750           	-2.464089e-03	1.069196e+00	-5.486848e-02	-2.989833e-02	-2.497015e-02
751           	-2.464087e-03	1.069196e+00	-5.486864e-02	-2.989841e-02	-2.497023e-02
752           	-2.464087e-03	1.069197e+00	-5.486890e-02	-2.989854e-02	-2.497036e-02
753           	-2.464085e-03	1.069197e+00	-5.486905e-02	-2.989861e-02	-2.497044e-02
754           	-2.464085e-03	1.069197e+00	-5.486930e-02	-2.989873e-02	-2.497056e-02
755           	-2.464084e-03	1.069197e+00	-5.486944e-02	-2.989880e-02	-2.497064e-02
756           	-2.464083e-03	1.069197e+00	-5.486968e-02	-2.989893e-02	-2.497076e-02
757           	-2.464082e-03	1.069197e+00	-5.486982e-02	-2.989899e-02	-2.497083e-02
758           	-2.464081e-03	1.069197e+00	-5.487005e-02	-2.989911e-02	-2.497094e-02
759           	-2.464080e-03	1.069197e+00	-5.487017e-02	-2.989917e-02	-2.497101e-02
760           	-2.464080e-03	1.069197e+00	-5.487039e-02	-2.989928e-02	-2.497112e-02
761           	-2.464078e-03	1.069197e+00	-5.487051e-02	-2.989933e-02	-2.497117e-02
762           	-2.464078e-03	1.069197e+00	-5.487072e-02	-2.989944e-02	-2.497128e-02
763           	-2.464077e-03	1.069197e+00	-5.487082e-02	-2.989949e-02	-2.497133e-02
764           	-2.464076e-03	1.069197e+00	-5.487103e-02	-2.989959e-02	-2.497144e-02
765           	-2.464075e-03	1.069197e+00	-5.487112e-02	-2.989964e-02	-2.497149e-02
766           	-2.464075e-03	1.069197e+00	-5.487132e-02	-2.989974e-02	-2.497159e-02
767           	-2.464074e-03	1.069197e+00	-5.487141e-02	-2.989978e-02	-2.497163e-02
768           	-2.464073e-03	1.069198e+00	-5.487161e-02	-2.989988e-02	-2.497173e-02
769           	-2.464072e-03	1.069198e+00	-5.487169e-02	-2.989992e-02	-2.497177e-02
770           	-2.464072e-03	1.069198e+00	-5.487188e-02	-2.990001e-02	-2.497187e-02
771           	-2.464071e-03	1.069198e+00	-5.487196e-02	-2.990005e-02	-2.497191e-02
772           	-2.464070e-03	1.069198e+00	-5.487215e-02	-2.990014e-02	-2.497200e-02
773           	-2.464069e-03	1.069198e+00	-5.487222e-02	-2.990018e-02	-2.497204e-02
774           	-2.464069e-03	1.069198e+00	-5.487240e-02	-2.990027e-02	-2.497213e-02
775           	-2.464068e-03	1.069198e+00	-5.487247e-02	-2.990031e-02	-2.497217e-02
776           	-2.464068e-03	1.069198e+00	-5.487265e-02	-2.990039e-02	-2.497226e-02
777           	-2.464067e-03	1.069198e+00	-5.487271e-02	-2.990042e-02	-2.497229e-02
778           	-2.464066e-03	1.069198e+00	-5.487288e-02	-2.990051e-02	-2.497237e-02
779           	-2.464065e-03	1.069198e+00	-5.487294e-02	-2.990054e-02	-2.497240e-02
780           	-2.464065e-03	1.069198e+00	-5.487311e-02	-2.990062e-02	-2.497249e-02
781           	-2.464064e-03	1.069198e+00	-5.487316e-02	-2.990065e-02	-2.497252e-02
782           	-2.464064e-03	1.069198e+00	-5.487332e-02	-2.990073e-02	-2.497260e-02
783           	-2.464063e-03	1.069198e+00	-5.487337e-02	-2.990075e-02	-2.497262e-02
784           	-2.464063e-03	1.069198e+00	-5.487352e-02	-2.990082e-02	-2.497270e-02
785           	-2.464062e-03	1.069198e+00	-5.487357e-02	-2.990085e-02	-2.497272e-02
786           	-2.464062e-03	1.069198e+00	-5.487371e-02	-2.990092e-02	-2.497280e-02
787           	-2.464061e-03	1.069198e+00	-5.487375e-02	-2.990094e-02	-2.497282e-02
788           	-2.464060e-03	1.069198e+00	-5.487390e-02	-2.990101e-02	-2.497289e-02
789           	-2.464059e-03	1.069198e+00	-5.487394e-02	-2.990103e-02	-2.497291e-02
790           	-2.464059e-03	1.069199e+00	-5.487409e-02	-2.990110e-02	-2.497299e-02
791           	-2.464058e-03	1.069199e+00	-5.487414e-02	-2.990113e-02	-2.497301e-02
792           	-2.464058e-03	1.069199e+00	-5.487428e-02	-2.990120e-02	-2.497308e-02
793           	-2.464057e-03	1.069199e+00	-5.487432e-02	-2.990122e-02	-2.497310e-02
794           	-2.464057e-03	1.069199e+00	-5.487446e-02	-2.990129e-02	-2.497317e-02
795           	-2.464056e-03	1.069199e+00	-5.487450e-02	-2.990131e-02	-2.497319e-02
796           	-2.464056e-03	1.069199e+00	-5.487463e-02	-2.990137e-02	-2.497326e-02
797           	-2.464056e-03	1.069199e+00	-5.487466e-02	-2.990138e-02	-2.497327e-02
798           	-2.464056e-03	1.069199e+00	-5.487478e-02	-2.990145e-02	-2.497333e-02
799           	-2.464055e-03	1.069199e+00	-5.487480e-02	-2.990145e-02	-2.497334e-02
800           	-2.464055e-03	1.069199e+00	-5.487491e-02	-2.990151e-02	-2.497340e-02
801           	-2.464054e-03	1.069199e+00	-5.487493e-02	-2.990152e-02	-2.497341e-02
802           	-2.464054e-03	1.069199e+00	-5.487504e-02	-2.990157e-02	-2.497347e-02
803           	-2.464053e-03	1.069199e+00	-5.487505e-02	-2.990158e-02	-2.497347e-02
804           	-2.464053e-03	1.069199e+00	-5.487516e-02	-2.990163e-02	-2.497352e-02
805           	-2.464052e-03	1.069199e+00	-5.487516e-02	-2.990163e-02	-2.497353e-02
806           	-2.464052e-03	1.069199e+00	-5.487527e-02	-2.990169e-02	-2.497358e-02
807           	-2.464052e-03	1.069199e+00	-5.487528e-02	-2.990169e-02	-2.497359e-02
808           	-2.464052e-03	1.069199e+00	-5.487538e-02	-2.990174e-02	-2.497364e-02
809           	-2.464051e-03	1.069199e+00	-5.487539e-02	-2.990175e-02	-2.497364e-02
810           	-2.464051e-03	1.069199e+00	-5.487550e-02	-2.990180e-02	-2.497370e-02
811           	-2.464050e-03	1.069199e+00	-5.487550e-02	-2.990180e-02	-2.497370e-02
812           	-2.464050e-03	1.069199e+00	-5.487560e-02	-2.990185e-02	-2.497375e-02
813           	-2.464050e-03	1.069199e+00	-5.487561e-02	-2.990185e-02	-2.497375e-02
814           	-2.464050e-03	1.069199e+00	-5.487571e-02	-2.990191e-02	-2.497381e-02
815           	-2.464049e-03	1.069199e+00	-5.487571e-02	-2.990190e-02	-2.497381e-02
816           	-2.464049e-03	1.069199e+00	-5.487581e-02	-2.990195e-02	-2.497386e-02
817           	-2.464048e-03	1.069199e+00	-5.487581e-02	-2.990195e-02	-2.497386e-02
818           	-2.464049e-03	1.069199e+00	-5.487591e-02	-2.990200e-02	-2.497391e-02
819           	-2.464048e-03	1.069199e+00	-5.487590e-02	-2.990200e-02	-2.497390e-02
820           	-2.464048e-03	1.069200e+00	-5.487600e-02	-2.990205e-02	-2.497395e-02
821           	-2.464047e-03	1.069200e+00	-5.487599e-02	-2.990204e-02	-2.497395e-02
822           	-2.464047e-03	1.069200e+00	-5.487608e-02	-2.990209e-02	-2.497399e-02
823           	-2.464047e-03	1.069200e+00	-5.487607e-02	-2.990208e-02	-2.497399e-02
824           	-2.464047e-03	1.069200e+00	-5.487617e-02	-2.990213e-02	-2.497404e-02
825           	-2.464046e-03	1.069200e+00	-5.487615e-02	-2.990212e-02	-2.497403e-02
826           	-2.464046e-03	1.069200e+00	-5.487625e-02	-2.990217e-02	-2.497408e-02
827           	-2.464046e-03	1.069200e+00	-5.487623e-02	-2.990216e-02	-2.497407e-02
828           	-2.464046e-03	1.069200e+00	-5.487632e-02	-2.990221e-02	-2.497412e-02
829           	-2.464045e-03	1.069200e+00	-5.487631e-02	-2.990220e-02	-2.497411e-02
830           	-2.464045e-03	1.069200e+00	-5.487640e-02	-2.990225e-02	-2.497416e-02
831           	-2.464045e-03	1.069200e+00	-5.487639e-02	-2.990224e-02	-2.497415e-02
832           	-2.464045e-03	1.069200e+00	-5.487648e-02	-2.990228e-02	-2.497419e-02
833           	-2.464044e-03	1.069200e+00	-5.487647e-02	-2.990228e-02	-2.497419e-02
834           	-2.464044e-03	1.069200e+00	-5.487656e-02	-2.990232e-02	-2.497423e-02
835           	-2.464044e-03	1.069200e+00	-5.487654e-02	-2.990231e-02	-2.497423e-02
836           	-2.464044e-03	1.069200e+00	-5.487663e-02	-2.990236e-02	-2.497427e-02
837           	-2.464043e-03	1.069200e+00	-5.487661e-02	-2.990235e-02	-2.497426e-02
838           	-2.464044e-03	1.069200e+00	-5.487670e-02	-2.990239e-02	-2.497431e-02
839           	-2.464043e-03	1.069200e+00	-5.487668e-02	-2.990238e-02	-2.497430e-02
840           	-2.464043e-03	1.069200e+00	-5.487676e-02	-2.990242e-02	-2.497434e-02
841           	-2.464043e-03	1.069200e+00	-5.487674e-02	-2.990241e-02	-2.497433e-02
842           	-2.464043e-03	1.069200e+00	-5.487682e-02	-2.990245e-02	-2.497437e-02
843           	-2.464042e-03	1.069200e+00	-5.487680e-02	-2.990244e-02	-2.497436e-02
844           	-2.464042e-03	1.069200e+00	-5.487688e-02	-2.990248e-02	-2.497440e-02
845           	-2.464042e-03	1.069200e+00	-5.487685e-02	-2.990247e-02	-2.497438e-02
846           	-2.464042e-03	1.069200e+00	-5.487693e-02	-2.990251e-02	-2.497442e-02
847           	-2.464042e-03	1.069200e+00	-5.487690e-02	-2.990249e-02	-2.497441e-02
848           	-2.464042e-03	1.069200e+00	-5.487697e-02	-2.990253e-02	-2.497445e-02
849           	-2.464041e-03	1.069200e+00	-5.487695e-02	-2.990251e-02	-2.497443e-02
850           	-2.464042e-03	1.069200e+00	-5.487702e-02	-2.990255e-02	-2.497447e-02
851           	-2.464041e-03	1.069200e+00	-5.487699e-02	-2.990254e-02	-2.497446e-02
852           	-2.464041e-03	1.069200e+00	-5.487707e-02	-2.990257e-02	-2.497449e-02
853           	-2.464041e-03	1.069200e+00	-5.487704e-02	-2.990256e-02	-2.497448e-02
854           	-2.464041e-03	1.069200e+00	-5.487711e-02	-2.990260e-02	-2.497452e-02
855           	-2.464040e-03	1.069200e+00	-5.487708e-02	-2.990258e-02	-2.497450e-02
856           	-2.464041e-03	1.069200e+00	-5.487716e-02	-2.990262e-02	-2.497454e-02
857           	-2.464040e-03	1.069200e+00	-5.487713e-02	-2.990260e-02	-2.497452e-02
