# Force coefficients
# liftDir     : (0.000000e+00 0.000000e+00 1.000000e+00)
# dragDir     : (0.000000e+00 1.000000e+00 0.000000e+00)
# pitchAxis   : (1.000000e+00 0.000000e+00 0.000000e+00)
# magUInf     : 3.923697e-02
# lRef        : 4.000000e+00
# Aref        : 2.562000e-02
# CofR        : (0.000000e+00 0.000000e+00 0.000000e+00)
# Time        	Cm            	Cd            	Cl            	Cl(f)         	Cl(r)         
1             	-2.020107e-03	4.708691e-01	-5.349662e-02	-2.876842e-02	-2.472820e-02
2             	-4.422310e-03	1.131301e+00	-1.125100e-01	-6.067730e-02	-5.183268e-02
3             	-4.220760e-03	1.225542e+00	-5.365850e-02	-3.105001e-02	-2.260849e-02
4             	-2.938075e-03	1.049136e+00	2.757283e-02	1.084834e-02	1.672449e-02
5             	-2.071348e-03	9.143570e-01	6.709127e-02	3.147429e-02	3.561698e-02
6             	-1.687732e-03	8.490257e-01	7.604765e-02	3.633609e-02	3.971156e-02
7             	-1.717795e-03	8.497567e-01	6.404980e-02	3.030711e-02	3.374270e-02
8             	-1.950923e-03	8.897730e-01	4.348032e-02	1.978924e-02	2.369108e-02
9             	-2.131730e-03	9.195092e-01	3.214219e-02	1.393937e-02	1.820282e-02
10            	-2.284016e-03	9.496794e-01	2.032239e-02	7.877180e-03	1.244521e-02
11            	-2.386980e-03	9.714855e-01	1.268737e-02	3.956706e-03	8.730666e-03
12            	-2.449579e-03	9.866574e-01	7.143316e-03	1.122079e-03	6.021237e-03
13            	-2.465349e-03	9.935035e-01	1.517468e-03	-1.706616e-03	3.224083e-03
14            	-2.417174e-03	9.859828e-01	-2.548341e-03	-3.691345e-03	1.143003e-03
15            	-2.375794e-03	9.782095e-01	-4.417718e-03	-4.584653e-03	1.669352e-04
16            	-2.355391e-03	9.727042e-01	-7.333337e-03	-6.022059e-03	-1.311278e-03
17            	-2.359439e-03	9.701854e-01	-1.160792e-02	-8.163397e-03	-3.444519e-03
18            	-2.383204e-03	9.706314e-01	-1.620301e-02	-1.048471e-02	-5.718301e-03
19            	-2.419016e-03	9.731331e-01	-2.002019e-02	-1.242911e-02	-7.591078e-03
20            	-2.460381e-03	9.765302e-01	-2.237649e-02	-1.364863e-02	-8.727865e-03
21            	-2.504113e-03	9.801434e-01	-2.308893e-02	-1.404858e-02	-9.040352e-03
22            	-2.548253e-03	9.835803e-01	-2.219492e-02	-1.364571e-02	-8.549210e-03
23            	-2.591422e-03	9.868363e-01	-2.037998e-02	-1.278141e-02	-7.598570e-03
24            	-2.632161e-03	9.899711e-01	-1.822729e-02	-1.174581e-02	-6.481485e-03
25            	-2.668644e-03	9.931482e-01	-1.619222e-02	-1.076475e-02	-5.427466e-03
26            	-2.699121e-03	9.961554e-01	-1.453191e-02	-9.965076e-03	-4.566833e-03
27            	-2.722602e-03	9.987966e-01	-1.341575e-02	-9.430476e-03	-3.985272e-03
28            	-2.741124e-03	1.001479e+00	-1.284440e-02	-9.163323e-03	-3.681075e-03
29            	-2.753622e-03	1.003658e+00	-1.262021e-02	-9.063728e-03	-3.556484e-03
30            	-2.760576e-03	1.005332e+00	-1.282440e-02	-9.172777e-03	-3.651626e-03
31            	-2.761435e-03	1.006406e+00	-1.341593e-02	-9.469403e-03	-3.946532e-03
32            	-2.756511e-03	1.006870e+00	-1.429577e-02	-9.904394e-03	-4.391372e-03
33            	-2.747294e-03	1.006865e+00	-1.534391e-02	-1.041925e-02	-4.924663e-03
34            	-2.735929e-03	1.006642e+00	-1.645511e-02	-1.096348e-02	-5.491626e-03
35            	-2.725364e-03	1.006669e+00	-1.754531e-02	-1.149802e-02	-6.047294e-03
36            	-2.716095e-03	1.006873e+00	-1.854814e-02	-1.199017e-02	-6.557978e-03
37            	-2.709209e-03	1.007415e+00	-1.942387e-02	-1.242114e-02	-7.002724e-03
38            	-2.704985e-03	1.008326e+00	-2.016798e-02	-1.278898e-02	-7.379005e-03
39            	-2.703605e-03	1.009669e+00	-2.079906e-02	-1.310314e-02	-7.695925e-03
40            	-2.704262e-03	1.011297e+00	-2.132529e-02	-1.336691e-02	-7.958385e-03
41            	-2.706748e-03	1.013250e+00	-2.177277e-02	-1.359313e-02	-8.179637e-03
42            	-2.710225e-03	1.015392e+00	-2.215636e-02	-1.378840e-02	-8.367954e-03
43            	-2.714059e-03	1.017625e+00	-2.249155e-02	-1.395983e-02	-8.531713e-03
44            	-2.717510e-03	1.019807e+00	-2.278272e-02	-1.410887e-02	-8.673851e-03
45            	-2.720072e-03	1.021867e+00	-2.303830e-02	-1.423922e-02	-8.799080e-03
46            	-2.721215e-03	1.023707e+00	-2.325765e-02	-1.435004e-02	-8.907608e-03
47            	-2.720268e-03	1.025183e+00	-2.343129e-02	-1.443591e-02	-8.995378e-03
48            	-2.716756e-03	1.026176e+00	-2.354635e-02	-1.448993e-02	-9.056418e-03
49            	-2.710203e-03	1.026471e+00	-2.357975e-02	-1.450008e-02	-9.079670e-03
50            	-2.701414e-03	1.026174e+00	-2.352259e-02	-1.446271e-02	-9.059879e-03
51            	-2.690952e-03	1.025373e+00	-2.338374e-02	-1.438282e-02	-9.000918e-03
52            	-2.679513e-03	1.024189e+00	-2.317279e-02	-1.426591e-02	-8.906882e-03
53            	-2.667887e-03	1.022770e+00	-2.290248e-02	-1.411913e-02	-8.783355e-03
54            	-2.656608e-03	1.021257e+00	-2.257360e-02	-1.394341e-02	-8.630190e-03
55            	-2.646405e-03	1.019810e+00	-2.220882e-02	-1.375081e-02	-8.458003e-03
56            	-2.637918e-03	1.018576e+00	-2.181935e-02	-1.354760e-02	-8.271759e-03
57            	-2.631566e-03	1.017685e+00	-2.140902e-02	-1.333608e-02	-8.072944e-03
58            	-2.627118e-03	1.017117e+00	-2.095416e-02	-1.310420e-02	-7.849964e-03
59            	-2.624725e-03	1.016933e+00	-2.044228e-02	-1.284586e-02	-7.596413e-03
60            	-2.624495e-03	1.017178e+00	-1.987041e-02	-1.255970e-02	-7.310710e-03
61            	-2.626522e-03	1.017893e+00	-1.925541e-02	-1.225423e-02	-7.001185e-03
62            	-2.630757e-03	1.019079e+00	-1.863087e-02	-1.194619e-02	-6.684676e-03
63            	-2.636745e-03	1.020701e+00	-1.805924e-02	-1.166637e-02	-6.392877e-03
64            	-2.645180e-03	1.022894e+00	-1.758282e-02	-1.143659e-02	-6.146229e-03
65            	-2.655021e-03	1.025472e+00	-1.725161e-02	-1.128083e-02	-5.970782e-03
66            	-2.665242e-03	1.028233e+00	-1.710683e-02	-1.121866e-02	-5.888174e-03
67            	-2.674253e-03	1.030851e+00	-1.715564e-02	-1.125207e-02	-5.903565e-03
68            	-2.680231e-03	1.032926e+00	-1.736470e-02	-1.136258e-02	-6.002120e-03
69            	-2.681740e-03	1.034113e+00	-1.767504e-02	-1.151926e-02	-6.155781e-03
70            	-2.678107e-03	1.034223e+00	-1.803319e-02	-1.169470e-02	-6.338490e-03
71            	-2.669756e-03	1.033235e+00	-1.838249e-02	-1.186100e-02	-6.521490e-03
72            	-2.657466e-03	1.031314e+00	-1.870806e-02	-1.201150e-02	-6.696563e-03
73            	-2.642180e-03	1.028550e+00	-1.898496e-02	-1.213466e-02	-6.850301e-03
74            	-2.625405e-03	1.025215e+00	-1.919355e-02	-1.222218e-02	-6.971370e-03
75            	-2.608481e-03	1.021583e+00	-1.930945e-02	-1.226321e-02	-7.046246e-03
76            	-2.592888e-03	1.017985e+00	-1.929836e-02	-1.224207e-02	-7.056294e-03
77            	-2.579338e-03	1.014614e+00	-1.910433e-02	-1.213150e-02	-6.972827e-03
78            	-2.568823e-03	1.011720e+00	-1.868131e-02	-1.190948e-02	-6.771833e-03
79            	-2.562545e-03	1.009622e+00	-1.798448e-02	-1.155479e-02	-6.429695e-03
80            	-2.560612e-03	1.008439e+00	-1.698305e-02	-1.105214e-02	-5.930913e-03
81            	-2.562619e-03	1.008181e+00	-1.565515e-02	-1.039019e-02	-5.264956e-03
82            	-2.569222e-03	1.009085e+00	-1.416000e-02	-9.649220e-03	-4.510776e-03
83            	-2.580087e-03	1.011062e+00	-1.259751e-02	-8.878844e-03	-3.718670e-03
84            	-2.596234e-03	1.014289e+00	-1.121576e-02	-8.204114e-03	-3.011645e-03
85            	-2.617641e-03	1.018754e+00	-1.022798e-02	-7.731631e-03	-2.496350e-03
86            	-2.641384e-03	1.023865e+00	-9.755323e-03	-7.519045e-03	-2.236278e-03
87            	-2.664389e-03	1.029028e+00	-9.823337e-03	-7.576058e-03	-2.247280e-03
88            	-2.684282e-03	1.033758e+00	-1.039871e-02	-7.883639e-03	-2.515075e-03
89            	-2.700338e-03	1.037900e+00	-1.146336e-02	-8.432019e-03	-3.031343e-03
90            	-2.710506e-03	1.041051e+00	-1.299376e-02	-9.207387e-03	-3.786375e-03
91            	-2.712111e-03	1.042635e+00	-1.483053e-02	-1.012738e-02	-4.703154e-03
92            	-2.704081e-03	1.042260e+00	-1.672242e-02	-1.106529e-02	-5.657127e-03
93            	-2.688275e-03	1.040086e+00	-1.850054e-02	-1.193854e-02	-6.561993e-03
94            	-2.666351e-03	1.036274e+00	-2.005958e-02	-1.269614e-02	-7.363438e-03
95            	-2.640596e-03	1.031197e+00	-2.136457e-02	-1.332288e-02	-8.041690e-03
96            	-2.613885e-03	1.025415e+00	-2.242033e-02	-1.382405e-02	-8.596279e-03
97            	-2.587900e-03	1.019389e+00	-2.319422e-02	-1.418501e-02	-9.009211e-03
98            	-2.564594e-03	1.013605e+00	-2.364932e-02	-1.438925e-02	-9.260065e-03
99            	-2.545693e-03	1.008477e+00	-2.371635e-02	-1.440387e-02	-9.312479e-03
100           	-2.531784e-03	1.004134e+00	-2.330293e-02	-1.418325e-02	-9.119682e-03
101           	-2.524248e-03	1.000982e+00	-2.233257e-02	-1.369053e-02	-8.642035e-03
102           	-2.521929e-03	9.990017e-01	-2.068914e-02	-1.286650e-02	-7.822639e-03
103           	-2.524013e-03	9.982966e-01	-1.836453e-02	-1.170628e-02	-6.658251e-03
104           	-2.531546e-03	9.991296e-01	-1.556203e-02	-1.031256e-02	-5.249467e-03
105           	-2.545193e-03	1.001521e+00	-1.265997e-02	-8.875177e-03	-3.784791e-03
106           	-2.568398e-03	1.006015e+00	-1.017842e-02	-7.657606e-03	-2.520809e-03
107           	-2.600957e-03	1.012569e+00	-8.525195e-03	-6.863554e-03	-1.661641e-03
108           	-2.637388e-03	1.020214e+00	-7.884053e-03	-6.579415e-03	-1.304638e-03
109           	-2.671544e-03	1.027896e+00	-8.192924e-03	-6.768006e-03	-1.424918e-03
110           	-2.700753e-03	1.035060e+00	-9.271733e-03	-7.336620e-03	-1.935114e-03
111           	-2.723020e-03	1.041172e+00	-1.091092e-02	-8.178482e-03	-2.732442e-03
112           	-2.737397e-03	1.045983e+00	-1.303397e-02	-9.254385e-03	-3.779590e-03
113           	-2.740642e-03	1.048623e+00	-1.538620e-02	-1.043374e-02	-4.952459e-03
114           	-2.732800e-03	1.048890e+00	-1.763604e-02	-1.155082e-02	-6.085222e-03
115           	-2.716557e-03	1.047092e+00	-1.960311e-02	-1.251811e-02	-7.084999e-03
116           	-2.693297e-03	1.043446e+00	-2.129417e-02	-1.334038e-02	-7.953790e-03
117           	-2.665273e-03	1.038297e+00	-2.283047e-02	-1.408051e-02	-8.749962e-03
118           	-2.634855e-03	1.031975e+00	-2.426119e-02	-1.476545e-02	-9.495738e-03
119           	-2.604760e-03	1.025096e+00	-2.556791e-02	-1.538872e-02	-1.017920e-02
120           	-2.576885e-03	1.018161e+00	-2.664271e-02	-1.589824e-02	-1.074447e-02
121           	-2.553524e-03	1.011757e+00	-2.735429e-02	-1.623067e-02	-1.112362e-02
122           	-2.535061e-03	1.006162e+00	-2.750551e-02	-1.628782e-02	-1.121770e-02
123           	-2.521991e-03	1.001544e+00	-2.690024e-02	-1.597211e-02	-1.092813e-02
124           	-2.514828e-03	9.982022e-01	-2.540321e-02	-1.521643e-02	-1.018678e-02
125           	-2.512576e-03	9.962613e-01	-2.300410e-02	-1.401463e-02	-8.989474e-03
126           	-2.513842e-03	9.955133e-01	-1.978305e-02	-1.240537e-02	-7.377683e-03
127           	-2.519380e-03	9.961112e-01	-1.621221e-02	-1.062548e-02	-5.586724e-03
128           	-2.533117e-03	9.985743e-01	-1.279483e-02	-8.930531e-03	-3.864297e-03
129           	-2.558333e-03	1.003402e+00	-1.004212e-02	-7.579394e-03	-2.462727e-03
130           	-2.594910e-03	1.010610e+00	-8.359467e-03	-6.774644e-03	-1.584823e-03
131           	-2.636419e-03	1.019154e+00	-7.875456e-03	-6.574146e-03	-1.301309e-03
132           	-2.675693e-03	1.027858e+00	-8.419554e-03	-6.885470e-03	-1.534084e-03
133           	-2.707276e-03	1.035717e+00	-9.642108e-03	-7.528330e-03	-2.113778e-03
134           	-2.729674e-03	1.042200e+00	-1.128619e-02	-8.372766e-03	-2.913419e-03
135           	-2.741557e-03	1.046739e+00	-1.316874e-02	-9.325926e-03	-3.842811e-03
136           	-2.743147e-03	1.049234e+00	-1.519499e-02	-1.034064e-02	-4.854350e-03
137           	-2.735016e-03	1.049490e+00	-1.713888e-02	-1.130446e-02	-5.834425e-03
138           	-2.717475e-03	1.047480e+00	-1.885243e-02	-1.214369e-02	-6.708742e-03
139           	-2.692319e-03	1.043532e+00	-2.041624e-02	-1.290044e-02	-7.515803e-03
140           	-2.662425e-03	1.038047e+00	-2.198803e-02	-1.365644e-02	-8.331588e-03
141           	-2.631552e-03	1.031705e+00	-2.363954e-02	-1.445132e-02	-9.188216e-03
142           	-2.602074e-03	1.024997e+00	-2.527807e-02	-1.524111e-02	-1.003696e-02
143           	-2.575846e-03	1.018408e+00	-2.671621e-02	-1.593395e-02	-1.078226e-02
144           	-2.553826e-03	1.012301e+00	-2.772310e-02	-1.641537e-02	-1.130772e-02
145           	-2.537107e-03	1.007004e+00	-2.809363e-02	-1.658392e-02	-1.150971e-02
146           	-2.525502e-03	1.002724e+00	-2.758755e-02	-1.631928e-02	-1.126827e-02
147           	-2.518883e-03	9.997326e-01	-2.608368e-02	-1.556072e-02	-1.052295e-02
148           	-2.515751e-03	9.978538e-01	-2.354970e-02	-1.429060e-02	-9.259100e-03
149           	-2.516321e-03	9.971304e-01	-2.013043e-02	-1.258154e-02	-7.548896e-03
150           	-2.522646e-03	9.979225e-01	-1.635934e-02	-1.070232e-02	-5.657026e-03
151           	-2.537795e-03	1.000615e+00	-1.280720e-02	-8.941394e-03	-3.865803e-03
152           	-2.564588e-03	1.005737e+00	-1.005923e-02	-7.594203e-03	-2.465028e-03
153           	-2.600667e-03	1.012874e+00	-8.506772e-03	-6.854053e-03	-1.652719e-03
154           	-2.640069e-03	1.021121e+00	-8.239640e-03	-6.759889e-03	-1.479751e-03
155           	-2.676388e-03	1.029386e+00	-9.028344e-03	-7.190560e-03	-1.837784e-03
156           	-2.704942e-03	1.036714e+00	-1.046303e-02	-7.936459e-03	-2.526574e-03
157           	-2.725058e-03	1.042686e+00	-1.227112e-02	-8.860617e-03	-3.410500e-03
158           	-2.735936e-03	1.046890e+00	-1.429298e-02	-9.882426e-03	-4.410555e-03
159           	-2.736939e-03	1.049112e+00	-1.641323e-02	-1.094356e-02	-5.469677e-03
160           	-2.728059e-03	1.049089e+00	-1.835173e-02	-1.190392e-02	-6.447804e-03
161           	-2.709805e-03	1.046815e+00	-1.996848e-02	-1.269405e-02	-7.274436e-03
162           	-2.684026e-03	1.042555e+00	-2.135052e-02	-1.335929e-02	-7.991234e-03
163           	-2.653929e-03	1.036795e+00	-2.270061e-02	-1.400423e-02	-8.696375e-03
164           	-2.623219e-03	1.030246e+00	-2.413324e-02	-1.468984e-02	-9.443403e-03
165           	-2.594167e-03	1.023423e+00	-2.559230e-02	-1.539031e-02	-1.020198e-02
166           	-2.568469e-03	1.016812e+00	-2.690875e-02	-1.602285e-02	-1.088591e-02
167           	-2.548002e-03	1.010920e+00	-2.787841e-02	-1.648721e-02	-1.139120e-02
168           	-2.532156e-03	1.005816e+00	-2.822095e-02	-1.664263e-02	-1.157832e-02
169           	-2.521523e-03	1.001769e+00	-2.767683e-02	-1.635994e-02	-1.131689e-02
170           	-2.515978e-03	9.990489e-01	-2.612126e-02	-1.557661e-02	-1.054465e-02
171           	-2.513663e-03	9.973899e-01	-2.345881e-02	-1.424307e-02	-9.215741e-03
172           	-2.515253e-03	9.969308e-01	-1.986602e-02	-1.244826e-02	-7.417755e-03
173           	-2.523226e-03	9.980908e-01	-1.594348e-02	-1.049496e-02	-5.448511e-03
174           	-2.540355e-03	1.001203e+00	-1.226602e-02	-8.673365e-03	-3.592654e-03
175           	-2.568948e-03	1.006711e+00	-9.454593e-03	-7.296245e-03	-2.158348e-03
176           	-2.605998e-03	1.014090e+00	-7.911235e-03	-6.561616e-03	-1.349619e-03
177           	-2.645449e-03	1.022403e+00	-7.712480e-03	-6.501689e-03	-1.210791e-03
178           	-2.680325e-03	1.030456e+00	-8.587446e-03	-6.974048e-03	-1.613398e-03
179           	-2.708234e-03	1.037661e+00	-1.016012e-02	-7.788292e-03	-2.371823e-03
180           	-2.727808e-03	1.043508e+00	-1.213456e-02	-8.795088e-03	-3.339472e-03
181           	-2.737746e-03	1.047513e+00	-1.431425e-02	-9.894870e-03	-4.419378e-03
182           	-2.737137e-03	1.049387e+00	-1.652263e-02	-1.099845e-02	-5.524178e-03
183           	-2.726711e-03	1.049008e+00	-1.847033e-02	-1.196187e-02	-6.508452e-03
184           	-2.707331e-03	1.046451e+00	-2.007087e-02	-1.274276e-02	-7.328103e-03
185           	-2.681154e-03	1.042033e+00	-2.142641e-02	-1.339436e-02	-8.032053e-03
186           	-2.651272e-03	1.036228e+00	-2.274156e-02	-1.402205e-02	-8.719509e-03
187           	-2.621218e-03	1.029729e+00	-2.412478e-02	-1.468361e-02	-9.441174e-03
188           	-2.593016e-03	1.023019e+00	-2.550983e-02	-1.534793e-02	-1.016190e-02
189           	-2.568105e-03	1.016547e+00	-2.672018e-02	-1.592819e-02	-1.079198e-02
190           	-2.548259e-03	1.010809e+00	-2.755380e-02	-1.632516e-02	-1.122864e-02
191           	-2.532739e-03	1.005831e+00	-2.773411e-02	-1.639979e-02	-1.133432e-02
192           	-2.522185e-03	1.001893e+00	-2.700018e-02	-1.602227e-02	-1.097791e-02
193           	-2.516728e-03	9.993228e-01	-2.527234e-02	-1.515290e-02	-1.011944e-02
194           	-2.514822e-03	9.978744e-01	-2.249422e-02	-1.376193e-02	-8.732291e-03
195           	-2.517574e-03	9.977392e-01	-1.890950e-02	-1.197232e-02	-6.937175e-03
196           	-2.527359e-03	9.993040e-01	-1.513921e-02	-1.009696e-02	-5.042247e-03
197           	-2.546510e-03	1.002848e+00	-1.173076e-02	-8.411888e-03	-3.318868e-03
198           	-2.576466e-03	1.008677e+00	-9.265721e-03	-7.209326e-03	-2.056395e-03
199           	-2.613645e-03	1.016187e+00	-8.085887e-03	-6.656589e-03	-1.429299e-03
200           	-2.652122e-03	1.024436e+00	-8.208735e-03	-6.756489e-03	-1.452245e-03
201           	-2.685390e-03	1.032288e+00	-9.318689e-03	-7.344735e-03	-1.973955e-03
202           	-2.711645e-03	1.039236e+00	-1.103419e-02	-8.228738e-03	-2.805449e-03
203           	-2.729825e-03	1.044842e+00	-1.308209e-02	-9.270868e-03	-3.811218e-03
204           	-2.738028e-03	1.048514e+00	-1.523605e-02	-1.035605e-02	-4.879998e-03
205           	-2.735226e-03	1.049923e+00	-1.726020e-02	-1.136533e-02	-5.894876e-03
206           	-2.723009e-03	1.049114e+00	-1.893034e-02	-1.218818e-02	-6.742164e-03
207           	-2.702645e-03	1.046256e+00	-2.025951e-02	-1.283240e-02	-7.427110e-03
208           	-2.676618e-03	1.041735e+00	-2.144777e-02	-1.340051e-02	-8.047269e-03
209           	-2.647560e-03	1.035948e+00	-2.262677e-02	-1.396094e-02	-8.665823e-03
210           	-2.618151e-03	1.029482e+00	-2.385788e-02	-1.454709e-02	-9.310789e-03
211           	-2.590437e-03	1.022852e+00	-2.507648e-02	-1.512868e-02	-9.947801e-03
212           	-2.565956e-03	1.016527e+00	-2.612117e-02	-1.562654e-02	-1.049463e-02
213           	-2.546553e-03	1.010991e+00	-2.680158e-02	-1.594734e-02	-1.085424e-02
214           	-2.531436e-03	1.006227e+00	-2.683548e-02	-1.594918e-02	-1.088630e-02
215           	-2.521237e-03	1.002521e+00	-2.595682e-02	-1.549965e-02	-1.045717e-02
216           	-2.516225e-03	1.000215e+00	-2.411278e-02	-1.457262e-02	-9.540166e-03
217           	-2.515438e-03	9.991462e-01	-2.130539e-02	-1.316813e-02	-8.137257e-03
218           	-2.519237e-03	9.993466e-01	-1.783288e-02	-1.143568e-02	-6.397204e-03
219           	-2.531560e-03	1.001444e+00	-1.432102e-02	-9.692071e-03	-4.628952e-03
220           	-2.553496e-03	1.005524e+00	-1.128696e-02	-8.196976e-03	-3.089984e-03
221           	-2.585040e-03	1.011679e+00	-9.275297e-03	-7.222688e-03	-2.052609e-03
222           	-2.621906e-03	1.019200e+00	-8.560036e-03	-6.901924e-03	-1.658112e-03
223           	-2.658600e-03	1.027197e+00	-9.086338e-03	-7.201768e-03	-1.884569e-03
224           	-2.689836e-03	1.034738e+00	-1.049782e-02	-7.938745e-03	-2.559073e-03
225           	-2.713487e-03	1.041183e+00	-1.238067e-02	-8.903823e-03	-3.476848e-03
226           	-2.729299e-03	1.046315e+00	-1.448510e-02	-9.971848e-03	-4.513250e-03
227           	-2.734875e-03	1.049434e+00	-1.652335e-02	-1.099655e-02	-5.526799e-03
228           	-2.730588e-03	1.050415e+00	-1.825038e-02	-1.185578e-02	-6.394602e-03
229           	-2.717335e-03	1.049265e+00	-1.952298e-02	-1.247882e-02	-7.044154e-03
230           	-2.696686e-03	1.046218e+00	-2.044061e-02	-1.291699e-02	-7.523621e-03
231           	-2.671557e-03	1.041759e+00	-2.121957e-02	-1.328134e-02	-7.938229e-03
232           	-2.644037e-03	1.036210e+00	-2.200136e-02	-1.364472e-02	-8.356643e-03
233           	-2.616272e-03	1.030085e+00	-2.284879e-02	-1.404067e-02	-8.808125e-03
234           	-2.589935e-03	1.023843e+00	-2.370985e-02	-1.444486e-02	-9.264992e-03
235           	-2.566473e-03	1.017918e+00	-2.444209e-02	-1.478752e-02	-9.654570e-03
236           	-2.547748e-03	1.012752e+00	-2.486939e-02	-1.498244e-02	-9.886945e-03
237           	-2.533056e-03	1.008324e+00	-2.471181e-02	-1.488896e-02	-9.822849e-03
238           	-2.523291e-03	1.005027e+00	-2.376117e-02	-1.440388e-02	-9.357293e-03
239           	-2.518820e-03	1.003141e+00	-2.199546e-02	-1.351655e-02	-8.478911e-03
240           	-2.519582e-03	1.002616e+00	-1.947989e-02	-1.225953e-02	-7.220362e-03
241           	-2.526444e-03	1.003548e+00	-1.653885e-02	-1.079587e-02	-5.742981e-03
242           	-2.541101e-03	1.006140e+00	-1.364356e-02	-9.362881e-03	-4.280678e-03
243           	-2.564848e-03	1.010645e+00	-1.135598e-02	-8.242836e-03	-3.113139e-03
244           	-2.595804e-03	1.016755e+00	-1.008709e-02	-7.639348e-03	-2.447740e-03
245           	-2.629707e-03	1.023776e+00	-9.983859e-03	-7.621637e-03	-2.362222e-03
246           	-2.661959e-03	1.030936e+00	-1.090423e-02	-8.114075e-03	-2.790156e-03
247           	-2.688591e-03	1.037486e+00	-1.248141e-02	-8.929296e-03	-3.552114e-03
248           	-2.708207e-03	1.042943e+00	-1.434903e-02	-9.882720e-03	-4.466305e-03
249           	-2.720331e-03	1.047107e+00	-1.625630e-02	-1.084848e-02	-5.407818e-03
250           	-2.722419e-03	1.049266e+00	-1.790942e-02	-1.167713e-02	-6.232293e-03
251           	-2.716022e-03	1.049542e+00	-1.913134e-02	-1.228169e-02	-6.849646e-03
252           	-2.702530e-03	1.048086e+00	-1.989199e-02	-1.264853e-02	-7.243465e-03
253           	-2.683933e-03	1.045253e+00	-2.034808e-02	-1.285797e-02	-7.490105e-03
254           	-2.661769e-03	1.041244e+00	-2.063943e-02	-1.298148e-02	-7.657946e-03
255           	-2.637567e-03	1.036354e+00	-2.088832e-02	-1.308173e-02	-7.806594e-03
256           	-2.613360e-03	1.031077e+00	-2.118484e-02	-1.320578e-02	-7.979062e-03
257           	-2.590799e-03	1.025844e+00	-2.153143e-02	-1.335651e-02	-8.174914e-03
258           	-2.571707e-03	1.021111e+00	-2.185694e-02	-1.350018e-02	-8.356765e-03
259           	-2.555835e-03	1.016945e+00	-2.198281e-02	-1.354724e-02	-8.435569e-03
260           	-2.543710e-03	1.013590e+00	-2.172562e-02	-1.340652e-02	-8.319098e-03
261           	-2.536326e-03	1.011380e+00	-2.099425e-02	-1.303345e-02	-7.960798e-03
262           	-2.533394e-03	1.010274e+00	-1.973987e-02	-1.240333e-02	-7.336543e-03
263           	-2.535851e-03	1.010405e+00	-1.805289e-02	-1.156230e-02	-6.490594e-03
264           	-2.544170e-03	1.011820e+00	-1.620180e-02	-1.064507e-02	-5.556728e-03
265           	-2.558779e-03	1.014537e+00	-1.450606e-02	-9.811808e-03	-4.694251e-03
266           	-2.579643e-03	1.018583e+00	-1.333329e-02	-9.246290e-03	-4.087003e-03
267           	-2.604161e-03	1.023476e+00	-1.290033e-02	-9.054328e-03	-3.846006e-03
268           	-2.629128e-03	1.028696e+00	-1.323100e-02	-9.244626e-03	-3.986369e-03
269           	-2.651174e-03	1.033636e+00	-1.415330e-02	-9.727826e-03	-4.425479e-03
270           	-2.669368e-03	1.038076e+00	-1.544092e-02	-1.038983e-02	-5.051090e-03
271           	-2.682342e-03	1.041654e+00	-1.684776e-02	-1.110622e-02	-5.741535e-03
272           	-2.689540e-03	1.044231e+00	-1.821234e-02	-1.179571e-02	-6.416631e-03
273           	-2.689579e-03	1.045381e+00	-1.931293e-02	-1.234605e-02	-6.966889e-03
274           	-2.683415e-03	1.045209e+00	-2.004612e-02	-1.270647e-02	-7.339644e-03
275           	-2.673840e-03	1.044171e+00	-2.043870e-02	-1.289319e-02	-7.545510e-03
276           	-2.661258e-03	1.042265e+00	-2.053545e-02	-1.292898e-02	-7.606467e-03
277           	-2.646360e-03	1.039603e+00	-2.041685e-02	-1.285478e-02	-7.562062e-03
278           	-2.630205e-03	1.036408e+00	-2.019492e-02	-1.272767e-02	-7.467256e-03
279           	-2.614451e-03	1.033083e+00	-1.998166e-02	-1.260528e-02	-7.376382e-03
280           	-2.600556e-03	1.029977e+00	-1.985101e-02	-1.252606e-02	-7.324950e-03
281           	-2.588920e-03	1.027278e+00	-1.979090e-02	-1.248437e-02	-7.306530e-03
282           	-2.579514e-03	1.025044e+00	-1.974034e-02	-1.244969e-02	-7.290658e-03
283           	-2.572031e-03	1.023227e+00	-1.961538e-02	-1.237972e-02	-7.235661e-03
284           	-2.567774e-03	1.022120e+00	-1.939645e-02	-1.226600e-02	-7.130452e-03
285           	-2.566553e-03	1.021681e+00	-1.907464e-02	-1.210387e-02	-6.970766e-03
286           	-2.568627e-03	1.021951e+00	-1.868759e-02	-1.191242e-02	-6.775168e-03
287           	-2.574167e-03	1.022942e+00	-1.832896e-02	-1.173865e-02	-6.590315e-03
288           	-2.582343e-03	1.024521e+00	-1.811219e-02	-1.163844e-02	-6.473752e-03
289           	-2.593176e-03	1.026674e+00	-1.814107e-02	-1.166371e-02	-6.477359e-03
290           	-2.605236e-03	1.029111e+00	-1.843265e-02	-1.182156e-02	-6.611087e-03
291           	-2.616910e-03	1.031552e+00	-1.894856e-02	-1.209119e-02	-6.857370e-03
292           	-2.627044e-03	1.033779e+00	-1.959839e-02	-1.242624e-02	-7.172150e-03
293           	-2.635227e-03	1.035713e+00	-2.029729e-02	-1.278387e-02	-7.513416e-03
294           	-2.641217e-03	1.037296e+00	-2.099274e-02	-1.313759e-02	-7.855154e-03
295           	-2.644529e-03	1.038417e+00	-2.164265e-02	-1.346585e-02	-8.176794e-03
296           	-2.645279e-03	1.039105e+00	-2.224083e-02	-1.376569e-02	-8.475135e-03
297           	-2.643797e-03	1.039373e+00	-2.273915e-02	-1.401337e-02	-8.725780e-03
298           	-2.640366e-03	1.039173e+00	-2.306308e-02	-1.417191e-02	-8.891175e-03
299           	-2.635058e-03	1.038499e+00	-2.319105e-02	-1.423059e-02	-8.960469e-03
300           	-2.628283e-03	1.037438e+00	-2.314229e-02	-1.419943e-02	-8.942862e-03
301           	-2.620831e-03	1.036156e+00	-2.296765e-02	-1.410466e-02	-8.862993e-03
302           	-2.613646e-03	1.034846e+00	-2.272617e-02	-1.397673e-02	-8.749437e-03
303           	-2.607342e-03	1.033649e+00	-2.247351e-02	-1.384409e-02	-8.629411e-03
304           	-2.602195e-03	1.032641e+00	-2.224342e-02	-1.372391e-02	-8.519517e-03
305           	-2.598387e-03	1.031866e+00	-2.206331e-02	-1.363004e-02	-8.433266e-03
306           	-2.595632e-03	1.031281e+00	-2.193170e-02	-1.356148e-02	-8.370219e-03
307           	-2.593736e-03	1.030842e+00	-2.184759e-02	-1.351753e-02	-8.330060e-03
308           	-2.592814e-03	1.030568e+00	-2.183173e-02	-1.350868e-02	-8.323049e-03
309           	-2.593017e-03	1.030508e+00	-2.193452e-02	-1.356027e-02	-8.374240e-03
310           	-2.594247e-03	1.030672e+00	-2.220189e-02	-1.369519e-02	-8.506699e-03
311           	-2.596075e-03	1.031012e+00	-2.266111e-02	-1.392663e-02	-8.734481e-03
312           	-2.598478e-03	1.031505e+00	-2.327970e-02	-1.423833e-02	-9.041369e-03
313           	-2.601211e-03	1.032094e+00	-2.399915e-02	-1.460078e-02	-9.398363e-03
314           	-2.603826e-03	1.032684e+00	-2.475242e-02	-1.498003e-02	-9.772382e-03
315           	-2.606087e-03	1.033223e+00	-2.547871e-02	-1.534544e-02	-1.013327e-02
316           	-2.607878e-03	1.033690e+00	-2.613877e-02	-1.567726e-02	-1.046151e-02
317           	-2.609165e-03	1.034062e+00	-2.669547e-02	-1.595690e-02	-1.073857e-02
318           	-2.609973e-03	1.034380e+00	-2.719291e-02	-1.620643e-02	-1.098648e-02
319           	-2.610245e-03	1.034661e+00	-2.767250e-02	-1.644650e-02	-1.122601e-02
320           	-2.609869e-03	1.034875e+00	-2.812200e-02	-1.667087e-02	-1.145113e-02
321           	-2.608839e-03	1.034957e+00	-2.847895e-02	-1.684832e-02	-1.163064e-02
322           	-2.607265e-03	1.034914e+00	-2.874162e-02	-1.697808e-02	-1.176355e-02
323           	-2.605186e-03	1.034746e+00	-2.892772e-02	-1.706905e-02	-1.185867e-02
324           	-2.602801e-03	1.034497e+00	-2.906169e-02	-1.713365e-02	-1.192804e-02
325           	-2.600330e-03	1.034206e+00	-2.916108e-02	-1.718087e-02	-1.198021e-02
326           	-2.598091e-03	1.033933e+00	-2.923337e-02	-1.721478e-02	-1.201859e-02
327           	-2.596156e-03	1.033692e+00	-2.928587e-02	-1.723909e-02	-1.204678e-02
328           	-2.594562e-03	1.033493e+00	-2.932298e-02	-1.725605e-02	-1.206693e-02
329           	-2.593316e-03	1.033337e+00	-2.935138e-02	-1.726901e-02	-1.208238e-02
330           	-2.592460e-03	1.033226e+00	-2.938216e-02	-1.728354e-02	-1.209862e-02
331           	-2.591845e-03	1.033145e+00	-2.942226e-02	-1.730298e-02	-1.211929e-02
332           	-2.591408e-03	1.033085e+00	-2.948329e-02	-1.733305e-02	-1.215024e-02
333           	-2.591099e-03	1.033041e+00	-2.958286e-02	-1.738253e-02	-1.220033e-02
334           	-2.590885e-03	1.033013e+00	-2.974226e-02	-1.746202e-02	-1.228025e-02
335           	-2.590730e-03	1.033004e+00	-2.997410e-02	-1.757778e-02	-1.239632e-02
336           	-2.590569e-03	1.033005e+00	-3.027740e-02	-1.772927e-02	-1.254813e-02
337           	-2.590314e-03	1.033014e+00	-3.065478e-02	-1.791770e-02	-1.273708e-02
338           	-2.590096e-03	1.033039e+00	-3.108372e-02	-1.813195e-02	-1.295176e-02
339           	-2.589897e-03	1.033073e+00	-3.154051e-02	-1.836015e-02	-1.318036e-02
340           	-2.589671e-03	1.033111e+00	-3.200590e-02	-1.859262e-02	-1.341328e-02
341           	-2.589373e-03	1.033145e+00	-3.246652e-02	-1.882263e-02	-1.364389e-02
342           	-2.588981e-03	1.033176e+00	-3.291468e-02	-1.904632e-02	-1.386836e-02
343           	-2.588454e-03	1.033198e+00	-3.334728e-02	-1.926209e-02	-1.408519e-02
344           	-2.587781e-03	1.033211e+00	-3.376217e-02	-1.946887e-02	-1.429331e-02
345           	-2.586932e-03	1.033206e+00	-3.415325e-02	-1.966356e-02	-1.448970e-02
346           	-2.585927e-03	1.033180e+00	-3.451054e-02	-1.984120e-02	-1.466934e-02
347           	-2.584821e-03	1.033135e+00	-3.482609e-02	-1.999787e-02	-1.482822e-02
348           	-2.583694e-03	1.033081e+00	-3.509893e-02	-2.013316e-02	-1.496577e-02
349           	-2.582613e-03	1.033030e+00	-3.533327e-02	-2.024925e-02	-1.508402e-02
350           	-2.581611e-03	1.032985e+00	-3.553492e-02	-2.034907e-02	-1.518585e-02
351           	-2.580703e-03	1.032950e+00	-3.570988e-02	-2.043564e-02	-1.527424e-02
352           	-2.579907e-03	1.032929e+00	-3.586343e-02	-2.051162e-02	-1.535181e-02
353           	-2.579218e-03	1.032920e+00	-3.599941e-02	-2.057892e-02	-1.542049e-02
354           	-2.578624e-03	1.032923e+00	-3.612099e-02	-2.063912e-02	-1.548187e-02
355           	-2.578107e-03	1.032933e+00	-3.623145e-02	-2.069383e-02	-1.553762e-02
356           	-2.577650e-03	1.032949e+00	-3.633449e-02	-2.074490e-02	-1.558960e-02
357           	-2.577231e-03	1.032966e+00	-3.643398e-02	-2.079422e-02	-1.563976e-02
358           	-2.576835e-03	1.032984e+00	-3.653393e-02	-2.084380e-02	-1.569013e-02
359           	-2.576448e-03	1.032998e+00	-3.663854e-02	-2.089572e-02	-1.574282e-02
360           	-2.576057e-03	1.033009e+00	-3.675121e-02	-2.095166e-02	-1.579955e-02
361           	-2.575654e-03	1.033016e+00	-3.687444e-02	-2.101287e-02	-1.586156e-02
362           	-2.575240e-03	1.033019e+00	-3.700975e-02	-2.108011e-02	-1.592964e-02
363           	-2.574818e-03	1.033022e+00	-3.715713e-02	-2.115339e-02	-1.600375e-02
364           	-2.574394e-03	1.033025e+00	-3.731539e-02	-2.123209e-02	-1.608330e-02
365           	-2.573977e-03	1.033031e+00	-3.748277e-02	-2.131536e-02	-1.616741e-02
366           	-2.573571e-03	1.033041e+00	-3.765717e-02	-2.140216e-02	-1.625502e-02
367           	-2.573182e-03	1.033059e+00	-3.783608e-02	-2.149122e-02	-1.634486e-02
368           	-2.572785e-03	1.033079e+00	-3.801675e-02	-2.158116e-02	-1.643559e-02
369           	-2.572375e-03	1.033100e+00	-3.819722e-02	-2.167099e-02	-1.652624e-02
370           	-2.571945e-03	1.033122e+00	-3.837578e-02	-2.175984e-02	-1.661595e-02
371           	-2.571492e-03	1.033143e+00	-3.855094e-02	-2.184696e-02	-1.670398e-02
372           	-2.571010e-03	1.033163e+00	-3.872113e-02	-2.193157e-02	-1.678955e-02
373           	-2.570505e-03	1.033182e+00	-3.888503e-02	-2.201302e-02	-1.687201e-02
374           	-2.569975e-03	1.033199e+00	-3.904129e-02	-2.209062e-02	-1.695067e-02
375           	-2.569438e-03	1.033216e+00	-3.918921e-02	-2.216404e-02	-1.702517e-02
376           	-2.568908e-03	1.033236e+00	-3.932822e-02	-2.223302e-02	-1.709520e-02
377           	-2.568385e-03	1.033258e+00	-3.945763e-02	-2.229720e-02	-1.716043e-02
378           	-2.567876e-03	1.033282e+00	-3.957719e-02	-2.235647e-02	-1.722072e-02
379           	-2.567385e-03	1.033309e+00	-3.968692e-02	-2.241085e-02	-1.727608e-02
380           	-2.566912e-03	1.033337e+00	-3.978719e-02	-2.246051e-02	-1.732668e-02
381           	-2.566458e-03	1.033368e+00	-3.987853e-02	-2.250572e-02	-1.737281e-02
382           	-2.566018e-03	1.033399e+00	-3.996166e-02	-2.254685e-02	-1.741481e-02
383           	-2.565590e-03	1.033431e+00	-4.003746e-02	-2.258432e-02	-1.745314e-02
384           	-2.565174e-03	1.033462e+00	-4.010703e-02	-2.261869e-02	-1.748834e-02
385           	-2.564767e-03	1.033494e+00	-4.017158e-02	-2.265056e-02	-1.752102e-02
386           	-2.564366e-03	1.033524e+00	-4.023216e-02	-2.268044e-02	-1.755171e-02
387           	-2.563970e-03	1.033553e+00	-4.028986e-02	-2.270890e-02	-1.758096e-02
388           	-2.563580e-03	1.033582e+00	-4.034570e-02	-2.273643e-02	-1.760927e-02
389           	-2.563193e-03	1.033609e+00	-4.040053e-02	-2.276346e-02	-1.763707e-02
390           	-2.562801e-03	1.033634e+00	-4.045492e-02	-2.279026e-02	-1.766466e-02
391           	-2.562424e-03	1.033661e+00	-4.050975e-02	-2.281730e-02	-1.769245e-02
392           	-2.562048e-03	1.033688e+00	-4.056517e-02	-2.284463e-02	-1.772054e-02
393           	-2.561672e-03	1.033714e+00	-4.062121e-02	-2.287228e-02	-1.774893e-02
394           	-2.561294e-03	1.033739e+00	-4.067793e-02	-2.290026e-02	-1.777767e-02
395           	-2.560915e-03	1.033764e+00	-4.073532e-02	-2.292858e-02	-1.780675e-02
396           	-2.560531e-03	1.033788e+00	-4.079314e-02	-2.295710e-02	-1.783604e-02
397           	-2.560147e-03	1.033811e+00	-4.085123e-02	-2.298576e-02	-1.786547e-02
398           	-2.559759e-03	1.033835e+00	-4.090917e-02	-2.301435e-02	-1.789483e-02
399           	-2.559368e-03	1.033858e+00	-4.096655e-02	-2.304264e-02	-1.792391e-02
400           	-2.558974e-03	1.033881e+00	-4.102294e-02	-2.307045e-02	-1.795250e-02
401           	-2.558577e-03	1.033904e+00	-4.107794e-02	-2.309755e-02	-1.798039e-02
402           	-2.558179e-03	1.033927e+00	-4.113118e-02	-2.312377e-02	-1.800741e-02
403           	-2.557782e-03	1.033950e+00	-4.118233e-02	-2.314895e-02	-1.803338e-02
404           	-2.557384e-03	1.033973e+00	-4.123102e-02	-2.317289e-02	-1.805813e-02
405           	-2.556986e-03	1.033996e+00	-4.127705e-02	-2.319551e-02	-1.808154e-02
406           	-2.556589e-03	1.034018e+00	-4.132025e-02	-2.321671e-02	-1.810354e-02
407           	-2.556166e-03	1.034039e+00	-4.136121e-02	-2.323677e-02	-1.812444e-02
408           	-2.555776e-03	1.034062e+00	-4.140045e-02	-2.325600e-02	-1.814445e-02
409           	-2.555361e-03	1.034083e+00	-4.143689e-02	-2.327380e-02	-1.816308e-02
410           	-2.554950e-03	1.034104e+00	-4.147178e-02	-2.329084e-02	-1.818094e-02
411           	-2.554545e-03	1.034125e+00	-4.150489e-02	-2.330699e-02	-1.819790e-02
412           	-2.554145e-03	1.034147e+00	-4.153600e-02	-2.332214e-02	-1.821385e-02
413           	-2.553749e-03	1.034169e+00	-4.156499e-02	-2.333624e-02	-1.822875e-02
414           	-2.553356e-03	1.034190e+00	-4.159182e-02	-2.334927e-02	-1.824256e-02
415           	-2.552965e-03	1.034211e+00	-4.161664e-02	-2.336128e-02	-1.825535e-02
416           	-2.552577e-03	1.034232e+00	-4.163953e-02	-2.337234e-02	-1.826719e-02
417           	-2.552191e-03	1.034252e+00	-4.166068e-02	-2.338253e-02	-1.827815e-02
418           	-2.551807e-03	1.034273e+00	-4.168025e-02	-2.339193e-02	-1.828832e-02
419           	-2.551424e-03	1.034293e+00	-4.169839e-02	-2.340062e-02	-1.829777e-02
420           	-2.551040e-03	1.034312e+00	-4.171522e-02	-2.340865e-02	-1.830657e-02
421           	-2.550658e-03	1.034332e+00	-4.173085e-02	-2.341608e-02	-1.831477e-02
422           	-2.550274e-03	1.034350e+00	-4.174533e-02	-2.342294e-02	-1.832239e-02
423           	-2.549891e-03	1.034369e+00	-4.175873e-02	-2.342926e-02	-1.832948e-02
424           	-2.549507e-03	1.034387e+00	-4.177112e-02	-2.343507e-02	-1.833605e-02
425           	-2.549124e-03	1.034404e+00	-4.178252e-02	-2.344038e-02	-1.834213e-02
426           	-2.548740e-03	1.034422e+00	-4.179284e-02	-2.344516e-02	-1.834768e-02
427           	-2.548357e-03	1.034439e+00	-4.180207e-02	-2.344939e-02	-1.835268e-02
428           	-2.547975e-03	1.034455e+00	-4.181012e-02	-2.345303e-02	-1.835708e-02
429           	-2.547593e-03	1.034472e+00	-4.181691e-02	-2.345605e-02	-1.836086e-02
430           	-2.547213e-03	1.034488e+00	-4.182241e-02	-2.345842e-02	-1.836399e-02
431           	-2.546835e-03	1.034504e+00	-4.182657e-02	-2.346012e-02	-1.836645e-02
432           	-2.546459e-03	1.034519e+00	-4.182926e-02	-2.346109e-02	-1.836817e-02
433           	-2.546085e-03	1.034535e+00	-4.183041e-02	-2.346129e-02	-1.836912e-02
434           	-2.545712e-03	1.034550e+00	-4.182994e-02	-2.346068e-02	-1.836926e-02
435           	-2.545342e-03	1.034565e+00	-4.182780e-02	-2.345924e-02	-1.836856e-02
436           	-2.544975e-03	1.034580e+00	-4.182402e-02	-2.345698e-02	-1.836703e-02
437           	-2.544610e-03	1.034594e+00	-4.181856e-02	-2.345389e-02	-1.836467e-02
438           	-2.544247e-03	1.034609e+00	-4.181148e-02	-2.344999e-02	-1.836149e-02
439           	-2.543888e-03	1.034623e+00	-4.180281e-02	-2.344530e-02	-1.835752e-02
440           	-2.543533e-03	1.034637e+00	-4.179266e-02	-2.343987e-02	-1.835280e-02
441           	-2.543183e-03	1.034650e+00	-4.178112e-02	-2.343374e-02	-1.834737e-02
442           	-2.542838e-03	1.034663e+00	-4.176829e-02	-2.342698e-02	-1.834131e-02
443           	-2.542498e-03	1.034676e+00	-4.175430e-02	-2.341965e-02	-1.833465e-02
444           	-2.542163e-03	1.034689e+00	-4.173918e-02	-2.341175e-02	-1.832742e-02
445           	-2.541834e-03	1.034702e+00	-4.172289e-02	-2.340328e-02	-1.831961e-02
446           	-2.541510e-03	1.034714e+00	-4.170547e-02	-2.339425e-02	-1.831123e-02
447           	-2.541169e-03	1.034724e+00	-4.168607e-02	-2.338420e-02	-1.830186e-02
448           	-2.540842e-03	1.034735e+00	-4.166679e-02	-2.337424e-02	-1.829255e-02
449           	-2.540521e-03	1.034746e+00	-4.164708e-02	-2.336406e-02	-1.828302e-02
450           	-2.540212e-03	1.034757e+00	-4.162669e-02	-2.335356e-02	-1.827314e-02
451           	-2.539908e-03	1.034768e+00	-4.160523e-02	-2.334252e-02	-1.826271e-02
452           	-2.539613e-03	1.034779e+00	-4.158265e-02	-2.333094e-02	-1.825171e-02
453           	-2.539323e-03	1.034788e+00	-4.155872e-02	-2.331868e-02	-1.824004e-02
454           	-2.539042e-03	1.034798e+00	-4.153349e-02	-2.330579e-02	-1.822770e-02
455           	-2.538769e-03	1.034807e+00	-4.150682e-02	-2.329218e-02	-1.821464e-02
456           	-2.538505e-03	1.034817e+00	-4.147859e-02	-2.327780e-02	-1.820079e-02
457           	-2.538251e-03	1.034826e+00	-4.144882e-02	-2.326266e-02	-1.818616e-02
458           	-2.538008e-03	1.034835e+00	-4.141784e-02	-2.324693e-02	-1.817091e-02
459           	-2.537773e-03	1.034843e+00	-4.138566e-02	-2.323060e-02	-1.815506e-02
460           	-2.537548e-03	1.034852e+00	-4.135261e-02	-2.321385e-02	-1.813876e-02
461           	-2.537332e-03	1.034860e+00	-4.131875e-02	-2.319671e-02	-1.812204e-02
462           	-2.537122e-03	1.034868e+00	-4.128397e-02	-2.317911e-02	-1.810487e-02
463           	-2.536920e-03	1.034875e+00	-4.124870e-02	-2.316127e-02	-1.808743e-02
464           	-2.536727e-03	1.034882e+00	-4.121321e-02	-2.314333e-02	-1.806988e-02
465           	-2.536543e-03	1.034888e+00	-4.117784e-02	-2.312546e-02	-1.805238e-02
466           	-2.536368e-03	1.034894e+00	-4.114246e-02	-2.310760e-02	-1.803486e-02
467           	-2.536201e-03	1.034899e+00	-4.110749e-02	-2.308994e-02	-1.801754e-02
468           	-2.536041e-03	1.034904e+00	-4.107265e-02	-2.307237e-02	-1.800028e-02
469           	-2.535890e-03	1.034909e+00	-4.103804e-02	-2.305491e-02	-1.798313e-02
470           	-2.535746e-03	1.034914e+00	-4.100379e-02	-2.303764e-02	-1.796615e-02
471           	-2.535608e-03	1.034918e+00	-4.096939e-02	-2.302031e-02	-1.794909e-02
472           	-2.535482e-03	1.034923e+00	-4.093510e-02	-2.300303e-02	-1.793207e-02
473           	-2.535361e-03	1.034926e+00	-4.090089e-02	-2.298581e-02	-1.791509e-02
474           	-2.535246e-03	1.034930e+00	-4.086678e-02	-2.296864e-02	-1.789815e-02
475           	-2.535134e-03	1.034932e+00	-4.083265e-02	-2.295146e-02	-1.788119e-02
476           	-2.535028e-03	1.034933e+00	-4.079839e-02	-2.293422e-02	-1.786416e-02
477           	-2.534935e-03	1.034935e+00	-4.076401e-02	-2.291694e-02	-1.784707e-02
478           	-2.534850e-03	1.034937e+00	-4.072995e-02	-2.289983e-02	-1.783013e-02
479           	-2.534773e-03	1.034938e+00	-4.069625e-02	-2.288290e-02	-1.781335e-02
480           	-2.534700e-03	1.034939e+00	-4.066289e-02	-2.286615e-02	-1.779675e-02
481           	-2.534638e-03	1.034940e+00	-4.063003e-02	-2.284965e-02	-1.778038e-02
482           	-2.534584e-03	1.034941e+00	-4.059800e-02	-2.283358e-02	-1.776442e-02
483           	-2.534534e-03	1.034941e+00	-4.056678e-02	-2.281792e-02	-1.774885e-02
484           	-2.534490e-03	1.034942e+00	-4.053644e-02	-2.280271e-02	-1.773373e-02
485           	-2.534453e-03	1.034942e+00	-4.050671e-02	-2.278781e-02	-1.771890e-02
486           	-2.534423e-03	1.034942e+00	-4.047800e-02	-2.277342e-02	-1.770458e-02
487           	-2.534396e-03	1.034942e+00	-4.045038e-02	-2.275959e-02	-1.769079e-02
488           	-2.534371e-03	1.034941e+00	-4.042364e-02	-2.274619e-02	-1.767745e-02
489           	-2.534348e-03	1.034941e+00	-4.039786e-02	-2.273328e-02	-1.766458e-02
490           	-2.534331e-03	1.034940e+00	-4.037325e-02	-2.272096e-02	-1.765230e-02
491           	-2.534321e-03	1.034940e+00	-4.034993e-02	-2.270929e-02	-1.764064e-02
492           	-2.534317e-03	1.034939e+00	-4.032786e-02	-2.269825e-02	-1.762961e-02
493           	-2.534317e-03	1.034939e+00	-4.030684e-02	-2.268774e-02	-1.761910e-02
494           	-2.534323e-03	1.034939e+00	-4.028713e-02	-2.267789e-02	-1.760924e-02
495           	-2.534330e-03	1.034938e+00	-4.026855e-02	-2.266861e-02	-1.759995e-02
496           	-2.534342e-03	1.034938e+00	-4.025120e-02	-2.265994e-02	-1.759126e-02
497           	-2.534356e-03	1.034938e+00	-4.023503e-02	-2.265187e-02	-1.758316e-02
498           	-2.534375e-03	1.034937e+00	-4.022008e-02	-2.264442e-02	-1.757567e-02
499           	-2.534396e-03	1.034937e+00	-4.020625e-02	-2.263752e-02	-1.756873e-02
500           	-2.534420e-03	1.034937e+00	-4.019351e-02	-2.263118e-02	-1.756234e-02
501           	-2.534445e-03	1.034937e+00	-4.018181e-02	-2.262535e-02	-1.755646e-02
502           	-2.534473e-03	1.034937e+00	-4.017113e-02	-2.262004e-02	-1.755109e-02
503           	-2.534503e-03	1.034937e+00	-4.016148e-02	-2.261524e-02	-1.754624e-02
504           	-2.534535e-03	1.034938e+00	-4.015273e-02	-2.261090e-02	-1.754183e-02
505           	-2.534569e-03	1.034938e+00	-4.014490e-02	-2.260702e-02	-1.753788e-02
506           	-2.534605e-03	1.034939e+00	-4.013810e-02	-2.260366e-02	-1.753445e-02
507           	-2.534642e-03	1.034939e+00	-4.013218e-02	-2.260073e-02	-1.753145e-02
508           	-2.534678e-03	1.034940e+00	-4.012714e-02	-2.259825e-02	-1.752889e-02
509           	-2.534716e-03	1.034941e+00	-4.012300e-02	-2.259621e-02	-1.752678e-02
510           	-2.534754e-03	1.034942e+00	-4.011978e-02	-2.259465e-02	-1.752514e-02
511           	-2.534794e-03	1.034943e+00	-4.011753e-02	-2.259356e-02	-1.752397e-02
512           	-2.534834e-03	1.034944e+00	-4.011622e-02	-2.259294e-02	-1.752327e-02
513           	-2.534872e-03	1.034945e+00	-4.011572e-02	-2.259273e-02	-1.752299e-02
514           	-2.534909e-03	1.034946e+00	-4.011619e-02	-2.259301e-02	-1.752319e-02
515           	-2.534948e-03	1.034948e+00	-4.011772e-02	-2.259381e-02	-1.752391e-02
516           	-2.534985e-03	1.034949e+00	-4.012020e-02	-2.259509e-02	-1.752512e-02
517           	-2.535020e-03	1.034951e+00	-4.012364e-02	-2.259684e-02	-1.752680e-02
518           	-2.535054e-03	1.034952e+00	-4.012807e-02	-2.259909e-02	-1.752898e-02
519           	-2.535086e-03	1.034954e+00	-4.013346e-02	-2.260182e-02	-1.753164e-02
520           	-2.535115e-03	1.034956e+00	-4.013971e-02	-2.260497e-02	-1.753474e-02
521           	-2.535141e-03	1.034958e+00	-4.014684e-02	-2.260856e-02	-1.753828e-02
522           	-2.535165e-03	1.034960e+00	-4.015478e-02	-2.261255e-02	-1.754222e-02
523           	-2.535186e-03	1.034962e+00	-4.016343e-02	-2.261690e-02	-1.754653e-02
524           	-2.535205e-03	1.034964e+00	-4.017278e-02	-2.262159e-02	-1.755118e-02
525           	-2.535221e-03	1.034966e+00	-4.018276e-02	-2.262660e-02	-1.755616e-02
526           	-2.535233e-03	1.034969e+00	-4.019319e-02	-2.263183e-02	-1.756136e-02
527           	-2.535243e-03	1.034972e+00	-4.020418e-02	-2.263733e-02	-1.756685e-02
528           	-2.535252e-03	1.034974e+00	-4.021555e-02	-2.264303e-02	-1.757252e-02
529           	-2.535259e-03	1.034977e+00	-4.022727e-02	-2.264889e-02	-1.757837e-02
530           	-2.535263e-03	1.034980e+00	-4.023919e-02	-2.265486e-02	-1.758433e-02
531           	-2.535264e-03	1.034983e+00	-4.025133e-02	-2.266093e-02	-1.759040e-02
532           	-2.535262e-03	1.034986e+00	-4.026368e-02	-2.266710e-02	-1.759658e-02
533           	-2.535257e-03	1.034989e+00	-4.027623e-02	-2.267337e-02	-1.760286e-02
534           	-2.535250e-03	1.034992e+00	-4.028900e-02	-2.267975e-02	-1.760925e-02
535           	-2.535239e-03	1.034995e+00	-4.030204e-02	-2.268626e-02	-1.761578e-02
536           	-2.535226e-03	1.034998e+00	-4.031536e-02	-2.269291e-02	-1.762245e-02
537           	-2.535210e-03	1.035001e+00	-4.032896e-02	-2.269969e-02	-1.762927e-02
538           	-2.535192e-03	1.035005e+00	-4.034283e-02	-2.270661e-02	-1.763622e-02
539           	-2.535170e-03	1.035008e+00	-4.035692e-02	-2.271363e-02	-1.764329e-02
540           	-2.535147e-03	1.035011e+00	-4.037118e-02	-2.272074e-02	-1.765044e-02
541           	-2.535121e-03	1.035014e+00	-4.038556e-02	-2.272790e-02	-1.765766e-02
542           	-2.535093e-03	1.035018e+00	-4.039997e-02	-2.273508e-02	-1.766489e-02
543           	-2.535063e-03	1.035021e+00	-4.041439e-02	-2.274226e-02	-1.767213e-02
544           	-2.535031e-03	1.035025e+00	-4.042875e-02	-2.274941e-02	-1.767934e-02
545           	-2.534997e-03	1.035028e+00	-4.044299e-02	-2.275649e-02	-1.768650e-02
546           	-2.534960e-03	1.035031e+00	-4.045707e-02	-2.276349e-02	-1.769357e-02
547           	-2.534923e-03	1.035035e+00	-4.047099e-02	-2.277042e-02	-1.770057e-02
548           	-2.534883e-03	1.035038e+00	-4.048469e-02	-2.277723e-02	-1.770746e-02
549           	-2.534844e-03	1.035042e+00	-4.049821e-02	-2.278395e-02	-1.771426e-02
550           	-2.534801e-03	1.035045e+00	-4.051150e-02	-2.279055e-02	-1.772095e-02
551           	-2.534758e-03	1.035049e+00	-4.052458e-02	-2.279705e-02	-1.772753e-02
552           	-2.534714e-03	1.035052e+00	-4.053747e-02	-2.280345e-02	-1.773402e-02
553           	-2.534669e-03	1.035056e+00	-4.055013e-02	-2.280974e-02	-1.774040e-02
554           	-2.534624e-03	1.035060e+00	-4.056258e-02	-2.281591e-02	-1.774666e-02
555           	-2.534578e-03	1.035063e+00	-4.057477e-02	-2.282196e-02	-1.775281e-02
556           	-2.534531e-03	1.035067e+00	-4.058670e-02	-2.282788e-02	-1.775882e-02
557           	-2.534484e-03	1.035070e+00	-4.059832e-02	-2.283365e-02	-1.776468e-02
558           	-2.534436e-03	1.035074e+00	-4.060964e-02	-2.283925e-02	-1.777038e-02
559           	-2.534387e-03	1.035077e+00	-4.062073e-02	-2.284475e-02	-1.777598e-02
560           	-2.534341e-03	1.035081e+00	-4.063137e-02	-2.285002e-02	-1.778134e-02
561           	-2.534297e-03	1.035085e+00	-4.064164e-02	-2.285512e-02	-1.778652e-02
562           	-2.534251e-03	1.035089e+00	-4.065165e-02	-2.286008e-02	-1.779157e-02
563           	-2.534207e-03	1.035093e+00	-4.066116e-02	-2.286479e-02	-1.779637e-02
564           	-2.534161e-03	1.035097e+00	-4.067035e-02	-2.286934e-02	-1.780102e-02
565           	-2.534115e-03	1.035101e+00	-4.067905e-02	-2.287364e-02	-1.780541e-02
566           	-2.534068e-03	1.035105e+00	-4.068765e-02	-2.287789e-02	-1.780975e-02
567           	-2.534021e-03	1.035109e+00	-4.069573e-02	-2.288189e-02	-1.781384e-02
568           	-2.533973e-03	1.035112e+00	-4.070357e-02	-2.288576e-02	-1.781781e-02
569           	-2.533923e-03	1.035115e+00	-4.071112e-02	-2.288948e-02	-1.782164e-02
570           	-2.533874e-03	1.035119e+00	-4.071841e-02	-2.289308e-02	-1.782533e-02
571           	-2.533825e-03	1.035122e+00	-4.072556e-02	-2.289661e-02	-1.782896e-02
572           	-2.533776e-03	1.035125e+00	-4.073244e-02	-2.290000e-02	-1.783245e-02
573           	-2.533727e-03	1.035127e+00	-4.073925e-02	-2.290335e-02	-1.783590e-02
574           	-2.533679e-03	1.035130e+00	-4.074600e-02	-2.290668e-02	-1.783932e-02
575           	-2.533631e-03	1.035133e+00	-4.075268e-02	-2.290997e-02	-1.784271e-02
576           	-2.533584e-03	1.035136e+00	-4.075925e-02	-2.291321e-02	-1.784604e-02
577           	-2.533537e-03	1.035138e+00	-4.076569e-02	-2.291638e-02	-1.784931e-02
578           	-2.533489e-03	1.035141e+00	-4.077192e-02	-2.291945e-02	-1.785247e-02
579           	-2.533442e-03	1.035143e+00	-4.077802e-02	-2.292245e-02	-1.785557e-02
580           	-2.533397e-03	1.035145e+00	-4.078394e-02	-2.292537e-02	-1.785857e-02
581           	-2.533352e-03	1.035148e+00	-4.078963e-02	-2.292817e-02	-1.786146e-02
582           	-2.533308e-03	1.035150e+00	-4.079511e-02	-2.293086e-02	-1.786424e-02
583           	-2.533265e-03	1.035152e+00	-4.080031e-02	-2.293342e-02	-1.786689e-02
584           	-2.533223e-03	1.035154e+00	-4.080526e-02	-2.293585e-02	-1.786941e-02
585           	-2.533183e-03	1.035156e+00	-4.080995e-02	-2.293816e-02	-1.787179e-02
586           	-2.533143e-03	1.035158e+00	-4.081438e-02	-2.294033e-02	-1.787405e-02
587           	-2.533105e-03	1.035159e+00	-4.081852e-02	-2.294237e-02	-1.787616e-02
588           	-2.533069e-03	1.035161e+00	-4.082240e-02	-2.294427e-02	-1.787813e-02
589           	-2.533033e-03	1.035163e+00	-4.082602e-02	-2.294604e-02	-1.787998e-02
590           	-2.532999e-03	1.035165e+00	-4.082941e-02	-2.294770e-02	-1.788170e-02
591           	-2.532966e-03	1.035167e+00	-4.083256e-02	-2.294924e-02	-1.788331e-02
592           	-2.532935e-03	1.035169e+00	-4.083549e-02	-2.295068e-02	-1.788481e-02
593           	-2.532904e-03	1.035171e+00	-4.083823e-02	-2.295202e-02	-1.788621e-02
594           	-2.532874e-03	1.035173e+00	-4.084078e-02	-2.295327e-02	-1.788752e-02
595           	-2.532846e-03	1.035174e+00	-4.084317e-02	-2.295443e-02	-1.788874e-02
596           	-2.532818e-03	1.035176e+00	-4.084541e-02	-2.295553e-02	-1.788989e-02
597           	-2.532791e-03	1.035178e+00	-4.084752e-02	-2.295655e-02	-1.789097e-02
598           	-2.532765e-03	1.035179e+00	-4.084950e-02	-2.295752e-02	-1.789199e-02
599           	-2.532740e-03	1.035181e+00	-4.085140e-02	-2.295844e-02	-1.789296e-02
600           	-2.532716e-03	1.035182e+00	-4.085322e-02	-2.295932e-02	-1.789389e-02
601           	-2.532693e-03	1.035184e+00	-4.085497e-02	-2.296018e-02	-1.789479e-02
602           	-2.532670e-03	1.035185e+00	-4.085667e-02	-2.296101e-02	-1.789567e-02
603           	-2.532648e-03	1.035187e+00	-4.085834e-02	-2.296182e-02	-1.789652e-02
604           	-2.532627e-03	1.035188e+00	-4.085996e-02	-2.296261e-02	-1.789735e-02
605           	-2.532606e-03	1.035189e+00	-4.086157e-02	-2.296339e-02	-1.789818e-02
606           	-2.532586e-03	1.035190e+00	-4.086317e-02	-2.296417e-02	-1.789900e-02
607           	-2.532567e-03	1.035192e+00	-4.086479e-02	-2.296496e-02	-1.789983e-02
608           	-2.532548e-03	1.035193e+00	-4.086641e-02	-2.296575e-02	-1.790066e-02
609           	-2.532529e-03	1.035194e+00	-4.086804e-02	-2.296655e-02	-1.790149e-02
610           	-2.532511e-03	1.035195e+00	-4.086969e-02	-2.296736e-02	-1.790234e-02
611           	-2.532494e-03	1.035196e+00	-4.087134e-02	-2.296817e-02	-1.790318e-02
612           	-2.532477e-03	1.035197e+00	-4.087300e-02	-2.296898e-02	-1.790402e-02
613           	-2.532461e-03	1.035198e+00	-4.087466e-02	-2.296979e-02	-1.790487e-02
614           	-2.532445e-03	1.035199e+00	-4.087632e-02	-2.297060e-02	-1.790571e-02
615           	-2.532431e-03	1.035201e+00	-4.087798e-02	-2.297142e-02	-1.790656e-02
616           	-2.532417e-03	1.035201e+00	-4.087961e-02	-2.297222e-02	-1.790739e-02
617           	-2.532403e-03	1.035202e+00	-4.088125e-02	-2.297303e-02	-1.790822e-02
618           	-2.532389e-03	1.035203e+00	-4.088289e-02	-2.297383e-02	-1.790905e-02
619           	-2.532376e-03	1.035204e+00	-4.088449e-02	-2.297462e-02	-1.790987e-02
620           	-2.532363e-03	1.035205e+00	-4.088611e-02	-2.297542e-02	-1.791069e-02
621           	-2.532351e-03	1.035206e+00	-4.088770e-02	-2.297620e-02	-1.791150e-02
622           	-2.532339e-03	1.035208e+00	-4.088932e-02	-2.297700e-02	-1.791232e-02
623           	-2.532327e-03	1.035209e+00	-4.089092e-02	-2.297779e-02	-1.791313e-02
624           	-2.532316e-03	1.035210e+00	-4.089254e-02	-2.297859e-02	-1.791395e-02
625           	-2.532305e-03	1.035211e+00	-4.089414e-02	-2.297938e-02	-1.791477e-02
626           	-2.532294e-03	1.035212e+00	-4.089577e-02	-2.298018e-02	-1.791559e-02
627           	-2.532283e-03	1.035212e+00	-4.089736e-02	-2.298096e-02	-1.791640e-02
628           	-2.532272e-03	1.035213e+00	-4.089895e-02	-2.298175e-02	-1.791720e-02
629           	-2.532261e-03	1.035214e+00	-4.090053e-02	-2.298253e-02	-1.791800e-02
630           	-2.532250e-03	1.035215e+00	-4.090212e-02	-2.298331e-02	-1.791881e-02
631           	-2.532239e-03	1.035216e+00	-4.090373e-02	-2.298410e-02	-1.791962e-02
632           	-2.532229e-03	1.035217e+00	-4.090536e-02	-2.298491e-02	-1.792045e-02
633           	-2.532219e-03	1.035218e+00	-4.090700e-02	-2.298572e-02	-1.792128e-02
634           	-2.532209e-03	1.035218e+00	-4.090863e-02	-2.298652e-02	-1.792211e-02
635           	-2.532198e-03	1.035219e+00	-4.091025e-02	-2.298732e-02	-1.792293e-02
636           	-2.532187e-03	1.035220e+00	-4.091187e-02	-2.298812e-02	-1.792375e-02
637           	-2.532176e-03	1.035220e+00	-4.091347e-02	-2.298891e-02	-1.792456e-02
638           	-2.532165e-03	1.035221e+00	-4.091507e-02	-2.298970e-02	-1.792537e-02
639           	-2.532153e-03	1.035221e+00	-4.091667e-02	-2.299049e-02	-1.792618e-02
640           	-2.532143e-03	1.035222e+00	-4.091827e-02	-2.299128e-02	-1.792699e-02
641           	-2.532132e-03	1.035222e+00	-4.091987e-02	-2.299207e-02	-1.792780e-02
642           	-2.532122e-03	1.035223e+00	-4.092147e-02	-2.299286e-02	-1.792862e-02
643           	-2.532112e-03	1.035224e+00	-4.092307e-02	-2.299365e-02	-1.792943e-02
644           	-2.532103e-03	1.035224e+00	-4.092466e-02	-2.299443e-02	-1.793023e-02
645           	-2.532093e-03	1.035225e+00	-4.092624e-02	-2.299521e-02	-1.793103e-02
646           	-2.532084e-03	1.035225e+00	-4.092779e-02	-2.299598e-02	-1.793181e-02
647           	-2.532075e-03	1.035226e+00	-4.092932e-02	-2.299674e-02	-1.793259e-02
648           	-2.532066e-03	1.035226e+00	-4.093081e-02	-2.299747e-02	-1.793334e-02
649           	-2.532057e-03	1.035227e+00	-4.093226e-02	-2.299819e-02	-1.793407e-02
650           	-2.532048e-03	1.035227e+00	-4.093365e-02	-2.299887e-02	-1.793478e-02
651           	-2.532040e-03	1.035228e+00	-4.093499e-02	-2.299953e-02	-1.793545e-02
652           	-2.532031e-03	1.035228e+00	-4.093627e-02	-2.300017e-02	-1.793610e-02
653           	-2.532023e-03	1.035229e+00	-4.093750e-02	-2.300077e-02	-1.793673e-02
654           	-2.532015e-03	1.035230e+00	-4.093867e-02	-2.300135e-02	-1.793732e-02
655           	-2.532007e-03	1.035230e+00	-4.093979e-02	-2.300190e-02	-1.793789e-02
656           	-2.531999e-03	1.035231e+00	-4.094088e-02	-2.300244e-02	-1.793844e-02
657           	-2.531991e-03	1.035231e+00	-4.094189e-02	-2.300294e-02	-1.793895e-02
658           	-2.531983e-03	1.035232e+00	-4.094286e-02	-2.300341e-02	-1.793945e-02
659           	-2.531976e-03	1.035232e+00	-4.094381e-02	-2.300388e-02	-1.793993e-02
660           	-2.531968e-03	1.035233e+00	-4.094474e-02	-2.300434e-02	-1.794040e-02
661           	-2.531961e-03	1.035233e+00	-4.094568e-02	-2.300480e-02	-1.794088e-02
662           	-2.531953e-03	1.035234e+00	-4.094663e-02	-2.300527e-02	-1.794136e-02
663           	-2.531946e-03	1.035234e+00	-4.094759e-02	-2.300574e-02	-1.794185e-02
664           	-2.531939e-03	1.035234e+00	-4.094857e-02	-2.300622e-02	-1.794235e-02
665           	-2.531931e-03	1.035235e+00	-4.094954e-02	-2.300670e-02	-1.794284e-02
666           	-2.531924e-03	1.035235e+00	-4.095055e-02	-2.300720e-02	-1.794335e-02
667           	-2.531917e-03	1.035236e+00	-4.095152e-02	-2.300767e-02	-1.794384e-02
668           	-2.531910e-03	1.035236e+00	-4.095249e-02	-2.300816e-02	-1.794434e-02
669           	-2.531903e-03	1.035237e+00	-4.095345e-02	-2.300863e-02	-1.794482e-02
670           	-2.531896e-03	1.035237e+00	-4.095438e-02	-2.300909e-02	-1.794529e-02
671           	-2.531889e-03	1.035238e+00	-4.095526e-02	-2.300952e-02	-1.794574e-02
672           	-2.531882e-03	1.035238e+00	-4.095610e-02	-2.300993e-02	-1.794617e-02
673           	-2.531875e-03	1.035239e+00	-4.095691e-02	-2.301033e-02	-1.794658e-02
674           	-2.531868e-03	1.035239e+00	-4.095768e-02	-2.301071e-02	-1.794697e-02
675           	-2.531861e-03	1.035239e+00	-4.095843e-02	-2.301108e-02	-1.794736e-02
676           	-2.531853e-03	1.035240e+00	-4.095918e-02	-2.301144e-02	-1.794774e-02
677           	-2.531846e-03	1.035240e+00	-4.095995e-02	-2.301182e-02	-1.794813e-02
678           	-2.531839e-03	1.035240e+00	-4.096073e-02	-2.301221e-02	-1.794853e-02
679           	-2.531832e-03	1.035241e+00	-4.096153e-02	-2.301260e-02	-1.794893e-02
680           	-2.531826e-03	1.035241e+00	-4.096231e-02	-2.301298e-02	-1.794933e-02
681           	-2.531820e-03	1.035241e+00	-4.096308e-02	-2.301336e-02	-1.794972e-02
682           	-2.531813e-03	1.035242e+00	-4.096383e-02	-2.301373e-02	-1.795010e-02
683           	-2.531807e-03	1.035242e+00	-4.096455e-02	-2.301408e-02	-1.795047e-02
684           	-2.531801e-03	1.035242e+00	-4.096526e-02	-2.301443e-02	-1.795083e-02
685           	-2.531795e-03	1.035243e+00	-4.096593e-02	-2.301476e-02	-1.795117e-02
686           	-2.531789e-03	1.035243e+00	-4.096659e-02	-2.301508e-02	-1.795151e-02
687           	-2.531783e-03	1.035243e+00	-4.096723e-02	-2.301540e-02	-1.795183e-02
688           	-2.531777e-03	1.035243e+00	-4.096785e-02	-2.301570e-02	-1.795215e-02
689           	-2.531771e-03	1.035244e+00	-4.096845e-02	-2.301599e-02	-1.795245e-02
690           	-2.531766e-03	1.035244e+00	-4.096903e-02	-2.301628e-02	-1.795275e-02
691           	-2.531761e-03	1.035244e+00	-4.096959e-02	-2.301656e-02	-1.795304e-02
692           	-2.531755e-03	1.035244e+00	-4.097014e-02	-2.301683e-02	-1.795332e-02
693           	-2.531750e-03	1.035245e+00	-4.097067e-02	-2.301709e-02	-1.795359e-02
694           	-2.531745e-03	1.035245e+00	-4.097118e-02	-2.301734e-02	-1.795385e-02
695           	-2.531740e-03	1.035245e+00	-4.097168e-02	-2.301758e-02	-1.795410e-02
696           	-2.531736e-03	1.035245e+00	-4.097215e-02	-2.301781e-02	-1.795434e-02
697           	-2.531731e-03	1.035246e+00	-4.097260e-02	-2.301803e-02	-1.795457e-02
698           	-2.531727e-03	1.035246e+00	-4.097304e-02	-2.301824e-02	-1.795479e-02
699           	-2.531722e-03	1.035246e+00	-4.097345e-02	-2.301845e-02	-1.795500e-02
700           	-2.531718e-03	1.035246e+00	-4.097384e-02	-2.301864e-02	-1.795520e-02
701           	-2.531714e-03	1.035247e+00	-4.097423e-02	-2.301883e-02	-1.795540e-02
702           	-2.531710e-03	1.035247e+00	-4.097461e-02	-2.301901e-02	-1.795559e-02
703           	-2.531706e-03	1.035247e+00	-4.097498e-02	-2.301920e-02	-1.795579e-02
704           	-2.531702e-03	1.035247e+00	-4.097536e-02	-2.301938e-02	-1.795598e-02
705           	-2.531698e-03	1.035247e+00	-4.097572e-02	-2.301956e-02	-1.795616e-02
706           	-2.531695e-03	1.035248e+00	-4.097607e-02	-2.301973e-02	-1.795634e-02
707           	-2.531691e-03	1.035248e+00	-4.097640e-02	-2.301989e-02	-1.795651e-02
708           	-2.531688e-03	1.035248e+00	-4.097672e-02	-2.302005e-02	-1.795667e-02
709           	-2.531685e-03	1.035248e+00	-4.097702e-02	-2.302019e-02	-1.795683e-02
710           	-2.531682e-03	1.035248e+00	-4.097730e-02	-2.302033e-02	-1.795697e-02
711           	-2.531679e-03	1.035249e+00	-4.097756e-02	-2.302046e-02	-1.795710e-02
712           	-2.531676e-03	1.035249e+00	-4.097781e-02	-2.302058e-02	-1.795723e-02
713           	-2.531673e-03	1.035249e+00	-4.097805e-02	-2.302070e-02	-1.795735e-02
714           	-2.531670e-03	1.035249e+00	-4.097828e-02	-2.302081e-02	-1.795747e-02
715           	-2.531667e-03	1.035249e+00	-4.097851e-02	-2.302092e-02	-1.795759e-02
716           	-2.531664e-03	1.035249e+00	-4.097873e-02	-2.302103e-02	-1.795770e-02
717           	-2.531662e-03	1.035249e+00	-4.097895e-02	-2.302114e-02	-1.795781e-02
718           	-2.531659e-03	1.035249e+00	-4.097917e-02	-2.302124e-02	-1.795792e-02
719           	-2.531657e-03	1.035250e+00	-4.097938e-02	-2.302135e-02	-1.795804e-02
720           	-2.531655e-03	1.035250e+00	-4.097960e-02	-2.302145e-02	-1.795814e-02
721           	-2.531653e-03	1.035250e+00	-4.097981e-02	-2.302156e-02	-1.795825e-02
722           	-2.531651e-03	1.035250e+00	-4.098001e-02	-2.302166e-02	-1.795835e-02
723           	-2.531649e-03	1.035250e+00	-4.098020e-02	-2.302175e-02	-1.795845e-02
724           	-2.531647e-03	1.035250e+00	-4.098039e-02	-2.302184e-02	-1.795855e-02
725           	-2.531646e-03	1.035250e+00	-4.098056e-02	-2.302192e-02	-1.795863e-02
726           	-2.531644e-03	1.035250e+00	-4.098070e-02	-2.302200e-02	-1.795871e-02
727           	-2.531643e-03	1.035251e+00	-4.098084e-02	-2.302206e-02	-1.795878e-02
728           	-2.531641e-03	1.035251e+00	-4.098095e-02	-2.302212e-02	-1.795883e-02
729           	-2.531640e-03	1.035251e+00	-4.098104e-02	-2.302216e-02	-1.795888e-02
730           	-2.531639e-03	1.035251e+00	-4.098112e-02	-2.302220e-02	-1.795892e-02
731           	-2.531638e-03	1.035251e+00	-4.098119e-02	-2.302223e-02	-1.795896e-02
732           	-2.531637e-03	1.035251e+00	-4.098125e-02	-2.302226e-02	-1.795899e-02
733           	-2.531635e-03	1.035251e+00	-4.098130e-02	-2.302229e-02	-1.795901e-02
734           	-2.531634e-03	1.035251e+00	-4.098135e-02	-2.302231e-02	-1.795904e-02
735           	-2.531633e-03	1.035252e+00	-4.098140e-02	-2.302233e-02	-1.795907e-02
736           	-2.531633e-03	1.035252e+00	-4.098146e-02	-2.302236e-02	-1.795910e-02
737           	-2.531632e-03	1.035252e+00	-4.098152e-02	-2.302239e-02	-1.795913e-02
738           	-2.531631e-03	1.035252e+00	-4.098159e-02	-2.302243e-02	-1.795917e-02
739           	-2.531630e-03	1.035252e+00	-4.098167e-02	-2.302247e-02	-1.795921e-02
740           	-2.531629e-03	1.035252e+00	-4.098176e-02	-2.302251e-02	-1.795925e-02
741           	-2.531628e-03	1.035252e+00	-4.098185e-02	-2.302256e-02	-1.795930e-02
742           	-2.531627e-03	1.035252e+00	-4.098195e-02	-2.302260e-02	-1.795935e-02
743           	-2.531626e-03	1.035252e+00	-4.098206e-02	-2.302265e-02	-1.795940e-02
744           	-2.531625e-03	1.035253e+00	-4.098216e-02	-2.302271e-02	-1.795946e-02
745           	-2.531625e-03	1.035253e+00	-4.098227e-02	-2.302276e-02	-1.795951e-02
746           	-2.531624e-03	1.035253e+00	-4.098237e-02	-2.302281e-02	-1.795956e-02
747           	-2.531623e-03	1.035253e+00	-4.098247e-02	-2.302286e-02	-1.795961e-02
748           	-2.531622e-03	1.035253e+00	-4.098257e-02	-2.302291e-02	-1.795966e-02
749           	-2.531622e-03	1.035253e+00	-4.098267e-02	-2.302296e-02	-1.795971e-02
750           	-2.531621e-03	1.035253e+00	-4.098277e-02	-2.302300e-02	-1.795976e-02
751           	-2.531620e-03	1.035253e+00	-4.098286e-02	-2.302305e-02	-1.795981e-02
752           	-2.531620e-03	1.035253e+00	-4.098296e-02	-2.302310e-02	-1.795986e-02
753           	-2.531619e-03	1.035253e+00	-4.098305e-02	-2.302314e-02	-1.795991e-02
754           	-2.531618e-03	1.035253e+00	-4.098314e-02	-2.302319e-02	-1.795995e-02
755           	-2.531618e-03	1.035254e+00	-4.098324e-02	-2.302324e-02	-1.796000e-02
756           	-2.531617e-03	1.035254e+00	-4.098333e-02	-2.302328e-02	-1.796005e-02
757           	-2.531617e-03	1.035254e+00	-4.098343e-02	-2.302333e-02	-1.796010e-02
758           	-2.531616e-03	1.035254e+00	-4.098353e-02	-2.302338e-02	-1.796015e-02
759           	-2.531615e-03	1.035254e+00	-4.098363e-02	-2.302343e-02	-1.796020e-02
760           	-2.531615e-03	1.035254e+00	-4.098373e-02	-2.302348e-02	-1.796025e-02
761           	-2.531614e-03	1.035254e+00	-4.098383e-02	-2.302353e-02	-1.796030e-02
762           	-2.531614e-03	1.035254e+00	-4.098393e-02	-2.302358e-02	-1.796035e-02
763           	-2.531613e-03	1.035254e+00	-4.098404e-02	-2.302363e-02	-1.796041e-02
764           	-2.531613e-03	1.035254e+00	-4.098415e-02	-2.302369e-02	-1.796046e-02
765           	-2.531612e-03	1.035254e+00	-4.098426e-02	-2.302374e-02	-1.796052e-02
766           	-2.531612e-03	1.035254e+00	-4.098437e-02	-2.302380e-02	-1.796057e-02
767           	-2.531611e-03	1.035255e+00	-4.098448e-02	-2.302385e-02	-1.796063e-02
768           	-2.531610e-03	1.035255e+00	-4.098460e-02	-2.302391e-02	-1.796069e-02
769           	-2.531610e-03	1.035255e+00	-4.098471e-02	-2.302397e-02	-1.796075e-02
770           	-2.531609e-03	1.035255e+00	-4.098483e-02	-2.302402e-02	-1.796080e-02
771           	-2.531609e-03	1.035255e+00	-4.098494e-02	-2.302408e-02	-1.796086e-02
772           	-2.531608e-03	1.035255e+00	-4.098505e-02	-2.302414e-02	-1.796092e-02
773           	-2.531608e-03	1.035255e+00	-4.098517e-02	-2.302419e-02	-1.796098e-02
774           	-2.531607e-03	1.035255e+00	-4.098528e-02	-2.302425e-02	-1.796103e-02
775           	-2.531606e-03	1.035255e+00	-4.098539e-02	-2.302430e-02	-1.796109e-02
776           	-2.531606e-03	1.035255e+00	-4.098550e-02	-2.302435e-02	-1.796114e-02
777           	-2.531605e-03	1.035255e+00	-4.098560e-02	-2.302441e-02	-1.796120e-02
778           	-2.531605e-03	1.035255e+00	-4.098571e-02	-2.302446e-02	-1.796125e-02
779           	-2.531604e-03	1.035255e+00	-4.098582e-02	-2.302451e-02	-1.796131e-02
780           	-2.531603e-03	1.035255e+00	-4.098593e-02	-2.302457e-02	-1.796136e-02
781           	-2.531603e-03	1.035255e+00	-4.098605e-02	-2.302463e-02	-1.796142e-02
782           	-2.531602e-03	1.035256e+00	-4.098617e-02	-2.302468e-02	-1.796148e-02
783           	-2.531601e-03	1.035256e+00	-4.098629e-02	-2.302475e-02	-1.796154e-02
784           	-2.531601e-03	1.035256e+00	-4.098641e-02	-2.302481e-02	-1.796161e-02
785           	-2.531600e-03	1.035256e+00	-4.098654e-02	-2.302487e-02	-1.796167e-02
786           	-2.531599e-03	1.035256e+00	-4.098667e-02	-2.302494e-02	-1.796174e-02
787           	-2.531599e-03	1.035256e+00	-4.098680e-02	-2.302500e-02	-1.796180e-02
788           	-2.531598e-03	1.035256e+00	-4.098693e-02	-2.302506e-02	-1.796187e-02
789           	-2.531598e-03	1.035256e+00	-4.098705e-02	-2.302512e-02	-1.796193e-02
790           	-2.531597e-03	1.035256e+00	-4.098717e-02	-2.302518e-02	-1.796199e-02
791           	-2.531596e-03	1.035256e+00	-4.098729e-02	-2.302524e-02	-1.796205e-02
792           	-2.531596e-03	1.035256e+00	-4.098740e-02	-2.302530e-02	-1.796210e-02
793           	-2.531595e-03	1.035256e+00	-4.098751e-02	-2.302535e-02	-1.796216e-02
794           	-2.531595e-03	1.035256e+00	-4.098762e-02	-2.302541e-02	-1.796222e-02
795           	-2.531594e-03	1.035256e+00	-4.098773e-02	-2.302546e-02	-1.796227e-02
796           	-2.531594e-03	1.035256e+00	-4.098784e-02	-2.302552e-02	-1.796233e-02
797           	-2.531593e-03	1.035256e+00	-4.098795e-02	-2.302557e-02	-1.796238e-02
798           	-2.531593e-03	1.035256e+00	-4.098806e-02	-2.302562e-02	-1.796244e-02
799           	-2.531592e-03	1.035256e+00	-4.098817e-02	-2.302568e-02	-1.796249e-02
800           	-2.531592e-03	1.035256e+00	-4.098827e-02	-2.302573e-02	-1.796255e-02
801           	-2.531591e-03	1.035257e+00	-4.098838e-02	-2.302578e-02	-1.796260e-02
802           	-2.531591e-03	1.035257e+00	-4.098848e-02	-2.302583e-02	-1.796265e-02
803           	-2.531590e-03	1.035257e+00	-4.098858e-02	-2.302588e-02	-1.796270e-02
804           	-2.531589e-03	1.035257e+00	-4.098868e-02	-2.302593e-02	-1.796275e-02
805           	-2.531589e-03	1.035257e+00	-4.098878e-02	-2.302598e-02	-1.796280e-02
806           	-2.531588e-03	1.035257e+00	-4.098887e-02	-2.302603e-02	-1.796285e-02
807           	-2.531588e-03	1.035257e+00	-4.098897e-02	-2.302607e-02	-1.796290e-02
808           	-2.531588e-03	1.035257e+00	-4.098906e-02	-2.302612e-02	-1.796294e-02
809           	-2.531587e-03	1.035257e+00	-4.098915e-02	-2.302616e-02	-1.796299e-02
810           	-2.531587e-03	1.035257e+00	-4.098924e-02	-2.302621e-02	-1.796303e-02
811           	-2.531586e-03	1.035257e+00	-4.098933e-02	-2.302625e-02	-1.796308e-02
812           	-2.531586e-03	1.035257e+00	-4.098942e-02	-2.302630e-02	-1.796312e-02
813           	-2.531585e-03	1.035257e+00	-4.098951e-02	-2.302634e-02	-1.796317e-02
814           	-2.531585e-03	1.035257e+00	-4.098960e-02	-2.302639e-02	-1.796322e-02
815           	-2.531584e-03	1.035257e+00	-4.098970e-02	-2.302643e-02	-1.796327e-02
816           	-2.531584e-03	1.035257e+00	-4.098980e-02	-2.302648e-02	-1.796331e-02
817           	-2.531583e-03	1.035257e+00	-4.098989e-02	-2.302653e-02	-1.796336e-02
818           	-2.531583e-03	1.035257e+00	-4.098999e-02	-2.302658e-02	-1.796341e-02
819           	-2.531582e-03	1.035257e+00	-4.099009e-02	-2.302663e-02	-1.796347e-02
820           	-2.531582e-03	1.035257e+00	-4.099019e-02	-2.302668e-02	-1.796352e-02
821           	-2.531581e-03	1.035257e+00	-4.099029e-02	-2.302673e-02	-1.796357e-02
822           	-2.531581e-03	1.035257e+00	-4.099039e-02	-2.302678e-02	-1.796362e-02
823           	-2.531580e-03	1.035257e+00	-4.099049e-02	-2.302683e-02	-1.796367e-02
824           	-2.531580e-03	1.035257e+00	-4.099059e-02	-2.302687e-02	-1.796371e-02
825           	-2.531579e-03	1.035257e+00	-4.099068e-02	-2.302692e-02	-1.796376e-02
826           	-2.531579e-03	1.035257e+00	-4.099078e-02	-2.302697e-02	-1.796381e-02
827           	-2.531578e-03	1.035257e+00	-4.099087e-02	-2.302701e-02	-1.796385e-02
828           	-2.531578e-03	1.035257e+00	-4.099096e-02	-2.302706e-02	-1.796390e-02
829           	-2.531577e-03	1.035257e+00	-4.099104e-02	-2.302710e-02	-1.796394e-02
830           	-2.531577e-03	1.035257e+00	-4.099113e-02	-2.302714e-02	-1.796399e-02
831           	-2.531577e-03	1.035258e+00	-4.099121e-02	-2.302718e-02	-1.796403e-02
832           	-2.531576e-03	1.035258e+00	-4.099129e-02	-2.302722e-02	-1.796407e-02
833           	-2.531576e-03	1.035258e+00	-4.099138e-02	-2.302726e-02	-1.796411e-02
834           	-2.531575e-03	1.035258e+00	-4.099146e-02	-2.302730e-02	-1.796415e-02
835           	-2.531575e-03	1.035258e+00	-4.099154e-02	-2.302734e-02	-1.796419e-02
836           	-2.531575e-03	1.035258e+00	-4.099161e-02	-2.302738e-02	-1.796423e-02
837           	-2.531574e-03	1.035258e+00	-4.099169e-02	-2.302742e-02	-1.796427e-02
838           	-2.531574e-03	1.035258e+00	-4.099177e-02	-2.302746e-02	-1.796431e-02
839           	-2.531573e-03	1.035258e+00	-4.099185e-02	-2.302750e-02	-1.796435e-02
840           	-2.531573e-03	1.035258e+00	-4.099193e-02	-2.302754e-02	-1.796439e-02
841           	-2.531573e-03	1.035258e+00	-4.099200e-02	-2.302757e-02	-1.796443e-02
842           	-2.531572e-03	1.035258e+00	-4.099208e-02	-2.302761e-02	-1.796447e-02
843           	-2.531572e-03	1.035258e+00	-4.099216e-02	-2.302765e-02	-1.796451e-02
844           	-2.531571e-03	1.035258e+00	-4.099224e-02	-2.302769e-02	-1.796455e-02
845           	-2.531571e-03	1.035258e+00	-4.099231e-02	-2.302773e-02	-1.796459e-02
846           	-2.531571e-03	1.035258e+00	-4.099239e-02	-2.302777e-02	-1.796462e-02
847           	-2.531570e-03	1.035258e+00	-4.099246e-02	-2.302780e-02	-1.796466e-02
848           	-2.531570e-03	1.035258e+00	-4.099253e-02	-2.302784e-02	-1.796470e-02
849           	-2.531570e-03	1.035258e+00	-4.099260e-02	-2.302787e-02	-1.796473e-02
850           	-2.531569e-03	1.035258e+00	-4.099266e-02	-2.302790e-02	-1.796476e-02
851           	-2.531569e-03	1.035258e+00	-4.099272e-02	-2.302793e-02	-1.796479e-02
852           	-2.531569e-03	1.035258e+00	-4.099278e-02	-2.302796e-02	-1.796482e-02
853           	-2.531568e-03	1.035258e+00	-4.099283e-02	-2.302798e-02	-1.796485e-02
854           	-2.531568e-03	1.035258e+00	-4.099289e-02	-2.302801e-02	-1.796488e-02
855           	-2.531568e-03	1.035258e+00	-4.099294e-02	-2.302804e-02	-1.796490e-02
856           	-2.531567e-03	1.035258e+00	-4.099299e-02	-2.302806e-02	-1.796493e-02
857           	-2.531567e-03	1.035258e+00	-4.099304e-02	-2.302809e-02	-1.796495e-02
858           	-2.531567e-03	1.035258e+00	-4.099309e-02	-2.302811e-02	-1.796498e-02
859           	-2.531566e-03	1.035258e+00	-4.099314e-02	-2.302814e-02	-1.796500e-02
860           	-2.531566e-03	1.035258e+00	-4.099319e-02	-2.302816e-02	-1.796503e-02
861           	-2.531566e-03	1.035258e+00	-4.099324e-02	-2.302819e-02	-1.796506e-02
862           	-2.531566e-03	1.035258e+00	-4.099329e-02	-2.302821e-02	-1.796508e-02
863           	-2.531565e-03	1.035258e+00	-4.099334e-02	-2.302824e-02	-1.796511e-02
