# Force coefficients
# liftDir     : (0.000000e+00 0.000000e+00 1.000000e+00)
# dragDir     : (0.000000e+00 1.000000e+00 0.000000e+00)
# pitchAxis   : (1.000000e+00 0.000000e+00 0.000000e+00)
# magUInf     : 4.708437e-02
# lRef        : 4.000000e+00
# Aref        : 2.562000e-02
# CofR        : (0.000000e+00 0.000000e+00 0.000000e+00)
# Time        	Cm            	Cd            	Cl            	Cl(f)         	Cl(r)         
1             	-1.683765e-03	3.924726e-01	-4.459106e-02	-2.397930e-02	-2.061177e-02
2             	-4.042083e-03	1.037754e+00	-1.034652e-01	-5.577469e-02	-4.769052e-02
3             	-4.019202e-03	1.166423e+00	-5.197107e-02	-3.000474e-02	-2.196633e-02
4             	-2.929259e-03	1.031694e+00	2.464255e-02	9.392017e-03	1.525054e-02
5             	-2.122643e-03	9.201912e-01	6.417097e-02	2.996284e-02	3.420813e-02
6             	-1.753181e-03	8.656034e-01	7.324111e-02	3.486737e-02	3.837374e-02
7             	-1.626080e-03	8.396510e-01	6.550110e-02	3.112447e-02	3.437663e-02
8             	-1.845892e-03	8.725159e-01	4.633813e-02	2.132318e-02	2.501496e-02
9             	-2.049030e-03	8.992151e-01	3.481149e-02	1.535672e-02	1.945477e-02
10            	-2.224246e-03	9.279899e-01	2.218691e-02	8.869210e-03	1.331770e-02
11            	-2.336993e-03	9.491393e-01	1.384273e-02	4.584371e-03	9.258356e-03
12            	-2.419180e-03	9.653664e-01	7.313727e-03	1.237683e-03	6.076044e-03
13            	-2.448600e-03	9.729100e-01	-9.225209e-04	-2.909861e-03	1.987340e-03
14            	-2.404791e-03	9.664998e-01	-6.621705e-03	-5.715643e-03	-9.060618e-04
15            	-2.362696e-03	9.578216e-01	-1.014258e-02	-7.433985e-03	-2.708594e-03
16            	-2.343028e-03	9.509661e-01	-1.381019e-02	-9.248122e-03	-4.562067e-03
17            	-2.352417e-03	9.476870e-01	-1.765387e-02	-1.117935e-02	-6.474520e-03
18            	-2.387239e-03	9.480101e-01	-2.067475e-02	-1.272462e-02	-7.950138e-03
19            	-2.438953e-03	9.509619e-01	-2.209678e-02	-1.348734e-02	-8.609437e-03
20            	-2.498634e-03	9.551201e-01	-2.150872e-02	-1.325299e-02	-8.255724e-03
21            	-2.560771e-03	9.598783e-01	-1.953436e-02	-1.232795e-02	-7.206409e-03
22            	-2.621339e-03	9.646979e-01	-1.681146e-02	-1.102707e-02	-5.784393e-03
23            	-2.676996e-03	9.691472e-01	-1.390255e-02	-9.628273e-03	-4.274280e-03
24            	-2.724683e-03	9.729937e-01	-1.129582e-02	-8.372593e-03	-2.923227e-03
25            	-2.762134e-03	9.763373e-01	-9.387601e-03	-7.455935e-03	-1.931666e-03
26            	-2.788016e-03	9.789558e-01	-8.212086e-03	-6.894059e-03	-1.318026e-03
27            	-2.804431e-03	9.812265e-01	-7.570252e-03	-6.589557e-03	-9.806951e-04
28            	-2.815779e-03	9.831145e-01	-7.410988e-03	-6.521273e-03	-8.897146e-04
29            	-2.820773e-03	9.844835e-01	-7.669290e-03	-6.655418e-03	-1.013872e-03
30            	-2.819295e-03	9.852629e-01	-8.269791e-03	-6.954190e-03	-1.315601e-03
31            	-2.812509e-03	9.855426e-01	-9.136800e-03	-7.380909e-03	-1.755891e-03
32            	-2.802556e-03	9.855579e-01	-1.016948e-02	-7.887295e-03	-2.282184e-03
33            	-2.791868e-03	9.855621e-01	-1.123313e-02	-8.408435e-03	-2.824699e-03
34            	-2.782496e-03	9.857865e-01	-1.222377e-02	-8.894383e-03	-3.329391e-03
35            	-2.776481e-03	9.865670e-01	-1.308147e-02	-9.317215e-03	-3.764253e-03
36            	-2.773443e-03	9.877444e-01	-1.377410e-02	-9.660495e-03	-4.113609e-03
37            	-2.773700e-03	9.893783e-01	-1.430543e-02	-9.926417e-03	-4.379017e-03
38            	-2.776813e-03	9.914161e-01	-1.470976e-02	-1.013169e-02	-4.578066e-03
39            	-2.782337e-03	9.938397e-01	-1.503970e-02	-1.030219e-02	-4.737514e-03
40            	-2.789106e-03	9.964845e-01	-1.534169e-02	-1.045995e-02	-4.881741e-03
41            	-2.795653e-03	9.991140e-01	-1.564912e-02	-1.062022e-02	-5.028910e-03
42            	-2.800724e-03	1.001494e+00	-1.596857e-02	-1.078501e-02	-5.183563e-03
43            	-2.803487e-03	1.003451e+00	-1.629007e-02	-1.094852e-02	-5.341549e-03
44            	-2.803642e-03	1.004947e+00	-1.660849e-02	-1.110789e-02	-5.500605e-03
45            	-2.800255e-03	1.005720e+00	-1.686866e-02	-1.123459e-02	-5.634077e-03
46            	-2.794952e-03	1.005996e+00	-1.705183e-02	-1.132087e-02	-5.730964e-03
47            	-2.786936e-03	1.005644e+00	-1.713986e-02	-1.135687e-02	-5.782995e-03
48            	-2.777278e-03	1.004809e+00	-1.709365e-02	-1.132410e-02	-5.769546e-03
49            	-2.766198e-03	1.003499e+00	-1.688519e-02	-1.120879e-02	-5.676398e-03
50            	-2.754524e-03	1.001798e+00	-1.648223e-02	-1.099564e-02	-5.486593e-03
51            	-2.743343e-03	9.998808e-01	-1.589328e-02	-1.068998e-02	-5.203295e-03
52            	-2.733649e-03	9.979925e-01	-1.516203e-02	-1.031467e-02	-4.847368e-03
53            	-2.726171e-03	9.963642e-01	-1.434067e-02	-9.896507e-03	-4.444165e-03
54            	-2.721457e-03	9.951980e-01	-1.347128e-02	-9.457096e-03	-4.014182e-03
55            	-2.719877e-03	9.946310e-01	-1.256925e-02	-9.004503e-03	-3.564749e-03
56            	-2.721788e-03	9.947617e-01	-1.161922e-02	-8.531399e-03	-3.087822e-03
57            	-2.727327e-03	9.956624e-01	-1.063983e-02	-8.047243e-03	-2.592589e-03
58            	-2.736482e-03	9.973732e-01	-9.667634e-03	-7.570299e-03	-2.097335e-03
59            	-2.748809e-03	9.998876e-01	-8.774328e-03	-7.135973e-03	-1.638355e-03
60            	-2.764934e-03	1.003290e+00	-7.991656e-03	-6.760763e-03	-1.230894e-03
61            	-2.782790e-03	1.007249e+00	-7.404692e-03	-6.485136e-03	-9.195560e-04
62            	-2.801097e-03	1.011531e+00	-7.087086e-03	-6.344640e-03	-7.424457e-04
63            	-2.817871e-03	1.015729e+00	-7.066311e-03	-6.351026e-03	-7.152851e-04
64            	-2.830497e-03	1.019321e+00	-7.322871e-03	-6.491933e-03	-8.309385e-04
65            	-2.835830e-03	1.021617e+00	-7.782665e-03	-6.727163e-03	-1.055502e-03
66            	-2.832119e-03	1.022105e+00	-8.334967e-03	-6.999603e-03	-1.335365e-03
67            	-2.819946e-03	1.020682e+00	-8.871214e-03	-7.255553e-03	-1.615661e-03
68            	-2.801855e-03	1.017693e+00	-9.373141e-03	-7.488425e-03	-1.884716e-03
69            	-2.779878e-03	1.013400e+00	-9.811761e-03	-7.685758e-03	-2.126003e-03
70            	-2.756098e-03	1.008155e+00	-1.016841e-02	-7.840301e-03	-2.328105e-03
71            	-2.732269e-03	1.002372e+00	-1.043370e-02	-7.949120e-03	-2.484581e-03
72            	-2.711084e-03	9.967455e-01	-1.060419e-02	-8.013178e-03	-2.591011e-03
73            	-2.693670e-03	9.916389e-01	-1.059747e-02	-7.992407e-03	-2.605067e-03
74            	-2.680820e-03	9.873063e-01	-1.030644e-02	-7.834042e-03	-2.472401e-03
75            	-2.673424e-03	9.839753e-01	-9.616435e-03	-7.481641e-03	-2.134794e-03
76            	-2.671972e-03	9.818957e-01	-8.411924e-03	-6.877934e-03	-1.533990e-03
77            	-2.674210e-03	9.808284e-01	-6.496264e-03	-5.922342e-03	-5.739226e-04
78            	-2.678543e-03	9.806804e-01	-3.730253e-03	-4.543670e-03	8.134165e-04
79            	-2.687305e-03	9.820099e-01	-4.547116e-04	-2.914660e-03	2.459949e-03
80            	-2.705164e-03	9.855013e-01	2.813957e-03	-1.298185e-03	4.112142e-03
81            	-2.735918e-03	9.916325e-01	5.525368e-03	2.676639e-05	5.498602e-03
82            	-2.776894e-03	9.999530e-01	7.186193e-03	8.162027e-04	6.369990e-03
83            	-2.818574e-03	1.008844e+00	7.532710e-03	9.477806e-04	6.584929e-03
84            	-2.854214e-03	1.017109e+00	6.642587e-03	4.670795e-04	6.175507e-03
85            	-2.880799e-03	1.024217e+00	4.794993e-03	-4.833025e-04	5.278295e-03
86            	-2.896409e-03	1.029742e+00	2.178395e-03	-1.807212e-03	3.985607e-03
87            	-2.898145e-03	1.032880e+00	-8.762755e-04	-3.336282e-03	2.460007e-03
88            	-2.886290e-03	1.033345e+00	-3.931493e-03	-4.852037e-03	9.205437e-04
89            	-2.864417e-03	1.031359e+00	-6.566019e-03	-6.147427e-03	-4.185920e-04
90            	-2.834732e-03	1.027079e+00	-8.627161e-03	-7.148312e-03	-1.478849e-03
91            	-2.800162e-03	1.020958e+00	-1.028204e-02	-7.941184e-03	-2.340860e-03
92            	-2.764446e-03	1.013468e+00	-1.168570e-02	-8.607295e-03	-3.078403e-03
93            	-2.731620e-03	1.005474e+00	-1.293644e-02	-9.199842e-03	-3.736601e-03
94            	-2.704008e-03	9.976583e-01	-1.400773e-02	-9.707875e-03	-4.299858e-03
95            	-2.683241e-03	9.906842e-01	-1.479881e-02	-1.008265e-02	-4.716167e-03
96            	-2.668444e-03	9.848058e-01	-1.509844e-02	-1.021766e-02	-4.880774e-03
97            	-2.659591e-03	9.802120e-01	-1.471696e-02	-1.001807e-02	-4.698889e-03
98            	-2.657231e-03	9.771649e-01	-1.352120e-02	-9.417831e-03	-4.103368e-03
99            	-2.658951e-03	9.753718e-01	-1.135300e-02	-8.335452e-03	-3.017550e-03
100           	-2.661759e-03	9.746671e-01	-8.309576e-03	-6.816547e-03	-1.493029e-03
101           	-2.664794e-03	9.749609e-01	-4.805526e-03	-5.067557e-03	2.620311e-04
102           	-2.670796e-03	9.765252e-01	-1.304266e-03	-3.322929e-03	2.018663e-03
103           	-2.690949e-03	9.809394e-01	1.785374e-03	-1.798262e-03	3.583636e-03
104           	-2.728770e-03	9.886635e-01	4.064919e-03	-6.963105e-04	4.761230e-03
105           	-2.776966e-03	9.984633e-01	5.273453e-03	-1.402395e-04	5.413693e-03
106           	-2.823712e-03	1.008624e+00	5.452767e-03	-9.732898e-05	5.550096e-03
107           	-2.861866e-03	1.018063e+00	4.844893e-03	-4.394197e-04	5.284313e-03
108           	-2.883003e-03	1.025050e+00	3.854009e-03	-9.559983e-04	4.810007e-03
109           	-2.888624e-03	1.029439e+00	2.763525e-03	-1.506862e-03	4.270387e-03
110           	-2.881309e-03	1.031170e+00	1.675215e-03	-2.043702e-03	3.718917e-03
111           	-2.865898e-03	1.030685e+00	5.063102e-04	-2.612743e-03	3.119053e-03
112           	-2.844085e-03	1.028206e+00	-8.670813e-04	-3.277626e-03	2.410545e-03
113           	-2.819526e-03	1.024377e+00	-2.581602e-03	-4.110327e-03	1.528724e-03
114           	-2.792759e-03	1.019425e+00	-4.649107e-03	-5.117312e-03	4.682059e-04
115           	-2.765801e-03	1.013807e+00	-7.096550e-03	-6.314075e-03	-7.824744e-04
116           	-2.740788e-03	1.007930e+00	-9.673176e-03	-7.577376e-03	-2.095800e-03
117           	-2.718945e-03	1.002100e+00	-1.201172e-02	-8.724806e-03	-3.286916e-03
118           	-2.700727e-03	9.965240e-01	-1.372629e-02	-9.563873e-03	-4.162419e-03
119           	-2.685982e-03	9.914669e-01	-1.448421e-02	-9.928084e-03	-4.556121e-03
120           	-2.675506e-03	9.872967e-01	-1.410796e-02	-9.729485e-03	-4.378473e-03
121           	-2.668798e-03	9.841118e-01	-1.245972e-02	-8.898659e-03	-3.561062e-03
122           	-2.666188e-03	9.822218e-01	-9.637056e-03	-7.484716e-03	-2.152340e-03
123           	-2.667062e-03	9.815472e-01	-5.905918e-03	-5.620021e-03	-2.858967e-04
124           	-2.671838e-03	9.821339e-01	-1.775072e-03	-3.559374e-03	1.784302e-03
125           	-2.684375e-03	9.845010e-01	2.121455e-03	-1.623647e-03	3.745103e-03
126           	-2.709677e-03	9.895027e-01	5.115539e-03	-1.519070e-04	5.267446e-03
127           	-2.747647e-03	9.971354e-01	6.654975e-03	5.798405e-04	6.075135e-03
128           	-2.791830e-03	1.006429e+00	6.497790e-03	4.570648e-04	6.040725e-03
129           	-2.832314e-03	1.015816e+00	4.930921e-03	-3.668537e-04	5.297775e-03
130           	-2.863756e-03	1.024249e+00	2.507299e-03	-1.610107e-03	4.117405e-03
131           	-2.883196e-03	1.030879e+00	-2.704729e-04	-3.018432e-03	2.747959e-03
132           	-2.890028e-03	1.035392e+00	-3.164369e-03	-4.472212e-03	1.307843e-03
133           	-2.882961e-03	1.037028e+00	-5.792144e-03	-5.779033e-03	-1.311066e-05
134           	-2.863110e-03	1.035612e+00	-7.778304e-03	-6.752262e-03	-1.026042e-03
135           	-2.833384e-03	1.031406e+00	-9.090161e-03	-7.378464e-03	-1.711697e-03
136           	-2.797718e-03	1.025021e+00	-1.007156e-02	-7.833499e-03	-2.238063e-03
137           	-2.760667e-03	1.017107e+00	-1.108320e-02	-8.302268e-03	-2.780934e-03
138           	-2.726691e-03	1.008665e+00	-1.238161e-02	-8.917497e-03	-3.464114e-03
139           	-2.698199e-03	1.000451e+00	-1.395682e-02	-9.676609e-03	-4.280212e-03
140           	-2.676760e-03	9.931549e-01	-1.559276e-02	-1.047314e-02	-5.119621e-03
141           	-2.661484e-03	9.870466e-01	-1.685861e-02	-1.109079e-02	-5.767822e-03
142           	-2.651821e-03	9.822054e-01	-1.733141e-02	-1.131753e-02	-6.013885e-03
143           	-2.647899e-03	9.787538e-01	-1.668634e-02	-1.099107e-02	-5.695269e-03
144           	-2.648171e-03	9.764776e-01	-1.460081e-02	-9.948577e-03	-4.652235e-03
145           	-2.649775e-03	9.751958e-01	-1.096820e-02	-8.133874e-03	-2.834323e-03
146           	-2.650022e-03	9.746113e-01	-6.203981e-03	-5.752012e-03	-4.519687e-04
147           	-2.651869e-03	9.751344e-01	-1.228883e-03	-3.266310e-03	2.037427e-03
148           	-2.664864e-03	9.780010e-01	3.269970e-03	-1.029879e-03	4.299849e-03
149           	-2.695307e-03	9.840774e-01	6.689872e-03	6.496295e-04	6.040243e-03
150           	-2.741358e-03	9.931160e-01	8.543074e-03	1.530179e-03	7.012895e-03
151           	-2.792781e-03	1.003589e+00	8.674562e-03	1.544500e-03	7.130062e-03
152           	-2.839243e-03	1.014036e+00	7.427279e-03	8.743960e-04	6.552882e-03
153           	-2.870735e-03	1.022737e+00	5.469249e-03	-1.361111e-04	5.605360e-03
154           	-2.884023e-03	1.028579e+00	3.397557e-03	-1.185244e-03	4.582802e-03
155           	-2.882939e-03	1.031737e+00	1.448917e-03	-2.158481e-03	3.607397e-03
156           	-2.873091e-03	1.032736e+00	-3.978398e-04	-3.072011e-03	2.674171e-03
157           	-2.854643e-03	1.031407e+00	-2.101370e-03	-3.905328e-03	1.803958e-03
158           	-2.830154e-03	1.028121e+00	-3.706236e-03	-4.683272e-03	9.770363e-04
159           	-2.802338e-03	1.023362e+00	-5.360920e-03	-5.482798e-03	1.218782e-04
160           	-2.773064e-03	1.017542e+00	-7.138192e-03	-6.342160e-03	-7.960319e-04
161           	-2.744966e-03	1.011211e+00	-9.129238e-03	-7.309585e-03	-1.819653e-03
162           	-2.720706e-03	1.004937e+00	-1.115430e-02	-8.297858e-03	-2.856447e-03
163           	-2.700952e-03	9.990473e-01	-1.289296e-02	-9.147433e-03	-3.745530e-03
164           	-2.684405e-03	9.935815e-01	-1.400174e-02	-9.685276e-03	-4.316466e-03
165           	-2.670430e-03	9.887393e-01	-1.420458e-02	-9.772720e-03	-4.431860e-03
166           	-2.660506e-03	9.848920e-01	-1.337324e-02	-9.347124e-03	-4.026113e-03
167           	-2.654891e-03	9.822739e-01	-1.140732e-02	-8.358553e-03	-3.048772e-03
168           	-2.652920e-03	9.808253e-01	-8.457955e-03	-6.881898e-03	-1.576057e-03
169           	-2.654113e-03	9.804603e-01	-4.815213e-03	-5.061719e-03	2.465063e-04
170           	-2.662204e-03	9.817439e-01	-1.079791e-03	-3.202100e-03	2.122308e-03
171           	-2.681573e-03	9.852959e-01	2.224593e-03	-1.569277e-03	3.793869e-03
172           	-2.714813e-03	9.916706e-01	4.549791e-03	-4.399178e-04	4.989709e-03
173           	-2.757963e-03	1.000284e+00	5.533431e-03	8.752155e-06	5.524679e-03
174           	-2.802594e-03	1.009887e+00	5.143840e-03	-2.306737e-04	5.374513e-03
175           	-2.838953e-03	1.018795e+00	3.773218e-03	-9.523441e-04	4.725562e-03
176           	-2.865228e-03	1.026446e+00	1.807893e-03	-1.961281e-03	3.769174e-03
177           	-2.880892e-03	1.032458e+00	-5.581916e-04	-3.159988e-03	2.601797e-03
178           	-2.883220e-03	1.035913e+00	-3.067788e-03	-4.417114e-03	1.349326e-03
179           	-2.873266e-03	1.036644e+00	-5.356419e-03	-5.551475e-03	1.950560e-04
180           	-2.850866e-03	1.034316e+00	-7.159585e-03	-6.430659e-03	-7.289262e-04
181           	-2.818987e-03	1.029312e+00	-8.592115e-03	-7.115044e-03	-1.477071e-03
182           	-2.782000e-03	1.022320e+00	-1.000574e-02	-7.784868e-03	-2.220868e-03
183           	-2.744498e-03	1.014033e+00	-1.162782e-02	-8.558409e-03	-3.069412e-03
184           	-2.711136e-03	1.005542e+00	-1.352345e-02	-9.472859e-03	-4.050587e-03
185           	-2.684086e-03	9.975805e-01	-1.554690e-02	-1.045753e-02	-5.089361e-03
186           	-2.664790e-03	9.907771e-01	-1.740236e-02	-1.136597e-02	-6.036389e-03
187           	-2.651903e-03	9.852692e-01	-1.862394e-02	-1.196387e-02	-6.660069e-03
188           	-2.644500e-03	9.810312e-01	-1.880089e-02	-1.204495e-02	-6.755946e-03
189           	-2.642881e-03	9.782024e-01	-1.760216e-02	-1.144396e-02	-6.158199e-03
190           	-2.644491e-03	9.764759e-01	-1.471024e-02	-9.999610e-03	-4.710629e-03
191           	-2.645766e-03	9.755595e-01	-1.013559e-02	-7.713560e-03	-2.422027e-03
192           	-2.644303e-03	9.751540e-01	-4.579443e-03	-4.934025e-03	3.545812e-04
193           	-2.648050e-03	9.762589e-01	9.603060e-04	-2.167897e-03	3.128203e-03
194           	-2.667996e-03	9.804114e-01	5.572068e-03	1.180381e-04	5.454030e-03
195           	-2.706351e-03	9.879543e-01	8.572973e-03	1.580135e-03	6.992838e-03
196           	-2.755110e-03	9.976104e-01	9.588964e-03	2.039373e-03	7.549592e-03
197           	-2.804360e-03	1.007990e+00	8.745589e-03	1.568435e-03	7.177154e-03
198           	-2.844270e-03	1.017670e+00	6.657175e-03	4.843177e-04	6.172857e-03
199           	-2.868968e-03	1.025417e+00	4.069362e-03	-8.342872e-04	4.903649e-03
200           	-2.876805e-03	1.030278e+00	1.652986e-03	-2.050312e-03	3.703298e-03
201           	-2.872051e-03	1.032588e+00	-4.371138e-04	-3.090607e-03	2.653494e-03
202           	-2.859377e-03	1.032762e+00	-2.204130e-03	-3.961442e-03	1.757312e-03
203           	-2.838789e-03	1.030721e+00	-3.612566e-03	-4.645071e-03	1.032506e-03
204           	-2.813125e-03	1.026875e+00	-4.815328e-03	-5.220789e-03	4.054615e-04
205           	-2.783849e-03	1.021542e+00	-5.992138e-03	-5.779917e-03	-2.122203e-04
206           	-2.754620e-03	1.015431e+00	-7.370955e-03	-6.440097e-03	-9.308581e-04
207           	-2.728319e-03	1.009135e+00	-8.954687e-03	-7.205663e-03	-1.749024e-03
208           	-2.706166e-03	1.003060e+00	-1.054417e-02	-7.978252e-03	-2.565919e-03
209           	-2.687761e-03	9.974253e-01	-1.183850e-02	-8.607011e-03	-3.231489e-03
210           	-2.671778e-03	9.922374e-01	-1.253123e-02	-8.937393e-03	-3.593838e-03
211           	-2.659780e-03	9.879942e-01	-1.244778e-02	-8.883668e-03	-3.564108e-03
212           	-2.651117e-03	9.846984e-01	-1.143388e-02	-8.368057e-03	-3.065822e-03
213           	-2.647002e-03	9.827211e-01	-9.464076e-03	-7.379040e-03	-2.085036e-03
214           	-2.646942e-03	9.819421e-01	-6.708659e-03	-6.001272e-03	-7.073871e-04
215           	-2.652155e-03	9.825286e-01	-3.555833e-03	-4.430071e-03	8.742385e-04
216           	-2.666401e-03	9.850508e-01	-5.549889e-04	-2.943895e-03	2.388906e-03
217           	-2.692661e-03	9.899750e-01	1.870899e-03	-1.757211e-03	3.628110e-03
218           	-2.729869e-03	9.972931e-01	3.301664e-03	-1.079037e-03	4.380701e-03
219           	-2.772141e-03	1.006087e+00	3.544641e-03	-9.998206e-04	4.544462e-03
220           	-2.811861e-03	1.015128e+00	2.700674e-03	-1.461524e-03	4.162198e-03
221           	-2.842792e-03	1.023266e+00	1.126581e-03	-2.279501e-03	3.406083e-03
222           	-2.862547e-03	1.029786e+00	-8.567922e-04	-3.290943e-03	2.434151e-03
223           	-2.869411e-03	1.033969e+00	-2.958361e-03	-4.348592e-03	1.390230e-03
224           	-2.863974e-03	1.035616e+00	-4.962955e-03	-5.345451e-03	3.824960e-04
225           	-2.848446e-03	1.034744e+00	-6.679395e-03	-6.188143e-03	-4.912515e-04
226           	-2.823771e-03	1.031353e+00	-8.068730e-03	-6.858136e-03	-1.210594e-03
227           	-2.792344e-03	1.025812e+00	-9.323698e-03	-7.454194e-03	-1.869505e-03
228           	-2.757591e-03	1.018628e+00	-1.060264e-02	-8.058912e-03	-2.543731e-03
229           	-2.723005e-03	1.010520e+00	-1.200237e-02	-8.724191e-03	-3.278180e-03
230           	-2.692340e-03	1.002447e+00	-1.350551e-02	-9.445096e-03	-4.060417e-03
231           	-2.668161e-03	9.951666e-01	-1.497036e-02	-1.015334e-02	-4.817017e-03
232           	-2.650482e-03	9.890292e-01	-1.608591e-02	-1.069344e-02	-5.392474e-03
233           	-2.638855e-03	9.841161e-01	-1.650557e-02	-1.089164e-02	-5.613932e-03
234           	-2.633350e-03	9.805856e-01	-1.590424e-02	-1.058547e-02	-5.318769e-03
235           	-2.632162e-03	9.783113e-01	-1.398217e-02	-9.623246e-03	-4.358921e-03
236           	-2.633592e-03	9.772775e-01	-1.067936e-02	-7.973272e-03	-2.706088e-03
237           	-2.636982e-03	9.774180e-01	-6.382383e-03	-5.828174e-03	-5.542095e-04
238           	-2.645599e-03	9.791398e-01	-1.901696e-03	-3.596447e-03	1.694752e-03
239           	-2.665884e-03	9.832671e-01	2.068539e-03	-1.631614e-03	3.700153e-03
240           	-2.700299e-03	9.901964e-01	4.806691e-03	-2.969531e-04	5.103644e-03
241           	-2.743013e-03	9.989121e-01	5.877901e-03	1.959375e-04	5.681963e-03
242           	-2.786046e-03	1.008233e+00	5.312985e-03	-1.295531e-04	5.442538e-03
243           	-2.823290e-03	1.017318e+00	3.533321e-03	-1.056629e-03	4.589951e-03
244           	-2.848027e-03	1.024850e+00	1.214515e-03	-2.240770e-03	3.455285e-03
245           	-2.859152e-03	1.030100e+00	-1.041543e-03	-3.379924e-03	2.338381e-03
246           	-2.858948e-03	1.033095e+00	-2.927868e-03	-4.322882e-03	1.395014e-03
247           	-2.851037e-03	1.034043e+00	-4.275692e-03	-4.988883e-03	7.131911e-04
248           	-2.835279e-03	1.032819e+00	-5.119273e-03	-5.394916e-03	2.756426e-04
249           	-2.813349e-03	1.029749e+00	-5.651921e-03	-5.639310e-03	-1.261098e-05
250           	-2.787468e-03	1.025243e+00	-6.114075e-03	-5.844505e-03	-2.695698e-04
251           	-2.760457e-03	1.019793e+00	-6.742682e-03	-6.131798e-03	-6.108839e-04
252           	-2.734687e-03	1.013956e+00	-7.610472e-03	-6.539923e-03	-1.070549e-03
253           	-2.710990e-03	1.008060e+00	-8.600788e-03	-7.011384e-03	-1.589404e-03
254           	-2.689600e-03	1.002369e+00	-9.493999e-03	-7.436600e-03	-2.057399e-03
255           	-2.670706e-03	9.970881e-01	-1.003618e-02	-7.688797e-03	-2.347384e-03
256           	-2.655723e-03	9.925440e-01	-1.003287e-02	-7.672160e-03	-2.360714e-03
257           	-2.645075e-03	9.890011e-01	-9.332626e-03	-7.311388e-03	-2.021238e-03
258           	-2.639529e-03	9.867782e-01	-7.932460e-03	-6.605759e-03	-1.326702e-03
259           	-2.638664e-03	9.857842e-01	-5.958559e-03	-5.617944e-03	-3.406151e-04
260           	-2.644653e-03	9.863467e-01	-3.697396e-03	-4.493351e-03	7.959546e-04
261           	-2.658126e-03	9.885204e-01	-1.556300e-03	-3.436276e-03	1.879976e-03
262           	-2.681433e-03	9.927594e-01	2.020848e-05	-2.671329e-03	2.691537e-03
263           	-2.713343e-03	9.989455e-01	6.959224e-04	-2.365382e-03	3.061304e-03
264           	-2.749087e-03	1.006324e+00	3.506021e-04	-2.573786e-03	2.924388e-03
265           	-2.783394e-03	1.014046e+00	-8.752693e-04	-3.221028e-03	2.345759e-03
266           	-2.811618e-03	1.021261e+00	-2.623382e-03	-4.123309e-03	1.499927e-03
267           	-2.831278e-03	1.027307e+00	-4.550568e-03	-5.106561e-03	5.559937e-04
268           	-2.840867e-03	1.031700e+00	-6.366077e-03	-6.023906e-03	-3.421714e-04
269           	-2.838901e-03	1.033694e+00	-7.715643e-03	-6.696723e-03	-1.018920e-03
270           	-2.827920e-03	1.033566e+00	-8.509755e-03	-7.082797e-03	-1.426958e-03
271           	-2.810474e-03	1.031715e+00	-8.818207e-03	-7.219578e-03	-1.598630e-03
272           	-2.787892e-03	1.028230e+00	-8.781794e-03	-7.178789e-03	-1.603005e-03
273           	-2.761656e-03	1.023345e+00	-8.581665e-03	-7.052489e-03	-1.529176e-03
274           	-2.734552e-03	1.017674e+00	-8.412839e-03	-6.940971e-03	-1.471868e-03
275           	-2.708844e-03	1.011750e+00	-8.393857e-03	-6.905772e-03	-1.488085e-03
276           	-2.686228e-03	1.006052e+00	-8.525848e-03	-6.949152e-03	-1.576696e-03
277           	-2.668591e-03	1.001067e+00	-8.720117e-03	-7.028650e-03	-1.691467e-03
278           	-2.655095e-03	9.967928e-01	-8.743662e-03	-7.026926e-03	-1.716736e-03
279           	-2.645524e-03	9.933983e-01	-8.385548e-03	-6.838298e-03	-1.547250e-03
280           	-2.640696e-03	9.912543e-01	-7.566392e-03	-6.423892e-03	-1.142500e-03
281           	-2.640619e-03	9.903984e-01	-6.291807e-03	-5.786522e-03	-5.052848e-04
282           	-2.647026e-03	9.911066e-01	-4.739647e-03	-5.016849e-03	2.772023e-04
283           	-2.660586e-03	9.934473e-01	-3.185633e-03	-4.253403e-03	1.067770e-03
284           	-2.680189e-03	9.971909e-01	-1.995885e-03	-3.678131e-03	1.682246e-03
285           	-2.704490e-03	1.002092e+00	-1.441968e-03	-3.425474e-03	1.983506e-03
286           	-2.730144e-03	1.007510e+00	-1.629374e-03	-3.544831e-03	1.915457e-03
287           	-2.753705e-03	1.012847e+00	-2.471739e-03	-3.989574e-03	1.517835e-03
288           	-2.773709e-03	1.017863e+00	-3.819347e-03	-4.683382e-03	8.640353e-04
289           	-2.788481e-03	1.022203e+00	-5.470910e-03	-5.523936e-03	5.302603e-05
290           	-2.796659e-03	1.025534e+00	-7.203687e-03	-6.398502e-03	-8.051849e-04
291           	-2.796723e-03	1.027239e+00	-8.647819e-03	-7.120632e-03	-1.527187e-03
292           	-2.790398e-03	1.027525e+00	-9.654415e-03	-7.617605e-03	-2.036810e-03
293           	-2.780902e-03	1.026931e+00	-1.022381e-02	-7.892808e-03	-2.331005e-03
294           	-2.768614e-03	1.025404e+00	-1.033556e-02	-7.936395e-03	-2.399167e-03
295           	-2.754073e-03	1.023029e+00	-1.002206e-02	-7.765104e-03	-2.256959e-03
296           	-2.738430e-03	1.020054e+00	-9.379431e-03	-7.428146e-03	-1.951286e-03
297           	-2.723144e-03	1.016827e+00	-8.544546e-03	-6.995417e-03	-1.549128e-03
298           	-2.709528e-03	1.013683e+00	-7.672752e-03	-6.545904e-03	-1.126848e-03
299           	-2.698064e-03	1.010838e+00	-6.857248e-03	-6.126688e-03	-7.305595e-04
300           	-2.688841e-03	1.008400e+00	-6.137461e-03	-5.757572e-03	-3.798895e-04
301           	-2.682094e-03	1.006487e+00	-5.534652e-03	-5.449420e-03	-8.523199e-05
302           	-2.677393e-03	1.005009e+00	-5.015475e-03	-5.185131e-03	1.696556e-04
303           	-2.675452e-03	1.004121e+00	-4.606764e-03	-4.978834e-03	3.720703e-04
304           	-2.677050e-03	1.003994e+00	-4.404157e-03	-4.879128e-03	4.749711e-04
305           	-2.682113e-03	1.004634e+00	-4.515977e-03	-4.940102e-03	4.241243e-04
306           	-2.690496e-03	1.006021e+00	-5.016244e-03	-5.198618e-03	1.823738e-04
307           	-2.701059e-03	1.007964e+00	-5.889969e-03	-5.646044e-03	-2.439256e-04
308           	-2.711864e-03	1.010097e+00	-7.049684e-03	-6.236706e-03	-8.129784e-04
309           	-2.721573e-03	1.012180e+00	-8.363334e-03	-6.903240e-03	-1.460094e-03
310           	-2.729423e-03	1.014061e+00	-9.696499e-03	-7.577673e-03	-2.118827e-03
311           	-2.735088e-03	1.015622e+00	-1.090280e-02	-8.186488e-03	-2.716312e-03
312           	-2.738856e-03	1.016959e+00	-1.200934e-02	-8.743528e-03	-3.265816e-03
313           	-2.740696e-03	1.018083e+00	-1.304740e-02	-9.264397e-03	-3.783006e-03
314           	-2.740359e-03	1.018891e+00	-1.396498e-02	-9.722851e-03	-4.242132e-03
315           	-2.737990e-03	1.019297e+00	-1.465517e-02	-1.006558e-02	-4.589597e-03
316           	-2.733878e-03	1.019216e+00	-1.503660e-02	-1.025218e-02	-4.784422e-03
317           	-2.727845e-03	1.018609e+00	-1.512264e-02	-1.028917e-02	-4.833477e-03
318           	-2.720525e-03	1.017598e+00	-1.494923e-02	-1.019514e-02	-4.754090e-03
319           	-2.713117e-03	1.016432e+00	-1.456084e-02	-9.993537e-03	-4.567302e-03
320           	-2.706437e-03	1.015270e+00	-1.399912e-02	-9.705998e-03	-4.293123e-03
321           	-2.700925e-03	1.014224e+00	-1.332687e-02	-9.364363e-03	-3.962512e-03
322           	-2.696738e-03	1.013354e+00	-1.259480e-02	-8.994137e-03	-3.600661e-03
323           	-2.693930e-03	1.012696e+00	-1.187912e-02	-8.633490e-03	-3.245630e-03
324           	-2.692301e-03	1.012212e+00	-1.118691e-02	-8.285758e-03	-2.901156e-03
325           	-2.691814e-03	1.011883e+00	-1.054202e-02	-7.962822e-03	-2.579194e-03
326           	-2.692489e-03	1.011717e+00	-1.001531e-02	-7.700142e-03	-2.315164e-03
327           	-2.694120e-03	1.011730e+00	-9.757765e-03	-7.573003e-03	-2.184763e-03
328           	-2.696244e-03	1.011911e+00	-9.897374e-03	-7.644931e-03	-2.252443e-03
329           	-2.698763e-03	1.012256e+00	-1.046660e-02	-7.932065e-03	-2.534540e-03
330           	-2.701321e-03	1.012686e+00	-1.140265e-02	-8.402646e-03	-3.000005e-03
331           	-2.703513e-03	1.013116e+00	-1.259778e-02	-9.002403e-03	-3.595377e-03
332           	-2.705123e-03	1.013499e+00	-1.393051e-02	-9.670380e-03	-4.260134e-03
333           	-2.706096e-03	1.013814e+00	-1.529044e-02	-1.035132e-02	-4.939124e-03
334           	-2.706572e-03	1.014048e+00	-1.654021e-02	-1.097667e-02	-5.563531e-03
335           	-2.706451e-03	1.014217e+00	-1.769410e-02	-1.155350e-02	-6.140601e-03
336           	-2.705717e-03	1.014341e+00	-1.878452e-02	-1.209798e-02	-6.686542e-03
337           	-2.704286e-03	1.014437e+00	-1.985441e-02	-1.263149e-02	-7.222919e-03
338           	-2.702104e-03	1.014470e+00	-2.085657e-02	-1.313039e-02	-7.726180e-03
339           	-2.699419e-03	1.014424e+00	-2.169494e-02	-1.354689e-02	-8.148051e-03
340           	-2.696546e-03	1.014284e+00	-2.230559e-02	-1.384934e-02	-8.456250e-03
341           	-2.693521e-03	1.014054e+00	-2.272773e-02	-1.405738e-02	-8.670342e-03
342           	-2.690536e-03	1.013775e+00	-2.300442e-02	-1.419274e-02	-8.811672e-03
343           	-2.687840e-03	1.013499e+00	-2.317653e-02	-1.427610e-02	-8.900423e-03
344           	-2.685664e-03	1.013265e+00	-2.325983e-02	-1.431558e-02	-8.944248e-03
345           	-2.684007e-03	1.013078e+00	-2.327633e-02	-1.432217e-02	-8.954161e-03
346           	-2.682857e-03	1.012943e+00	-2.323446e-02	-1.430009e-02	-8.934374e-03
347           	-2.682222e-03	1.012860e+00	-2.315217e-02	-1.425831e-02	-8.893862e-03
348           	-2.681994e-03	1.012818e+00	-2.303090e-02	-1.419744e-02	-8.833454e-03
349           	-2.682129e-03	1.012816e+00	-2.287992e-02	-1.412209e-02	-8.757830e-03
350           	-2.682611e-03	1.012848e+00	-2.271445e-02	-1.403984e-02	-8.674612e-03
351           	-2.683389e-03	1.012907e+00	-2.256141e-02	-1.396409e-02	-8.597315e-03
352           	-2.684299e-03	1.012973e+00	-2.246527e-02	-1.391693e-02	-8.548336e-03
353           	-2.685128e-03	1.013027e+00	-2.247356e-02	-1.392191e-02	-8.551653e-03
354           	-2.685762e-03	1.013059e+00	-2.261123e-02	-1.399137e-02	-8.619851e-03
355           	-2.686144e-03	1.013070e+00	-2.288792e-02	-1.413011e-02	-8.757818e-03
356           	-2.686404e-03	1.013076e+00	-2.329033e-02	-1.433157e-02	-8.958760e-03
357           	-2.686605e-03	1.013073e+00	-2.377402e-02	-1.457361e-02	-9.200403e-03
358           	-2.686621e-03	1.013053e+00	-2.431233e-02	-1.484279e-02	-9.469543e-03
359           	-2.686488e-03	1.013021e+00	-2.487798e-02	-1.512548e-02	-9.752500e-03
360           	-2.686263e-03	1.012984e+00	-2.544723e-02	-1.540988e-02	-1.003735e-02
361           	-2.685981e-03	1.012948e+00	-2.600094e-02	-1.568645e-02	-1.031449e-02
362           	-2.685661e-03	1.012914e+00	-2.652437e-02	-1.594785e-02	-1.057652e-02
363           	-2.685298e-03	1.012881e+00	-2.700637e-02	-1.618849e-02	-1.081789e-02
364           	-2.684828e-03	1.012845e+00	-2.745018e-02	-1.640992e-02	-1.104026e-02
365           	-2.684345e-03	1.012808e+00	-2.783542e-02	-1.660206e-02	-1.123337e-02
366           	-2.683846e-03	1.012762e+00	-2.815237e-02	-1.676003e-02	-1.139234e-02
367           	-2.683351e-03	1.012707e+00	-2.839937e-02	-1.688304e-02	-1.151634e-02
368           	-2.682893e-03	1.012647e+00	-2.858076e-02	-1.697327e-02	-1.160748e-02
369           	-2.682507e-03	1.012587e+00	-2.870460e-02	-1.703481e-02	-1.166979e-02
370           	-2.682236e-03	1.012535e+00	-2.878087e-02	-1.707267e-02	-1.170820e-02
371           	-2.682104e-03	1.012494e+00	-2.881853e-02	-1.709137e-02	-1.172716e-02
372           	-2.682110e-03	1.012465e+00	-2.882434e-02	-1.709428e-02	-1.173006e-02
373           	-2.682245e-03	1.012447e+00	-2.880314e-02	-1.708382e-02	-1.171933e-02
374           	-2.682497e-03	1.012438e+00	-2.875886e-02	-1.706192e-02	-1.169693e-02
375           	-2.682844e-03	1.012433e+00	-2.869429e-02	-1.702999e-02	-1.166430e-02
376           	-2.683264e-03	1.012430e+00	-2.861220e-02	-1.698937e-02	-1.162284e-02
377           	-2.683729e-03	1.012424e+00	-2.851480e-02	-1.694113e-02	-1.157367e-02
378           	-2.684219e-03	1.012412e+00	-2.840443e-02	-1.688643e-02	-1.151800e-02
379           	-2.684717e-03	1.012390e+00	-2.828273e-02	-1.682608e-02	-1.145665e-02
380           	-2.685208e-03	1.012359e+00	-2.815035e-02	-1.676038e-02	-1.138997e-02
381           	-2.685697e-03	1.012318e+00	-2.800806e-02	-1.668973e-02	-1.131833e-02
382           	-2.686181e-03	1.012266e+00	-2.785542e-02	-1.661389e-02	-1.124153e-02
383           	-2.686667e-03	1.012207e+00	-2.769167e-02	-1.653250e-02	-1.115917e-02
384           	-2.687172e-03	1.012141e+00	-2.751691e-02	-1.644563e-02	-1.107128e-02
385           	-2.687681e-03	1.012069e+00	-2.732925e-02	-1.635231e-02	-1.097694e-02
386           	-2.688198e-03	1.011991e+00	-2.712844e-02	-1.625242e-02	-1.087602e-02
387           	-2.688727e-03	1.011907e+00	-2.691352e-02	-1.614549e-02	-1.076803e-02
388           	-2.689258e-03	1.011819e+00	-2.668385e-02	-1.603118e-02	-1.065267e-02
389           	-2.689787e-03	1.011726e+00	-2.643903e-02	-1.590930e-02	-1.052973e-02
390           	-2.690308e-03	1.011626e+00	-2.617899e-02	-1.577980e-02	-1.039919e-02
391           	-2.690822e-03	1.011522e+00	-2.590385e-02	-1.564275e-02	-1.026111e-02
392           	-2.691327e-03	1.011412e+00	-2.561442e-02	-1.549854e-02	-1.011588e-02
393           	-2.691871e-03	1.011304e+00	-2.530986e-02	-1.534680e-02	-9.963058e-03
394           	-2.692390e-03	1.011188e+00	-2.498611e-02	-1.518545e-02	-9.800668e-03
395           	-2.692886e-03	1.011064e+00	-2.464398e-02	-1.501488e-02	-9.629103e-03
396           	-2.693360e-03	1.010932e+00	-2.428613e-02	-1.483643e-02	-9.449705e-03
397           	-2.693820e-03	1.010795e+00	-2.391575e-02	-1.465170e-02	-9.264058e-03
398           	-2.694265e-03	1.010654e+00	-2.353600e-02	-1.446226e-02	-9.073735e-03
399           	-2.694702e-03	1.010509e+00	-2.315028e-02	-1.426984e-02	-8.880439e-03
400           	-2.695131e-03	1.010363e+00	-2.276202e-02	-1.407614e-02	-8.685877e-03
401           	-2.695543e-03	1.010214e+00	-2.237364e-02	-1.388236e-02	-8.491275e-03
402           	-2.695944e-03	1.010063e+00	-2.198928e-02	-1.369059e-02	-8.298697e-03
403           	-2.696337e-03	1.009910e+00	-2.161269e-02	-1.350268e-02	-8.110007e-03
404           	-2.696722e-03	1.009757e+00	-2.124717e-02	-1.332031e-02	-7.926863e-03
405           	-2.697100e-03	1.009603e+00	-2.089551e-02	-1.314486e-02	-7.750657e-03
406           	-2.697468e-03	1.009448e+00	-2.055911e-02	-1.297702e-02	-7.582089e-03
407           	-2.697830e-03	1.009294e+00	-2.024099e-02	-1.281832e-02	-7.422664e-03
408           	-2.698188e-03	1.009142e+00	-1.994130e-02	-1.266884e-02	-7.272462e-03
409           	-2.698548e-03	1.008994e+00	-1.966000e-02	-1.252855e-02	-7.131454e-03
410           	-2.698912e-03	1.008850e+00	-1.939636e-02	-1.239709e-02	-6.999266e-03
411           	-2.699272e-03	1.008699e+00	-1.913777e-02	-1.226816e-02	-6.869614e-03
412           	-2.699658e-03	1.008552e+00	-1.889228e-02	-1.214580e-02	-6.746484e-03
413           	-2.700066e-03	1.008416e+00	-1.866218e-02	-1.203115e-02	-6.631023e-03
414           	-2.700483e-03	1.008289e+00	-1.844640e-02	-1.192368e-02	-6.522717e-03
415           	-2.700906e-03	1.008172e+00	-1.824393e-02	-1.182287e-02	-6.421057e-03
416           	-2.701332e-03	1.008062e+00	-1.805393e-02	-1.172830e-02	-6.325631e-03
417           	-2.701759e-03	1.007960e+00	-1.787625e-02	-1.163989e-02	-6.236368e-03
418           	-2.702182e-03	1.007865e+00	-1.771112e-02	-1.155774e-02	-6.153376e-03
419           	-2.702600e-03	1.007776e+00	-1.755935e-02	-1.148227e-02	-6.077073e-03
420           	-2.703009e-03	1.007694e+00	-1.742196e-02	-1.141399e-02	-6.007973e-03
421           	-2.703406e-03	1.007618e+00	-1.729995e-02	-1.135338e-02	-5.946566e-03
422           	-2.703785e-03	1.007549e+00	-1.719396e-02	-1.130077e-02	-5.893195e-03
423           	-2.704141e-03	1.007485e+00	-1.710439e-02	-1.125634e-02	-5.848054e-03
424           	-2.704469e-03	1.007427e+00	-1.703138e-02	-1.122016e-02	-5.811219e-03
425           	-2.704767e-03	1.007375e+00	-1.697466e-02	-1.119210e-02	-5.782565e-03
426           	-2.705030e-03	1.007328e+00	-1.693350e-02	-1.117178e-02	-5.761722e-03
427           	-2.705251e-03	1.007286e+00	-1.690691e-02	-1.115871e-02	-5.748203e-03
428           	-2.705429e-03	1.007248e+00	-1.689387e-02	-1.115237e-02	-5.741508e-03
429           	-2.705558e-03	1.007214e+00	-1.689321e-02	-1.115216e-02	-5.741045e-03
430           	-2.705641e-03	1.007184e+00	-1.690408e-02	-1.115768e-02	-5.746399e-03
431           	-2.705675e-03	1.007158e+00	-1.692553e-02	-1.116844e-02	-5.757092e-03
432           	-2.705665e-03	1.007135e+00	-1.695740e-02	-1.118437e-02	-5.773036e-03
433           	-2.705615e-03	1.007116e+00	-1.699934e-02	-1.120528e-02	-5.794054e-03
434           	-2.705518e-03	1.007100e+00	-1.705125e-02	-1.123114e-02	-5.820105e-03
435           	-2.705377e-03	1.007087e+00	-1.711319e-02	-1.126197e-02	-5.851220e-03
436           	-2.705191e-03	1.007076e+00	-1.718553e-02	-1.129795e-02	-5.887572e-03
437           	-2.704961e-03	1.007069e+00	-1.726815e-02	-1.133904e-02	-5.929116e-03
438           	-2.704685e-03	1.007064e+00	-1.736103e-02	-1.138520e-02	-5.975831e-03
439           	-2.704363e-03	1.007062e+00	-1.746382e-02	-1.143627e-02	-6.027550e-03
440           	-2.703997e-03	1.007064e+00	-1.757624e-02	-1.149212e-02	-6.084122e-03
441           	-2.703588e-03	1.007068e+00	-1.769767e-02	-1.155242e-02	-6.145247e-03
442           	-2.703138e-03	1.007075e+00	-1.782745e-02	-1.161686e-02	-6.210588e-03
443           	-2.702647e-03	1.007085e+00	-1.796482e-02	-1.168506e-02	-6.279763e-03
444           	-2.702118e-03	1.007099e+00	-1.810909e-02	-1.175666e-02	-6.352426e-03
445           	-2.701555e-03	1.007116e+00	-1.825985e-02	-1.183148e-02	-6.428368e-03
446           	-2.700956e-03	1.007137e+00	-1.841621e-02	-1.190906e-02	-6.507147e-03
447           	-2.700323e-03	1.007160e+00	-1.857756e-02	-1.198910e-02	-6.588456e-03
448           	-2.699649e-03	1.007180e+00	-1.873650e-02	-1.206790e-02	-6.668600e-03
449           	-2.698943e-03	1.007208e+00	-1.890441e-02	-1.215115e-02	-6.753262e-03
450           	-2.698224e-03	1.007242e+00	-1.907833e-02	-1.223739e-02	-6.840940e-03
451           	-2.697476e-03	1.007274e+00	-1.924877e-02	-1.232186e-02	-6.926908e-03
452           	-2.696695e-03	1.007306e+00	-1.941997e-02	-1.240668e-02	-7.013290e-03
453           	-2.695903e-03	1.007351e+00	-1.960143e-02	-1.249662e-02	-7.104813e-03
454           	-2.695092e-03	1.007394e+00	-1.978072e-02	-1.258545e-02	-7.195268e-03
455           	-2.694252e-03	1.007438e+00	-1.996091e-02	-1.267471e-02	-7.286205e-03
456           	-2.693393e-03	1.007484e+00	-2.014367e-02	-1.276523e-02	-7.378441e-03
457           	-2.692518e-03	1.007534e+00	-2.032976e-02	-1.285740e-02	-7.472362e-03
458           	-2.691628e-03	1.007589e+00	-2.051973e-02	-1.295149e-02	-7.568235e-03
459           	-2.690723e-03	1.007647e+00	-2.071374e-02	-1.304759e-02	-7.666147e-03
460           	-2.689802e-03	1.007708e+00	-2.091150e-02	-1.314555e-02	-7.765949e-03
461           	-2.688862e-03	1.007772e+00	-2.111205e-02	-1.324489e-02	-7.867162e-03
462           	-2.687904e-03	1.007837e+00	-2.131453e-02	-1.334517e-02	-7.969363e-03
463           	-2.686928e-03	1.007905e+00	-2.151822e-02	-1.344604e-02	-8.072180e-03
464           	-2.685938e-03	1.007974e+00	-2.172218e-02	-1.354703e-02	-8.175152e-03
465           	-2.684935e-03	1.008045e+00	-2.192515e-02	-1.364751e-02	-8.277642e-03
466           	-2.683922e-03	1.008117e+00	-2.212625e-02	-1.374705e-02	-8.379205e-03
467           	-2.682900e-03	1.008190e+00	-2.232527e-02	-1.384554e-02	-8.479737e-03
468           	-2.681870e-03	1.008266e+00	-2.252178e-02	-1.394276e-02	-8.579018e-03
469           	-2.680833e-03	1.008342e+00	-2.271576e-02	-1.403871e-02	-8.677046e-03
470           	-2.679789e-03	1.008419e+00	-2.290760e-02	-1.413359e-02	-8.774010e-03
471           	-2.678739e-03	1.008497e+00	-2.309810e-02	-1.422779e-02	-8.870311e-03
472           	-2.677684e-03	1.008576e+00	-2.328836e-02	-1.432186e-02	-8.966493e-03
473           	-2.676631e-03	1.008657e+00	-2.347913e-02	-1.441620e-02	-9.062936e-03
474           	-2.675575e-03	1.008738e+00	-2.367066e-02	-1.451091e-02	-9.159756e-03
475           	-2.674519e-03	1.008820e+00	-2.386324e-02	-1.460614e-02	-9.257103e-03
476           	-2.673463e-03	1.008902e+00	-2.405725e-02	-1.470209e-02	-9.355164e-03
477           	-2.672404e-03	1.008984e+00	-2.425208e-02	-1.479845e-02	-9.453638e-03
478           	-2.671345e-03	1.009066e+00	-2.444764e-02	-1.489517e-02	-9.552477e-03
479           	-2.670290e-03	1.009150e+00	-2.464328e-02	-1.499193e-02	-9.651352e-03
480           	-2.669236e-03	1.009233e+00	-2.483786e-02	-1.508817e-02	-9.749696e-03
481           	-2.668186e-03	1.009317e+00	-2.503075e-02	-1.518356e-02	-9.847190e-03
482           	-2.667141e-03	1.009402e+00	-2.522118e-02	-1.527773e-02	-9.943448e-03
483           	-2.666103e-03	1.009486e+00	-2.540855e-02	-1.537038e-02	-1.003817e-02
484           	-2.665075e-03	1.009571e+00	-2.559289e-02	-1.546152e-02	-1.013137e-02
485           	-2.664056e-03	1.009657e+00	-2.577398e-02	-1.555105e-02	-1.022293e-02
486           	-2.663052e-03	1.009743e+00	-2.595236e-02	-1.563923e-02	-1.031313e-02
487           	-2.662057e-03	1.009829e+00	-2.612831e-02	-1.572621e-02	-1.040210e-02
488           	-2.661094e-03	1.009930e+00	-2.631077e-02	-1.581648e-02	-1.049429e-02
489           	-2.660109e-03	1.010019e+00	-2.648659e-02	-1.590340e-02	-1.058319e-02
490           	-2.659142e-03	1.010116e+00	-2.666777e-02	-1.599303e-02	-1.067474e-02
491           	-2.658175e-03	1.010213e+00	-2.685058e-02	-1.608347e-02	-1.076712e-02
492           	-2.657198e-03	1.010306e+00	-2.703333e-02	-1.617386e-02	-1.085947e-02
493           	-2.656217e-03	1.010397e+00	-2.721580e-02	-1.626412e-02	-1.095168e-02
494           	-2.655233e-03	1.010485e+00	-2.739710e-02	-1.635379e-02	-1.104332e-02
495           	-2.654250e-03	1.010570e+00	-2.757668e-02	-1.644259e-02	-1.113409e-02
496           	-2.653222e-03	1.010650e+00	-2.775443e-02	-1.653044e-02	-1.122399e-02
497           	-2.652261e-03	1.010737e+00	-2.793277e-02	-1.661865e-02	-1.131413e-02
498           	-2.651321e-03	1.010825e+00	-2.810689e-02	-1.670477e-02	-1.140213e-02
499           	-2.650335e-03	1.010908e+00	-2.827589e-02	-1.678828e-02	-1.148761e-02
500           	-2.649414e-03	1.010998e+00	-2.844316e-02	-1.687099e-02	-1.157216e-02
501           	-2.648456e-03	1.011083e+00	-2.860431e-02	-1.695061e-02	-1.165370e-02
502           	-2.647566e-03	1.011173e+00	-2.876288e-02	-1.702901e-02	-1.173388e-02
503           	-2.646636e-03	1.011259e+00	-2.891496e-02	-1.710411e-02	-1.181084e-02
504           	-2.645768e-03	1.011349e+00	-2.906462e-02	-1.717808e-02	-1.188654e-02
505           	-2.644856e-03	1.011433e+00	-2.920825e-02	-1.724898e-02	-1.195927e-02
506           	-2.643953e-03	1.011516e+00	-2.935055e-02	-1.731923e-02	-1.203132e-02
507           	-2.643064e-03	1.011599e+00	-2.949181e-02	-1.738897e-02	-1.210284e-02
508           	-2.642242e-03	1.011687e+00	-2.963217e-02	-1.745833e-02	-1.217384e-02
509           	-2.641370e-03	1.011769e+00	-2.976747e-02	-1.752510e-02	-1.224236e-02
510           	-2.640498e-03	1.011849e+00	-2.990211e-02	-1.759155e-02	-1.231056e-02
511           	-2.639633e-03	1.011928e+00	-3.003611e-02	-1.765769e-02	-1.237842e-02
512           	-2.638778e-03	1.012006e+00	-3.016877e-02	-1.772316e-02	-1.244561e-02
513           	-2.637929e-03	1.012084e+00	-3.029929e-02	-1.778757e-02	-1.251171e-02
514           	-2.637084e-03	1.012161e+00	-3.042679e-02	-1.785048e-02	-1.257631e-02
515           	-2.636242e-03	1.012236e+00	-3.055057e-02	-1.791153e-02	-1.263904e-02
516           	-2.635403e-03	1.012310e+00	-3.067024e-02	-1.797052e-02	-1.269971e-02
517           	-2.634567e-03	1.012383e+00	-3.078529e-02	-1.802721e-02	-1.275808e-02
518           	-2.633737e-03	1.012455e+00	-3.089551e-02	-1.808149e-02	-1.281402e-02
519           	-2.632914e-03	1.012526e+00	-3.100052e-02	-1.813317e-02	-1.286735e-02
520           	-2.632098e-03	1.012595e+00	-3.110024e-02	-1.818222e-02	-1.291802e-02
521           	-2.631291e-03	1.012664e+00	-3.119465e-02	-1.822861e-02	-1.296603e-02
522           	-2.630491e-03	1.012731e+00	-3.128363e-02	-1.827231e-02	-1.301133e-02
523           	-2.629694e-03	1.012798e+00	-3.136712e-02	-1.831326e-02	-1.305387e-02
524           	-2.628901e-03	1.012862e+00	-3.144544e-02	-1.835162e-02	-1.309382e-02
525           	-2.628113e-03	1.012925e+00	-3.151894e-02	-1.838758e-02	-1.313136e-02
526           	-2.627329e-03	1.012987e+00	-3.158804e-02	-1.842135e-02	-1.316669e-02
527           	-2.626550e-03	1.013047e+00	-3.165286e-02	-1.845298e-02	-1.319988e-02
528           	-2.625775e-03	1.013106e+00	-3.171334e-02	-1.848245e-02	-1.323090e-02
529           	-2.625003e-03	1.013163e+00	-3.176947e-02	-1.850974e-02	-1.325973e-02
530           	-2.624244e-03	1.013219e+00	-3.181966e-02	-1.853407e-02	-1.328558e-02
531           	-2.623481e-03	1.013274e+00	-3.186679e-02	-1.855687e-02	-1.330991e-02
532           	-2.622727e-03	1.013326e+00	-3.190789e-02	-1.857667e-02	-1.333122e-02
533           	-2.621976e-03	1.013378e+00	-3.194360e-02	-1.859378e-02	-1.334982e-02
534           	-2.621228e-03	1.013428e+00	-3.197380e-02	-1.860813e-02	-1.336567e-02
535           	-2.620481e-03	1.013477e+00	-3.199796e-02	-1.861946e-02	-1.337850e-02
536           	-2.619736e-03	1.013524e+00	-3.201552e-02	-1.862750e-02	-1.338802e-02
537           	-2.618994e-03	1.013569e+00	-3.202608e-02	-1.863204e-02	-1.339405e-02
538           	-2.618258e-03	1.013613e+00	-3.202936e-02	-1.863294e-02	-1.339642e-02
539           	-2.617528e-03	1.013656e+00	-3.202509e-02	-1.863007e-02	-1.339502e-02
540           	-2.616806e-03	1.013697e+00	-3.201339e-02	-1.862350e-02	-1.338989e-02
541           	-2.616094e-03	1.013737e+00	-3.199413e-02	-1.861316e-02	-1.338097e-02
542           	-2.615394e-03	1.013775e+00	-3.196768e-02	-1.859923e-02	-1.336844e-02
543           	-2.614706e-03	1.013813e+00	-3.193383e-02	-1.858162e-02	-1.335221e-02
544           	-2.614029e-03	1.013849e+00	-3.189246e-02	-1.856026e-02	-1.333220e-02
545           	-2.613368e-03	1.013883e+00	-3.184397e-02	-1.853535e-02	-1.330862e-02
546           	-2.612723e-03	1.013917e+00	-3.178823e-02	-1.850684e-02	-1.328139e-02
547           	-2.612097e-03	1.013949e+00	-3.172534e-02	-1.847477e-02	-1.325057e-02
548           	-2.611492e-03	1.013979e+00	-3.165534e-02	-1.843916e-02	-1.321618e-02
549           	-2.610909e-03	1.014009e+00	-3.157795e-02	-1.839988e-02	-1.317807e-02
550           	-2.610353e-03	1.014037e+00	-3.149324e-02	-1.835697e-02	-1.313627e-02
551           	-2.609823e-03	1.014064e+00	-3.140097e-02	-1.831031e-02	-1.309066e-02
552           	-2.609324e-03	1.014089e+00	-3.130120e-02	-1.825993e-02	-1.304128e-02
553           	-2.608861e-03	1.014114e+00	-3.119405e-02	-1.820588e-02	-1.298816e-02
554           	-2.608436e-03	1.014137e+00	-3.107906e-02	-1.814797e-02	-1.293109e-02
555           	-2.608051e-03	1.014160e+00	-3.095630e-02	-1.808620e-02	-1.287010e-02
556           	-2.607712e-03	1.014181e+00	-3.082601e-02	-1.802072e-02	-1.280529e-02
557           	-2.607420e-03	1.014200e+00	-3.068834e-02	-1.795159e-02	-1.273675e-02
558           	-2.607178e-03	1.014218e+00	-3.054338e-02	-1.787887e-02	-1.266451e-02
559           	-2.606983e-03	1.014233e+00	-3.039135e-02	-1.780266e-02	-1.258869e-02
560           	-2.606843e-03	1.014247e+00	-3.023364e-02	-1.772366e-02	-1.250998e-02
561           	-2.606759e-03	1.014259e+00	-3.007087e-02	-1.764219e-02	-1.242867e-02
562           	-2.606725e-03	1.014269e+00	-2.990315e-02	-1.755830e-02	-1.234485e-02
563           	-2.606743e-03	1.014275e+00	-2.973212e-02	-1.747280e-02	-1.225932e-02
564           	-2.606812e-03	1.014280e+00	-2.955869e-02	-1.738616e-02	-1.217253e-02
565           	-2.606933e-03	1.014282e+00	-2.938405e-02	-1.729896e-02	-1.208509e-02
566           	-2.607097e-03	1.014280e+00	-2.920863e-02	-1.721141e-02	-1.199722e-02
567           	-2.607307e-03	1.014275e+00	-2.903387e-02	-1.712424e-02	-1.190963e-02
568           	-2.607562e-03	1.014268e+00	-2.886042e-02	-1.703777e-02	-1.182265e-02
569           	-2.607862e-03	1.014257e+00	-2.868913e-02	-1.695243e-02	-1.173670e-02
570           	-2.608206e-03	1.014243e+00	-2.852033e-02	-1.686837e-02	-1.165196e-02
571           	-2.608576e-03	1.014226e+00	-2.835310e-02	-1.678513e-02	-1.156797e-02
572           	-2.608995e-03	1.014207e+00	-2.818968e-02	-1.670383e-02	-1.148585e-02
573           	-2.609442e-03	1.014185e+00	-2.802916e-02	-1.662402e-02	-1.140514e-02
574           	-2.609930e-03	1.014160e+00	-2.787239e-02	-1.654613e-02	-1.132627e-02
575           	-2.610437e-03	1.014133e+00	-2.771856e-02	-1.646972e-02	-1.124884e-02
576           	-2.610966e-03	1.014105e+00	-2.756835e-02	-1.639514e-02	-1.117321e-02
577           	-2.611522e-03	1.014074e+00	-2.742149e-02	-1.632227e-02	-1.109922e-02
578           	-2.612100e-03	1.014041e+00	-2.727876e-02	-1.625148e-02	-1.102728e-02
579           	-2.612695e-03	1.014008e+00	-2.714073e-02	-1.618306e-02	-1.095767e-02
580           	-2.613318e-03	1.013973e+00	-2.700734e-02	-1.611699e-02	-1.089035e-02
581           	-2.613951e-03	1.013937e+00	-2.687838e-02	-1.605314e-02	-1.082524e-02
582           	-2.614602e-03	1.013900e+00	-2.675498e-02	-1.599209e-02	-1.076289e-02
583           	-2.615273e-03	1.013863e+00	-2.663762e-02	-1.593408e-02	-1.070354e-02
584           	-2.615955e-03	1.013825e+00	-2.652645e-02	-1.587918e-02	-1.064727e-02
585           	-2.616646e-03	1.013788e+00	-2.642229e-02	-1.582779e-02	-1.059450e-02
586           	-2.617351e-03	1.013751e+00	-2.632430e-02	-1.577950e-02	-1.054480e-02
587           	-2.618054e-03	1.013714e+00	-2.623260e-02	-1.573435e-02	-1.049824e-02
588           	-2.618762e-03	1.013678e+00	-2.614845e-02	-1.569299e-02	-1.045547e-02
589           	-2.619474e-03	1.013642e+00	-2.607093e-02	-1.565494e-02	-1.041599e-02
590           	-2.620182e-03	1.013606e+00	-2.600063e-02	-1.562050e-02	-1.038013e-02
591           	-2.620889e-03	1.013572e+00	-2.593895e-02	-1.559036e-02	-1.034858e-02
592           	-2.621596e-03	1.013540e+00	-2.588512e-02	-1.556415e-02	-1.032096e-02
593           	-2.622298e-03	1.013509e+00	-2.583938e-02	-1.554199e-02	-1.029739e-02
594           	-2.622989e-03	1.013480e+00	-2.580106e-02	-1.552352e-02	-1.027754e-02
595           	-2.623675e-03	1.013452e+00	-2.577040e-02	-1.550888e-02	-1.026152e-02
596           	-2.624362e-03	1.013425e+00	-2.574826e-02	-1.549849e-02	-1.024977e-02
597           	-2.625043e-03	1.013402e+00	-2.573444e-02	-1.549226e-02	-1.024218e-02
598           	-2.625716e-03	1.013380e+00	-2.572893e-02	-1.549018e-02	-1.023875e-02
599           	-2.626375e-03	1.013361e+00	-2.573111e-02	-1.549193e-02	-1.023918e-02
600           	-2.627016e-03	1.013344e+00	-2.574120e-02	-1.549762e-02	-1.024358e-02
601           	-2.627636e-03	1.013328e+00	-2.575925e-02	-1.550726e-02	-1.025199e-02
602           	-2.628229e-03	1.013315e+00	-2.578506e-02	-1.552076e-02	-1.026430e-02
603           	-2.628800e-03	1.013305e+00	-2.581958e-02	-1.553859e-02	-1.028099e-02
604           	-2.629346e-03	1.013296e+00	-2.586255e-02	-1.556062e-02	-1.030193e-02
605           	-2.629863e-03	1.013290e+00	-2.591360e-02	-1.558666e-02	-1.032694e-02
606           	-2.630341e-03	1.013286e+00	-2.597231e-02	-1.561650e-02	-1.035582e-02
607           	-2.630780e-03	1.013284e+00	-2.603822e-02	-1.564989e-02	-1.038833e-02
608           	-2.631180e-03	1.013285e+00	-2.611130e-02	-1.568683e-02	-1.042447e-02
609           	-2.631536e-03	1.013287e+00	-2.619109e-02	-1.572708e-02	-1.046401e-02
610           	-2.631848e-03	1.013292e+00	-2.627719e-02	-1.577044e-02	-1.050675e-02
611           	-2.632090e-03	1.013298e+00	-2.636635e-02	-1.581527e-02	-1.055109e-02
612           	-2.632299e-03	1.013306e+00	-2.646194e-02	-1.586327e-02	-1.059867e-02
613           	-2.632467e-03	1.013318e+00	-2.656249e-02	-1.591371e-02	-1.064878e-02
614           	-2.632588e-03	1.013331e+00	-2.666711e-02	-1.596614e-02	-1.070097e-02
615           	-2.632661e-03	1.013346e+00	-2.677512e-02	-1.602022e-02	-1.075490e-02
616           	-2.632687e-03	1.013363e+00	-2.688559e-02	-1.607548e-02	-1.081011e-02
617           	-2.632667e-03	1.013381e+00	-2.699834e-02	-1.613184e-02	-1.086650e-02
618           	-2.632603e-03	1.013401e+00	-2.711293e-02	-1.618907e-02	-1.092386e-02
619           	-2.632498e-03	1.013422e+00	-2.722936e-02	-1.624718e-02	-1.098218e-02
620           	-2.632353e-03	1.013445e+00	-2.734721e-02	-1.630596e-02	-1.104125e-02
621           	-2.632167e-03	1.013468e+00	-2.746648e-02	-1.636541e-02	-1.110107e-02
622           	-2.631940e-03	1.013493e+00	-2.758661e-02	-1.642525e-02	-1.116137e-02
623           	-2.631675e-03	1.013519e+00	-2.770730e-02	-1.648532e-02	-1.122197e-02
624           	-2.631376e-03	1.013545e+00	-2.782782e-02	-1.654528e-02	-1.128253e-02
625           	-2.631047e-03	1.013572e+00	-2.794760e-02	-1.660485e-02	-1.134275e-02
626           	-2.630687e-03	1.013600e+00	-2.806571e-02	-1.666354e-02	-1.140217e-02
627           	-2.630302e-03	1.013627e+00	-2.818161e-02	-1.672111e-02	-1.146050e-02
628           	-2.629896e-03	1.013655e+00	-2.829452e-02	-1.677716e-02	-1.151737e-02
629           	-2.629472e-03	1.013683e+00	-2.840386e-02	-1.683140e-02	-1.157246e-02
630           	-2.629033e-03	1.013710e+00	-2.850910e-02	-1.688359e-02	-1.162552e-02
631           	-2.628583e-03	1.013738e+00	-2.861003e-02	-1.693360e-02	-1.167643e-02
632           	-2.628124e-03	1.013766e+00	-2.870630e-02	-1.698128e-02	-1.172503e-02
633           	-2.627661e-03	1.013793e+00	-2.879783e-02	-1.702657e-02	-1.177125e-02
634           	-2.627193e-03	1.013820e+00	-2.888444e-02	-1.706941e-02	-1.181503e-02
635           	-2.626723e-03	1.013847e+00	-2.896613e-02	-1.710979e-02	-1.185634e-02
636           	-2.626253e-03	1.013873e+00	-2.904276e-02	-1.714763e-02	-1.189513e-02
637           	-2.625786e-03	1.013898e+00	-2.911421e-02	-1.718289e-02	-1.193132e-02
638           	-2.625322e-03	1.013923e+00	-2.918040e-02	-1.721552e-02	-1.196488e-02
639           	-2.624859e-03	1.013947e+00	-2.924225e-02	-1.724598e-02	-1.199627e-02
640           	-2.624409e-03	1.013969e+00	-2.929712e-02	-1.727297e-02	-1.202415e-02
641           	-2.623963e-03	1.013992e+00	-2.934717e-02	-1.729755e-02	-1.204962e-02
642           	-2.623532e-03	1.014012e+00	-2.939016e-02	-1.731861e-02	-1.207155e-02
643           	-2.623107e-03	1.014032e+00	-2.942827e-02	-1.733724e-02	-1.209103e-02
644           	-2.622695e-03	1.014051e+00	-2.946045e-02	-1.735292e-02	-1.210753e-02
645           	-2.622280e-03	1.014068e+00	-2.948529e-02	-1.736493e-02	-1.212036e-02
646           	-2.621881e-03	1.014084e+00	-2.950617e-02	-1.737496e-02	-1.213120e-02
647           	-2.621498e-03	1.014099e+00	-2.952177e-02	-1.738238e-02	-1.213939e-02
648           	-2.621136e-03	1.014113e+00	-2.953108e-02	-1.738668e-02	-1.214441e-02
649           	-2.620787e-03	1.014126e+00	-2.953595e-02	-1.738876e-02	-1.214719e-02
650           	-2.620454e-03	1.014139e+00	-2.953596e-02	-1.738843e-02	-1.214753e-02
651           	-2.620137e-03	1.014149e+00	-2.953040e-02	-1.738534e-02	-1.214506e-02
652           	-2.619834e-03	1.014159e+00	-2.952101e-02	-1.738034e-02	-1.214067e-02
653           	-2.619547e-03	1.014167e+00	-2.950661e-02	-1.737285e-02	-1.213376e-02
654           	-2.619274e-03	1.014174e+00	-2.948863e-02	-1.736359e-02	-1.212504e-02
655           	-2.619016e-03	1.014179e+00	-2.946592e-02	-1.735197e-02	-1.211394e-02
656           	-2.618773e-03	1.014183e+00	-2.943937e-02	-1.733846e-02	-1.210091e-02
657           	-2.618546e-03	1.014186e+00	-2.940862e-02	-1.732286e-02	-1.208576e-02
658           	-2.618334e-03	1.014188e+00	-2.937400e-02	-1.730533e-02	-1.206866e-02
659           	-2.618140e-03	1.014188e+00	-2.933541e-02	-1.728584e-02	-1.204956e-02
660           	-2.617961e-03	1.014188e+00	-2.929302e-02	-1.726447e-02	-1.202855e-02
661           	-2.617800e-03	1.014186e+00	-2.924696e-02	-1.724128e-02	-1.200568e-02
662           	-2.617656e-03	1.014184e+00	-2.919765e-02	-1.721648e-02	-1.198117e-02
663           	-2.617529e-03	1.014181e+00	-2.914502e-02	-1.719004e-02	-1.195498e-02
664           	-2.617409e-03	1.014177e+00	-2.908816e-02	-1.716149e-02	-1.192667e-02
665           	-2.617315e-03	1.014172e+00	-2.902886e-02	-1.713175e-02	-1.189712e-02
666           	-2.617240e-03	1.014166e+00	-2.896695e-02	-1.710072e-02	-1.186624e-02
667           	-2.617183e-03	1.014160e+00	-2.890254e-02	-1.706845e-02	-1.183408e-02
668           	-2.617143e-03	1.014153e+00	-2.883585e-02	-1.703507e-02	-1.180078e-02
669           	-2.617121e-03	1.014145e+00	-2.876726e-02	-1.700075e-02	-1.176651e-02
670           	-2.617115e-03	1.014137e+00	-2.869716e-02	-1.696570e-02	-1.173147e-02
671           	-2.617125e-03	1.014127e+00	-2.862590e-02	-1.693007e-02	-1.169582e-02
672           	-2.617150e-03	1.014117e+00	-2.855364e-02	-1.689397e-02	-1.165967e-02
673           	-2.617188e-03	1.014106e+00	-2.848065e-02	-1.685751e-02	-1.162314e-02
674           	-2.617240e-03	1.014094e+00	-2.840716e-02	-1.682082e-02	-1.158634e-02
675           	-2.617307e-03	1.014081e+00	-2.833329e-02	-1.678395e-02	-1.154934e-02
676           	-2.617387e-03	1.014067e+00	-2.825902e-02	-1.674690e-02	-1.151212e-02
677           	-2.617480e-03	1.014053e+00	-2.818439e-02	-1.670968e-02	-1.147472e-02
678           	-2.617586e-03	1.014038e+00	-2.810944e-02	-1.667230e-02	-1.143713e-02
679           	-2.617700e-03	1.014022e+00	-2.803360e-02	-1.663450e-02	-1.139910e-02
680           	-2.617826e-03	1.014005e+00	-2.795755e-02	-1.659660e-02	-1.136095e-02
681           	-2.617961e-03	1.013988e+00	-2.788128e-02	-1.655860e-02	-1.132268e-02
682           	-2.618107e-03	1.013971e+00	-2.780480e-02	-1.652051e-02	-1.128430e-02
683           	-2.618262e-03	1.013953e+00	-2.772836e-02	-1.648244e-02	-1.124592e-02
684           	-2.618428e-03	1.013935e+00	-2.765210e-02	-1.644448e-02	-1.120762e-02
685           	-2.618604e-03	1.013917e+00	-2.757637e-02	-1.640679e-02	-1.116958e-02
686           	-2.618787e-03	1.013898e+00	-2.750248e-02	-1.637003e-02	-1.113245e-02
687           	-2.618972e-03	1.013879e+00	-2.742909e-02	-1.633352e-02	-1.109557e-02
688           	-2.619167e-03	1.013859e+00	-2.735694e-02	-1.629763e-02	-1.105930e-02
689           	-2.619371e-03	1.013839e+00	-2.728627e-02	-1.626250e-02	-1.102376e-02
690           	-2.619582e-03	1.013820e+00	-2.721702e-02	-1.622809e-02	-1.098893e-02
691           	-2.619798e-03	1.013800e+00	-2.714907e-02	-1.619433e-02	-1.095474e-02
692           	-2.620021e-03	1.013781e+00	-2.708251e-02	-1.616128e-02	-1.092123e-02
693           	-2.620253e-03	1.013761e+00	-2.701741e-02	-1.612896e-02	-1.088845e-02
694           	-2.620490e-03	1.013741e+00	-2.695363e-02	-1.609730e-02	-1.085632e-02
695           	-2.620733e-03	1.013722e+00	-2.689105e-02	-1.606626e-02	-1.082479e-02
696           	-2.620982e-03	1.013703e+00	-2.682973e-02	-1.603585e-02	-1.079388e-02
697           	-2.621238e-03	1.013683e+00	-2.676997e-02	-1.600622e-02	-1.076375e-02
698           	-2.621499e-03	1.013664e+00	-2.671182e-02	-1.597741e-02	-1.073441e-02
699           	-2.621762e-03	1.013644e+00	-2.665535e-02	-1.594943e-02	-1.070591e-02
700           	-2.622027e-03	1.013625e+00	-2.660088e-02	-1.592247e-02	-1.067842e-02
701           	-2.622291e-03	1.013606e+00	-2.654845e-02	-1.589651e-02	-1.065193e-02
702           	-2.622554e-03	1.013588e+00	-2.649816e-02	-1.587163e-02	-1.062652e-02
703           	-2.622817e-03	1.013569e+00	-2.645030e-02	-1.584797e-02	-1.060233e-02
704           	-2.623081e-03	1.013551e+00	-2.640518e-02	-1.582567e-02	-1.057951e-02
705           	-2.623343e-03	1.013533e+00	-2.636270e-02	-1.580469e-02	-1.055801e-02
706           	-2.623605e-03	1.013515e+00	-2.632320e-02	-1.578521e-02	-1.053800e-02
707           	-2.623864e-03	1.013498e+00	-2.628638e-02	-1.576706e-02	-1.051933e-02
708           	-2.624119e-03	1.013481e+00	-2.625230e-02	-1.575027e-02	-1.050203e-02
709           	-2.624374e-03	1.013465e+00	-2.622137e-02	-1.573506e-02	-1.048631e-02
710           	-2.624623e-03	1.013449e+00	-2.619316e-02	-1.572120e-02	-1.047196e-02
711           	-2.624868e-03	1.013434e+00	-2.616810e-02	-1.570892e-02	-1.045918e-02
712           	-2.625107e-03	1.013420e+00	-2.614596e-02	-1.569809e-02	-1.044787e-02
713           	-2.625342e-03	1.013406e+00	-2.612688e-02	-1.568878e-02	-1.043810e-02
714           	-2.625572e-03	1.013393e+00	-2.611071e-02	-1.568093e-02	-1.042978e-02
715           	-2.625794e-03	1.013381e+00	-2.609718e-02	-1.567438e-02	-1.042280e-02
716           	-2.626012e-03	1.013369e+00	-2.608644e-02	-1.566923e-02	-1.041721e-02
717           	-2.626225e-03	1.013359e+00	-2.607821e-02	-1.566533e-02	-1.041288e-02
718           	-2.626431e-03	1.013349e+00	-2.607187e-02	-1.566236e-02	-1.040950e-02
719           	-2.626630e-03	1.013340e+00	-2.606835e-02	-1.566080e-02	-1.040754e-02
720           	-2.626820e-03	1.013332e+00	-2.606660e-02	-1.566012e-02	-1.040648e-02
721           	-2.627001e-03	1.013325e+00	-2.606755e-02	-1.566077e-02	-1.040677e-02
722           	-2.627171e-03	1.013319e+00	-2.607024e-02	-1.566229e-02	-1.040795e-02
723           	-2.627330e-03	1.013313e+00	-2.607505e-02	-1.566486e-02	-1.041020e-02
724           	-2.627481e-03	1.013309e+00	-2.608226e-02	-1.566861e-02	-1.041365e-02
725           	-2.627620e-03	1.013304e+00	-2.609190e-02	-1.567357e-02	-1.041833e-02
726           	-2.627748e-03	1.013300e+00	-2.610392e-02	-1.567971e-02	-1.042421e-02
727           	-2.627864e-03	1.013297e+00	-2.611807e-02	-1.568690e-02	-1.043117e-02
728           	-2.627971e-03	1.013295e+00	-2.613427e-02	-1.569510e-02	-1.043916e-02
729           	-2.628067e-03	1.013294e+00	-2.615253e-02	-1.570433e-02	-1.044820e-02
730           	-2.628152e-03	1.013293e+00	-2.617272e-02	-1.571451e-02	-1.045821e-02
731           	-2.628228e-03	1.013293e+00	-2.619479e-02	-1.572562e-02	-1.046917e-02
732           	-2.628294e-03	1.013294e+00	-2.621850e-02	-1.573754e-02	-1.048096e-02
733           	-2.628349e-03	1.013295e+00	-2.624371e-02	-1.575021e-02	-1.049351e-02
734           	-2.628393e-03	1.013297e+00	-2.627012e-02	-1.576345e-02	-1.050667e-02
735           	-2.628425e-03	1.013300e+00	-2.629753e-02	-1.577719e-02	-1.052034e-02
736           	-2.628447e-03	1.013303e+00	-2.632560e-02	-1.579125e-02	-1.053435e-02
737           	-2.628458e-03	1.013306e+00	-2.635420e-02	-1.580556e-02	-1.054864e-02
738           	-2.628459e-03	1.013310e+00	-2.638302e-02	-1.581997e-02	-1.056305e-02
739           	-2.628450e-03	1.013315e+00	-2.641195e-02	-1.583442e-02	-1.057753e-02
740           	-2.628431e-03	1.013320e+00	-2.644078e-02	-1.584882e-02	-1.059196e-02
741           	-2.628403e-03	1.013326e+00	-2.646942e-02	-1.586311e-02	-1.060631e-02
742           	-2.628366e-03	1.013332e+00	-2.649777e-02	-1.587725e-02	-1.062052e-02
743           	-2.628319e-03	1.013338e+00	-2.652587e-02	-1.589125e-02	-1.063461e-02
744           	-2.628263e-03	1.013345e+00	-2.655356e-02	-1.590504e-02	-1.064852e-02
745           	-2.628197e-03	1.013351e+00	-2.658089e-02	-1.591864e-02	-1.066225e-02
746           	-2.628123e-03	1.013358e+00	-2.660779e-02	-1.593202e-02	-1.067577e-02
747           	-2.628040e-03	1.013365e+00	-2.663430e-02	-1.594519e-02	-1.068911e-02
748           	-2.627950e-03	1.013372e+00	-2.666033e-02	-1.595811e-02	-1.070221e-02
749           	-2.627852e-03	1.013379e+00	-2.668586e-02	-1.597078e-02	-1.071508e-02
750           	-2.627747e-03	1.013386e+00	-2.671078e-02	-1.598314e-02	-1.072764e-02
751           	-2.627638e-03	1.013393e+00	-2.673504e-02	-1.599516e-02	-1.073988e-02
752           	-2.627524e-03	1.013399e+00	-2.675842e-02	-1.600673e-02	-1.075168e-02
753           	-2.627406e-03	1.013406e+00	-2.678083e-02	-1.601782e-02	-1.076301e-02
754           	-2.627285e-03	1.013413e+00	-2.680207e-02	-1.602832e-02	-1.077375e-02
755           	-2.627162e-03	1.013419e+00	-2.682206e-02	-1.603819e-02	-1.078387e-02
756           	-2.627038e-03	1.013426e+00	-2.684063e-02	-1.604735e-02	-1.079328e-02
757           	-2.626913e-03	1.013432e+00	-2.685773e-02	-1.605578e-02	-1.080195e-02
758           	-2.626781e-03	1.013438e+00	-2.687342e-02	-1.606349e-02	-1.080993e-02
759           	-2.626651e-03	1.013444e+00	-2.688791e-02	-1.607061e-02	-1.081730e-02
760           	-2.626524e-03	1.013450e+00	-2.690110e-02	-1.607707e-02	-1.082403e-02
761           	-2.626401e-03	1.013456e+00	-2.691272e-02	-1.608276e-02	-1.082996e-02
762           	-2.626281e-03	1.013462e+00	-2.692248e-02	-1.608752e-02	-1.083496e-02
763           	-2.626164e-03	1.013468e+00	-2.693022e-02	-1.609127e-02	-1.083895e-02
764           	-2.626050e-03	1.013473e+00	-2.693582e-02	-1.609396e-02	-1.084186e-02
765           	-2.625942e-03	1.013479e+00	-2.693904e-02	-1.609546e-02	-1.084358e-02
766           	-2.625836e-03	1.013484e+00	-2.694038e-02	-1.609602e-02	-1.084435e-02
767           	-2.625737e-03	1.013489e+00	-2.693944e-02	-1.609546e-02	-1.084398e-02
768           	-2.625641e-03	1.013493e+00	-2.693670e-02	-1.609399e-02	-1.084271e-02
769           	-2.625551e-03	1.013497e+00	-2.693190e-02	-1.609150e-02	-1.084040e-02
770           	-2.625465e-03	1.013501e+00	-2.692551e-02	-1.608822e-02	-1.083729e-02
771           	-2.625384e-03	1.013504e+00	-2.691728e-02	-1.608403e-02	-1.083326e-02
772           	-2.625306e-03	1.013507e+00	-2.690765e-02	-1.607913e-02	-1.082852e-02
773           	-2.625232e-03	1.013510e+00	-2.689648e-02	-1.607347e-02	-1.082301e-02
774           	-2.625164e-03	1.013512e+00	-2.688416e-02	-1.606724e-02	-1.081692e-02
775           	-2.625100e-03	1.013513e+00	-2.687058e-02	-1.606039e-02	-1.081019e-02
776           	-2.625042e-03	1.013514e+00	-2.685607e-02	-1.605307e-02	-1.080299e-02
777           	-2.624990e-03	1.013514e+00	-2.684076e-02	-1.604537e-02	-1.079539e-02
778           	-2.624943e-03	1.013514e+00	-2.682446e-02	-1.603717e-02	-1.078729e-02
779           	-2.624903e-03	1.013513e+00	-2.680740e-02	-1.602860e-02	-1.077880e-02
780           	-2.624868e-03	1.013512e+00	-2.678960e-02	-1.601967e-02	-1.076993e-02
781           	-2.624840e-03	1.013510e+00	-2.677095e-02	-1.601032e-02	-1.076064e-02
782           	-2.624820e-03	1.013508e+00	-2.675184e-02	-1.600074e-02	-1.075110e-02
783           	-2.624806e-03	1.013506e+00	-2.673188e-02	-1.599074e-02	-1.074113e-02
784           	-2.624799e-03	1.013503e+00	-2.671135e-02	-1.598048e-02	-1.073088e-02
785           	-2.624801e-03	1.013500e+00	-2.669042e-02	-1.597001e-02	-1.072041e-02
786           	-2.624809e-03	1.013496e+00	-2.666904e-02	-1.595933e-02	-1.070971e-02
787           	-2.624824e-03	1.013493e+00	-2.664718e-02	-1.594841e-02	-1.069877e-02
788           	-2.624846e-03	1.013489e+00	-2.662499e-02	-1.593734e-02	-1.068765e-02
789           	-2.624873e-03	1.013484e+00	-2.660237e-02	-1.592606e-02	-1.067631e-02
790           	-2.624907e-03	1.013480e+00	-2.657957e-02	-1.591469e-02	-1.066488e-02
791           	-2.624948e-03	1.013476e+00	-2.655675e-02	-1.590332e-02	-1.065342e-02
792           	-2.624994e-03	1.013471e+00	-2.653377e-02	-1.589188e-02	-1.064189e-02
793           	-2.625046e-03	1.013466e+00	-2.651084e-02	-1.588046e-02	-1.063037e-02
794           	-2.625100e-03	1.013461e+00	-2.648786e-02	-1.586903e-02	-1.061883e-02
795           	-2.625158e-03	1.013455e+00	-2.646513e-02	-1.585772e-02	-1.060741e-02
796           	-2.625218e-03	1.013450e+00	-2.644263e-02	-1.584653e-02	-1.059610e-02
797           	-2.625282e-03	1.013444e+00	-2.642062e-02	-1.583559e-02	-1.058503e-02
798           	-2.625348e-03	1.013438e+00	-2.639908e-02	-1.582489e-02	-1.057419e-02
799           	-2.625415e-03	1.013432e+00	-2.637810e-02	-1.581447e-02	-1.056363e-02
800           	-2.625485e-03	1.013426e+00	-2.635779e-02	-1.580438e-02	-1.055341e-02
801           	-2.625557e-03	1.013420e+00	-2.633828e-02	-1.579470e-02	-1.054358e-02
802           	-2.625632e-03	1.013414e+00	-2.631973e-02	-1.578550e-02	-1.053423e-02
803           	-2.625709e-03	1.013408e+00	-2.630208e-02	-1.577675e-02	-1.052533e-02
804           	-2.625787e-03	1.013402e+00	-2.628539e-02	-1.576848e-02	-1.051691e-02
805           	-2.625866e-03	1.013396e+00	-2.626970e-02	-1.576071e-02	-1.050898e-02
806           	-2.625945e-03	1.013390e+00	-2.625502e-02	-1.575346e-02	-1.050157e-02
807           	-2.626026e-03	1.013384e+00	-2.624143e-02	-1.574674e-02	-1.049469e-02
808           	-2.626107e-03	1.013379e+00	-2.622889e-02	-1.574055e-02	-1.048834e-02
809           	-2.626187e-03	1.013373e+00	-2.621745e-02	-1.573491e-02	-1.048254e-02
810           	-2.626267e-03	1.013368e+00	-2.620699e-02	-1.572976e-02	-1.047723e-02
811           	-2.626346e-03	1.013363e+00	-2.619746e-02	-1.572507e-02	-1.047238e-02
812           	-2.626423e-03	1.013359e+00	-2.618885e-02	-1.572085e-02	-1.046800e-02
813           	-2.626499e-03	1.013354e+00	-2.618119e-02	-1.571709e-02	-1.046410e-02
814           	-2.626573e-03	1.013350e+00	-2.617435e-02	-1.571375e-02	-1.046060e-02
815           	-2.626645e-03	1.013345e+00	-2.616839e-02	-1.571084e-02	-1.045755e-02
816           	-2.626717e-03	1.013341e+00	-2.616329e-02	-1.570836e-02	-1.045493e-02
817           	-2.626786e-03	1.013338e+00	-2.615903e-02	-1.570630e-02	-1.045273e-02
818           	-2.626853e-03	1.013334e+00	-2.615552e-02	-1.570461e-02	-1.045091e-02
819           	-2.626916e-03	1.013331e+00	-2.615280e-02	-1.570331e-02	-1.044948e-02
820           	-2.626977e-03	1.013328e+00	-2.615090e-02	-1.570243e-02	-1.044847e-02
821           	-2.627036e-03	1.013326e+00	-2.614987e-02	-1.570197e-02	-1.044790e-02
822           	-2.627093e-03	1.013323e+00	-2.614970e-02	-1.570195e-02	-1.044776e-02
823           	-2.627143e-03	1.013321e+00	-2.615015e-02	-1.570222e-02	-1.044793e-02
824           	-2.627191e-03	1.013319e+00	-2.615171e-02	-1.570305e-02	-1.044867e-02
825           	-2.627239e-03	1.013317e+00	-2.615415e-02	-1.570432e-02	-1.044984e-02
826           	-2.627284e-03	1.013316e+00	-2.615731e-02	-1.570594e-02	-1.045137e-02
827           	-2.627324e-03	1.013315e+00	-2.616104e-02	-1.570784e-02	-1.045319e-02
828           	-2.627361e-03	1.013314e+00	-2.616527e-02	-1.570999e-02	-1.045527e-02
829           	-2.627395e-03	1.013313e+00	-2.616988e-02	-1.571233e-02	-1.045754e-02
830           	-2.627424e-03	1.013313e+00	-2.617491e-02	-1.571488e-02	-1.046003e-02
831           	-2.627451e-03	1.013313e+00	-2.618028e-02	-1.571759e-02	-1.046269e-02
832           	-2.627475e-03	1.013313e+00	-2.618603e-02	-1.572049e-02	-1.046554e-02
833           	-2.627495e-03	1.013313e+00	-2.619206e-02	-1.572352e-02	-1.046853e-02
834           	-2.627513e-03	1.013314e+00	-2.619849e-02	-1.572676e-02	-1.047173e-02
835           	-2.627527e-03	1.013315e+00	-2.620523e-02	-1.573014e-02	-1.047509e-02
836           	-2.627537e-03	1.013316e+00	-2.621229e-02	-1.573368e-02	-1.047861e-02
837           	-2.627545e-03	1.013317e+00	-2.621964e-02	-1.573736e-02	-1.048227e-02
838           	-2.627549e-03	1.013318e+00	-2.622725e-02	-1.574117e-02	-1.048608e-02
839           	-2.627549e-03	1.013320e+00	-2.623501e-02	-1.574506e-02	-1.048996e-02
840           	-2.627546e-03	1.013321e+00	-2.624289e-02	-1.574899e-02	-1.049390e-02
841           	-2.627540e-03	1.013323e+00	-2.625079e-02	-1.575293e-02	-1.049785e-02
842           	-2.627530e-03	1.013325e+00	-2.625871e-02	-1.575689e-02	-1.050183e-02
843           	-2.627518e-03	1.013327e+00	-2.626658e-02	-1.576081e-02	-1.050577e-02
844           	-2.627503e-03	1.013329e+00	-2.627441e-02	-1.576471e-02	-1.050970e-02
845           	-2.627485e-03	1.013331e+00	-2.628212e-02	-1.576855e-02	-1.051358e-02
846           	-2.627464e-03	1.013333e+00	-2.628973e-02	-1.577233e-02	-1.051740e-02
847           	-2.627442e-03	1.013335e+00	-2.629717e-02	-1.577603e-02	-1.052114e-02
848           	-2.627417e-03	1.013337e+00	-2.630443e-02	-1.577963e-02	-1.052480e-02
849           	-2.627390e-03	1.013339e+00	-2.631144e-02	-1.578311e-02	-1.052833e-02
850           	-2.627361e-03	1.013341e+00	-2.631818e-02	-1.578645e-02	-1.053173e-02
851           	-2.627331e-03	1.013343e+00	-2.632456e-02	-1.578961e-02	-1.053495e-02
852           	-2.627299e-03	1.013345e+00	-2.633060e-02	-1.579260e-02	-1.053800e-02
853           	-2.627266e-03	1.013347e+00	-2.633621e-02	-1.579537e-02	-1.054084e-02
854           	-2.627233e-03	1.013349e+00	-2.634139e-02	-1.579793e-02	-1.054346e-02
855           	-2.627198e-03	1.013350e+00	-2.634604e-02	-1.580022e-02	-1.054582e-02
856           	-2.627164e-03	1.013352e+00	-2.635015e-02	-1.580224e-02	-1.054791e-02
857           	-2.627131e-03	1.013354e+00	-2.635368e-02	-1.580397e-02	-1.054971e-02
858           	-2.627097e-03	1.013355e+00	-2.635668e-02	-1.580544e-02	-1.055124e-02
859           	-2.627065e-03	1.013357e+00	-2.635920e-02	-1.580667e-02	-1.055254e-02
860           	-2.627033e-03	1.013358e+00	-2.636133e-02	-1.580770e-02	-1.055363e-02
861           	-2.627003e-03	1.013359e+00	-2.636309e-02	-1.580855e-02	-1.055454e-02
862           	-2.626973e-03	1.013361e+00	-2.636452e-02	-1.580923e-02	-1.055529e-02
863           	-2.626944e-03	1.013362e+00	-2.636562e-02	-1.580975e-02	-1.055586e-02
864           	-2.626917e-03	1.013363e+00	-2.636637e-02	-1.581010e-02	-1.055627e-02
865           	-2.626891e-03	1.013364e+00	-2.636676e-02	-1.581027e-02	-1.055649e-02
866           	-2.626867e-03	1.013364e+00	-2.636675e-02	-1.581024e-02	-1.055651e-02
867           	-2.626845e-03	1.013365e+00	-2.636631e-02	-1.581000e-02	-1.055631e-02
868           	-2.626825e-03	1.013365e+00	-2.636538e-02	-1.580952e-02	-1.055587e-02
869           	-2.626806e-03	1.013366e+00	-2.636395e-02	-1.580878e-02	-1.055517e-02
870           	-2.626790e-03	1.013366e+00	-2.636199e-02	-1.580779e-02	-1.055421e-02
871           	-2.626775e-03	1.013366e+00	-2.635947e-02	-1.580651e-02	-1.055296e-02
872           	-2.626762e-03	1.013367e+00	-2.635625e-02	-1.580489e-02	-1.055136e-02
873           	-2.626752e-03	1.013367e+00	-2.635258e-02	-1.580304e-02	-1.054954e-02
874           	-2.626745e-03	1.013367e+00	-2.634840e-02	-1.580095e-02	-1.054746e-02
875           	-2.626740e-03	1.013367e+00	-2.634375e-02	-1.579862e-02	-1.054514e-02
876           	-2.626737e-03	1.013366e+00	-2.633871e-02	-1.579609e-02	-1.054262e-02
877           	-2.626735e-03	1.013366e+00	-2.633335e-02	-1.579341e-02	-1.053994e-02
878           	-2.626736e-03	1.013365e+00	-2.632777e-02	-1.579062e-02	-1.053715e-02
879           	-2.626738e-03	1.013364e+00	-2.632206e-02	-1.578777e-02	-1.053429e-02
880           	-2.626742e-03	1.013364e+00	-2.631631e-02	-1.578490e-02	-1.053141e-02
881           	-2.626748e-03	1.013363e+00	-2.631058e-02	-1.578204e-02	-1.052854e-02
882           	-2.626754e-03	1.013362e+00	-2.630494e-02	-1.577922e-02	-1.052572e-02
883           	-2.626762e-03	1.013360e+00	-2.629940e-02	-1.577646e-02	-1.052294e-02
884           	-2.626770e-03	1.013359e+00	-2.629402e-02	-1.577378e-02	-1.052024e-02
885           	-2.626779e-03	1.013358e+00	-2.628885e-02	-1.577120e-02	-1.051764e-02
886           	-2.626789e-03	1.013356e+00	-2.628382e-02	-1.576870e-02	-1.051512e-02
887           	-2.626799e-03	1.013355e+00	-2.627898e-02	-1.576629e-02	-1.051269e-02
888           	-2.626810e-03	1.013353e+00	-2.627449e-02	-1.576406e-02	-1.051044e-02
889           	-2.626821e-03	1.013351e+00	-2.627021e-02	-1.576193e-02	-1.050828e-02
890           	-2.626832e-03	1.013349e+00	-2.626621e-02	-1.575994e-02	-1.050627e-02
891           	-2.626845e-03	1.013348e+00	-2.626250e-02	-1.575810e-02	-1.050441e-02
892           	-2.626858e-03	1.013346e+00	-2.625912e-02	-1.575642e-02	-1.050270e-02
893           	-2.626872e-03	1.013345e+00	-2.625603e-02	-1.575489e-02	-1.050114e-02
894           	-2.626887e-03	1.013343e+00	-2.625320e-02	-1.575349e-02	-1.049971e-02
895           	-2.626902e-03	1.013342e+00	-2.625068e-02	-1.575224e-02	-1.049844e-02
896           	-2.626918e-03	1.013340e+00	-2.624841e-02	-1.575112e-02	-1.049729e-02
897           	-2.626934e-03	1.013339e+00	-2.624644e-02	-1.575015e-02	-1.049628e-02
898           	-2.626950e-03	1.013338e+00	-2.624472e-02	-1.574931e-02	-1.049541e-02
899           	-2.626966e-03	1.013336e+00	-2.624322e-02	-1.574857e-02	-1.049464e-02
900           	-2.626982e-03	1.013335e+00	-2.624196e-02	-1.574796e-02	-1.049400e-02
901           	-2.626997e-03	1.013334e+00	-2.624096e-02	-1.574748e-02	-1.049348e-02
902           	-2.627012e-03	1.013333e+00	-2.624024e-02	-1.574713e-02	-1.049311e-02
903           	-2.627027e-03	1.013333e+00	-2.623975e-02	-1.574690e-02	-1.049285e-02
904           	-2.627041e-03	1.013332e+00	-2.623965e-02	-1.574687e-02	-1.049278e-02
905           	-2.627055e-03	1.013331e+00	-2.623981e-02	-1.574696e-02	-1.049285e-02
906           	-2.627068e-03	1.013331e+00	-2.624045e-02	-1.574729e-02	-1.049315e-02
907           	-2.627081e-03	1.013330e+00	-2.624140e-02	-1.574778e-02	-1.049362e-02
908           	-2.627092e-03	1.013330e+00	-2.624282e-02	-1.574850e-02	-1.049432e-02
909           	-2.627102e-03	1.013329e+00	-2.624453e-02	-1.574937e-02	-1.049516e-02
910           	-2.627111e-03	1.013329e+00	-2.624662e-02	-1.575042e-02	-1.049620e-02
911           	-2.627120e-03	1.013329e+00	-2.624915e-02	-1.575169e-02	-1.049745e-02
912           	-2.627126e-03	1.013329e+00	-2.625205e-02	-1.575315e-02	-1.049890e-02
913           	-2.627132e-03	1.013329e+00	-2.625534e-02	-1.575480e-02	-1.050054e-02
914           	-2.627136e-03	1.013329e+00	-2.625900e-02	-1.575664e-02	-1.050237e-02
915           	-2.627139e-03	1.013330e+00	-2.626299e-02	-1.575863e-02	-1.050436e-02
916           	-2.627140e-03	1.013330e+00	-2.626725e-02	-1.576077e-02	-1.050649e-02
917           	-2.627139e-03	1.013331e+00	-2.627166e-02	-1.576297e-02	-1.050869e-02
918           	-2.627137e-03	1.013331e+00	-2.627631e-02	-1.576529e-02	-1.051102e-02
919           	-2.627134e-03	1.013332e+00	-2.628110e-02	-1.576768e-02	-1.051342e-02
920           	-2.627128e-03	1.013333e+00	-2.628598e-02	-1.577012e-02	-1.051586e-02
921           	-2.627121e-03	1.013334e+00	-2.629102e-02	-1.577263e-02	-1.051839e-02
922           	-2.627113e-03	1.013335e+00	-2.629623e-02	-1.577523e-02	-1.052100e-02
923           	-2.627104e-03	1.013336e+00	-2.630163e-02	-1.577792e-02	-1.052371e-02
924           	-2.627094e-03	1.013337e+00	-2.630718e-02	-1.578069e-02	-1.052650e-02
925           	-2.627083e-03	1.013338e+00	-2.631289e-02	-1.578353e-02	-1.052936e-02
926           	-2.627070e-03	1.013340e+00	-2.631866e-02	-1.578640e-02	-1.053226e-02
927           	-2.627056e-03	1.013341e+00	-2.632453e-02	-1.578932e-02	-1.053521e-02
928           	-2.627040e-03	1.013342e+00	-2.633033e-02	-1.579221e-02	-1.053813e-02
929           	-2.627023e-03	1.013344e+00	-2.633610e-02	-1.579507e-02	-1.054103e-02
930           	-2.627005e-03	1.013345e+00	-2.634180e-02	-1.579790e-02	-1.054389e-02
931           	-2.626985e-03	1.013347e+00	-2.634736e-02	-1.580067e-02	-1.054670e-02
932           	-2.626965e-03	1.013348e+00	-2.635280e-02	-1.580336e-02	-1.054943e-02
933           	-2.626944e-03	1.013350e+00	-2.635811e-02	-1.580600e-02	-1.055211e-02
934           	-2.626922e-03	1.013351e+00	-2.636324e-02	-1.580854e-02	-1.055470e-02
935           	-2.626899e-03	1.013353e+00	-2.636827e-02	-1.581103e-02	-1.055723e-02
936           	-2.626874e-03	1.013354e+00	-2.637313e-02	-1.581344e-02	-1.055969e-02
937           	-2.626850e-03	1.013355e+00	-2.637789e-02	-1.581579e-02	-1.056209e-02
938           	-2.626825e-03	1.013357e+00	-2.638251e-02	-1.581808e-02	-1.056443e-02
939           	-2.626799e-03	1.013358e+00	-2.638704e-02	-1.582032e-02	-1.056672e-02
940           	-2.626774e-03	1.013359e+00	-2.639142e-02	-1.582249e-02	-1.056894e-02
941           	-2.626747e-03	1.013361e+00	-2.639568e-02	-1.582459e-02	-1.057109e-02
942           	-2.626721e-03	1.013362e+00	-2.639977e-02	-1.582661e-02	-1.057316e-02
943           	-2.626694e-03	1.013363e+00	-2.640370e-02	-1.582854e-02	-1.057516e-02
944           	-2.626668e-03	1.013364e+00	-2.640742e-02	-1.583038e-02	-1.057704e-02
945           	-2.626641e-03	1.013365e+00	-2.641091e-02	-1.583210e-02	-1.057881e-02
946           	-2.626615e-03	1.013367e+00	-2.641412e-02	-1.583368e-02	-1.058045e-02
947           	-2.626589e-03	1.013368e+00	-2.641704e-02	-1.583511e-02	-1.058193e-02
948           	-2.626562e-03	1.013369e+00	-2.641966e-02	-1.583639e-02	-1.058327e-02
949           	-2.626536e-03	1.013369e+00	-2.642205e-02	-1.583756e-02	-1.058449e-02
950           	-2.626511e-03	1.013370e+00	-2.642418e-02	-1.583860e-02	-1.058558e-02
951           	-2.626488e-03	1.013372e+00	-2.642595e-02	-1.583946e-02	-1.058649e-02
952           	-2.626466e-03	1.013373e+00	-2.642730e-02	-1.584012e-02	-1.058718e-02
953           	-2.626445e-03	1.013374e+00	-2.642818e-02	-1.584054e-02	-1.058765e-02
954           	-2.626425e-03	1.013375e+00	-2.642859e-02	-1.584072e-02	-1.058787e-02
955           	-2.626406e-03	1.013376e+00	-2.642852e-02	-1.584067e-02	-1.058785e-02
956           	-2.626389e-03	1.013377e+00	-2.642800e-02	-1.584039e-02	-1.058761e-02
957           	-2.626373e-03	1.013377e+00	-2.642708e-02	-1.583991e-02	-1.058717e-02
958           	-2.626358e-03	1.013378e+00	-2.642578e-02	-1.583925e-02	-1.058653e-02
959           	-2.626344e-03	1.013379e+00	-2.642413e-02	-1.583841e-02	-1.058572e-02
960           	-2.626331e-03	1.013380e+00	-2.642216e-02	-1.583741e-02	-1.058475e-02
961           	-2.626319e-03	1.013380e+00	-2.641993e-02	-1.583628e-02	-1.058365e-02
962           	-2.626308e-03	1.013381e+00	-2.641744e-02	-1.583503e-02	-1.058241e-02
963           	-2.626298e-03	1.013381e+00	-2.641472e-02	-1.583366e-02	-1.058106e-02
964           	-2.626288e-03	1.013382e+00	-2.641178e-02	-1.583218e-02	-1.057960e-02
965           	-2.626280e-03	1.013382e+00	-2.640863e-02	-1.583060e-02	-1.057804e-02
966           	-2.626273e-03	1.013382e+00	-2.640530e-02	-1.582892e-02	-1.057638e-02
967           	-2.626267e-03	1.013382e+00	-2.640180e-02	-1.582717e-02	-1.057463e-02
968           	-2.626263e-03	1.013382e+00	-2.639811e-02	-1.582532e-02	-1.057279e-02
969           	-2.626259e-03	1.013381e+00	-2.639424e-02	-1.582338e-02	-1.057086e-02
970           	-2.626256e-03	1.013381e+00	-2.639021e-02	-1.582136e-02	-1.056885e-02
971           	-2.626255e-03	1.013380e+00	-2.638601e-02	-1.581926e-02	-1.056675e-02
972           	-2.626255e-03	1.013380e+00	-2.638169e-02	-1.581710e-02	-1.056459e-02
973           	-2.626256e-03	1.013379e+00	-2.637727e-02	-1.581489e-02	-1.056238e-02
974           	-2.626258e-03	1.013379e+00	-2.637274e-02	-1.581263e-02	-1.056011e-02
975           	-2.626262e-03	1.013378e+00	-2.636813e-02	-1.581033e-02	-1.055780e-02
976           	-2.626268e-03	1.013377e+00	-2.636342e-02	-1.580798e-02	-1.055544e-02
977           	-2.626275e-03	1.013376e+00	-2.635864e-02	-1.580559e-02	-1.055304e-02
978           	-2.626283e-03	1.013375e+00	-2.635378e-02	-1.580317e-02	-1.055061e-02
979           	-2.626293e-03	1.013374e+00	-2.634888e-02	-1.580073e-02	-1.054815e-02
980           	-2.626304e-03	1.013374e+00	-2.634389e-02	-1.579825e-02	-1.054564e-02
981           	-2.626316e-03	1.013373e+00	-2.633887e-02	-1.579575e-02	-1.054312e-02
982           	-2.626329e-03	1.013372e+00	-2.633382e-02	-1.579324e-02	-1.054058e-02
983           	-2.626343e-03	1.013370e+00	-2.632870e-02	-1.579069e-02	-1.053801e-02
984           	-2.626358e-03	1.013369e+00	-2.632361e-02	-1.578816e-02	-1.053545e-02
985           	-2.626373e-03	1.013368e+00	-2.631858e-02	-1.578566e-02	-1.053291e-02
986           	-2.626389e-03	1.013367e+00	-2.631357e-02	-1.578318e-02	-1.053040e-02
987           	-2.626405e-03	1.013366e+00	-2.630871e-02	-1.578076e-02	-1.052795e-02
988           	-2.626422e-03	1.013365e+00	-2.630392e-02	-1.577838e-02	-1.052554e-02
989           	-2.626439e-03	1.013363e+00	-2.629931e-02	-1.577609e-02	-1.052321e-02
990           	-2.626457e-03	1.013362e+00	-2.629481e-02	-1.577386e-02	-1.052095e-02
991           	-2.626475e-03	1.013361e+00	-2.629050e-02	-1.577172e-02	-1.051877e-02
992           	-2.626493e-03	1.013360e+00	-2.628631e-02	-1.576965e-02	-1.051666e-02
993           	-2.626511e-03	1.013358e+00	-2.628225e-02	-1.576764e-02	-1.051462e-02
994           	-2.626530e-03	1.013357e+00	-2.627834e-02	-1.576570e-02	-1.051264e-02
995           	-2.626548e-03	1.013356e+00	-2.627453e-02	-1.576381e-02	-1.051072e-02
996           	-2.626566e-03	1.013354e+00	-2.627086e-02	-1.576199e-02	-1.050886e-02
997           	-2.626584e-03	1.013353e+00	-2.626734e-02	-1.576025e-02	-1.050709e-02
998           	-2.626603e-03	1.013352e+00	-2.626396e-02	-1.575858e-02	-1.050538e-02
999           	-2.626621e-03	1.013351e+00	-2.626073e-02	-1.575699e-02	-1.050374e-02
1000          	-2.626639e-03	1.013350e+00	-2.625763e-02	-1.575545e-02	-1.050218e-02
