# Force coefficients
# liftDir     : (0.000000e+00 0.000000e+00 1.000000e+00)
# dragDir     : (0.000000e+00 1.000000e+00 0.000000e+00)
# pitchAxis   : (1.000000e+00 0.000000e+00 0.000000e+00)
# magUInf     : 5.493176e-02
# lRef        : 4.000000e+00
# Aref        : 2.562000e-02
# CofR        : (0.000000e+00 0.000000e+00 0.000000e+00)
# Time        	Cm            	Cd            	Cl            	Cl(f)         	Cl(r)         
1             	-1.443573e-03	3.364869e-01	-3.823101e-02	-2.055908e-02	-1.767193e-02
2             	-3.764434e-03	9.687771e-01	-9.682539e-02	-5.217713e-02	-4.464826e-02
3             	-3.852392e-03	1.123609e+00	-4.883308e-02	-2.826893e-02	-2.056415e-02
4             	-2.864717e-03	1.018520e+00	2.393839e-02	9.104476e-03	1.483391e-02
5             	-2.086721e-03	9.160662e-01	6.238491e-02	2.910574e-02	3.327918e-02
6             	-1.728361e-03	8.630206e-01	7.191244e-02	3.422786e-02	3.768458e-02
7             	-1.598148e-03	8.358197e-01	6.452568e-02	3.066469e-02	3.386099e-02
8             	-1.800867e-03	8.624403e-01	4.664711e-02	2.152269e-02	2.512442e-02
9             	-1.995815e-03	8.840313e-01	3.560065e-02	1.580451e-02	1.979614e-02
10            	-2.177987e-03	9.108682e-01	2.327405e-02	9.459040e-03	1.381501e-02
11            	-2.294600e-03	9.301590e-01	1.437235e-02	4.891574e-03	9.480774e-03
12            	-2.379654e-03	9.447414e-01	6.567792e-03	9.042415e-04	5.663550e-03
13            	-2.421641e-03	9.526508e-01	-3.997098e-03	-4.420190e-03	4.230916e-04
14            	-2.391755e-03	9.480120e-01	-1.157417e-02	-8.178839e-03	-3.395328e-03
15            	-2.355621e-03	9.400170e-01	-1.601169e-02	-1.036146e-02	-5.650223e-03
16            	-2.342975e-03	9.336431e-01	-1.941763e-02	-1.205179e-02	-7.365837e-03
17            	-2.363340e-03	9.309642e-01	-2.179565e-02	-1.326116e-02	-8.534484e-03
18            	-2.412726e-03	9.321451e-01	-2.251454e-02	-1.366999e-02	-8.844541e-03
19            	-2.479857e-03	9.358364e-01	-2.107541e-02	-1.301756e-02	-8.057849e-03
20            	-2.555142e-03	9.410104e-01	-1.813144e-02	-1.162086e-02	-6.510578e-03
21            	-2.631234e-03	9.468871e-01	-1.445324e-02	-9.857855e-03	-4.595387e-03
22            	-2.701738e-03	9.526343e-01	-1.075918e-02	-8.081328e-03	-2.677852e-03
23            	-2.762863e-03	9.576784e-01	-7.607598e-03	-6.566662e-03	-1.040936e-03
24            	-2.809850e-03	9.616370e-01	-5.341219e-03	-5.480459e-03	1.392407e-04
25            	-2.839595e-03	9.644318e-01	-4.009200e-03	-4.844195e-03	8.349947e-04
26            	-2.857336e-03	9.664623e-01	-3.418999e-03	-4.566835e-03	1.147836e-03
27            	-2.868395e-03	9.682425e-01	-3.188896e-03	-4.462844e-03	1.273947e-03
28            	-2.873043e-03	9.695208e-01	-3.315897e-03	-4.530991e-03	1.215094e-03
29            	-2.871455e-03	9.702995e-01	-3.683888e-03	-4.713399e-03	1.029511e-03
30            	-2.865227e-03	9.707352e-01	-4.235017e-03	-4.982735e-03	7.477183e-04
31            	-2.856925e-03	9.710995e-01	-4.907864e-03	-5.310857e-03	4.029928e-04
32            	-2.848785e-03	9.716061e-01	-5.583875e-03	-5.640723e-03	5.684781e-05
33            	-2.842337e-03	9.723889e-01	-6.185274e-03	-5.934974e-03	-2.502999e-04
34            	-2.838462e-03	9.735218e-01	-6.669280e-03	-6.173102e-03	-4.961780e-04
35            	-2.838315e-03	9.752069e-01	-7.038343e-03	-6.357487e-03	-6.808565e-04
36            	-2.841183e-03	9.772575e-01	-7.315221e-03	-6.498793e-03	-8.164280e-04
37            	-2.846796e-03	9.796513e-01	-7.550758e-03	-6.622175e-03	-9.285830e-04
38            	-2.854126e-03	9.822615e-01	-7.806669e-03	-6.757460e-03	-1.049209e-03
39            	-2.861748e-03	9.848833e-01	-8.140202e-03	-6.931849e-03	-1.208353e-03
40            	-2.868170e-03	9.872546e-01	-8.589517e-03	-7.162929e-03	-1.426589e-03
41            	-2.872196e-03	9.891520e-01	-9.150279e-03	-7.447335e-03	-1.702944e-03
42            	-2.872930e-03	9.903717e-01	-9.754800e-03	-7.750330e-03	-2.004469e-03
43            	-2.869592e-03	9.907275e-01	-1.028186e-02	-8.010522e-03	-2.271337e-03
44            	-2.864826e-03	9.905796e-01	-1.071970e-02	-8.224674e-03	-2.495023e-03
45            	-2.858212e-03	9.899747e-01	-1.108500e-02	-8.400714e-03	-2.684289e-03
46            	-2.850091e-03	9.889282e-01	-1.133435e-02	-8.517267e-03	-2.817084e-03
47            	-2.841297e-03	9.874902e-01	-1.139429e-02	-8.538442e-03	-2.855849e-03
48            	-2.832837e-03	9.858173e-01	-1.121184e-02	-8.438755e-03	-2.773082e-03
49            	-2.825369e-03	9.840227e-01	-1.070602e-02	-8.178379e-03	-2.527641e-03
50            	-2.819500e-03	9.823058e-01	-9.891246e-03	-7.765123e-03	-2.126123e-03
51            	-2.815951e-03	9.808703e-01	-8.808839e-03	-7.220370e-03	-1.588469e-03
52            	-2.815373e-03	9.799848e-01	-7.578236e-03	-6.604491e-03	-9.737452e-04
53            	-2.818279e-03	9.797907e-01	-6.227112e-03	-5.931835e-03	-2.952765e-04
54            	-2.825224e-03	9.804425e-01	-4.787114e-03	-5.218781e-03	4.316671e-04
55            	-2.836333e-03	9.820349e-01	-3.332872e-03	-4.502769e-03	1.169897e-03
56            	-2.851272e-03	9.845947e-01	-1.988827e-03	-3.845685e-03	1.856858e-03
57            	-2.871965e-03	9.884352e-01	-8.026687e-04	-3.273300e-03	2.470631e-03
58            	-2.896154e-03	9.932745e-01	9.937995e-05	-2.846464e-03	2.945844e-03
59            	-2.920615e-03	9.984587e-01	6.116984e-04	-2.614766e-03	3.226465e-03
60            	-2.942818e-03	1.003508e+00	6.800114e-04	-2.602812e-03	3.282823e-03
61            	-2.960017e-03	1.007894e+00	3.265222e-04	-2.796755e-03	3.123278e-03
62            	-2.969512e-03	1.011070e+00	-4.016228e-04	-3.170323e-03	2.768700e-03
63            	-2.968715e-03	1.012359e+00	-1.381912e-03	-3.659671e-03	2.277759e-03
64            	-2.957758e-03	1.011408e+00	-2.407543e-03	-4.161530e-03	1.753987e-03
65            	-2.940325e-03	1.008637e+00	-3.391970e-03	-4.636310e-03	1.244340e-03
66            	-2.918126e-03	1.004190e+00	-4.234119e-03	-5.035186e-03	8.010666e-04
67            	-2.893841e-03	9.985718e-01	-4.887785e-03	-5.337733e-03	4.499484e-04
68            	-2.870271e-03	9.924703e-01	-5.366907e-03	-5.553724e-03	1.868176e-04
69            	-2.848724e-03	9.863548e-01	-5.689469e-03	-5.693458e-03	3.989832e-06
70            	-2.831004e-03	9.808554e-01	-5.870217e-03	-5.766112e-03	-1.041048e-04
71            	-2.817671e-03	9.762356e-01	-5.867408e-03	-5.751375e-03	-1.160327e-04
72            	-2.810041e-03	9.728348e-01	-5.643396e-03	-5.631739e-03	-1.165683e-05
73            	-2.807534e-03	9.705426e-01	-5.018414e-03	-5.316741e-03	2.983267e-04
74            	-2.806937e-03	9.689639e-01	-3.707516e-03	-4.660695e-03	9.531789e-04
75            	-2.805359e-03	9.677312e-01	-1.227432e-03	-3.419075e-03	2.191644e-03
76            	-2.804241e-03	9.673342e-01	2.303849e-03	-1.652317e-03	3.956166e-03
77            	-2.809400e-03	9.686432e-01	6.253678e-03	3.174391e-04	5.936239e-03
78            	-2.828984e-03	9.726990e-01	9.926052e-03	2.134041e-03	7.792010e-03
79            	-2.863275e-03	9.795687e-01	1.280548e-02	3.539464e-03	9.266014e-03
80            	-2.904209e-03	9.879098e-01	1.453785e-02	4.364714e-03	1.017313e-02
81            	-2.943768e-03	9.964669e-01	1.505324e-02	4.582851e-03	1.047039e-02
82            	-2.975872e-03	1.004177e+00	1.455933e-02	4.303791e-03	1.025553e-02
83            	-2.998494e-03	1.010558e+00	1.338137e-02	3.692190e-03	9.689178e-03
84            	-3.011293e-03	1.015531e+00	1.169606e-02	2.836739e-03	8.859324e-03
85            	-3.012183e-03	1.018474e+00	9.711490e-03	1.843563e-03	7.867928e-03
86            	-3.002597e-03	1.019208e+00	7.716777e-03	8.557916e-04	6.860985e-03
87            	-2.983803e-03	1.017753e+00	5.893552e-03	-3.702693e-05	5.930578e-03
88            	-2.958242e-03	1.014427e+00	4.321202e-03	-7.976411e-04	5.118843e-03
89            	-2.928699e-03	1.009495e+00	3.035641e-03	-1.410879e-03	4.446519e-03
90            	-2.898811e-03	1.003424e+00	1.991080e-03	-1.903271e-03	3.894351e-03
91            	-2.872606e-03	9.968301e-01	1.137890e-03	-2.303661e-03	3.441552e-03
92            	-2.851865e-03	9.902603e-01	4.613920e-04	-2.621169e-03	3.082561e-03
93            	-2.836927e-03	9.842638e-01	-1.018793e-04	-2.887867e-03	2.785988e-03
94            	-2.828463e-03	9.794453e-01	-6.766959e-04	-3.166811e-03	2.490115e-03
95            	-2.823777e-03	9.757558e-01	-1.258769e-03	-3.453162e-03	2.194393e-03
96            	-2.822660e-03	9.733273e-01	-1.719161e-03	-3.682241e-03	1.963080e-03
97            	-2.826360e-03	9.722737e-01	-1.825514e-03	-3.739117e-03	1.913603e-03
98            	-2.833932e-03	9.725424e-01	-1.379470e-03	-3.523667e-03	2.144197e-03
99            	-2.842256e-03	9.737994e-01	-3.722858e-04	-3.028399e-03	2.656113e-03
100           	-2.848477e-03	9.757939e-01	1.032919e-03	-2.332018e-03	3.364937e-03
101           	-2.856286e-03	9.790285e-01	2.642442e-03	-1.535065e-03	4.177507e-03
102           	-2.870055e-03	9.837949e-01	4.137290e-03	-8.014101e-04	4.938700e-03
103           	-2.890348e-03	9.898356e-01	5.088214e-03	-3.462409e-04	5.434455e-03
104           	-2.912340e-03	9.961578e-01	5.354438e-03	-2.351207e-04	5.589559e-03
105           	-2.931694e-03	1.002021e+00	5.138191e-03	-3.625978e-04	5.500789e-03
106           	-2.944066e-03	1.006488e+00	4.975945e-03	-4.560935e-04	5.432038e-03
107           	-2.948258e-03	1.009212e+00	5.364721e-03	-2.658969e-04	5.630618e-03
108           	-2.947522e-03	1.010547e+00	6.339033e-03	2.219941e-04	6.117038e-03
109           	-2.944597e-03	1.010882e+00	7.568063e-03	8.394343e-04	6.728628e-03
110           	-2.941213e-03	1.010481e+00	8.569255e-03	1.343414e-03	7.225840e-03
111           	-2.936315e-03	1.009246e+00	8.961468e-03	1.544418e-03	7.417049e-03
112           	-2.927575e-03	1.006946e+00	8.556092e-03	1.350471e-03	7.205621e-03
113           	-2.913339e-03	1.003475e+00	7.443807e-03	8.085643e-04	6.635243e-03
114           	-2.894575e-03	9.990778e-01	5.875896e-03	4.337268e-05	5.832524e-03
115           	-2.874382e-03	9.942549e-01	4.138052e-03	-8.053558e-04	4.943408e-03
116           	-2.856025e-03	9.895411e-01	2.507309e-03	-1.602370e-03	4.109679e-03
117           	-2.842022e-03	9.853840e-01	1.225101e-03	-2.229472e-03	3.454573e-03
118           	-2.833944e-03	9.821544e-01	4.274444e-04	-2.620222e-03	3.047666e-03
119           	-2.831108e-03	9.798175e-01	2.052943e-04	-2.728460e-03	2.933755e-03
120           	-2.830484e-03	9.780789e-01	7.313450e-04	-2.464811e-03	3.196156e-03
121           	-2.827099e-03	9.762852e-01	2.384411e-03	-1.634893e-03	4.019304e-03
122           	-2.819705e-03	9.744776e-01	5.378022e-03	-1.306939e-04	5.508716e-03
123           	-2.813967e-03	9.737990e-01	9.193616e-03	1.782841e-03	7.410775e-03
124           	-2.817149e-03	9.753106e-01	1.290487e-02	3.635288e-03	9.269585e-03
125           	-2.833638e-03	9.795579e-01	1.562314e-02	4.977934e-03	1.064521e-02
126           	-2.858691e-03	9.856194e-01	1.687796e-02	5.580291e-03	1.129767e-02
127           	-2.885685e-03	9.922564e-01	1.651585e-02	5.372240e-03	1.114361e-02
128           	-2.910856e-03	9.985940e-01	1.482604e-02	4.502163e-03	1.032387e-02
129           	-2.932123e-03	1.004059e+00	1.256644e-02	3.351094e-03	9.215341e-03
130           	-2.950989e-03	1.009112e+00	1.011819e-02	2.108104e-03	8.010082e-03
131           	-2.966470e-03	1.013829e+00	7.613083e-03	8.400712e-04	6.773012e-03
132           	-2.975242e-03	1.017796e+00	5.234187e-03	-3.581481e-04	5.592335e-03
133           	-2.973749e-03	1.020087e+00	3.384647e-03	-1.281425e-03	4.666072e-03
134           	-2.960460e-03	1.019998e+00	2.294261e-03	-1.813330e-03	4.107590e-03
135           	-2.937615e-03	1.017507e+00	1.889923e-03	-1.992654e-03	3.882577e-03
136           	-2.908740e-03	1.012905e+00	1.946852e-03	-1.935314e-03	3.882166e-03
137           	-2.877367e-03	1.006654e+00	2.216436e-03	-1.769149e-03	3.985585e-03
138           	-2.847298e-03	9.994361e-01	2.496409e-03	-1.599093e-03	4.095502e-03
139           	-2.821185e-03	9.919428e-01	2.735499e-03	-1.453435e-03	4.188934e-03
140           	-2.800595e-03	9.848552e-01	2.983207e-03	-1.308991e-03	4.292198e-03
141           	-2.788689e-03	9.791419e-01	3.145112e-03	-1.216133e-03	4.361245e-03
142           	-2.785965e-03	9.753178e-01	3.148259e-03	-1.211836e-03	4.360095e-03
143           	-2.792030e-03	9.734125e-01	3.004979e-03	-1.289541e-03	4.294519e-03
144           	-2.804822e-03	9.730098e-01	2.797977e-03	-1.405834e-03	4.203811e-03
145           	-2.819524e-03	9.735127e-01	2.501912e-03	-1.568568e-03	4.070480e-03
146           	-2.834059e-03	9.748308e-01	2.167916e-03	-1.750101e-03	3.918017e-03
147           	-2.849215e-03	9.773241e-01	1.852929e-03	-1.922750e-03	3.775679e-03
148           	-2.868187e-03	9.814722e-01	1.781512e-03	-1.977431e-03	3.758943e-03
149           	-2.892801e-03	9.873143e-01	2.164877e-03	-1.810363e-03	3.975239e-03
150           	-2.919112e-03	9.938429e-01	2.969211e-03	-1.434506e-03	4.403717e-03
151           	-2.943003e-03	1.000240e+00	3.980509e-03	-9.527485e-04	4.933257e-03
152           	-2.957914e-03	1.005255e+00	4.917373e-03	-4.992270e-04	5.416600e-03
153           	-2.959035e-03	1.007693e+00	5.683390e-03	-1.173396e-04	5.800730e-03
154           	-2.950729e-03	1.008056e+00	6.304628e-03	2.015850e-04	6.103043e-03
155           	-2.937607e-03	1.007024e+00	6.642542e-03	3.836637e-04	6.258878e-03
156           	-2.922471e-03	1.005128e+00	6.480720e-03	3.178887e-04	6.162831e-03
157           	-2.907256e-03	1.002814e+00	5.679981e-03	-6.726585e-05	5.747246e-03
158           	-2.893407e-03	1.000370e+00	4.313128e-03	-7.368434e-04	5.049971e-03
159           	-2.880154e-03	9.976869e-01	2.645598e-03	-1.557355e-03	4.202953e-03
160           	-2.867641e-03	9.948299e-01	1.054344e-03	-2.340469e-03	3.394813e-03
161           	-2.855915e-03	9.918037e-01	-1.141237e-04	-2.912977e-03	2.798853e-03
162           	-2.845882e-03	9.887949e-01	-6.363388e-04	-3.164052e-03	2.527713e-03
163           	-2.838388e-03	9.860773e-01	-4.808237e-04	-3.078800e-03	2.597976e-03
164           	-2.833361e-03	9.837650e-01	2.758616e-04	-2.695430e-03	2.971292e-03
165           	-2.832551e-03	9.823378e-01	1.455280e-03	-2.104911e-03	3.560191e-03
166           	-2.836411e-03	9.821027e-01	2.912651e-03	-1.380086e-03	4.292737e-03
167           	-2.845849e-03	9.833115e-01	4.467048e-03	-6.123246e-04	5.079373e-03
168           	-2.860714e-03	9.859257e-01	5.953041e-03	1.158069e-04	5.837235e-03
169           	-2.881768e-03	9.900234e-01	7.185988e-03	7.112261e-04	6.474762e-03
170           	-2.909915e-03	9.957499e-01	7.932539e-03	1.056354e-03	6.876185e-03
171           	-2.941774e-03	1.002493e+00	8.061565e-03	1.089008e-03	6.972557e-03
172           	-2.973595e-03	1.009634e+00	7.330790e-03	6.918000e-04	6.638990e-03
173           	-2.997848e-03	1.015997e+00	5.640572e-03	-1.775626e-04	5.818134e-03
174           	-3.008046e-03	1.020337e+00	3.230741e-03	-1.392676e-03	4.623417e-03
175           	-3.003108e-03	1.022075e+00	6.027065e-04	-2.701755e-03	3.304462e-03
176           	-2.984235e-03	1.020957e+00	-1.754145e-03	-3.861308e-03	2.107163e-03
177           	-2.954508e-03	1.017011e+00	-3.428340e-03	-4.668678e-03	1.240338e-03
178           	-2.918662e-03	1.010765e+00	-4.320769e-03	-5.079047e-03	7.582777e-04
179           	-2.881423e-03	1.002938e+00	-4.636287e-03	-5.199567e-03	5.632796e-04
180           	-2.848385e-03	9.946715e-01	-4.670563e-03	-5.183667e-03	5.131032e-04
181           	-2.822547e-03	9.867262e-01	-4.634793e-03	-5.139943e-03	5.051501e-04
182           	-2.805646e-03	9.798410e-01	-4.623491e-03	-5.117391e-03	4.939003e-04
183           	-2.796055e-03	9.742155e-01	-4.559808e-03	-5.075959e-03	5.161509e-04
184           	-2.787864e-03	9.692496e-01	-4.240575e-03	-4.908152e-03	6.675763e-04
185           	-2.776761e-03	9.646037e-01	-3.501554e-03	-4.527538e-03	1.025984e-03
186           	-2.762751e-03	9.605784e-01	-2.428702e-03	-3.977101e-03	1.548400e-03
187           	-2.752691e-03	9.582858e-01	-1.500226e-03	-3.502804e-03	2.002578e-03
188           	-2.754454e-03	9.587610e-01	-1.301286e-03	-3.405097e-03	2.103811e-03
189           	-2.770703e-03	9.623122e-01	-2.332002e-03	-3.936705e-03	1.604702e-03
190           	-2.799542e-03	9.685768e-01	-4.743788e-03	-5.171436e-03	4.276481e-04
191           	-2.836481e-03	9.768129e-01	-8.194414e-03	-6.933687e-03	-1.260726e-03
192           	-2.873344e-03	9.853999e-01	-1.164409e-02	-8.695390e-03	-2.948702e-03
193           	-2.904278e-03	9.934919e-01	-1.442892e-02	-1.011874e-02	-4.310179e-03
194           	-2.926253e-03	1.000804e+00	-1.615375e-02	-1.100313e-02	-5.150620e-03
195           	-2.935045e-03	1.006285e+00	-1.626207e-02	-1.106608e-02	-5.195991e-03
196           	-2.929180e-03	1.008929e+00	-1.445294e-02	-1.015565e-02	-4.297292e-03
197           	-2.912236e-03	1.008910e+00	-1.102750e-02	-8.425983e-03	-2.601512e-03
198           	-2.890233e-03	1.007088e+00	-6.630877e-03	-6.205672e-03	-4.252049e-04
199           	-2.871510e-03	1.004741e+00	-1.841889e-03	-3.792455e-03	1.950566e-03
200           	-2.857650e-03	1.002230e+00	2.295353e-03	-1.709974e-03	4.005327e-03
201           	-2.849130e-03	9.998235e-01	5.457688e-03	-1.202865e-04	5.577974e-03
202           	-2.844652e-03	9.975838e-01	7.424157e-03	8.674264e-04	6.556730e-03
203           	-2.842712e-03	9.955756e-01	8.214910e-03	1.264743e-03	6.950167e-03
204           	-2.841313e-03	9.937267e-01	8.033348e-03	1.175360e-03	6.857987e-03
205           	-2.838339e-03	9.918817e-01	7.223755e-03	7.735391e-04	6.450216e-03
206           	-2.833252e-03	9.901128e-01	6.266044e-03	2.997695e-04	5.966274e-03
207           	-2.827802e-03	9.886728e-01	5.653181e-03	-1.211343e-06	5.654392e-03
208           	-2.824791e-03	9.878299e-01	5.646704e-03	-1.439020e-06	5.648143e-03
209           	-2.826835e-03	9.877307e-01	6.273699e-03	3.100149e-04	5.963684e-03
210           	-2.834409e-03	9.883338e-01	7.227861e-03	7.795216e-04	6.448339e-03
211           	-2.846732e-03	9.895455e-01	8.011082e-03	1.158810e-03	6.852273e-03
212           	-2.861716e-03	9.911663e-01	8.147086e-03	1.211827e-03	6.935260e-03
213           	-2.876816e-03	9.929452e-01	7.407197e-03	8.267825e-04	6.580414e-03
214           	-2.889997e-03	9.946693e-01	5.954738e-03	8.737226e-05	5.867366e-03
215           	-2.900784e-03	9.963215e-01	3.888951e-03	-9.563086e-04	4.845259e-03
216           	-2.909149e-03	9.980215e-01	1.436832e-03	-2.190733e-03	3.627565e-03
217           	-2.915817e-03	9.999048e-01	-1.017162e-03	-3.424398e-03	2.407236e-03
218           	-2.922064e-03	1.002117e+00	-3.123146e-03	-4.483637e-03	1.360491e-03
219           	-2.927422e-03	1.004383e+00	-4.503252e-03	-5.179047e-03	6.757959e-04
220           	-2.929892e-03	1.006128e+00	-5.051441e-03	-5.455613e-03	4.041719e-04
221           	-2.929062e-03	1.007095e+00	-4.940427e-03	-5.399276e-03	4.588483e-04
222           	-2.924570e-03	1.007109e+00	-4.444799e-03	-5.146969e-03	7.021704e-04
223           	-2.916044e-03	1.006031e+00	-3.827017e-03	-4.829553e-03	1.002535e-03
224           	-2.904249e-03	1.003963e+00	-3.273673e-03	-4.541086e-03	1.267413e-03
225           	-2.890551e-03	1.001123e+00	-2.806914e-03	-4.294008e-03	1.487093e-03
226           	-2.876402e-03	9.977511e-01	-2.334505e-03	-4.043655e-03	1.709150e-03
227           	-2.862950e-03	9.940410e-01	-1.743338e-03	-3.734618e-03	1.991281e-03
228           	-2.851730e-03	9.902980e-01	-9.604833e-04	-3.331972e-03	2.371489e-03
229           	-2.846217e-03	9.873121e-01	-8.763289e-05	-2.890033e-03	2.802400e-03
230           	-2.847007e-03	9.855918e-01	7.912501e-04	-2.451382e-03	3.242632e-03
231           	-2.853139e-03	9.852722e-01	1.596424e-03	-2.054927e-03	3.651350e-03
232           	-2.861963e-03	9.859738e-01	2.298151e-03	-1.712888e-03	4.011039e-03
233           	-2.871964e-03	9.873953e-01	2.922660e-03	-1.410634e-03	4.333294e-03
234           	-2.882297e-03	9.893078e-01	3.530224e-03	-1.117185e-03	4.647409e-03
235           	-2.892317e-03	9.915419e-01	4.192906e-03	-7.958636e-04	4.988770e-03
236           	-2.901917e-03	9.940896e-01	4.945500e-03	-4.291673e-04	5.374668e-03
237           	-2.912459e-03	9.970801e-01	5.777467e-03	-2.372493e-05	5.801192e-03
238           	-2.926694e-03	1.000864e+00	6.585017e-03	3.658143e-04	6.219203e-03
239           	-2.944187e-03	1.005084e+00	7.111375e-03	6.115002e-04	6.499874e-03
240           	-2.959216e-03	1.008884e+00	7.087486e-03	5.845274e-04	6.502959e-03
241           	-2.964113e-03	1.010957e+00	6.429460e-03	2.506170e-04	6.178843e-03
242           	-2.955479e-03	1.010684e+00	5.391851e-03	-2.595535e-04	5.651405e-03
243           	-2.935516e-03	1.008239e+00	4.387136e-03	-7.419482e-04	5.129084e-03
244           	-2.911197e-03	1.004684e+00	3.644658e-03	-1.088868e-03	4.733526e-03
245           	-2.888803e-03	1.000887e+00	3.148644e-03	-1.314481e-03	4.463125e-03
246           	-2.872645e-03	9.975244e-01	2.778512e-03	-1.483389e-03	4.261901e-03
247           	-2.862485e-03	9.946160e-01	2.614668e-03	-1.555151e-03	4.169819e-03
248           	-2.854814e-03	9.916944e-01	2.899854e-03	-1.404887e-03	4.304741e-03
249           	-2.849238e-03	9.887321e-01	3.913630e-03	-8.924233e-04	4.806053e-03
250           	-2.848697e-03	9.864453e-01	5.639635e-03	-2.887932e-05	5.668514e-03
251           	-2.854095e-03	9.856692e-01	7.511479e-03	9.016440e-04	6.609835e-03
252           	-2.862437e-03	9.863067e-01	8.962068e-03	1.618597e-03	7.343472e-03
253           	-2.869221e-03	9.875485e-01	9.534507e-03	1.898033e-03	7.636475e-03
254           	-2.871559e-03	9.886168e-01	9.084231e-03	1.670557e-03	7.413674e-03
255           	-2.870860e-03	9.893882e-01	7.841480e-03	1.049880e-03	6.791600e-03
256           	-2.870973e-03	9.902699e-01	6.175616e-03	2.168346e-04	5.958781e-03
257           	-2.874317e-03	9.916117e-01	4.422319e-03	-6.631578e-04	5.085476e-03
258           	-2.880428e-03	9.935914e-01	2.654218e-03	-1.553319e-03	4.207537e-03
259           	-2.889782e-03	9.964922e-01	1.033965e-03	-2.372800e-03	3.406765e-03
260           	-2.901817e-03	1.000177e+00	-2.010018e-04	-3.002318e-03	2.801316e-03
261           	-2.915857e-03	1.004406e+00	-8.996293e-04	-3.365672e-03	2.466042e-03
262           	-2.925441e-03	1.007765e+00	-1.040490e-03	-3.445686e-03	2.405196e-03
263           	-2.925367e-03	1.009313e+00	-6.629120e-04	-3.256823e-03	2.593911e-03
264           	-2.914130e-03	1.008699e+00	2.513787e-04	-2.788441e-03	3.039820e-03
265           	-2.897263e-03	1.006860e+00	1.705164e-03	-2.044681e-03	3.749845e-03
266           	-2.880154e-03	1.004610e+00	3.639744e-03	-1.060282e-03	4.700026e-03
267           	-2.865807e-03	1.002442e+00	5.834198e-03	5.129246e-05	5.782906e-03
268           	-2.855607e-03	1.000592e+00	8.174561e-03	1.231674e-03	6.942888e-03
269           	-2.849602e-03	9.990164e-01	1.059466e-02	2.447729e-03	8.146933e-03
270           	-2.847573e-03	9.976391e-01	1.306591e-02	3.685380e-03	9.380526e-03
271           	-2.849869e-03	9.964603e-01	1.549478e-02	4.897522e-03	1.059726e-02
272           	-2.855318e-03	9.955681e-01	1.744682e-02	5.868090e-03	1.157873e-02
273           	-2.863972e-03	9.953290e-01	1.834221e-02	6.307134e-03	1.203508e-02
274           	-2.872949e-03	9.957303e-01	1.780921e-02	6.031658e-03	1.177756e-02
275           	-2.877852e-03	9.962281e-01	1.595485e-02	5.099571e-03	1.085528e-02
276           	-2.876413e-03	9.963547e-01	1.317574e-02	3.711456e-03	9.464282e-03
277           	-2.869793e-03	9.960526e-01	9.965289e-03	2.112852e-03	7.852437e-03
278           	-2.861388e-03	9.956241e-01	6.800348e-03	5.387862e-04	6.261562e-03
279           	-2.854514e-03	9.953938e-01	4.095257e-03	-8.068855e-04	4.902142e-03
280           	-2.849321e-03	9.954223e-01	1.853581e-03	-1.922530e-03	3.776111e-03
281           	-2.847103e-03	9.960171e-01	8.150790e-05	-2.806349e-03	2.887857e-03
282           	-2.848811e-03	9.973105e-01	-1.119413e-03	-3.408517e-03	2.289104e-03
283           	-2.854232e-03	9.991943e-01	-1.661059e-03	-3.684761e-03	2.023702e-03
284           	-2.861177e-03	1.001310e+00	-1.643245e-03	-3.682800e-03	2.039554e-03
285           	-2.865933e-03	1.003094e+00	-1.312303e-03	-3.522085e-03	2.209782e-03
286           	-2.865053e-03	1.003972e+00	-8.619379e-04	-3.296022e-03	2.434084e-03
287           	-2.857760e-03	1.003747e+00	-3.185856e-04	-3.017053e-03	2.698468e-03
288           	-2.847649e-03	1.002955e+00	3.972470e-04	-2.649026e-03	3.046273e-03
289           	-2.838131e-03	1.002076e+00	1.414089e-03	-2.131087e-03	3.545175e-03
290           	-2.830589e-03	1.001297e+00	2.726035e-03	-1.467571e-03	4.193606e-03
291           	-2.825582e-03	1.000707e+00	4.375466e-03	-6.378492e-04	5.013316e-03
292           	-2.823444e-03	1.000351e+00	6.358403e-03	3.557577e-04	6.002646e-03
293           	-2.824784e-03	1.000228e+00	8.692982e-03	1.521707e-03	7.171275e-03
294           	-2.829401e-03	1.000284e+00	1.113192e-02	2.736560e-03	8.395362e-03
295           	-2.835428e-03	1.000411e+00	1.303001e-02	3.679577e-03	9.350432e-03
296           	-2.841162e-03	1.000533e+00	1.381849e-02	4.068083e-03	9.750407e-03
297           	-2.844219e-03	1.000448e+00	1.323612e-02	3.773839e-03	9.462277e-03
298           	-2.843725e-03	1.000064e+00	1.145655e-02	2.884551e-03	8.572002e-03
299           	-2.840237e-03	9.994442e-01	8.906341e-03	1.612934e-03	7.293407e-03
300           	-2.835561e-03	9.987895e-01	6.056761e-03	1.928189e-04	5.863942e-03
301           	-2.831163e-03	9.982625e-01	3.370067e-03	-1.146130e-03	4.516197e-03
302           	-2.827509e-03	9.979200e-01	9.343736e-04	-2.360322e-03	3.294696e-03
303           	-2.824756e-03	9.977839e-01	-1.249595e-03	-3.449554e-03	2.199958e-03
304           	-2.823286e-03	9.979533e-01	-3.221197e-03	-4.433885e-03	1.212688e-03
305           	-2.823449e-03	9.984818e-01	-4.949776e-03	-5.298337e-03	3.485613e-04
306           	-2.825164e-03	9.992568e-01	-6.293276e-03	-5.971802e-03	-3.214744e-04
307           	-2.827192e-03	1.000054e+00	-7.217774e-03	-6.436079e-03	-7.816949e-04
308           	-2.828215e-03	1.000665e+00	-7.737630e-03	-6.697030e-03	-1.040600e-03
309           	-2.827510e-03	1.000985e+00	-7.894177e-03	-6.774599e-03	-1.119579e-03
310           	-2.825369e-03	1.001050e+00	-7.667837e-03	-6.659288e-03	-1.008549e-03
311           	-2.822653e-03	1.000969e+00	-7.021308e-03	-6.333307e-03	-6.880014e-04
312           	-2.820154e-03	1.000845e+00	-5.989197e-03	-5.814752e-03	-1.744445e-04
313           	-2.818772e-03	1.000816e+00	-4.557156e-03	-5.097351e-03	5.401942e-04
314           	-2.818959e-03	1.000941e+00	-2.756892e-03	-4.197405e-03	1.440513e-03
315           	-2.820810e-03	1.001220e+00	-6.312273e-04	-3.136424e-03	2.505197e-03
316           	-2.824470e-03	1.001612e+00	1.826294e-03	-1.911323e-03	3.737617e-03
317           	-2.829195e-03	1.001999e+00	4.361075e-03	-6.486569e-04	5.009732e-03
318           	-2.833366e-03	1.002220e+00	6.388876e-03	3.610722e-04	6.027804e-03
319           	-2.836011e-03	1.002206e+00	7.505891e-03	9.169348e-04	6.588956e-03
320           	-2.836924e-03	1.001992e+00	7.488638e-03	9.073950e-04	6.581243e-03
321           	-2.836285e-03	1.001630e+00	6.407444e-03	3.674366e-04	6.040007e-03
322           	-2.834576e-03	1.001192e+00	4.509049e-03	-5.800513e-04	5.089100e-03
323           	-2.832670e-03	1.000772e+00	2.219287e-03	-1.723026e-03	3.942313e-03
324           	-2.830408e-03	1.000368e+00	-2.293183e-04	-2.945067e-03	2.715749e-03
325           	-2.827853e-03	1.000002e+00	-2.623395e-03	-4.139551e-03	1.516156e-03
326           	-2.825493e-03	9.997051e-01	-4.813330e-03	-5.232158e-03	4.188280e-04
327           	-2.823534e-03	9.995103e-01	-6.755837e-03	-6.201453e-03	-5.543844e-04
328           	-2.821940e-03	9.994039e-01	-8.476762e-03	-7.060321e-03	-1.416441e-03
329           	-2.820428e-03	9.993591e-01	-9.907899e-03	-7.774377e-03	-2.133521e-03
330           	-2.819106e-03	9.993241e-01	-1.091355e-02	-8.275883e-03	-2.637671e-03
331           	-2.817784e-03	9.992442e-01	-1.150342e-02	-8.569492e-03	-2.933924e-03
332           	-2.816677e-03	9.991302e-01	-1.174553e-02	-8.689440e-03	-3.056086e-03
333           	-2.815897e-03	9.990140e-01	-1.175874e-02	-8.695266e-03	-3.063472e-03
334           	-2.815508e-03	9.989209e-01	-1.164051e-02	-8.635764e-03	-3.004747e-03
335           	-2.815504e-03	9.988669e-01	-1.145350e-02	-8.542251e-03	-2.911244e-03
336           	-2.815859e-03	9.988514e-01	-1.121329e-02	-8.422502e-03	-2.790783e-03
337           	-2.816522e-03	9.988692e-01	-1.091930e-02	-8.276174e-03	-2.643129e-03
338           	-2.817479e-03	9.989133e-01	-1.056781e-02	-8.101386e-03	-2.466429e-03
339           	-2.818623e-03	9.989712e-01	-1.016515e-02	-7.901200e-03	-2.263954e-03
340           	-2.819948e-03	9.990397e-01	-9.698642e-03	-7.669269e-03	-2.029372e-03
341           	-2.821375e-03	9.991066e-01	-9.167600e-03	-7.405176e-03	-1.762425e-03
342           	-2.822625e-03	9.991257e-01	-8.613867e-03	-7.129558e-03	-1.484309e-03
343           	-2.823378e-03	9.990546e-01	-8.120788e-03	-6.883772e-03	-1.237016e-03
344           	-2.823557e-03	9.988848e-01	-7.748059e-03	-6.697587e-03	-1.050473e-03
345           	-2.823309e-03	9.986395e-01	-7.518495e-03	-6.582556e-03	-9.359388e-04
346           	-2.822850e-03	9.983516e-01	-7.426166e-03	-6.535933e-03	-8.902325e-04
347           	-2.822356e-03	9.980510e-01	-7.446714e-03	-6.545713e-03	-9.010012e-04
348           	-2.821936e-03	9.977564e-01	-7.548137e-03	-6.596004e-03	-9.521326e-04
349           	-2.821652e-03	9.974788e-01	-7.698192e-03	-6.670748e-03	-1.027444e-03
350           	-2.821489e-03	9.972193e-01	-7.869010e-03	-6.755994e-03	-1.113016e-03
351           	-2.821429e-03	9.969770e-01	-8.037237e-03	-6.840048e-03	-1.197189e-03
352           	-2.821430e-03	9.967427e-01	-8.184066e-03	-6.913463e-03	-1.270603e-03
353           	-2.821499e-03	9.965211e-01	-8.295476e-03	-6.969237e-03	-1.326239e-03
354           	-2.821630e-03	9.963107e-01	-8.361127e-03	-7.002194e-03	-1.358933e-03
355           	-2.821717e-03	9.960876e-01	-8.367191e-03	-7.005313e-03	-1.361878e-03
356           	-2.821896e-03	9.958738e-01	-8.313200e-03	-6.978495e-03	-1.334704e-03
357           	-2.822147e-03	9.956703e-01	-8.201578e-03	-6.922936e-03	-1.278642e-03
358           	-2.822422e-03	9.954718e-01	-8.036287e-03	-6.840566e-03	-1.195721e-03
359           	-2.822695e-03	9.952755e-01	-7.824638e-03	-6.735014e-03	-1.089623e-03
360           	-2.822954e-03	9.950774e-01	-7.573732e-03	-6.609819e-03	-9.639122e-04
361           	-2.823204e-03	9.948754e-01	-7.292004e-03	-6.469206e-03	-8.227981e-04
362           	-2.823463e-03	9.946717e-01	-6.990020e-03	-6.318472e-03	-6.715474e-04
363           	-2.823752e-03	9.944688e-01	-6.677112e-03	-6.162308e-03	-5.148035e-04
364           	-2.824088e-03	9.942691e-01	-6.360946e-03	-6.004561e-03	-3.563850e-04
365           	-2.824475e-03	9.940743e-01	-6.047889e-03	-5.848420e-03	-1.994695e-04
366           	-2.824906e-03	9.938850e-01	-5.743790e-03	-5.696801e-03	-4.698875e-05
367           	-2.825380e-03	9.937024e-01	-5.453301e-03	-5.552031e-03	9.873015e-05
368           	-2.825888e-03	9.935274e-01	-5.179721e-03	-5.415748e-03	2.360273e-04
369           	-2.826433e-03	9.933634e-01	-4.920369e-03	-5.286618e-03	3.662491e-04
370           	-2.826992e-03	9.932055e-01	-4.678503e-03	-5.166243e-03	4.877408e-04
371           	-2.827553e-03	9.930508e-01	-4.457663e-03	-5.056384e-03	5.987214e-04
372           	-2.828145e-03	9.929070e-01	-4.249958e-03	-4.953124e-03	7.031659e-04
373           	-2.828742e-03	9.927588e-01	-4.049440e-03	-4.853462e-03	8.040213e-04
374           	-2.829401e-03	9.926329e-01	-3.865989e-03	-4.762395e-03	8.964059e-04
375           	-2.830069e-03	9.925087e-01	-3.687021e-03	-4.673580e-03	9.865585e-04
376           	-2.830771e-03	9.923927e-01	-3.515936e-03	-4.588739e-03	1.072803e-03
377           	-2.831497e-03	9.922865e-01	-3.353460e-03	-4.508227e-03	1.154767e-03
378           	-2.832242e-03	9.921904e-01	-3.199215e-03	-4.431850e-03	1.232635e-03
379           	-2.833003e-03	9.921036e-01	-3.051988e-03	-4.358997e-03	1.307009e-03
380           	-2.833776e-03	9.920254e-01	-2.911390e-03	-4.289471e-03	1.378081e-03
381           	-2.834554e-03	9.919554e-01	-2.776532e-03	-4.222820e-03	1.446288e-03
382           	-2.835333e-03	9.918927e-01	-2.647547e-03	-4.159106e-03	1.511560e-03
383           	-2.836109e-03	9.918369e-01	-2.524531e-03	-4.098374e-03	1.573843e-03
384           	-2.836876e-03	9.917874e-01	-2.408010e-03	-4.040881e-03	1.632871e-03
385           	-2.837627e-03	9.917437e-01	-2.298101e-03	-3.986678e-03	1.688577e-03
386           	-2.838352e-03	9.917050e-01	-2.195009e-03	-3.935856e-03	1.740847e-03
387           	-2.839049e-03	9.916724e-01	-2.099094e-03	-3.888596e-03	1.789502e-03
388           	-2.839707e-03	9.916439e-01	-2.010620e-03	-3.845017e-03	1.834397e-03
389           	-2.840320e-03	9.916184e-01	-1.929904e-03	-3.805272e-03	1.875368e-03
390           	-2.840863e-03	9.915954e-01	-1.861804e-03	-3.771765e-03	1.909961e-03
391           	-2.841331e-03	9.915741e-01	-1.804103e-03	-3.743382e-03	1.939279e-03
392           	-2.841742e-03	9.915546e-01	-1.756586e-03	-3.720035e-03	1.963450e-03
393           	-2.842112e-03	9.915370e-01	-1.719724e-03	-3.701973e-03	1.982250e-03
394           	-2.842441e-03	9.915211e-01	-1.694827e-03	-3.689855e-03	1.995028e-03
395           	-2.842723e-03	9.915066e-01	-1.682880e-03	-3.684163e-03	2.001283e-03
396           	-2.842947e-03	9.914931e-01	-1.685134e-03	-3.685514e-03	2.000380e-03
397           	-2.843102e-03	9.914790e-01	-1.702269e-03	-3.694236e-03	1.991967e-03
398           	-2.843189e-03	9.914654e-01	-1.735282e-03	-3.710830e-03	1.975548e-03
399           	-2.843204e-03	9.914519e-01	-1.784075e-03	-3.735242e-03	1.951167e-03
400           	-2.843150e-03	9.914385e-01	-1.848764e-03	-3.767532e-03	1.918768e-03
401           	-2.843024e-03	9.914249e-01	-1.928145e-03	-3.807097e-03	1.878952e-03
402           	-2.842832e-03	9.914117e-01	-2.021547e-03	-3.853606e-03	1.832059e-03
403           	-2.842579e-03	9.913991e-01	-2.127649e-03	-3.906404e-03	1.778754e-03
404           	-2.842267e-03	9.913874e-01	-2.245471e-03	-3.965002e-03	1.719532e-03
405           	-2.841900e-03	9.913771e-01	-2.373509e-03	-4.028654e-03	1.655145e-03
406           	-2.841483e-03	9.913686e-01	-2.510981e-03	-4.096973e-03	1.585993e-03
407           	-2.841019e-03	9.913622e-01	-2.656745e-03	-4.169391e-03	1.512646e-03
408           	-2.840509e-03	9.913584e-01	-2.810240e-03	-4.245629e-03	1.435389e-03
409           	-2.839953e-03	9.913574e-01	-2.970514e-03	-4.325210e-03	1.354696e-03
410           	-2.839354e-03	9.913596e-01	-3.137241e-03	-4.407975e-03	1.270734e-03
411           	-2.838715e-03	9.913653e-01	-3.309841e-03	-4.493635e-03	1.183794e-03
412           	-2.838035e-03	9.913745e-01	-3.487703e-03	-4.581887e-03	1.094184e-03
413           	-2.837313e-03	9.913872e-01	-3.670319e-03	-4.672473e-03	1.002154e-03
414           	-2.836554e-03	9.914040e-01	-3.858139e-03	-4.765624e-03	9.074846e-04
415           	-2.835756e-03	9.914249e-01	-4.050729e-03	-4.861120e-03	8.103914e-04
416           	-2.834915e-03	9.914498e-01	-4.247990e-03	-4.958910e-03	7.109201e-04
417           	-2.834031e-03	9.914786e-01	-4.449612e-03	-5.058837e-03	6.092248e-04
418           	-2.833106e-03	9.915113e-01	-4.655859e-03	-5.161036e-03	5.051769e-04
419           	-2.832137e-03	9.915476e-01	-4.866392e-03	-5.265333e-03	3.989413e-04
420           	-2.831123e-03	9.915874e-01	-5.081439e-03	-5.371842e-03	2.904030e-04
421           	-2.830063e-03	9.916305e-01	-5.300850e-03	-5.480488e-03	1.796380e-04
422           	-2.828960e-03	9.916769e-01	-5.525001e-03	-5.591460e-03	6.645961e-05
423           	-2.827812e-03	9.917267e-01	-5.753955e-03	-5.704790e-03	-4.916511e-05
424           	-2.826621e-03	9.917798e-01	-5.987981e-03	-5.820611e-03	-1.673700e-04
425           	-2.825386e-03	9.918365e-01	-6.226700e-03	-5.938736e-03	-2.879645e-04
426           	-2.824109e-03	9.918966e-01	-6.470250e-03	-6.059234e-03	-4.110159e-04
427           	-2.822788e-03	9.919599e-01	-6.717929e-03	-6.181753e-03	-5.361760e-04
428           	-2.821431e-03	9.920284e-01	-6.969962e-03	-6.306412e-03	-6.635500e-04
429           	-2.820030e-03	9.920993e-01	-7.225342e-03	-6.432701e-03	-7.926405e-04
430           	-2.818581e-03	9.921711e-01	-7.483455e-03	-6.560308e-03	-9.231465e-04
431           	-2.817092e-03	9.922480e-01	-7.744009e-03	-6.689096e-03	-1.054912e-03
432           	-2.815561e-03	9.923275e-01	-8.005651e-03	-6.818386e-03	-1.187265e-03
433           	-2.813984e-03	9.924081e-01	-8.266899e-03	-6.947433e-03	-1.319465e-03
434           	-2.812372e-03	9.924924e-01	-8.527160e-03	-7.075952e-03	-1.451208e-03
435           	-2.810729e-03	9.925799e-01	-8.785058e-03	-7.203258e-03	-1.581800e-03
436           	-2.809059e-03	9.926705e-01	-9.039715e-03	-7.328916e-03	-1.710799e-03
437           	-2.807362e-03	9.927639e-01	-9.290051e-03	-7.452387e-03	-1.837664e-03
438           	-2.805640e-03	9.928599e-01	-9.535967e-03	-7.573624e-03	-1.962343e-03
439           	-2.803896e-03	9.929583e-01	-9.777555e-03	-7.692674e-03	-2.084881e-03
440           	-2.802134e-03	9.930604e-01	-1.001576e-02	-7.810012e-03	-2.205743e-03
441           	-2.800351e-03	9.931641e-01	-1.025088e-02	-7.925791e-03	-2.325088e-03
442           	-2.798548e-03	9.932694e-01	-1.048423e-02	-8.040663e-03	-2.443567e-03
443           	-2.796726e-03	9.933762e-01	-1.071687e-02	-8.155163e-03	-2.561711e-03
444           	-2.794886e-03	9.934831e-01	-1.094962e-02	-8.269696e-03	-2.679924e-03
445           	-2.793038e-03	9.935936e-01	-1.118388e-02	-8.384979e-03	-2.798904e-03
446           	-2.791173e-03	9.937035e-01	-1.141899e-02	-8.500667e-03	-2.918321e-03
447           	-2.789298e-03	9.938149e-01	-1.165569e-02	-8.617145e-03	-3.038548e-03
448           	-2.787421e-03	9.939276e-01	-1.189388e-02	-8.734360e-03	-3.159517e-03
449           	-2.785546e-03	9.940426e-01	-1.213264e-02	-8.851866e-03	-3.280775e-03
450           	-2.783667e-03	9.941557e-01	-1.237065e-02	-8.968993e-03	-3.401660e-03
451           	-2.781798e-03	9.942711e-01	-1.260800e-02	-9.085798e-03	-3.522201e-03
452           	-2.779936e-03	9.943849e-01	-1.284336e-02	-9.201614e-03	-3.641743e-03
453           	-2.778090e-03	9.945014e-01	-1.307726e-02	-9.316719e-03	-3.760539e-03
454           	-2.776258e-03	9.946164e-01	-1.330911e-02	-9.430814e-03	-3.878298e-03
455           	-2.774442e-03	9.947324e-01	-1.353948e-02	-9.544180e-03	-3.995296e-03
456           	-2.772654e-03	9.948502e-01	-1.376910e-02	-9.657204e-03	-4.111897e-03
457           	-2.770882e-03	9.949654e-01	-1.399681e-02	-9.769289e-03	-4.227525e-03
458           	-2.769130e-03	9.950807e-01	-1.422339e-02	-9.880823e-03	-4.342564e-03
459           	-2.767404e-03	9.951974e-01	-1.444899e-02	-9.991901e-03	-4.457093e-03
460           	-2.765698e-03	9.953116e-01	-1.467239e-02	-1.010189e-02	-4.570497e-03
461           	-2.764024e-03	9.954273e-01	-1.489412e-02	-1.021108e-02	-4.683036e-03
462           	-2.762379e-03	9.955405e-01	-1.511291e-02	-1.031883e-02	-4.794075e-03
463           	-2.760772e-03	9.956555e-01	-1.532892e-02	-1.042523e-02	-4.903688e-03
464           	-2.759192e-03	9.957683e-01	-1.554075e-02	-1.052957e-02	-5.011184e-03
465           	-2.757643e-03	9.958809e-01	-1.574870e-02	-1.063199e-02	-5.116707e-03
466           	-2.756132e-03	9.959932e-01	-1.595282e-02	-1.073254e-02	-5.220280e-03
467           	-2.754663e-03	9.961064e-01	-1.615345e-02	-1.083139e-02	-5.322063e-03
468           	-2.753236e-03	9.962345e-01	-1.635864e-02	-1.093256e-02	-5.426085e-03
469           	-2.751820e-03	9.963471e-01	-1.655429e-02	-1.102897e-02	-5.525327e-03
470           	-2.750436e-03	9.964517e-01	-1.674351e-02	-1.112219e-02	-5.621321e-03
471           	-2.749106e-03	9.965707e-01	-1.693751e-02	-1.121786e-02	-5.719650e-03
472           	-2.747800e-03	9.966920e-01	-1.713051e-02	-1.131305e-02	-5.817455e-03
473           	-2.746503e-03	9.967934e-01	-1.731231e-02	-1.140266e-02	-5.909651e-03
474           	-2.745253e-03	9.969025e-01	-1.749406e-02	-1.149228e-02	-6.001777e-03
475           	-2.744036e-03	9.970134e-01	-1.767411e-02	-1.158109e-02	-6.093020e-03
476           	-2.742843e-03	9.971215e-01	-1.784862e-02	-1.166715e-02	-6.181468e-03
477           	-2.741684e-03	9.972266e-01	-1.801853e-02	-1.175095e-02	-6.267583e-03
478           	-2.740554e-03	9.973288e-01	-1.818185e-02	-1.183148e-02	-6.350372e-03
479           	-2.739458e-03	9.974269e-01	-1.834012e-02	-1.190952e-02	-6.430603e-03
480           	-2.738394e-03	9.975236e-01	-1.849262e-02	-1.198470e-02	-6.507916e-03
481           	-2.737367e-03	9.976186e-01	-1.864118e-02	-1.205796e-02	-6.583225e-03
482           	-2.736367e-03	9.977112e-01	-1.878435e-02	-1.212854e-02	-6.655806e-03
483           	-2.735402e-03	9.978024e-01	-1.892410e-02	-1.219745e-02	-6.726648e-03
484           	-2.734462e-03	9.978904e-01	-1.905907e-02	-1.226400e-02	-6.795072e-03
485           	-2.733557e-03	9.979782e-01	-1.919105e-02	-1.232908e-02	-6.861970e-03
486           	-2.732682e-03	9.980639e-01	-1.931877e-02	-1.239207e-02	-6.926705e-03
487           	-2.731834e-03	9.981475e-01	-1.944287e-02	-1.245327e-02	-6.989602e-03
488           	-2.730969e-03	9.982240e-01	-1.956467e-02	-1.251330e-02	-7.051364e-03
489           	-2.730177e-03	9.983044e-01	-1.968509e-02	-1.257272e-02	-7.112369e-03
490           	-2.729411e-03	9.983824e-01	-1.980154e-02	-1.263018e-02	-7.171357e-03
491           	-2.728629e-03	9.984552e-01	-1.991582e-02	-1.268654e-02	-7.229280e-03
492           	-2.727905e-03	9.985292e-01	-2.002778e-02	-1.274180e-02	-7.285986e-03
493           	-2.727167e-03	9.985974e-01	-2.013671e-02	-1.279552e-02	-7.341190e-03
494           	-2.726452e-03	9.986651e-01	-2.024412e-02	-1.284851e-02	-7.395609e-03
495           	-2.725798e-03	9.987354e-01	-2.034843e-02	-1.290001e-02	-7.448418e-03
496           	-2.725128e-03	9.988000e-01	-2.044826e-02	-1.294926e-02	-7.499004e-03
497           	-2.724475e-03	9.988638e-01	-2.054577e-02	-1.299736e-02	-7.548412e-03
498           	-2.723843e-03	9.989265e-01	-2.064048e-02	-1.304409e-02	-7.596399e-03
499           	-2.723234e-03	9.989885e-01	-2.073231e-02	-1.308939e-02	-7.642920e-03
500           	-2.722642e-03	9.990497e-01	-2.082098e-02	-1.313313e-02	-7.687846e-03
501           	-2.722067e-03	9.991098e-01	-2.090677e-02	-1.317545e-02	-7.731320e-03
502           	-2.721505e-03	9.991684e-01	-2.098977e-02	-1.321639e-02	-7.773380e-03
503           	-2.720957e-03	9.992257e-01	-2.107033e-02	-1.325612e-02	-7.814206e-03
504           	-2.720420e-03	9.992816e-01	-2.114858e-02	-1.329471e-02	-7.853869e-03
505           	-2.719895e-03	9.993361e-01	-2.122497e-02	-1.333238e-02	-7.892590e-03
506           	-2.719381e-03	9.993893e-01	-2.129949e-02	-1.336912e-02	-7.930362e-03
507           	-2.718879e-03	9.994412e-01	-2.137245e-02	-1.340510e-02	-7.967347e-03
508           	-2.718385e-03	9.994919e-01	-2.144366e-02	-1.344021e-02	-8.003444e-03
509           	-2.717902e-03	9.995414e-01	-2.151329e-02	-1.347455e-02	-8.038744e-03
510           	-2.717426e-03	9.995896e-01	-2.158104e-02	-1.350795e-02	-8.073092e-03
511           	-2.716960e-03	9.996367e-01	-2.164695e-02	-1.354044e-02	-8.106515e-03
512           	-2.716501e-03	9.996825e-01	-2.171075e-02	-1.357188e-02	-8.138874e-03
513           	-2.716052e-03	9.997273e-01	-2.177244e-02	-1.360227e-02	-8.170169e-03
514           	-2.715608e-03	9.997709e-01	-2.183201e-02	-1.363161e-02	-8.200398e-03
515           	-2.715173e-03	9.998131e-01	-2.188973e-02	-1.366004e-02	-8.229690e-03
516           	-2.714743e-03	9.998541e-01	-2.194546e-02	-1.368747e-02	-8.257987e-03
517           	-2.714320e-03	9.998938e-01	-2.199953e-02	-1.371408e-02	-8.285445e-03
518           	-2.713903e-03	9.999323e-01	-2.205193e-02	-1.373987e-02	-8.312063e-03
519           	-2.713492e-03	9.999696e-01	-2.210292e-02	-1.376495e-02	-8.337966e-03
520           	-2.713085e-03	1.000006e+00	-2.215245e-02	-1.378931e-02	-8.363138e-03
521           	-2.712683e-03	1.000041e+00	-2.220075e-02	-1.381306e-02	-8.387693e-03
522           	-2.712286e-03	1.000074e+00	-2.224781e-02	-1.383619e-02	-8.411619e-03
523           	-2.711895e-03	1.000107e+00	-2.229369e-02	-1.385874e-02	-8.434949e-03
524           	-2.711508e-03	1.000139e+00	-2.233822e-02	-1.388062e-02	-8.457602e-03
525           	-2.711128e-03	1.000170e+00	-2.238147e-02	-1.390186e-02	-8.479608e-03
526           	-2.710753e-03	1.000200e+00	-2.242325e-02	-1.392238e-02	-8.500872e-03
527           	-2.710383e-03	1.000230e+00	-2.246335e-02	-1.394206e-02	-8.521295e-03
528           	-2.710017e-03	1.000258e+00	-2.250162e-02	-1.396083e-02	-8.540792e-03
529           	-2.709656e-03	1.000286e+00	-2.253806e-02	-1.397869e-02	-8.559373e-03
530           	-2.709301e-03	1.000314e+00	-2.257248e-02	-1.399554e-02	-8.576940e-03
531           	-2.708951e-03	1.000340e+00	-2.260488e-02	-1.401139e-02	-8.593489e-03
532           	-2.708607e-03	1.000366e+00	-2.263503e-02	-1.402612e-02	-8.608908e-03
533           	-2.708270e-03	1.000392e+00	-2.266307e-02	-1.403981e-02	-8.623265e-03
534           	-2.707937e-03	1.000417e+00	-2.268885e-02	-1.405236e-02	-8.636489e-03
535           	-2.707608e-03	1.000442e+00	-2.271255e-02	-1.406388e-02	-8.648665e-03
536           	-2.707285e-03	1.000466e+00	-2.273416e-02	-1.407436e-02	-8.659796e-03
537           	-2.706965e-03	1.000490e+00	-2.275387e-02	-1.408390e-02	-8.669968e-03
538           	-2.706648e-03	1.000513e+00	-2.277168e-02	-1.409249e-02	-8.679190e-03
539           	-2.706335e-03	1.000535e+00	-2.278779e-02	-1.410023e-02	-8.687559e-03
540           	-2.706023e-03	1.000556e+00	-2.280216e-02	-1.410710e-02	-8.695055e-03
541           	-2.705713e-03	1.000577e+00	-2.281495e-02	-1.411319e-02	-8.701762e-03
542           	-2.705406e-03	1.000597e+00	-2.282615e-02	-1.411848e-02	-8.707670e-03
543           	-2.705099e-03	1.000616e+00	-2.283585e-02	-1.412302e-02	-8.712825e-03
544           	-2.704794e-03	1.000634e+00	-2.284406e-02	-1.412683e-02	-8.717237e-03
545           	-2.704490e-03	1.000652e+00	-2.285080e-02	-1.412989e-02	-8.720911e-03
546           	-2.704186e-03	1.000669e+00	-2.285595e-02	-1.413216e-02	-8.723790e-03
547           	-2.703885e-03	1.000685e+00	-2.285958e-02	-1.413368e-02	-8.725906e-03
548           	-2.703588e-03	1.000701e+00	-2.286159e-02	-1.413438e-02	-8.727209e-03
549           	-2.703296e-03	1.000717e+00	-2.286144e-02	-1.413401e-02	-8.727421e-03
550           	-2.703001e-03	1.000732e+00	-2.285976e-02	-1.413288e-02	-8.726879e-03
551           	-2.702711e-03	1.000746e+00	-2.285593e-02	-1.413068e-02	-8.725256e-03
552           	-2.702418e-03	1.000760e+00	-2.285036e-02	-1.412760e-02	-8.722762e-03
553           	-2.702131e-03	1.000773e+00	-2.284237e-02	-1.412332e-02	-8.719055e-03
554           	-2.701842e-03	1.000786e+00	-2.283235e-02	-1.411802e-02	-8.714333e-03
555           	-2.701560e-03	1.000798e+00	-2.281968e-02	-1.411140e-02	-8.708282e-03
556           	-2.701277e-03	1.000810e+00	-2.280487e-02	-1.410371e-02	-8.701156e-03
557           	-2.701001e-03	1.000822e+00	-2.278750e-02	-1.409475e-02	-8.692747e-03
558           	-2.700731e-03	1.000833e+00	-2.276778e-02	-1.408462e-02	-8.683157e-03
559           	-2.700465e-03	1.000844e+00	-2.274596e-02	-1.407345e-02	-8.672516e-03
560           	-2.700199e-03	1.000855e+00	-2.272242e-02	-1.406141e-02	-8.661010e-03
561           	-2.699940e-03	1.000865e+00	-2.269670e-02	-1.404829e-02	-8.648412e-03
562           	-2.699685e-03	1.000874e+00	-2.266899e-02	-1.403418e-02	-8.634811e-03
563           	-2.699435e-03	1.000883e+00	-2.263952e-02	-1.401920e-02	-8.620326e-03
564           	-2.699189e-03	1.000892e+00	-2.260837e-02	-1.400337e-02	-8.604995e-03
565           	-2.698946e-03	1.000900e+00	-2.257560e-02	-1.398675e-02	-8.588855e-03
566           	-2.698708e-03	1.000907e+00	-2.254126e-02	-1.396934e-02	-8.571923e-03
567           	-2.698475e-03	1.000914e+00	-2.250541e-02	-1.395118e-02	-8.554229e-03
568           	-2.698245e-03	1.000920e+00	-2.246796e-02	-1.393222e-02	-8.535734e-03
569           	-2.698021e-03	1.000926e+00	-2.242890e-02	-1.391247e-02	-8.516428e-03
570           	-2.697802e-03	1.000931e+00	-2.238808e-02	-1.389184e-02	-8.496240e-03
571           	-2.697588e-03	1.000936e+00	-2.234545e-02	-1.387031e-02	-8.475134e-03
572           	-2.697380e-03	1.000940e+00	-2.230078e-02	-1.384777e-02	-8.453012e-03
573           	-2.697179e-03	1.000944e+00	-2.225398e-02	-1.382417e-02	-8.429812e-03
574           	-2.696984e-03	1.000947e+00	-2.220486e-02	-1.379941e-02	-8.405444e-03
575           	-2.696796e-03	1.000950e+00	-2.215333e-02	-1.377346e-02	-8.379870e-03
576           	-2.696614e-03	1.000953e+00	-2.209930e-02	-1.374626e-02	-8.353034e-03
577           	-2.696440e-03	1.000954e+00	-2.204275e-02	-1.371782e-02	-8.324935e-03
578           	-2.696274e-03	1.000956e+00	-2.198370e-02	-1.368812e-02	-8.295577e-03
579           	-2.696116e-03	1.000957e+00	-2.192226e-02	-1.365725e-02	-8.265015e-03
580           	-2.695968e-03	1.000957e+00	-2.185856e-02	-1.362525e-02	-8.233314e-03
581           	-2.695830e-03	1.000957e+00	-2.179277e-02	-1.359222e-02	-8.200557e-03
582           	-2.695700e-03	1.000957e+00	-2.172502e-02	-1.355821e-02	-8.166810e-03
583           	-2.695580e-03	1.000956e+00	-2.165535e-02	-1.352326e-02	-8.132095e-03
584           	-2.695472e-03	1.000954e+00	-2.158389e-02	-1.348742e-02	-8.096474e-03
585           	-2.695372e-03	1.000951e+00	-2.151071e-02	-1.345073e-02	-8.059982e-03
586           	-2.695281e-03	1.000948e+00	-2.143588e-02	-1.341322e-02	-8.022661e-03
587           	-2.695200e-03	1.000944e+00	-2.135950e-02	-1.337495e-02	-7.984549e-03
588           	-2.695129e-03	1.000939e+00	-2.128168e-02	-1.333597e-02	-7.945714e-03
589           	-2.695069e-03	1.000934e+00	-2.120237e-02	-1.329625e-02	-7.906116e-03
590           	-2.695021e-03	1.000928e+00	-2.112161e-02	-1.325583e-02	-7.865785e-03
591           	-2.694984e-03	1.000922e+00	-2.103940e-02	-1.321468e-02	-7.824714e-03
592           	-2.694959e-03	1.000915e+00	-2.095550e-02	-1.317271e-02	-7.782792e-03
593           	-2.694944e-03	1.000907e+00	-2.086997e-02	-1.312993e-02	-7.740039e-03
594           	-2.694940e-03	1.000899e+00	-2.078292e-02	-1.308640e-02	-7.696520e-03
595           	-2.694949e-03	1.000889e+00	-2.069442e-02	-1.304216e-02	-7.652259e-03
596           	-2.694969e-03	1.000879e+00	-2.060445e-02	-1.299719e-02	-7.607255e-03
597           	-2.695003e-03	1.000869e+00	-2.051308e-02	-1.295154e-02	-7.561536e-03
598           	-2.695050e-03	1.000858e+00	-2.042055e-02	-1.290532e-02	-7.515223e-03
599           	-2.695111e-03	1.000846e+00	-2.032683e-02	-1.285853e-02	-7.468305e-03
600           	-2.695185e-03	1.000833e+00	-2.023206e-02	-1.281122e-02	-7.420845e-03
601           	-2.695272e-03	1.000820e+00	-2.013631e-02	-1.276343e-02	-7.372881e-03
602           	-2.695370e-03	1.000806e+00	-2.003959e-02	-1.271516e-02	-7.324424e-03
603           	-2.695478e-03	1.000791e+00	-1.994216e-02	-1.266656e-02	-7.275600e-03
604           	-2.695597e-03	1.000775e+00	-1.984394e-02	-1.261757e-02	-7.226373e-03
605           	-2.695726e-03	1.000758e+00	-1.974489e-02	-1.256817e-02	-7.176719e-03
606           	-2.695864e-03	1.000741e+00	-1.964503e-02	-1.251838e-02	-7.126652e-03
607           	-2.696013e-03	1.000723e+00	-1.954439e-02	-1.246821e-02	-7.076183e-03
608           	-2.696173e-03	1.000704e+00	-1.944294e-02	-1.241764e-02	-7.025298e-03
609           	-2.696344e-03	1.000685e+00	-1.934068e-02	-1.236669e-02	-6.973998e-03
610           	-2.696526e-03	1.000665e+00	-1.923768e-02	-1.231537e-02	-6.922313e-03
611           	-2.696722e-03	1.000644e+00	-1.913399e-02	-1.226371e-02	-6.870272e-03
612           	-2.696931e-03	1.000623e+00	-1.902997e-02	-1.221192e-02	-6.818056e-03
613           	-2.697155e-03	1.000602e+00	-1.892574e-02	-1.216002e-02	-6.765714e-03
614           	-2.697394e-03	1.000580e+00	-1.882136e-02	-1.210807e-02	-6.713287e-03
615           	-2.697647e-03	1.000558e+00	-1.871702e-02	-1.205615e-02	-6.660861e-03
616           	-2.697914e-03	1.000535e+00	-1.861254e-02	-1.200419e-02	-6.608358e-03
617           	-2.698196e-03	1.000512e+00	-1.850801e-02	-1.195220e-02	-6.555810e-03
618           	-2.698492e-03	1.000489e+00	-1.840344e-02	-1.190021e-02	-6.503227e-03
619           	-2.698802e-03	1.000465e+00	-1.829871e-02	-1.184816e-02	-6.450553e-03
620           	-2.699126e-03	1.000441e+00	-1.819376e-02	-1.179600e-02	-6.397753e-03
621           	-2.699465e-03	1.000417e+00	-1.808853e-02	-1.174373e-02	-6.344802e-03
622           	-2.699817e-03	1.000392e+00	-1.798281e-02	-1.169122e-02	-6.291590e-03
623           	-2.700184e-03	1.000367e+00	-1.787658e-02	-1.163848e-02	-6.238108e-03
624           	-2.700565e-03	1.000342e+00	-1.776980e-02	-1.158546e-02	-6.184334e-03
625           	-2.700960e-03	1.000317e+00	-1.766256e-02	-1.153224e-02	-6.130321e-03
626           	-2.701370e-03	1.000291e+00	-1.755496e-02	-1.147885e-02	-6.076111e-03
627           	-2.701793e-03	1.000265e+00	-1.744708e-02	-1.142533e-02	-6.021746e-03
628           	-2.702227e-03	1.000238e+00	-1.733905e-02	-1.137175e-02	-5.967299e-03
629           	-2.702676e-03	1.000211e+00	-1.723121e-02	-1.131828e-02	-5.912928e-03
630           	-2.703135e-03	1.000184e+00	-1.712369e-02	-1.126498e-02	-5.858712e-03
631           	-2.703604e-03	1.000156e+00	-1.701666e-02	-1.121193e-02	-5.804725e-03
632           	-2.704082e-03	1.000128e+00	-1.691009e-02	-1.115913e-02	-5.750963e-03
633           	-2.704570e-03	1.000099e+00	-1.680423e-02	-1.110668e-02	-5.697543e-03
634           	-2.705068e-03	1.000071e+00	-1.669905e-02	-1.105459e-02	-5.644455e-03
635           	-2.705576e-03	1.000042e+00	-1.659470e-02	-1.100293e-02	-5.591774e-03
636           	-2.706094e-03	1.000013e+00	-1.649104e-02	-1.095162e-02	-5.539428e-03
637           	-2.706620e-03	9.999844e-01	-1.638798e-02	-1.090061e-02	-5.487372e-03
638           	-2.707153e-03	9.999552e-01	-1.628541e-02	-1.084986e-02	-5.435550e-03
639           	-2.707693e-03	9.999259e-01	-1.618335e-02	-1.079937e-02	-5.383983e-03
640           	-2.708243e-03	9.998965e-01	-1.608176e-02	-1.074912e-02	-5.332640e-03
641           	-2.708798e-03	9.998668e-01	-1.598048e-02	-1.069904e-02	-5.281441e-03
642           	-2.709360e-03	9.998369e-01	-1.587951e-02	-1.064912e-02	-5.230397e-03
643           	-2.709929e-03	9.998071e-01	-1.577897e-02	-1.059941e-02	-5.179555e-03
644           	-2.710503e-03	9.997772e-01	-1.567882e-02	-1.054992e-02	-5.128909e-03
645           	-2.711083e-03	9.997473e-01	-1.557929e-02	-1.050073e-02	-5.078563e-03
646           	-2.711667e-03	9.997173e-01	-1.548025e-02	-1.045179e-02	-5.028458e-03
647           	-2.712256e-03	9.996873e-01	-1.538198e-02	-1.040325e-02	-4.978734e-03
648           	-2.712847e-03	9.996575e-01	-1.528449e-02	-1.035509e-02	-4.929398e-03
649           	-2.713442e-03	9.996275e-01	-1.518807e-02	-1.030747e-02	-4.880590e-03
650           	-2.714039e-03	9.995976e-01	-1.509268e-02	-1.026038e-02	-4.832301e-03
651           	-2.714639e-03	9.995676e-01	-1.499852e-02	-1.021390e-02	-4.784619e-03
652           	-2.715240e-03	9.995378e-01	-1.490545e-02	-1.016796e-02	-4.737484e-03
653           	-2.715842e-03	9.995081e-01	-1.481352e-02	-1.012260e-02	-4.690916e-03
654           	-2.716445e-03	9.994786e-01	-1.472281e-02	-1.007785e-02	-4.644961e-03
655           	-2.717048e-03	9.994490e-01	-1.463342e-02	-1.003376e-02	-4.599663e-03
656           	-2.717652e-03	9.994194e-01	-1.454539e-02	-9.990347e-03	-4.555043e-03
657           	-2.718255e-03	9.993902e-01	-1.445880e-02	-9.947655e-03	-4.511145e-03
658           	-2.718855e-03	9.993611e-01	-1.437338e-02	-9.905546e-03	-4.467836e-03
659           	-2.719456e-03	9.993321e-01	-1.428926e-02	-9.864087e-03	-4.425176e-03
660           	-2.720057e-03	9.993034e-01	-1.420664e-02	-9.823378e-03	-4.383263e-03
661           	-2.720661e-03	9.992749e-01	-1.412570e-02	-9.783513e-03	-4.342191e-03
662           	-2.721263e-03	9.992466e-01	-1.404611e-02	-9.744320e-03	-4.301794e-03
663           	-2.721863e-03	9.992184e-01	-1.396795e-02	-9.705838e-03	-4.262112e-03
664           	-2.722460e-03	9.991904e-01	-1.389124e-02	-9.668080e-03	-4.223159e-03
665           	-2.723058e-03	9.991629e-01	-1.381661e-02	-9.631363e-03	-4.185248e-03
666           	-2.723650e-03	9.991357e-01	-1.374362e-02	-9.595462e-03	-4.148162e-03
667           	-2.724238e-03	9.991088e-01	-1.367233e-02	-9.560405e-03	-4.111929e-03
668           	-2.724819e-03	9.990821e-01	-1.360263e-02	-9.526132e-03	-4.076495e-03
669           	-2.725395e-03	9.990557e-01	-1.353503e-02	-9.492911e-03	-4.042120e-03
670           	-2.725964e-03	9.990297e-01	-1.346929e-02	-9.460607e-03	-4.008680e-03
671           	-2.726527e-03	9.990041e-01	-1.340568e-02	-9.429364e-03	-3.976311e-03
672           	-2.727085e-03	9.989787e-01	-1.334420e-02	-9.399184e-03	-3.945015e-03
673           	-2.727637e-03	9.989538e-01	-1.328496e-02	-9.370117e-03	-3.914843e-03
674           	-2.728182e-03	9.989291e-01	-1.322764e-02	-9.342003e-03	-3.885639e-03
675           	-2.728719e-03	9.989050e-01	-1.317242e-02	-9.314927e-03	-3.857489e-03
676           	-2.729248e-03	9.988812e-01	-1.311907e-02	-9.288780e-03	-3.830285e-03
677           	-2.729770e-03	9.988583e-01	-1.306838e-02	-9.263961e-03	-3.804422e-03
678           	-2.730283e-03	9.988355e-01	-1.301900e-02	-9.239782e-03	-3.779216e-03
679           	-2.730765e-03	9.988115e-01	-1.297177e-02	-9.216648e-03	-3.755118e-03
680           	-2.731259e-03	9.987904e-01	-1.292761e-02	-9.195063e-03	-3.732546e-03
681           	-2.731726e-03	9.987682e-01	-1.288487e-02	-9.174159e-03	-3.710707e-03
682           	-2.732201e-03	9.987486e-01	-1.284486e-02	-9.154633e-03	-3.690231e-03
683           	-2.732650e-03	9.987279e-01	-1.280615e-02	-9.135726e-03	-3.670427e-03
684           	-2.733087e-03	9.987082e-01	-1.277040e-02	-9.118287e-03	-3.652114e-03
685           	-2.733517e-03	9.986895e-01	-1.273713e-02	-9.102084e-03	-3.635050e-03
686           	-2.733938e-03	9.986717e-01	-1.270601e-02	-9.086940e-03	-3.619065e-03
687           	-2.734347e-03	9.986542e-01	-1.267659e-02	-9.072644e-03	-3.603949e-03
688           	-2.734746e-03	9.986378e-01	-1.264961e-02	-9.059552e-03	-3.590059e-03
689           	-2.735136e-03	9.986224e-01	-1.262499e-02	-9.047630e-03	-3.577359e-03
690           	-2.735513e-03	9.986076e-01	-1.260240e-02	-9.036712e-03	-3.565687e-03
691           	-2.735878e-03	9.985936e-01	-1.258203e-02	-9.026894e-03	-3.555138e-03
692           	-2.736231e-03	9.985800e-01	-1.256372e-02	-9.018091e-03	-3.545629e-03
693           	-2.736572e-03	9.985673e-01	-1.254784e-02	-9.010491e-03	-3.537347e-03
694           	-2.736899e-03	9.985554e-01	-1.253404e-02	-9.003917e-03	-3.530120e-03
695           	-2.737212e-03	9.985443e-01	-1.252249e-02	-8.998456e-03	-3.524031e-03
696           	-2.737510e-03	9.985339e-01	-1.251282e-02	-8.993918e-03	-3.518899e-03
697           	-2.737794e-03	9.985242e-01	-1.250524e-02	-8.990413e-03	-3.514826e-03
698           	-2.738062e-03	9.985152e-01	-1.249957e-02	-8.987849e-03	-3.511725e-03
699           	-2.738315e-03	9.985068e-01	-1.249596e-02	-8.986296e-03	-3.509666e-03
700           	-2.738550e-03	9.984989e-01	-1.249406e-02	-8.985582e-03	-3.508481e-03
701           	-2.738769e-03	9.984915e-01	-1.249418e-02	-8.985860e-03	-3.508322e-03
702           	-2.738970e-03	9.984848e-01	-1.249614e-02	-8.987038e-03	-3.509097e-03
703           	-2.739156e-03	9.984787e-01	-1.250011e-02	-8.989211e-03	-3.510899e-03
704           	-2.739324e-03	9.984733e-01	-1.250578e-02	-8.992213e-03	-3.513566e-03
705           	-2.739478e-03	9.984686e-01	-1.251363e-02	-8.996291e-03	-3.517335e-03
706           	-2.739616e-03	9.984645e-01	-1.252335e-02	-9.001290e-03	-3.522057e-03
707           	-2.739739e-03	9.984611e-01	-1.253500e-02	-9.007237e-03	-3.527759e-03
708           	-2.739843e-03	9.984584e-01	-1.254866e-02	-9.014171e-03	-3.534484e-03
709           	-2.739933e-03	9.984562e-01	-1.256438e-02	-9.022123e-03	-3.542258e-03
710           	-2.740002e-03	9.984547e-01	-1.258193e-02	-9.030966e-03	-3.550962e-03
711           	-2.740055e-03	9.984538e-01	-1.260157e-02	-9.040840e-03	-3.560730e-03
712           	-2.740088e-03	9.984535e-01	-1.262326e-02	-9.051716e-03	-3.571540e-03
713           	-2.740104e-03	9.984538e-01	-1.264695e-02	-9.063579e-03	-3.583371e-03
714           	-2.740102e-03	9.984547e-01	-1.267242e-02	-9.076314e-03	-3.596110e-03
715           	-2.740083e-03	9.984561e-01	-1.269953e-02	-9.089846e-03	-3.609681e-03
716           	-2.740046e-03	9.984581e-01	-1.272786e-02	-9.103977e-03	-3.623884e-03
717           	-2.739995e-03	9.984607e-01	-1.275745e-02	-9.118722e-03	-3.638731e-03
718           	-2.739929e-03	9.984638e-01	-1.278788e-02	-9.133871e-03	-3.654012e-03
719           	-2.739849e-03	9.984676e-01	-1.281914e-02	-9.149417e-03	-3.669719e-03
720           	-2.739753e-03	9.984718e-01	-1.285077e-02	-9.165140e-03	-3.685634e-03
721           	-2.739644e-03	9.984766e-01	-1.288292e-02	-9.181104e-03	-3.701816e-03
722           	-2.739521e-03	9.984818e-01	-1.291519e-02	-9.197117e-03	-3.718075e-03
723           	-2.739387e-03	9.984876e-01	-1.294778e-02	-9.213276e-03	-3.734502e-03
724           	-2.739242e-03	9.984937e-01	-1.298031e-02	-9.229398e-03	-3.750915e-03
725           	-2.739086e-03	9.985003e-01	-1.301291e-02	-9.245540e-03	-3.767367e-03
726           	-2.738921e-03	9.985073e-01	-1.304528e-02	-9.261558e-03	-3.783717e-03
727           	-2.738747e-03	9.985147e-01	-1.307762e-02	-9.277555e-03	-3.800061e-03
728           	-2.738564e-03	9.985224e-01	-1.310965e-02	-9.293387e-03	-3.816258e-03
729           	-2.738375e-03	9.985304e-01	-1.314152e-02	-9.309133e-03	-3.832382e-03
730           	-2.738180e-03	9.985387e-01	-1.317291e-02	-9.324637e-03	-3.848277e-03
731           	-2.737981e-03	9.985472e-01	-1.320398e-02	-9.339971e-03	-3.864010e-03
732           	-2.737777e-03	9.985560e-01	-1.323437e-02	-9.354961e-03	-3.879407e-03
733           	-2.737571e-03	9.985649e-01	-1.326423e-02	-9.369685e-03	-3.894543e-03
734           	-2.737361e-03	9.985739e-01	-1.329318e-02	-9.383952e-03	-3.909229e-03
735           	-2.737151e-03	9.985831e-01	-1.332140e-02	-9.397850e-03	-3.923547e-03
736           	-2.736939e-03	9.985923e-01	-1.334848e-02	-9.411180e-03	-3.937302e-03
737           	-2.736728e-03	9.986017e-01	-1.337457e-02	-9.424013e-03	-3.950556e-03
738           	-2.736519e-03	9.986111e-01	-1.339925e-02	-9.436145e-03	-3.963108e-03
739           	-2.736312e-03	9.986206e-01	-1.342264e-02	-9.447633e-03	-3.975008e-03
740           	-2.736109e-03	9.986302e-01	-1.344428e-02	-9.458251e-03	-3.986032e-03
741           	-2.735912e-03	9.986398e-01	-1.346428e-02	-9.468054e-03	-3.996230e-03
742           	-2.735721e-03	9.986493e-01	-1.348221e-02	-9.476826e-03	-4.005384e-03
743           	-2.735537e-03	9.986589e-01	-1.349822e-02	-9.484647e-03	-4.013573e-03
744           	-2.735360e-03	9.986683e-01	-1.351198e-02	-9.491349e-03	-4.020628e-03
745           	-2.735191e-03	9.986777e-01	-1.352397e-02	-9.497177e-03	-4.026795e-03
746           	-2.735032e-03	9.986868e-01	-1.353333e-02	-9.501697e-03	-4.031634e-03
747           	-2.734882e-03	9.986958e-01	-1.354099e-02	-9.505374e-03	-4.035611e-03
748           	-2.734741e-03	9.987046e-01	-1.354643e-02	-9.507954e-03	-4.038472e-03
749           	-2.734612e-03	9.987131e-01	-1.354997e-02	-9.509597e-03	-4.040374e-03
750           	-2.734493e-03	9.987213e-01	-1.355149e-02	-9.510239e-03	-4.041253e-03
751           	-2.734387e-03	9.987293e-01	-1.355130e-02	-9.510037e-03	-4.041264e-03
752           	-2.734292e-03	9.987368e-01	-1.354924e-02	-9.508914e-03	-4.040331e-03
753           	-2.734209e-03	9.987439e-01	-1.354562e-02	-9.507019e-03	-4.038601e-03
754           	-2.734138e-03	9.987506e-01	-1.354023e-02	-9.504255e-03	-4.035979e-03
755           	-2.734080e-03	9.987569e-01	-1.353343e-02	-9.500794e-03	-4.032635e-03
756           	-2.734027e-03	9.987625e-01	-1.352448e-02	-9.496268e-03	-4.028214e-03
757           	-2.733990e-03	9.987678e-01	-1.351444e-02	-9.491208e-03	-4.023229e-03
758           	-2.733964e-03	9.987727e-01	-1.350283e-02	-9.485378e-03	-4.017450e-03
759           	-2.733952e-03	9.987771e-01	-1.349012e-02	-9.479009e-03	-4.011106e-03
760           	-2.733949e-03	9.987807e-01	-1.347592e-02	-9.471907e-03	-4.004010e-03
761           	-2.733957e-03	9.987837e-01	-1.346060e-02	-9.464257e-03	-3.996343e-03
762           	-2.733975e-03	9.987861e-01	-1.344409e-02	-9.456021e-03	-3.988071e-03
763           	-2.734005e-03	9.987878e-01	-1.342669e-02	-9.447349e-03	-3.979340e-03
764           	-2.734043e-03	9.987887e-01	-1.340805e-02	-9.438067e-03	-3.969982e-03
765           	-2.734093e-03	9.987892e-01	-1.338878e-02	-9.428481e-03	-3.960296e-03
766           	-2.734152e-03	9.987891e-01	-1.336859e-02	-9.418447e-03	-3.950142e-03
767           	-2.734223e-03	9.987884e-01	-1.334773e-02	-9.408089e-03	-3.939644e-03
768           	-2.734302e-03	9.987872e-01	-1.332601e-02	-9.397306e-03	-3.928702e-03
769           	-2.734394e-03	9.987856e-01	-1.330381e-02	-9.386300e-03	-3.917513e-03
770           	-2.734493e-03	9.987836e-01	-1.328070e-02	-9.374842e-03	-3.905856e-03
771           	-2.734604e-03	9.987813e-01	-1.325706e-02	-9.363135e-03	-3.893927e-03
772           	-2.734722e-03	9.987786e-01	-1.323256e-02	-9.351001e-03	-3.881556e-03
773           	-2.734850e-03	9.987756e-01	-1.320764e-02	-9.338668e-03	-3.868968e-03
774           	-2.734985e-03	9.987722e-01	-1.318208e-02	-9.326025e-03	-3.856055e-03
775           	-2.735127e-03	9.987688e-01	-1.315615e-02	-9.313203e-03	-3.842949e-03
776           	-2.735275e-03	9.987649e-01	-1.312964e-02	-9.300093e-03	-3.829543e-03
777           	-2.735430e-03	9.987608e-01	-1.310297e-02	-9.286914e-03	-3.816055e-03
778           	-2.735588e-03	9.987563e-01	-1.307600e-02	-9.273591e-03	-3.802414e-03
779           	-2.735751e-03	9.987516e-01	-1.304907e-02	-9.260284e-03	-3.788782e-03
780           	-2.735918e-03	9.987463e-01	-1.302205e-02	-9.246944e-03	-3.775109e-03
781           	-2.736089e-03	9.987407e-01	-1.299548e-02	-9.233829e-03	-3.761650e-03
782           	-2.736266e-03	9.987347e-01	-1.296918e-02	-9.220856e-03	-3.748324e-03
783           	-2.736445e-03	9.987285e-01	-1.294351e-02	-9.208202e-03	-3.735312e-03
784           	-2.736627e-03	9.987218e-01	-1.291822e-02	-9.195735e-03	-3.722482e-03
785           	-2.736811e-03	9.987150e-01	-1.289378e-02	-9.183702e-03	-3.710080e-03
786           	-2.736998e-03	9.987078e-01	-1.286997e-02	-9.171985e-03	-3.697989e-03
787           	-2.737186e-03	9.987004e-01	-1.284715e-02	-9.160761e-03	-3.686389e-03
788           	-2.737372e-03	9.986928e-01	-1.282511e-02	-9.149925e-03	-3.675180e-03
789           	-2.737560e-03	9.986853e-01	-1.280429e-02	-9.139703e-03	-3.664583e-03
790           	-2.737745e-03	9.986775e-01	-1.278441e-02	-9.129948e-03	-3.654459e-03
791           	-2.737929e-03	9.986698e-01	-1.276594e-02	-9.120900e-03	-3.645042e-03
792           	-2.738110e-03	9.986620e-01	-1.274860e-02	-9.112411e-03	-3.636191e-03
793           	-2.738289e-03	9.986543e-01	-1.273269e-02	-9.104635e-03	-3.628056e-03
794           	-2.738466e-03	9.986466e-01	-1.271778e-02	-9.097358e-03	-3.620425e-03
795           	-2.738642e-03	9.986390e-01	-1.270485e-02	-9.091069e-03	-3.613784e-03
796           	-2.738814e-03	9.986315e-01	-1.269314e-02	-9.085383e-03	-3.607756e-03
797           	-2.738980e-03	9.986243e-01	-1.268336e-02	-9.080660e-03	-3.602699e-03
798           	-2.739140e-03	9.986174e-01	-1.267471e-02	-9.076494e-03	-3.598214e-03
799           	-2.739292e-03	9.986106e-01	-1.266829e-02	-9.073435e-03	-3.594851e-03
800           	-2.739437e-03	9.986039e-01	-1.266276e-02	-9.070819e-03	-3.591945e-03
801           	-2.739576e-03	9.985975e-01	-1.265937e-02	-9.069263e-03	-3.590111e-03
802           	-2.739704e-03	9.985914e-01	-1.265757e-02	-9.068488e-03	-3.589079e-03
803           	-2.739823e-03	9.985855e-01	-1.265798e-02	-9.068814e-03	-3.589168e-03
804           	-2.739931e-03	9.985800e-01	-1.265980e-02	-9.069831e-03	-3.589970e-03
805           	-2.740031e-03	9.985750e-01	-1.266380e-02	-9.071931e-03	-3.591869e-03
806           	-2.740121e-03	9.985703e-01	-1.266967e-02	-9.074955e-03	-3.594712e-03
807           	-2.740204e-03	9.985662e-01	-1.267806e-02	-9.079234e-03	-3.598826e-03
808           	-2.740278e-03	9.985624e-01	-1.268850e-02	-9.084530e-03	-3.603974e-03
809           	-2.740340e-03	9.985590e-01	-1.270104e-02	-9.090858e-03	-3.610178e-03
810           	-2.740391e-03	9.985560e-01	-1.271547e-02	-9.098127e-03	-3.617346e-03
811           	-2.740429e-03	9.985533e-01	-1.273183e-02	-9.106345e-03	-3.625488e-03
812           	-2.740453e-03	9.985510e-01	-1.274990e-02	-9.115405e-03	-3.634499e-03
813           	-2.740466e-03	9.985493e-01	-1.277004e-02	-9.125487e-03	-3.644556e-03
814           	-2.740464e-03	9.985480e-01	-1.279200e-02	-9.136464e-03	-3.655536e-03
815           	-2.740449e-03	9.985473e-01	-1.281584e-02	-9.148367e-03	-3.667469e-03
816           	-2.740418e-03	9.985472e-01	-1.284136e-02	-9.161099e-03	-3.680262e-03
817           	-2.740375e-03	9.985477e-01	-1.286887e-02	-9.174811e-03	-3.694061e-03
818           	-2.740315e-03	9.985488e-01	-1.289803e-02	-9.189329e-03	-3.708699e-03
819           	-2.740238e-03	9.985504e-01	-1.292911e-02	-9.204794e-03	-3.724317e-03
820           	-2.740145e-03	9.985525e-01	-1.296191e-02	-9.221101e-03	-3.740811e-03
821           	-2.740034e-03	9.985550e-01	-1.299679e-02	-9.238429e-03	-3.758361e-03
822           	-2.739903e-03	9.985582e-01	-1.303354e-02	-9.256675e-03	-3.776869e-03
823           	-2.739756e-03	9.985618e-01	-1.307237e-02	-9.275942e-03	-3.796430e-03
824           	-2.739590e-03	9.985660e-01	-1.311295e-02	-9.296065e-03	-3.816885e-03
825           	-2.739408e-03	9.985708e-01	-1.315547e-02	-9.317146e-03	-3.838329e-03
826           	-2.739209e-03	9.985762e-01	-1.319947e-02	-9.338945e-03	-3.860526e-03
827           	-2.738995e-03	9.985821e-01	-1.324508e-02	-9.361534e-03	-3.883545e-03
828           	-2.738762e-03	9.985885e-01	-1.329185e-02	-9.384686e-03	-3.907162e-03
829           	-2.738514e-03	9.985956e-01	-1.333996e-02	-9.408495e-03	-3.931467e-03
830           	-2.738248e-03	9.986032e-01	-1.338903e-02	-9.432764e-03	-3.956267e-03
831           	-2.737968e-03	9.986114e-01	-1.343925e-02	-9.457593e-03	-3.981656e-03
832           	-2.737673e-03	9.986200e-01	-1.349029e-02	-9.482818e-03	-4.007471e-03
833           	-2.737366e-03	9.986291e-01	-1.354238e-02	-9.508555e-03	-4.033823e-03
834           	-2.737046e-03	9.986388e-01	-1.359522e-02	-9.534654e-03	-4.060562e-03
835           	-2.736714e-03	9.986491e-01	-1.364880e-02	-9.561115e-03	-4.087686e-03
836           	-2.736371e-03	9.986598e-01	-1.370281e-02	-9.587775e-03	-4.115032e-03
837           	-2.736019e-03	9.986710e-01	-1.375743e-02	-9.614735e-03	-4.142696e-03
838           	-2.735658e-03	9.986826e-01	-1.381230e-02	-9.641808e-03	-4.170492e-03
839           	-2.735289e-03	9.986948e-01	-1.386760e-02	-9.669090e-03	-4.198511e-03
840           	-2.734912e-03	9.987074e-01	-1.392275e-02	-9.696285e-03	-4.226461e-03
841           	-2.734529e-03	9.987205e-01	-1.397792e-02	-9.723490e-03	-4.254432e-03
842           	-2.734140e-03	9.987339e-01	-1.403270e-02	-9.750491e-03	-4.282210e-03
843           	-2.733748e-03	9.987478e-01	-1.408714e-02	-9.777316e-03	-4.309820e-03
844           	-2.733351e-03	9.987621e-01	-1.414069e-02	-9.803694e-03	-4.336992e-03
845           	-2.732952e-03	9.987768e-01	-1.419344e-02	-9.829671e-03	-4.363767e-03
846           	-2.732551e-03	9.987919e-01	-1.424500e-02	-9.855049e-03	-4.389947e-03
847           	-2.732151e-03	9.988072e-01	-1.429551e-02	-9.879906e-03	-4.415604e-03
848           	-2.731751e-03	9.988228e-01	-1.434463e-02	-9.904068e-03	-4.440566e-03
849           	-2.731355e-03	9.988387e-01	-1.439259e-02	-9.927651e-03	-4.464940e-03
850           	-2.730961e-03	9.988547e-01	-1.443898e-02	-9.950450e-03	-4.488528e-03
851           	-2.730572e-03	9.988708e-01	-1.448398e-02	-9.972560e-03	-4.511416e-03
852           	-2.730187e-03	9.988870e-01	-1.452720e-02	-9.993787e-03	-4.533412e-03
853           	-2.729809e-03	9.989033e-01	-1.456878e-02	-1.001420e-02	-4.554582e-03
854           	-2.729436e-03	9.989197e-01	-1.460835e-02	-1.003361e-02	-4.574738e-03
855           	-2.729071e-03	9.989361e-01	-1.464609e-02	-1.005212e-02	-4.593976e-03
856           	-2.728712e-03	9.989525e-01	-1.468173e-02	-1.006958e-02	-4.612152e-03
857           	-2.728363e-03	9.989689e-01	-1.471549e-02	-1.008611e-02	-4.629379e-03
858           	-2.728022e-03	9.989851e-01	-1.474712e-02	-1.010158e-02	-4.645540e-03
859           	-2.727691e-03	9.990012e-01	-1.477692e-02	-1.011615e-02	-4.660769e-03
860           	-2.727369e-03	9.990170e-01	-1.480465e-02	-1.012969e-02	-4.674957e-03
861           	-2.727058e-03	9.990325e-01	-1.483058e-02	-1.014235e-02	-4.688234e-03
862           	-2.726757e-03	9.990477e-01	-1.485449e-02	-1.015400e-02	-4.700491e-03
863           	-2.726468e-03	9.990625e-01	-1.487662e-02	-1.016478e-02	-4.711843e-03
864           	-2.726190e-03	9.990768e-01	-1.489668e-02	-1.017453e-02	-4.722148e-03
865           	-2.725925e-03	9.990907e-01	-1.491491e-02	-1.018338e-02	-4.731530e-03
866           	-2.725672e-03	9.991041e-01	-1.493101e-02	-1.019118e-02	-4.739835e-03
867           	-2.725432e-03	9.991171e-01	-1.494511e-02	-1.019799e-02	-4.747124e-03
868           	-2.725203e-03	9.991296e-01	-1.495692e-02	-1.020366e-02	-4.753258e-03
869           	-2.724988e-03	9.991415e-01	-1.496668e-02	-1.020833e-02	-4.758350e-03
870           	-2.724785e-03	9.991529e-01	-1.497415e-02	-1.021186e-02	-4.762287e-03
871           	-2.724596e-03	9.991639e-01	-1.497959e-02	-1.021439e-02	-4.765200e-03
872           	-2.724418e-03	9.991741e-01	-1.498288e-02	-1.021586e-02	-4.767024e-03
873           	-2.724254e-03	9.991838e-01	-1.498433e-02	-1.021642e-02	-4.767910e-03
874           	-2.724102e-03	9.991929e-01	-1.498380e-02	-1.021600e-02	-4.767795e-03
875           	-2.723964e-03	9.992013e-01	-1.498161e-02	-1.021477e-02	-4.766843e-03
876           	-2.723837e-03	9.992091e-01	-1.497765e-02	-1.021266e-02	-4.764990e-03
877           	-2.723722e-03	9.992162e-01	-1.497224e-02	-1.020984e-02	-4.762397e-03
878           	-2.723619e-03	9.992227e-01	-1.496523e-02	-1.020624e-02	-4.758999e-03
879           	-2.723527e-03	9.992285e-01	-1.495695e-02	-1.020200e-02	-4.754948e-03
880           	-2.723445e-03	9.992335e-01	-1.494723e-02	-1.019706e-02	-4.750171e-03
881           	-2.723373e-03	9.992380e-01	-1.493634e-02	-1.019154e-02	-4.744795e-03
882           	-2.723311e-03	9.992417e-01	-1.492411e-02	-1.018537e-02	-4.738746e-03
883           	-2.723259e-03	9.992447e-01	-1.491082e-02	-1.017867e-02	-4.732151e-03
884           	-2.723216e-03	9.992470e-01	-1.489626e-02	-1.017134e-02	-4.724914e-03
885           	-2.723183e-03	9.992487e-01	-1.488063e-02	-1.016350e-02	-4.717133e-03
886           	-2.723160e-03	9.992497e-01	-1.486371e-02	-1.015502e-02	-4.708697e-03
887           	-2.723147e-03	9.992500e-01	-1.484570e-02	-1.014600e-02	-4.699705e-03
888           	-2.723145e-03	9.992497e-01	-1.482643e-02	-1.013636e-02	-4.690068e-03
889           	-2.723155e-03	9.992489e-01	-1.480610e-02	-1.012621e-02	-4.679897e-03
890           	-2.723173e-03	9.992476e-01	-1.478426e-02	-1.011530e-02	-4.668956e-03
891           	-2.723205e-03	9.992461e-01	-1.476165e-02	-1.010403e-02	-4.657620e-03
892           	-2.723248e-03	9.992444e-01	-1.473807e-02	-1.009228e-02	-4.645785e-03
893           	-2.723302e-03	9.992425e-01	-1.471371e-02	-1.008016e-02	-4.633555e-03
894           	-2.723365e-03	9.992404e-01	-1.468848e-02	-1.006761e-02	-4.620876e-03
895           	-2.723438e-03	9.992380e-01	-1.466265e-02	-1.005476e-02	-4.607887e-03
896           	-2.723517e-03	9.992353e-01	-1.463606e-02	-1.004155e-02	-4.594514e-03
897           	-2.723605e-03	9.992323e-01	-1.460894e-02	-1.002808e-02	-4.580868e-03
898           	-2.723698e-03	9.992287e-01	-1.458117e-02	-1.001428e-02	-4.566885e-03
899           	-2.723797e-03	9.992247e-01	-1.455300e-02	-1.000030e-02	-4.552701e-03
900           	-2.723902e-03	9.992202e-01	-1.452433e-02	-9.986066e-03	-4.538263e-03
901           	-2.724013e-03	9.992152e-01	-1.449540e-02	-9.971714e-03	-4.523689e-03
902           	-2.724129e-03	9.992097e-01	-1.446606e-02	-9.957157e-03	-4.508899e-03
903           	-2.724252e-03	9.992037e-01	-1.443658e-02	-9.942541e-03	-4.494038e-03
904           	-2.724379e-03	9.991973e-01	-1.440682e-02	-9.927789e-03	-4.479030e-03
905           	-2.724513e-03	9.991906e-01	-1.437700e-02	-9.913012e-03	-4.463985e-03
906           	-2.724652e-03	9.991835e-01	-1.434693e-02	-9.898114e-03	-4.448811e-03
907           	-2.724796e-03	9.991761e-01	-1.431682e-02	-9.883209e-03	-4.433616e-03
908           	-2.724945e-03	9.991685e-01	-1.428654e-02	-9.868215e-03	-4.418325e-03
909           	-2.725100e-03	9.991608e-01	-1.425627e-02	-9.853237e-03	-4.403037e-03
910           	-2.725259e-03	9.991528e-01	-1.422585e-02	-9.838185e-03	-4.387667e-03
911           	-2.725424e-03	9.991448e-01	-1.419552e-02	-9.823184e-03	-4.372336e-03
912           	-2.725592e-03	9.991365e-01	-1.416501e-02	-9.808099e-03	-4.356915e-03
913           	-2.725765e-03	9.991281e-01	-1.413456e-02	-9.793045e-03	-4.341516e-03
914           	-2.725940e-03	9.991196e-01	-1.410398e-02	-9.777931e-03	-4.326052e-03
915           	-2.726119e-03	9.991109e-01	-1.407351e-02	-9.762873e-03	-4.310636e-03
916           	-2.726299e-03	9.991020e-01	-1.404300e-02	-9.747802e-03	-4.295203e-03
917           	-2.726483e-03	9.990930e-01	-1.401270e-02	-9.732836e-03	-4.279869e-03
918           	-2.726669e-03	9.990838e-01	-1.398246e-02	-9.717899e-03	-4.264561e-03
919           	-2.726858e-03	9.990746e-01	-1.395252e-02	-9.703120e-03	-4.249404e-03
920           	-2.727049e-03	9.990652e-01	-1.392270e-02	-9.688397e-03	-4.234299e-03
921           	-2.727243e-03	9.990558e-01	-1.389319e-02	-9.673840e-03	-4.219354e-03
922           	-2.727438e-03	9.990463e-01	-1.386381e-02	-9.659344e-03	-4.204469e-03
923           	-2.727635e-03	9.990367e-01	-1.383483e-02	-9.645050e-03	-4.189780e-03
924           	-2.727833e-03	9.990271e-01	-1.380605e-02	-9.630857e-03	-4.175191e-03
925           	-2.728032e-03	9.990176e-01	-1.377769e-02	-9.616880e-03	-4.160815e-03
926           	-2.728232e-03	9.990079e-01	-1.374958e-02	-9.603020e-03	-4.146557e-03
927           	-2.728432e-03	9.989983e-01	-1.372193e-02	-9.589397e-03	-4.132532e-03
928           	-2.728626e-03	9.989881e-01	-1.369492e-02	-9.576088e-03	-4.118837e-03
929           	-2.728827e-03	9.989787e-01	-1.366850e-02	-9.563075e-03	-4.105420e-03
930           	-2.729023e-03	9.989688e-01	-1.364264e-02	-9.550345e-03	-4.092300e-03
931           	-2.729226e-03	9.989597e-01	-1.361725e-02	-9.537853e-03	-4.079401e-03
932           	-2.729421e-03	9.989500e-01	-1.359233e-02	-9.525588e-03	-4.066745e-03
933           	-2.729616e-03	9.989404e-01	-1.356814e-02	-9.513688e-03	-4.054456e-03
934           	-2.729810e-03	9.989309e-01	-1.354442e-02	-9.502018e-03	-4.042397e-03
935           	-2.730006e-03	9.989216e-01	-1.352128e-02	-9.490646e-03	-4.030634e-03
936           	-2.730200e-03	9.989125e-01	-1.349842e-02	-9.479408e-03	-4.019009e-03
937           	-2.730393e-03	9.989036e-01	-1.347600e-02	-9.468394e-03	-4.007608e-03
938           	-2.730585e-03	9.988946e-01	-1.345382e-02	-9.457494e-03	-3.996325e-03
939           	-2.730775e-03	9.988859e-01	-1.343210e-02	-9.446825e-03	-3.985274e-03
940           	-2.730964e-03	9.988771e-01	-1.341063e-02	-9.436279e-03	-3.974351e-03
941           	-2.731151e-03	9.988686e-01	-1.338965e-02	-9.425975e-03	-3.963672e-03
942           	-2.731336e-03	9.988601e-01	-1.336895e-02	-9.415812e-03	-3.953141e-03
943           	-2.731519e-03	9.988518e-01	-1.334881e-02	-9.405921e-03	-3.942884e-03
944           	-2.731699e-03	9.988437e-01	-1.332904e-02	-9.396221e-03	-3.932823e-03
945           	-2.731877e-03	9.988357e-01	-1.330990e-02	-9.386829e-03	-3.923074e-03
946           	-2.732053e-03	9.988277e-01	-1.329117e-02	-9.377639e-03	-3.913533e-03
947           	-2.732226e-03	9.988200e-01	-1.327309e-02	-9.368771e-03	-3.904319e-03
948           	-2.732396e-03	9.988123e-01	-1.325543e-02	-9.360112e-03	-3.895319e-03
949           	-2.732564e-03	9.988048e-01	-1.323844e-02	-9.351783e-03	-3.886655e-03
950           	-2.732729e-03	9.987974e-01	-1.322186e-02	-9.343661e-03	-3.878203e-03
951           	-2.732891e-03	9.987902e-01	-1.320594e-02	-9.335863e-03	-3.870080e-03
952           	-2.733050e-03	9.987830e-01	-1.319041e-02	-9.328257e-03	-3.862157e-03
953           	-2.733208e-03	9.987761e-01	-1.317550e-02	-9.320960e-03	-3.854545e-03
954           	-2.733361e-03	9.987692e-01	-1.316094e-02	-9.313833e-03	-3.847111e-03
955           	-2.733512e-03	9.987625e-01	-1.314695e-02	-9.306988e-03	-3.839963e-03
956           	-2.733660e-03	9.987560e-01	-1.313328e-02	-9.300303e-03	-3.832982e-03
957           	-2.733806e-03	9.987497e-01	-1.312016e-02	-9.293885e-03	-3.826273e-03
958           	-2.733948e-03	9.987435e-01	-1.310732e-02	-9.287608e-03	-3.819713e-03
959           	-2.734088e-03	9.987375e-01	-1.309501e-02	-9.281594e-03	-3.813418e-03
960           	-2.734224e-03	9.987316e-01	-1.308298e-02	-9.275714e-03	-3.807266e-03
961           	-2.734359e-03	9.987260e-01	-1.307147e-02	-9.270093e-03	-3.801375e-03
962           	-2.734489e-03	9.987204e-01	-1.306021e-02	-9.264596e-03	-3.795618e-03
963           	-2.734618e-03	9.987151e-01	-1.304950e-02	-9.259367e-03	-3.790131e-03
964           	-2.734743e-03	9.987098e-01	-1.303906e-02	-9.254274e-03	-3.784789e-03
965           	-2.734865e-03	9.987047e-01	-1.302918e-02	-9.249455e-03	-3.779725e-03
966           	-2.734983e-03	9.986997e-01	-1.301961e-02	-9.244790e-03	-3.774824e-03
967           	-2.735099e-03	9.986949e-01	-1.301064e-02	-9.240420e-03	-3.770222e-03
968           	-2.735210e-03	9.986901e-01	-1.300202e-02	-9.236220e-03	-3.765799e-03
969           	-2.735319e-03	9.986855e-01	-1.299402e-02	-9.232327e-03	-3.761688e-03
970           	-2.735425e-03	9.986810e-01	-1.298638e-02	-9.228616e-03	-3.757767e-03
971           	-2.735527e-03	9.986767e-01	-1.297939e-02	-9.225221e-03	-3.754167e-03
972           	-2.735626e-03	9.986726e-01	-1.297277e-02	-9.222011e-03	-3.750760e-03
973           	-2.735722e-03	9.986686e-01	-1.296678e-02	-9.219113e-03	-3.747669e-03
974           	-2.735814e-03	9.986647e-01	-1.296115e-02	-9.216390e-03	-3.744762e-03
975           	-2.735903e-03	9.986610e-01	-1.295612e-02	-9.213966e-03	-3.742159e-03
976           	-2.735989e-03	9.986574e-01	-1.295142e-02	-9.211697e-03	-3.739720e-03
977           	-2.736072e-03	9.986540e-01	-1.294727e-02	-9.209705e-03	-3.737562e-03
978           	-2.736151e-03	9.986507e-01	-1.294338e-02	-9.207842e-03	-3.735541e-03
979           	-2.736227e-03	9.986477e-01	-1.294001e-02	-9.206232e-03	-3.733777e-03
980           	-2.736300e-03	9.986448e-01	-1.293686e-02	-9.204729e-03	-3.732129e-03
981           	-2.736370e-03	9.986420e-01	-1.293419e-02	-9.203464e-03	-3.730723e-03
982           	-2.736437e-03	9.986394e-01	-1.293173e-02	-9.202301e-03	-3.729426e-03
983           	-2.736502e-03	9.986370e-01	-1.292975e-02	-9.201376e-03	-3.728373e-03
984           	-2.736563e-03	9.986347e-01	-1.292799e-02	-9.200559e-03	-3.727434e-03
985           	-2.736622e-03	9.986326e-01	-1.292674e-02	-9.199992e-03	-3.726748e-03
986           	-2.736677e-03	9.986306e-01	-1.292572e-02	-9.199539e-03	-3.726186e-03
987           	-2.736730e-03	9.986288e-01	-1.292522e-02	-9.199341e-03	-3.725881e-03
988           	-2.736779e-03	9.986271e-01	-1.292497e-02	-9.199262e-03	-3.725705e-03
989           	-2.736826e-03	9.986256e-01	-1.292522e-02	-9.199438e-03	-3.725787e-03
990           	-2.736869e-03	9.986242e-01	-1.292572e-02	-9.199730e-03	-3.725993e-03
991           	-2.736909e-03	9.986230e-01	-1.292673e-02	-9.200273e-03	-3.726455e-03
992           	-2.736946e-03	9.986220e-01	-1.292796e-02	-9.200926e-03	-3.727034e-03
993           	-2.736981e-03	9.986211e-01	-1.292969e-02	-9.201825e-03	-3.727863e-03
994           	-2.737012e-03	9.986202e-01	-1.293164e-02	-9.202830e-03	-3.728806e-03
995           	-2.737041e-03	9.986196e-01	-1.293407e-02	-9.204077e-03	-3.729996e-03
996           	-2.737066e-03	9.986190e-01	-1.293672e-02	-9.205427e-03	-3.731296e-03
997           	-2.737088e-03	9.986186e-01	-1.293986e-02	-9.207020e-03	-3.732844e-03
998           	-2.737107e-03	9.986183e-01	-1.294323e-02	-9.208723e-03	-3.734509e-03
999           	-2.737124e-03	9.986182e-01	-1.294715e-02	-9.210701e-03	-3.736452e-03
1000          	-2.737138e-03	9.986182e-01	-1.295127e-02	-9.212772e-03	-3.738497e-03
