# Force coefficients
# liftDir     : (0.000000e+00 0.000000e+00 1.000000e+00)
# dragDir     : (0.000000e+00 1.000000e+00 0.000000e+00)
# pitchAxis   : (1.000000e+00 0.000000e+00 0.000000e+00)
# magUInf     : 7.062655e-02
# lRef        : 4.000000e+00
# Aref        : 2.562000e-02
# CofR        : (0.000000e+00 0.000000e+00 0.000000e+00)
# Time        	Cm            	Cd            	Cl            	Cl(f)         	Cl(r)         
1             	-1.123440e-03	2.618676e-01	-2.975376e-02	-1.600032e-02	-1.375344e-02
2             	-3.383768e-03	8.730479e-01	-8.763023e-02	-4.719888e-02	-4.043135e-02
3             	-3.614498e-03	1.063588e+00	-4.460890e-02	-2.591895e-02	-1.868995e-02
4             	-2.774395e-03	1.000714e+00	2.278064e-02	8.615924e-03	1.416471e-02
5             	-2.038853e-03	9.113796e-01	5.976937e-02	2.784583e-02	3.192354e-02
6             	-1.689155e-03	8.587914e-01	6.934806e-02	3.298488e-02	3.636319e-02
7             	-1.557538e-03	8.277692e-01	6.330909e-02	3.009701e-02	3.321208e-02
8             	-1.745718e-03	8.464507e-01	4.652207e-02	2.151532e-02	2.500675e-02
9             	-1.931859e-03	8.611575e-01	3.547776e-02	1.580702e-02	1.967074e-02
10            	-2.114673e-03	8.831815e-01	2.254856e-02	9.159607e-03	1.338895e-02
11            	-2.239346e-03	9.001956e-01	1.251713e-02	4.019218e-03	8.497911e-03
12            	-2.333696e-03	9.140323e-01	3.219938e-03	-7.237270e-04	3.943665e-03
13            	-2.394729e-03	9.239428e-01	-9.559904e-03	-7.174681e-03	-2.385223e-03
14            	-2.387660e-03	9.224293e-01	-1.837497e-02	-1.157515e-02	-6.799825e-03
15            	-2.366482e-03	9.158335e-01	-2.235111e-02	-1.354204e-02	-8.809073e-03
16            	-2.371339e-03	9.105371e-01	-2.338033e-02	-1.406150e-02	-9.318826e-03
17            	-2.415356e-03	9.094396e-01	-2.212591e-02	-1.347831e-02	-8.647598e-03
18            	-2.490323e-03	9.121343e-01	-1.865924e-02	-1.181994e-02	-6.839294e-03
19            	-2.582612e-03	9.174787e-01	-1.390708e-02	-9.536151e-03	-4.370926e-03
20            	-2.678248e-03	9.242015e-01	-8.929912e-03	-7.143204e-03	-1.786708e-03
21            	-2.766535e-03	9.310314e-01	-4.577886e-03	-5.055478e-03	4.775919e-04
22            	-2.840536e-03	9.370418e-01	-1.247329e-03	-3.464200e-03	2.216871e-03
23            	-2.895709e-03	9.416032e-01	9.943835e-04	-2.398517e-03	3.392900e-03
24            	-2.929130e-03	9.447725e-01	2.369310e-03	-1.744475e-03	4.113785e-03
25            	-2.946732e-03	9.469366e-01	3.270677e-03	-1.311393e-03	4.582070e-03
26            	-2.953972e-03	9.483313e-01	4.210645e-03	-8.486489e-04	5.059294e-03
27            	-2.956308e-03	9.497338e-01	5.158629e-03	-3.769934e-04	5.535623e-03
28            	-2.954100e-03	9.510372e-01	6.038762e-03	6.528072e-05	5.973481e-03
29            	-2.950282e-03	9.525202e-01	6.761992e-03	4.307142e-04	6.331278e-03
30            	-2.946568e-03	9.542769e-01	7.260064e-03	6.834642e-04	6.576600e-03
31            	-2.943119e-03	9.561384e-01	7.562224e-03	8.379928e-04	6.724232e-03
32            	-2.940359e-03	9.580366e-01	7.671131e-03	8.952064e-04	6.775924e-03
33            	-2.939568e-03	9.600879e-01	7.598413e-03	8.596380e-04	6.738775e-03
34            	-2.940205e-03	9.620591e-01	7.373986e-03	7.467882e-04	6.627198e-03
35            	-2.942400e-03	9.639194e-01	7.014645e-03	5.649223e-04	6.449723e-03
36            	-2.945884e-03	9.656182e-01	6.511084e-03	3.096581e-04	6.201426e-03
37            	-2.950066e-03	9.670670e-01	5.852620e-03	-2.375644e-05	5.876376e-03
38            	-2.953996e-03	9.681531e-01	5.052129e-03	-4.279319e-04	5.480061e-03
39            	-2.956551e-03	9.687319e-01	4.198158e-03	-8.574722e-04	5.055630e-03
40            	-2.957338e-03	9.687699e-01	3.398131e-03	-1.258272e-03	4.656403e-03
41            	-2.956148e-03	9.683333e-01	2.739156e-03	-1.586570e-03	4.325726e-03
42            	-2.955496e-03	9.676848e-01	2.206710e-03	-1.852141e-03	4.058851e-03
43            	-2.955172e-03	9.669157e-01	1.775442e-03	-2.067452e-03	3.842893e-03
44            	-2.955341e-03	9.660184e-01	1.524883e-03	-2.192899e-03	3.717782e-03
45            	-2.956668e-03	9.650722e-01	1.576028e-03	-2.168654e-03	3.744681e-03
46            	-2.959359e-03	9.641659e-01	1.949601e-03	-1.984558e-03	3.934159e-03
47            	-2.963255e-03	9.633864e-01	2.562671e-03	-1.681920e-03	4.244591e-03
48            	-2.968109e-03	9.627655e-01	3.355826e-03	-1.290196e-03	4.646022e-03
49            	-2.975049e-03	9.625602e-01	4.311193e-03	-8.194528e-04	5.130646e-03
50            	-2.984948e-03	9.629487e-01	5.413381e-03	-2.782574e-04	5.691639e-03
51            	-2.998398e-03	9.640906e-01	6.640320e-03	3.217618e-04	6.318558e-03
52            	-3.015874e-03	9.661839e-01	7.918617e-03	9.434342e-04	6.975183e-03
53            	-3.038592e-03	9.694838e-01	9.213255e-03	1.568035e-03	7.645220e-03
54            	-3.067605e-03	9.741729e-01	1.049133e-02	2.178061e-03	8.313272e-03
55            	-3.099447e-03	9.797356e-01	1.156229e-02	2.681699e-03	8.880593e-03
56            	-3.128975e-03	9.851708e-01	1.229363e-02	3.017841e-03	9.275792e-03
57            	-3.151901e-03	9.897266e-01	1.265077e-02	3.173485e-03	9.477287e-03
58            	-3.165502e-03	9.929284e-01	1.266113e-02	3.165061e-03	9.496065e-03
59            	-3.168245e-03	9.942247e-01	1.237359e-02	3.018550e-03	9.355039e-03
60            	-3.161727e-03	9.934118e-01	1.191710e-02	2.796825e-03	9.120279e-03
61            	-3.150573e-03	9.909119e-01	1.140047e-02	2.549662e-03	8.850809e-03
62            	-3.138021e-03	9.870836e-01	1.092570e-02	2.324831e-03	8.600872e-03
63            	-3.126088e-03	9.823540e-01	1.058782e-02	2.167820e-03	8.419996e-03
64            	-3.116518e-03	9.774023e-01	1.040446e-02	2.085711e-03	8.318748e-03
65            	-3.109270e-03	9.727122e-01	1.041428e-02	2.097868e-03	8.316408e-03
66            	-3.105225e-03	9.689414e-01	1.060120e-02	2.195376e-03	8.405826e-03
67            	-3.104327e-03	9.663555e-01	1.088342e-02	2.337382e-03	8.546035e-03
68            	-3.106690e-03	9.650980e-01	1.125396e-02	2.520290e-03	8.733669e-03
69            	-3.111435e-03	9.649939e-01	1.192772e-02	2.852424e-03	9.075294e-03
70            	-3.117146e-03	9.657448e-01	1.356129e-02	3.663498e-03	9.897791e-03
71            	-3.117931e-03	9.664379e-01	1.719090e-02	5.477517e-03	1.171338e-02
72            	-3.108989e-03	9.662082e-01	2.306758e-02	8.424803e-03	1.464278e-02
73            	-3.095489e-03	9.654167e-01	2.999085e-02	1.189993e-02	1.809091e-02
74            	-3.089942e-03	9.655921e-01	3.584851e-02	1.483431e-02	2.101420e-02
75            	-3.096426e-03	9.671661e-01	3.914568e-02	1.647641e-02	2.266926e-02
76            	-3.110082e-03	9.695781e-01	3.975152e-02	1.676568e-02	2.298584e-02
77            	-3.125533e-03	9.721699e-01	3.820368e-02	1.597631e-02	2.222737e-02
78            	-3.138926e-03	9.744882e-01	3.542047e-02	1.457131e-02	2.084916e-02
79            	-3.148304e-03	9.763493e-01	3.230627e-02	1.300483e-02	1.930144e-02
80            	-3.152444e-03	9.774772e-01	2.962111e-02	1.165811e-02	1.796300e-02
81            	-3.152436e-03	9.780125e-01	2.789401e-02	1.079457e-02	1.709944e-02
82            	-3.149410e-03	9.782145e-01	2.746126e-02	1.058122e-02	1.688004e-02
83            	-3.143960e-03	9.781643e-01	2.858493e-02	1.114851e-02	1.743643e-02
84            	-3.136382e-03	9.777642e-01	3.131106e-02	1.251915e-02	1.879191e-02
85            	-3.127043e-03	9.768121e-01	3.530281e-02	1.452436e-02	2.077845e-02
86            	-3.116872e-03	9.752442e-01	3.984315e-02	1.680470e-02	2.303845e-02
87            	-3.107070e-03	9.732407e-01	4.407565e-02	1.893075e-02	2.514489e-02
88            	-3.098609e-03	9.710657e-01	4.731296e-02	2.055787e-02	2.675509e-02
89            	-3.091984e-03	9.689453e-01	4.920493e-02	2.151048e-02	2.769445e-02
90            	-3.087491e-03	9.670555e-01	4.976635e-02	2.179568e-02	2.797066e-02
91            	-3.085757e-03	9.656374e-01	4.912753e-02	2.147801e-02	2.764952e-02
92            	-3.086332e-03	9.649407e-01	4.745641e-02	2.064187e-02	2.681454e-02
93            	-3.091030e-03	9.656901e-01	4.488497e-02	1.935145e-02	2.553351e-02
94            	-3.101621e-03	9.683802e-01	4.181981e-02	1.780829e-02	2.401153e-02
95            	-3.118696e-03	9.731865e-01	3.859234e-02	1.617747e-02	2.241487e-02
96            	-3.140239e-03	9.795024e-01	3.537881e-02	1.454917e-02	2.082964e-02
97            	-3.159831e-03	9.858325e-01	3.241029e-02	1.304531e-02	1.936498e-02
98            	-3.172419e-03	9.909411e-01	2.994556e-02	1.180036e-02	1.814520e-02
99            	-3.179425e-03	9.946649e-01	2.787579e-02	1.075847e-02	1.711732e-02
100           	-3.183516e-03	9.975345e-01	2.600871e-02	9.820837e-03	1.618787e-02
101           	-3.185740e-03	9.995848e-01	2.424316e-02	8.935839e-03	1.530732e-02
102           	-3.185450e-03	1.000526e+00	2.260000e-02	8.114547e-03	1.448545e-02
103           	-3.183105e-03	1.000276e+00	2.112713e-02	7.380461e-03	1.374667e-02
104           	-3.178796e-03	9.986173e-01	1.979579e-02	6.719098e-03	1.307669e-02
105           	-3.174675e-03	9.957490e-01	1.834471e-02	5.997681e-03	1.234703e-02
106           	-3.170773e-03	9.918929e-01	1.666997e-02	5.164210e-03	1.150576e-02
107           	-3.166186e-03	9.874433e-01	1.473745e-02	4.202538e-03	1.053491e-02
108           	-3.159663e-03	9.827231e-01	1.263033e-02	3.155504e-03	9.474830e-03
109           	-3.149254e-03	9.779418e-01	1.054771e-02	2.124598e-03	8.423107e-03
110           	-3.136540e-03	9.734152e-01	8.630637e-03	1.178778e-03	7.451859e-03
111           	-3.123553e-03	9.693891e-01	7.125702e-03	4.392978e-04	6.686405e-03
112           	-3.112915e-03	9.662063e-01	6.408170e-03	9.117023e-05	6.317000e-03
113           	-3.102692e-03	9.634245e-01	7.242089e-03	5.183525e-04	6.723737e-03
114           	-3.088305e-03	9.602933e-01	1.036196e-02	2.092677e-03	8.269287e-03
115           	-3.064819e-03	9.559108e-01	1.554416e-02	4.707263e-03	1.083690e-02
116           	-3.042031e-03	9.517057e-01	2.105629e-02	7.486113e-03	1.357018e-02
117           	-3.029360e-03	9.491526e-01	2.549537e-02	9.718326e-03	1.577705e-02
118           	-3.027633e-03	9.483308e-01	2.853640e-02	1.124057e-02	1.729583e-02
119           	-3.032123e-03	9.487494e-01	3.062346e-02	1.227961e-02	1.834385e-02
120           	-3.040886e-03	9.502551e-01	3.259459e-02	1.325641e-02	1.933818e-02
121           	-3.053014e-03	9.528707e-01	3.503485e-02	1.446441e-02	2.057044e-02
122           	-3.067643e-03	9.565266e-01	3.819930e-02	1.603200e-02	2.216729e-02
123           	-3.086460e-03	9.615745e-01	4.203574e-02	1.793141e-02	2.410433e-02
124           	-3.109692e-03	9.680811e-01	4.592935e-02	1.985498e-02	2.607437e-02
125           	-3.135800e-03	9.758188e-01	4.896051e-02	2.134445e-02	2.761605e-02
126           	-3.155908e-03	9.828833e-01	5.020757e-02	2.194787e-02	2.825969e-02
127           	-3.167016e-03	9.882588e-01	4.941914e-02	2.154256e-02	2.787659e-02
128           	-3.170160e-03	9.918067e-01	4.694691e-02	2.030329e-02	2.664361e-02
129           	-3.167099e-03	9.934542e-01	4.360414e-02	1.863497e-02	2.496917e-02
130           	-3.160617e-03	9.938806e-01	3.973030e-02	1.670453e-02	2.302577e-02
131           	-3.154084e-03	9.936720e-01	3.546384e-02	1.457783e-02	2.088600e-02
132           	-3.147076e-03	9.927282e-01	3.110920e-02	1.240752e-02	1.870167e-02
133           	-3.140269e-03	9.911875e-01	2.725551e-02	1.048748e-02	1.676802e-02
134           	-3.135442e-03	9.894954e-01	2.421710e-02	8.973110e-03	1.524399e-02
135           	-3.132938e-03	9.878906e-01	2.208708e-02	7.910602e-03	1.417648e-02
136           	-3.129890e-03	9.861107e-01	2.069490e-02	7.217560e-03	1.347734e-02
137           	-3.123518e-03	9.836308e-01	1.969771e-02	6.725338e-03	1.297237e-02
138           	-3.112203e-03	9.801905e-01	1.883378e-02	6.304686e-03	1.252909e-02
139           	-3.098002e-03	9.758702e-01	1.778074e-02	5.792368e-03	1.198837e-02
140           	-3.085504e-03	9.715389e-01	1.645309e-02	5.141040e-03	1.131205e-02
141           	-3.075143e-03	9.673691e-01	1.499303e-02	4.421371e-03	1.057166e-02
142           	-3.064989e-03	9.630843e-01	1.383121e-02	3.850615e-03	9.980594e-03
143           	-3.051555e-03	9.582687e-01	1.355007e-02	3.723481e-03	9.826592e-03
144           	-3.033087e-03	9.526246e-01	1.427435e-02	4.104088e-03	1.017026e-02
145           	-3.015685e-03	9.474248e-01	1.555169e-02	4.760157e-03	1.079153e-02
146           	-3.003908e-03	9.437174e-01	1.673399e-02	5.363089e-03	1.137091e-02
147           	-3.001194e-03	9.421053e-01	1.760878e-02	5.803196e-03	1.180558e-02
148           	-3.012046e-03	9.434966e-01	1.808353e-02	6.029717e-03	1.205381e-02
149           	-3.032616e-03	9.474557e-01	1.852505e-02	6.229907e-03	1.229514e-02
150           	-3.058805e-03	9.534225e-01	1.945045e-02	6.666421e-03	1.278403e-02
151           	-3.087014e-03	9.607182e-01	2.121578e-02	7.520877e-03	1.369490e-02
152           	-3.116511e-03	9.690793e-01	2.395828e-02	8.862628e-03	1.509565e-02
153           	-3.145495e-03	9.778498e-01	2.746841e-02	1.058871e-02	1.687970e-02
154           	-3.171360e-03	9.862341e-01	3.125358e-02	1.245543e-02	1.879815e-02
155           	-3.191143e-03	9.932235e-01	3.472151e-02	1.416961e-02	2.055190e-02
156           	-3.204554e-03	9.983467e-01	3.731146e-02	1.545118e-02	2.186029e-02
157           	-3.213580e-03	1.001833e+00	3.868704e-02	1.612994e-02	2.255710e-02
158           	-3.219500e-03	1.003895e+00	3.871052e-02	1.613576e-02	2.257476e-02
159           	-3.222912e-03	1.004736e+00	3.744027e-02	1.549722e-02	2.194305e-02
160           	-3.223813e-03	1.004495e+00	3.512456e-02	1.433847e-02	2.078609e-02
161           	-3.222135e-03	1.003278e+00	3.204580e-02	1.280076e-02	1.924503e-02
162           	-3.217751e-03	1.001157e+00	2.861746e-02	1.109098e-02	1.752648e-02
163           	-3.211403e-03	9.984457e-01	2.522473e-02	9.400964e-03	1.582377e-02
164           	-3.202920e-03	9.952149e-01	2.226701e-02	7.930584e-03	1.433642e-02
165           	-3.191867e-03	9.914942e-01	2.006533e-02	6.840797e-03	1.322453e-02
166           	-3.176725e-03	9.870718e-01	1.877937e-02	6.212963e-03	1.256641e-02
167           	-3.156657e-03	9.817856e-01	1.833424e-02	6.010461e-03	1.232378e-02
168           	-3.133186e-03	9.757944e-01	1.848663e-02	6.110126e-03	1.237650e-02
169           	-3.109987e-03	9.696475e-01	1.888387e-02	6.331948e-03	1.255192e-02
170           	-3.092313e-03	9.639517e-01	1.931684e-02	6.566106e-03	1.275073e-02
171           	-3.086601e-03	9.600457e-01	1.984526e-02	6.836029e-03	1.300923e-02
172           	-3.085453e-03	9.570808e-01	2.056180e-02	7.195449e-03	1.336635e-02
173           	-3.085634e-03	9.550551e-01	2.147034e-02	7.649536e-03	1.382080e-02
174           	-3.084074e-03	9.540425e-01	2.232711e-02	8.079483e-03	1.424763e-02
175           	-3.082220e-03	9.543522e-01	2.278536e-02	8.310460e-03	1.447490e-02
176           	-3.083047e-03	9.562209e-01	2.259887e-02	8.216390e-03	1.438248e-02
177           	-3.090207e-03	9.599316e-01	2.163280e-02	7.726192e-03	1.390661e-02
178           	-3.102057e-03	9.649183e-01	2.033398e-02	7.064935e-03	1.326905e-02
179           	-3.116618e-03	9.706197e-01	1.941822e-02	6.592490e-03	1.282573e-02
180           	-3.132262e-03	9.767718e-01	1.950060e-02	6.618038e-03	1.288256e-02
181           	-3.146587e-03	9.827983e-01	2.084569e-02	7.276260e-03	1.356943e-02
182           	-3.158792e-03	9.882533e-01	2.331233e-02	8.497373e-03	1.481496e-02
183           	-3.171451e-03	9.932535e-01	2.659012e-02	1.012361e-02	1.646651e-02
184           	-3.183711e-03	9.973290e-01	3.011019e-02	1.187138e-02	1.823881e-02
185           	-3.195805e-03	1.000438e+00	3.318813e-02	1.339826e-02	1.978987e-02
186           	-3.204996e-03	1.002306e+00	3.540338e-02	1.449669e-02	2.090668e-02
187           	-3.209207e-03	1.002820e+00	3.663561e-02	1.510860e-02	2.152701e-02
188           	-3.205307e-03	1.001616e+00	3.692913e-02	1.525926e-02	2.166987e-02
189           	-3.192857e-03	9.986320e-01	3.648727e-02	1.505078e-02	2.143649e-02
190           	-3.173443e-03	9.941378e-01	3.568339e-02	1.466825e-02	2.101514e-02
191           	-3.150779e-03	9.887210e-01	3.483225e-02	1.426535e-02	2.056690e-02
192           	-3.129804e-03	9.831370e-01	3.406768e-02	1.390404e-02	2.016365e-02
193           	-3.113405e-03	9.778473e-01	3.328297e-02	1.352808e-02	1.975489e-02
194           	-3.102192e-03	9.730566e-01	3.221017e-02	1.300289e-02	1.920728e-02
195           	-3.095493e-03	9.689167e-01	3.059908e-02	1.220405e-02	1.839503e-02
196           	-3.092085e-03	9.654424e-01	2.844745e-02	1.113164e-02	1.731581e-02
197           	-3.089485e-03	9.622798e-01	2.594959e-02	9.885309e-03	1.606428e-02
198           	-3.085189e-03	9.593817e-01	2.360562e-02	8.717619e-03	1.488800e-02
199           	-3.077188e-03	9.569714e-01	2.219242e-02	8.019021e-03	1.417340e-02
200           	-3.063351e-03	9.550532e-01	2.211909e-02	7.996194e-03	1.412290e-02
201           	-3.044282e-03	9.536164e-01	2.323804e-02	8.574738e-03	1.466330e-02
202           	-3.028566e-03	9.533377e-01	2.481028e-02	9.376575e-03	1.543371e-02
203           	-3.021111e-03	9.545028e-01	2.621726e-02	1.008752e-02	1.612974e-02
204           	-3.024582e-03	9.571295e-01	2.721565e-02	1.058324e-02	1.663241e-02
205           	-3.037015e-03	9.608790e-01	2.801918e-02	1.097258e-02	1.704661e-02
206           	-3.055751e-03	9.654525e-01	2.886040e-02	1.137445e-02	1.748595e-02
207           	-3.078720e-03	9.706650e-01	2.984994e-02	1.184625e-02	1.800369e-02
208           	-3.104526e-03	9.765032e-01	3.096891e-02	1.237993e-02	1.858898e-02
209           	-3.130957e-03	9.826566e-01	3.213104e-02	1.293456e-02	1.919648e-02
210           	-3.154200e-03	9.884064e-01	3.320262e-02	1.344711e-02	1.975551e-02
211           	-3.171354e-03	9.931327e-01	3.405823e-02	1.385776e-02	2.020047e-02
212           	-3.181962e-03	9.966632e-01	3.457957e-02	1.410782e-02	2.047175e-02
213           	-3.186474e-03	9.989996e-01	3.472702e-02	1.417703e-02	2.054998e-02
214           	-3.185844e-03	1.000201e+00	3.446601e-02	1.404716e-02	2.041885e-02
215           	-3.180876e-03	1.000270e+00	3.376230e-02	1.370027e-02	2.006202e-02
216           	-3.172560e-03	9.991909e-01	3.263029e-02	1.314258e-02	1.948770e-02
217           	-3.162170e-03	9.970424e-01	3.115767e-02	1.241667e-02	1.874101e-02
218           	-3.151438e-03	9.941534e-01	2.946659e-02	1.158185e-02	1.788473e-02
219           	-3.142621e-03	9.909330e-01	2.759635e-02	1.065555e-02	1.694080e-02
220           	-3.134824e-03	9.874603e-01	2.576706e-02	9.748708e-03	1.601836e-02
221           	-3.125824e-03	9.836962e-01	2.422664e-02	8.987495e-03	1.523914e-02
222           	-3.115101e-03	9.795452e-01	2.292711e-02	8.348455e-03	1.457866e-02
223           	-3.104771e-03	9.753965e-01	2.179741e-02	7.793934e-03	1.400348e-02
224           	-3.096882e-03	9.716337e-01	2.083963e-02	7.322935e-03	1.351670e-02
225           	-3.090694e-03	9.682553e-01	2.019321e-02	7.005910e-03	1.318730e-02
226           	-3.082419e-03	9.648564e-01	2.010119e-02	6.968178e-03	1.313302e-02
227           	-3.071950e-03	9.617187e-01	2.072359e-02	7.289843e-03	1.343374e-02
228           	-3.062994e-03	9.597458e-01	2.199062e-02	7.932317e-03	1.405831e-02
229           	-3.059353e-03	9.595057e-01	2.363294e-02	8.757119e-03	1.487583e-02
230           	-3.061473e-03	9.608016e-01	2.529768e-02	9.587369e-03	1.571031e-02
231           	-3.068334e-03	9.632368e-01	2.643898e-02	1.015116e-02	1.628782e-02
232           	-3.076564e-03	9.661048e-01	2.678297e-02	1.031492e-02	1.646805e-02
233           	-3.083458e-03	9.688540e-01	2.641092e-02	1.012200e-02	1.628892e-02
234           	-3.090413e-03	9.717607e-01	2.553672e-02	9.677949e-03	1.585877e-02
235           	-3.100924e-03	9.754927e-01	2.441846e-02	9.108304e-03	1.531015e-02
236           	-3.117473e-03	9.805378e-01	2.328380e-02	8.524425e-03	1.475937e-02
237           	-3.138754e-03	9.867687e-01	2.227164e-02	7.997065e-03	1.427457e-02
238           	-3.158763e-03	9.928571e-01	2.163046e-02	7.656465e-03	1.397399e-02
239           	-3.172476e-03	9.976633e-01	2.149291e-02	7.573979e-03	1.391893e-02
240           	-3.178931e-03	1.000836e+00	2.182397e-02	7.733055e-03	1.409092e-02
241           	-3.178600e-03	1.002292e+00	2.247386e-02	8.058332e-03	1.441553e-02
242           	-3.173481e-03	1.002435e+00	2.331682e-02	8.484928e-03	1.483189e-02
243           	-3.164875e-03	1.001481e+00	2.420405e-02	8.937152e-03	1.526690e-02
244           	-3.153744e-03	9.996515e-01	2.496278e-02	9.327648e-03	1.563514e-02
245           	-3.140602e-03	9.969887e-01	2.545058e-02	9.584689e-03	1.586589e-02
246           	-3.126143e-03	9.936635e-01	2.554821e-02	9.647963e-03	1.590025e-02
247           	-3.111097e-03	9.897524e-01	2.523768e-02	9.507742e-03	1.572994e-02
248           	-3.097526e-03	9.856305e-01	2.453758e-02	9.171264e-03	1.536632e-02
249           	-3.086050e-03	9.817185e-01	2.358007e-02	8.703985e-03	1.487608e-02
250           	-3.075822e-03	9.781154e-01	2.258542e-02	8.216887e-03	1.436853e-02
251           	-3.066772e-03	9.749690e-01	2.179302e-02	7.829740e-03	1.396328e-02
252           	-3.059271e-03	9.724099e-01	2.141756e-02	7.649511e-03	1.376805e-02
253           	-3.053093e-03	9.704032e-01	2.162998e-02	7.761897e-03	1.386808e-02
254           	-3.049259e-03	9.692188e-01	2.245574e-02	8.178611e-03	1.427713e-02
255           	-3.048170e-03	9.688177e-01	2.399072e-02	8.947192e-03	1.504353e-02
256           	-3.051984e-03	9.695353e-01	2.621696e-02	1.005650e-02	1.616047e-02
257           	-3.062010e-03	9.716367e-01	2.876520e-02	1.132059e-02	1.744461e-02
258           	-3.076167e-03	9.747695e-01	3.114664e-02	1.249715e-02	1.864949e-02
259           	-3.090841e-03	9.782372e-01	3.272303e-02	1.327067e-02	1.945235e-02
260           	-3.101255e-03	9.810566e-01	3.315382e-02	1.347566e-02	1.967817e-02
261           	-3.105692e-03	9.828657e-01	3.232396e-02	1.305629e-02	1.926767e-02
262           	-3.105060e-03	9.837436e-01	3.039664e-02	1.209326e-02	1.830338e-02
263           	-3.102084e-03	9.841212e-01	2.777491e-02	1.078537e-02	1.698954e-02
264           	-3.098635e-03	9.841664e-01	2.509083e-02	9.446780e-03	1.564405e-02
265           	-3.095656e-03	9.841829e-01	2.253910e-02	8.173892e-03	1.436520e-02
266           	-3.093519e-03	9.843244e-01	2.025818e-02	7.035570e-03	1.322261e-02
267           	-3.091643e-03	9.846129e-01	1.835215e-02	6.084435e-03	1.226772e-02
268           	-3.089550e-03	9.849930e-01	1.693798e-02	5.379441e-03	1.155854e-02
269           	-3.086491e-03	9.852940e-01	1.616412e-02	4.995568e-03	1.116855e-02
270           	-3.082380e-03	9.853247e-01	1.608587e-02	4.960556e-03	1.112532e-02
271           	-3.078180e-03	9.851736e-01	1.656843e-02	5.206035e-03	1.136240e-02
272           	-3.073955e-03	9.847800e-01	1.740421e-02	5.628150e-03	1.177606e-02
273           	-3.069920e-03	9.842013e-01	1.839213e-02	6.126147e-03	1.226599e-02
274           	-3.066512e-03	9.835673e-01	1.939745e-02	6.632213e-03	1.276524e-02
275           	-3.064042e-03	9.829886e-01	2.035396e-02	7.112939e-03	1.324102e-02
276           	-3.062368e-03	9.825380e-01	2.118810e-02	7.531684e-03	1.365642e-02
277           	-3.061547e-03	9.822404e-01	2.195249e-02	7.914696e-03	1.403779e-02
278           	-3.061718e-03	9.821115e-01	2.266605e-02	8.271307e-03	1.439474e-02
279           	-3.062543e-03	9.821318e-01	2.333524e-02	8.605078e-03	1.473016e-02
280           	-3.063834e-03	9.822863e-01	2.395539e-02	8.913862e-03	1.504153e-02
281           	-3.065551e-03	9.825647e-01	2.447683e-02	9.172864e-03	1.530397e-02
282           	-3.067488e-03	9.829712e-01	2.475685e-02	9.310935e-03	1.544591e-02
283           	-3.069065e-03	9.834680e-01	2.466752e-02	9.264697e-03	1.540283e-02
284           	-3.069973e-03	9.839953e-01	2.416340e-02	9.011729e-03	1.515167e-02
285           	-3.069941e-03	9.844773e-01	2.332247e-02	8.591292e-03	1.473117e-02
286           	-3.068902e-03	9.848687e-01	2.228473e-02	8.073466e-03	1.421127e-02
287           	-3.067041e-03	9.851579e-01	2.121300e-02	7.539461e-03	1.367354e-02
288           	-3.064414e-03	9.853526e-01	2.021804e-02	7.044605e-03	1.317343e-02
289           	-3.061433e-03	9.854595e-01	1.940796e-02	6.642545e-03	1.276541e-02
290           	-3.057946e-03	9.854988e-01	1.875850e-02	6.321303e-03	1.243719e-02
291           	-3.054006e-03	9.854934e-01	1.823951e-02	6.065748e-03	1.217376e-02
292           	-3.049478e-03	9.854328e-01	1.783137e-02	5.866208e-03	1.196516e-02
293           	-3.044481e-03	9.852800e-01	1.753275e-02	5.721894e-03	1.181086e-02
294           	-3.039342e-03	9.850019e-01	1.735982e-02	5.640570e-03	1.171925e-02
295           	-3.034278e-03	9.846132e-01	1.729002e-02	5.610733e-03	1.167929e-02
296           	-3.029520e-03	9.841517e-01	1.728430e-02	5.612631e-03	1.167167e-02
297           	-3.025141e-03	9.836587e-01	1.730772e-02	5.628721e-03	1.167900e-02
298           	-3.021251e-03	9.831764e-01	1.734787e-02	5.652685e-03	1.169519e-02
299           	-3.017938e-03	9.827369e-01	1.741333e-02	5.688728e-03	1.172460e-02
300           	-3.015270e-03	9.823615e-01	1.752033e-02	5.744897e-03	1.177544e-02
301           	-3.013249e-03	9.820607e-01	1.768262e-02	5.828060e-03	1.185456e-02
302           	-3.011901e-03	9.818502e-01	1.789224e-02	5.934219e-03	1.195802e-02
303           	-3.011128e-03	9.817107e-01	1.815320e-02	6.065470e-03	1.208773e-02
304           	-3.010832e-03	9.816215e-01	1.846184e-02	6.220090e-03	1.224175e-02
305           	-3.011056e-03	9.815891e-01	1.880811e-02	6.392998e-03	1.241511e-02
306           	-3.011796e-03	9.816141e-01	1.915310e-02	6.564752e-03	1.258834e-02
307           	-3.012804e-03	9.816830e-01	1.940971e-02	6.692052e-03	1.271766e-02
308           	-3.013715e-03	9.817606e-01	1.950064e-02	6.736603e-03	1.276403e-02
309           	-3.014398e-03	9.818367e-01	1.938536e-02	6.678282e-03	1.270708e-02
310           	-3.014720e-03	9.818762e-01	1.907430e-02	6.522429e-03	1.255187e-02
311           	-3.014668e-03	9.818726e-01	1.860508e-02	6.287869e-03	1.231721e-02
312           	-3.014267e-03	9.818236e-01	1.802728e-02	5.999373e-03	1.202791e-02
313           	-3.013548e-03	9.817332e-01	1.739283e-02	5.682868e-03	1.170996e-02
314           	-3.012573e-03	9.816095e-01	1.674595e-02	5.360401e-03	1.138555e-02
315           	-3.011394e-03	9.814614e-01	1.611844e-02	5.047824e-03	1.107061e-02
316           	-3.010038e-03	9.812951e-01	1.552827e-02	4.754098e-03	1.077417e-02
317           	-3.008507e-03	9.811118e-01	1.498770e-02	4.485344e-03	1.050236e-02
318           	-3.006817e-03	9.809075e-01	1.451415e-02	4.250257e-03	1.026389e-02
319           	-3.005025e-03	9.806782e-01	1.412860e-02	4.059275e-03	1.006932e-02
320           	-3.003216e-03	9.804270e-01	1.384354e-02	3.918556e-03	9.924989e-03
321           	-3.001452e-03	9.801607e-01	1.365297e-02	3.825035e-03	9.827939e-03
322           	-2.999783e-03	9.798917e-01	1.353636e-02	3.768398e-03	9.767963e-03
323           	-2.998263e-03	9.796343e-01	1.346816e-02	3.735818e-03	9.732344e-03
324           	-2.996909e-03	9.793961e-01	1.342585e-02	3.716015e-03	9.709833e-03
325           	-2.995720e-03	9.791806e-01	1.339299e-02	3.700772e-03	9.692213e-03
326           	-2.994692e-03	9.789865e-01	1.335915e-02	3.684881e-03	9.674265e-03
327           	-2.993792e-03	9.788105e-01	1.332019e-02	3.666304e-03	9.653887e-03
328           	-2.993000e-03	9.786474e-01	1.327378e-02	3.643889e-03	9.629889e-03
329           	-2.992273e-03	9.784909e-01	1.322001e-02	3.617733e-03	9.602278e-03
330           	-2.991565e-03	9.783339e-01	1.315900e-02	3.587937e-03	9.571068e-03
331           	-2.990856e-03	9.781730e-01	1.309038e-02	3.554337e-03	9.536048e-03
332           	-2.990112e-03	9.780038e-01	1.301369e-02	3.516733e-03	9.496956e-03
333           	-2.989309e-03	9.778231e-01	1.292839e-02	3.474885e-03	9.453504e-03
334           	-2.988436e-03	9.776301e-01	1.283357e-02	3.428348e-03	9.405220e-03
335           	-2.987470e-03	9.774239e-01	1.273029e-02	3.377674e-03	9.352614e-03
336           	-2.986418e-03	9.772053e-01	1.261951e-02	3.323336e-03	9.296172e-03
337           	-2.985301e-03	9.769787e-01	1.250343e-02	3.266412e-03	9.237015e-03
338           	-2.984140e-03	9.767483e-01	1.238432e-02	3.208018e-03	9.176298e-03
339           	-2.982947e-03	9.765181e-01	1.226452e-02	3.149313e-03	9.115208e-03
340           	-2.981734e-03	9.762918e-01	1.214667e-02	3.091601e-03	9.055068e-03
341           	-2.980506e-03	9.760708e-01	1.203315e-02	3.036070e-03	8.997081e-03
342           	-2.979263e-03	9.758562e-01	1.192616e-02	2.983819e-03	8.942345e-03
343           	-2.978010e-03	9.756485e-01	1.182719e-02	2.935587e-03	8.891606e-03
344           	-2.976623e-03	9.754371e-01	1.173701e-02	2.891882e-03	8.845128e-03
345           	-2.975269e-03	9.752333e-01	1.165567e-02	2.852565e-03	8.803102e-03
346           	-2.973971e-03	9.750374e-01	1.158189e-02	2.816975e-03	8.764917e-03
347           	-2.972718e-03	9.748478e-01	1.151464e-02	2.784604e-03	8.730040e-03
348           	-2.971494e-03	9.746631e-01	1.145273e-02	2.754871e-03	8.697859e-03
349           	-2.970305e-03	9.744834e-01	1.139446e-02	2.726925e-03	8.667535e-03
350           	-2.969160e-03	9.743099e-01	1.133789e-02	2.699784e-03	8.638103e-03
351           	-2.968076e-03	9.741443e-01	1.128099e-02	2.672421e-03	8.608573e-03
352           	-2.967069e-03	9.739884e-01	1.122208e-02	2.643970e-03	8.578109e-03
353           	-2.966152e-03	9.738442e-01	1.116041e-02	2.614054e-03	8.546357e-03
354           	-2.965331e-03	9.737129e-01	1.109570e-02	2.582518e-03	8.513179e-03
355           	-2.964608e-03	9.735955e-01	1.102828e-02	2.549534e-03	8.478749e-03
356           	-2.963957e-03	9.734902e-01	1.096061e-02	2.516348e-03	8.444263e-03
357           	-2.963394e-03	9.733986e-01	1.089290e-02	2.483057e-03	8.409845e-03
358           	-2.962918e-03	9.733211e-01	1.082698e-02	2.450573e-03	8.376410e-03
359           	-2.962532e-03	9.732573e-01	1.076472e-02	2.419829e-03	8.344892e-03
360           	-2.962223e-03	9.732062e-01	1.070831e-02	2.391930e-03	8.316376e-03
361           	-2.961984e-03	9.731680e-01	1.065834e-02	2.367187e-03	8.291155e-03
362           	-2.961768e-03	9.731361e-01	1.061628e-02	2.346372e-03	8.269908e-03
363           	-2.961579e-03	9.731102e-01	1.058330e-02	2.330072e-03	8.253230e-03
364           	-2.961430e-03	9.730913e-01	1.055968e-02	2.318409e-03	8.241268e-03
365           	-2.961323e-03	9.730795e-01	1.054562e-02	2.311488e-03	8.234135e-03
366           	-2.961255e-03	9.730741e-01	1.054088e-02	2.309186e-03	8.231696e-03
367           	-2.961217e-03	9.730737e-01	1.054474e-02	2.311154e-03	8.233589e-03
368           	-2.961197e-03	9.730771e-01	1.055642e-02	2.317012e-03	8.239406e-03
369           	-2.961186e-03	9.730833e-01	1.057467e-02	2.326147e-03	8.248520e-03
370           	-2.961176e-03	9.730912e-01	1.059830e-02	2.337973e-03	8.260325e-03
371           	-2.961158e-03	9.731003e-01	1.062604e-02	2.351863e-03	8.274179e-03
372           	-2.961120e-03	9.731083e-01	1.065669e-02	2.367227e-03	8.289467e-03
373           	-2.961064e-03	9.731170e-01	1.068877e-02	2.383320e-03	8.305448e-03
374           	-2.960984e-03	9.731256e-01	1.072123e-02	2.399630e-03	8.321598e-03
375           	-2.960873e-03	9.731336e-01	1.075275e-02	2.415502e-03	8.337247e-03
376           	-2.960724e-03	9.731407e-01	1.078233e-02	2.430439e-03	8.351886e-03
377           	-2.960534e-03	9.731468e-01	1.080873e-02	2.443830e-03	8.364897e-03
378           	-2.960298e-03	9.731520e-01	1.083081e-02	2.455109e-03	8.375705e-03
379           	-2.960015e-03	9.731560e-01	1.084756e-02	2.463764e-03	8.383794e-03
380           	-2.959681e-03	9.731588e-01	1.085811e-02	2.469377e-03	8.388738e-03
381           	-2.959290e-03	9.731603e-01	1.086161e-02	2.471514e-03	8.390095e-03
382           	-2.958843e-03	9.731604e-01	1.085752e-02	2.469917e-03	8.387602e-03
383           	-2.958336e-03	9.731594e-01	1.084522e-02	2.464273e-03	8.380946e-03
384           	-2.957769e-03	9.731574e-01	1.082446e-02	2.454462e-03	8.370000e-03
385           	-2.957142e-03	9.731546e-01	1.079490e-02	2.440307e-03	8.354591e-03
386           	-2.956473e-03	9.731581e-01	1.075480e-02	2.420926e-03	8.333873e-03
387           	-2.955751e-03	9.731650e-01	1.070506e-02	2.396779e-03	8.308281e-03
388           	-2.954965e-03	9.731715e-01	1.064638e-02	2.368227e-03	8.278158e-03
389           	-2.954118e-03	9.731761e-01	1.057880e-02	2.335280e-03	8.243517e-03
390           	-2.953219e-03	9.731795e-01	1.050204e-02	2.297802e-03	8.204241e-03
391           	-2.952275e-03	9.731830e-01	1.041589e-02	2.255671e-03	8.160221e-03
392           	-2.951293e-03	9.731882e-01	1.032023e-02	2.208821e-03	8.111408e-03
393           	-2.950284e-03	9.731966e-01	1.021467e-02	2.157052e-03	8.057621e-03
394           	-2.949255e-03	9.732089e-01	1.009909e-02	2.100288e-03	7.998798e-03
395           	-2.948206e-03	9.732261e-01	9.973488e-03	2.038538e-03	7.934950e-03
396           	-2.947144e-03	9.732484e-01	9.837914e-03	1.971813e-03	7.866101e-03
397           	-2.946072e-03	9.732761e-01	9.692457e-03	1.900156e-03	7.792300e-03
398           	-2.944994e-03	9.733092e-01	9.537439e-03	1.823726e-03	7.713713e-03
399           	-2.943917e-03	9.733492e-01	9.373013e-03	1.742590e-03	7.630423e-03
400           	-2.942842e-03	9.733937e-01	9.199998e-03	1.657157e-03	7.542840e-03
401           	-2.941766e-03	9.734428e-01	9.019083e-03	1.567776e-03	7.451307e-03
402           	-2.940688e-03	9.734966e-01	8.830814e-03	1.474720e-03	7.356095e-03
403           	-2.939577e-03	9.735434e-01	8.644944e-03	1.382895e-03	7.262049e-03
404           	-2.938538e-03	9.736036e-01	8.446293e-03	1.284608e-03	7.161685e-03
405           	-2.937517e-03	9.736729e-01	8.239348e-03	1.182157e-03	7.057191e-03
406           	-2.936490e-03	9.737471e-01	8.027401e-03	1.077211e-03	6.950190e-03
407           	-2.935417e-03	9.738112e-01	7.822540e-03	9.758531e-04	6.846687e-03
408           	-2.934432e-03	9.738880e-01	7.608492e-03	8.698143e-04	6.738678e-03
409           	-2.933477e-03	9.739731e-01	7.389839e-03	7.614421e-04	6.628396e-03
410           	-2.932533e-03	9.740625e-01	7.169993e-03	6.524630e-04	6.517530e-03
411           	-2.931599e-03	9.741531e-01	6.951030e-03	5.439166e-04	6.407114e-03
412           	-2.930682e-03	9.742454e-01	6.733735e-03	4.361859e-04	6.297549e-03
413           	-2.929786e-03	9.743395e-01	6.518667e-03	3.295473e-04	6.189120e-03
414           	-2.928914e-03	9.744355e-01	6.306321e-03	2.242466e-04	6.082074e-03
415           	-2.928069e-03	9.745342e-01	6.097076e-03	1.204695e-04	5.976607e-03
416           	-2.927206e-03	9.746223e-01	5.907847e-03	2.671792e-05	5.881129e-03
417           	-2.926488e-03	9.747317e-01	5.715308e-03	-6.883352e-05	5.784142e-03
418           	-2.925784e-03	9.748471e-01	5.515270e-03	-1.681489e-04	5.683419e-03
419           	-2.925095e-03	9.749680e-01	5.326582e-03	-2.618036e-04	5.588386e-03
420           	-2.924413e-03	9.750951e-01	5.166134e-03	-3.413458e-04	5.507479e-03
421           	-2.924021e-03	9.752637e-01	5.051557e-03	-3.982427e-04	5.449800e-03
422           	-2.923971e-03	9.754949e-01	5.028853e-03	-4.095447e-04	5.438398e-03
423           	-2.924315e-03	9.758181e-01	5.104266e-03	-3.721815e-04	5.476448e-03
424           	-2.924965e-03	9.762263e-01	5.302484e-03	-2.737228e-04	5.576207e-03
425           	-2.925728e-03	9.767001e-01	5.673459e-03	-8.899836e-05	5.762457e-03
426           	-2.926357e-03	9.772037e-01	6.239932e-03	1.936093e-04	6.046323e-03
427           	-2.926697e-03	9.777047e-01	6.999930e-03	5.732676e-04	6.426662e-03
428           	-2.926511e-03	9.781352e-01	7.912957e-03	1.029968e-03	6.882990e-03
429           	-2.925951e-03	9.784974e-01	8.943843e-03	1.545971e-03	7.397873e-03
430           	-2.925172e-03	9.787981e-01	1.003266e-02	2.091156e-03	7.941501e-03
431           	-2.924328e-03	9.790489e-01	1.110425e-02	2.627798e-03	8.476453e-03
432           	-2.923467e-03	9.792618e-01	1.208171e-02	3.117389e-03	8.964322e-03
433           	-2.922643e-03	9.794562e-01	1.290089e-02	3.527801e-03	9.373086e-03
434           	-2.921862e-03	9.796517e-01	1.352774e-02	3.842009e-03	9.685734e-03
435           	-2.921076e-03	9.798529e-01	1.394729e-02	4.052568e-03	9.894719e-03
436           	-2.920288e-03	9.800656e-01	1.417080e-02	4.165113e-03	1.000569e-02
437           	-2.919465e-03	9.802934e-01	1.422444e-02	4.192754e-03	1.003168e-02
438           	-2.918624e-03	9.805343e-01	1.412853e-02	4.145640e-03	9.982889e-03
439           	-2.917719e-03	9.807757e-01	1.390400e-02	4.034283e-03	9.869721e-03
440           	-2.916757e-03	9.810169e-01	1.357076e-02	3.868624e-03	9.702138e-03
441           	-2.915713e-03	9.812464e-01	1.315022e-02	3.659396e-03	9.490822e-03
442           	-2.914558e-03	9.814521e-01	1.266158e-02	3.416230e-03	9.245346e-03
443           	-2.913262e-03	9.816249e-01	1.212197e-02	3.147724e-03	8.974248e-03
444           	-2.911824e-03	9.817578e-01	1.154336e-02	2.859857e-03	8.683506e-03
445           	-2.910250e-03	9.818486e-01	1.093381e-02	2.556656e-03	8.377155e-03
446           	-2.908524e-03	9.818947e-01	1.029662e-02	2.239783e-03	8.056832e-03
447           	-2.906694e-03	9.819032e-01	9.636875e-03	1.911743e-03	7.725132e-03
448           	-2.904689e-03	9.818843e-01	8.929125e-03	1.559873e-03	7.369251e-03
449           	-2.902556e-03	9.818339e-01	8.192201e-03	1.193544e-03	6.998656e-03
450           	-2.900308e-03	9.817523e-01	7.439292e-03	8.193377e-04	6.619954e-03
451           	-2.898059e-03	9.816557e-01	6.692305e-03	4.480936e-04	6.244211e-03
452           	-2.895877e-03	9.815583e-01	5.977490e-03	9.286781e-05	5.884622e-03
453           	-2.893898e-03	9.814688e-01	5.338145e-03	-2.248257e-04	5.562970e-03
454           	-2.892126e-03	9.814029e-01	4.788426e-03	-4.979133e-04	5.286340e-03
455           	-2.890495e-03	9.813563e-01	4.329412e-03	-7.257884e-04	5.055201e-03
456           	-2.888955e-03	9.813195e-01	3.965246e-03	-9.063321e-04	4.871578e-03
457           	-2.887518e-03	9.812894e-01	3.692995e-03	-1.041020e-03	4.734015e-03
458           	-2.886206e-03	9.812644e-01	3.503802e-03	-1.134305e-03	4.638107e-03
459           	-2.885032e-03	9.812440e-01	3.383919e-03	-1.193072e-03	4.576991e-03
460           	-2.884000e-03	9.812281e-01	3.315357e-03	-1.226322e-03	4.541678e-03
461           	-2.883147e-03	9.812219e-01	3.282084e-03	-1.242105e-03	4.524189e-03
462           	-2.882405e-03	9.812174e-01	3.253744e-03	-1.255533e-03	4.509277e-03
463           	-2.881733e-03	9.812128e-01	3.213769e-03	-1.274849e-03	4.488618e-03
464           	-2.881066e-03	9.812065e-01	3.148178e-03	-1.306977e-03	4.455155e-03
465           	-2.880510e-03	9.812039e-01	3.051477e-03	-1.354772e-03	4.406249e-03
466           	-2.879961e-03	9.812010e-01	2.915212e-03	-1.422355e-03	4.337567e-03
467           	-2.879500e-03	9.812022e-01	2.739742e-03	-1.509629e-03	4.249371e-03
468           	-2.879030e-03	9.812030e-01	2.520592e-03	-1.618734e-03	4.139326e-03
469           	-2.878630e-03	9.812069e-01	2.262957e-03	-1.747151e-03	4.010108e-03
470           	-2.878219e-03	9.812097e-01	1.966890e-03	-1.894774e-03	3.861664e-03
471           	-2.877882e-03	9.812140e-01	1.643485e-03	-2.056139e-03	3.699624e-03
472           	-2.877582e-03	9.812176e-01	1.299123e-03	-2.228021e-03	3.527144e-03
473           	-2.877356e-03	9.812218e-01	9.387775e-04	-2.407967e-03	3.346745e-03
474           	-2.877175e-03	9.812240e-01	5.802600e-04	-2.587045e-03	3.167305e-03
475           	-2.877061e-03	9.812263e-01	2.299737e-04	-2.762074e-03	2.992048e-03
476           	-2.877029e-03	9.812288e-01	-1.059451e-04	-2.930001e-03	2.824056e-03
477           	-2.877084e-03	9.812312e-01	-4.233117e-04	-3.088739e-03	2.665428e-03
478           	-2.877234e-03	9.812334e-01	-7.197238e-04	-3.237095e-03	2.517372e-03
479           	-2.877473e-03	9.812352e-01	-9.935800e-04	-3.374263e-03	2.380683e-03
480           	-2.877796e-03	9.812369e-01	-1.244455e-03	-3.500024e-03	2.255569e-03
481           	-2.878195e-03	9.812381e-01	-1.472508e-03	-3.614449e-03	2.141941e-03
482           	-2.878661e-03	9.812382e-01	-1.677965e-03	-3.717644e-03	2.039679e-03
483           	-2.879187e-03	9.812366e-01	-1.861389e-03	-3.809882e-03	1.948493e-03
484           	-2.879761e-03	9.812326e-01	-2.022834e-03	-3.891178e-03	1.868344e-03
485           	-2.880369e-03	9.812254e-01	-2.162311e-03	-3.961524e-03	1.799213e-03
486           	-2.881003e-03	9.812143e-01	-2.279929e-03	-4.020967e-03	1.741038e-03
487           	-2.881654e-03	9.811985e-01	-2.376055e-03	-4.069681e-03	1.693626e-03
488           	-2.882314e-03	9.811773e-01	-2.450772e-03	-4.107700e-03	1.656928e-03
489           	-2.882981e-03	9.811502e-01	-2.504672e-03	-4.135317e-03	1.630645e-03
490           	-2.883648e-03	9.811168e-01	-2.537986e-03	-4.152641e-03	1.614655e-03
491           	-2.884314e-03	9.810769e-01	-2.551427e-03	-4.160028e-03	1.608601e-03
492           	-2.884973e-03	9.810285e-01	-2.545762e-03	-4.157854e-03	1.612092e-03
493           	-2.885624e-03	9.809736e-01	-2.523094e-03	-4.147171e-03	1.624077e-03
494           	-2.886268e-03	9.809131e-01	-2.485461e-03	-4.128998e-03	1.643537e-03
495           	-2.886901e-03	9.808477e-01	-2.435038e-03	-4.104420e-03	1.669382e-03
496           	-2.887521e-03	9.807775e-01	-2.374136e-03	-4.074589e-03	1.700453e-03
497           	-2.888121e-03	9.806945e-01	-2.302175e-03	-4.039209e-03	1.737034e-03
498           	-2.888715e-03	9.806077e-01	-2.224373e-03	-4.000902e-03	1.776528e-03
499           	-2.889301e-03	9.805211e-01	-2.144348e-03	-3.961476e-03	1.817127e-03
500           	-2.889876e-03	9.804355e-01	-2.064138e-03	-3.921944e-03	1.857807e-03
501           	-2.890430e-03	9.803507e-01	-1.984998e-03	-3.882929e-03	1.897931e-03
502           	-2.890957e-03	9.802659e-01	-1.907660e-03	-3.844787e-03	1.937127e-03
503           	-2.891452e-03	9.801807e-01	-1.832540e-03	-3.807722e-03	1.975182e-03
504           	-2.891915e-03	9.800949e-01	-1.759810e-03	-3.771820e-03	2.012010e-03
505           	-2.892346e-03	9.800085e-01	-1.689147e-03	-3.736919e-03	2.047773e-03
506           	-2.892748e-03	9.799218e-01	-1.619965e-03	-3.702730e-03	2.082765e-03
507           	-2.893124e-03	9.798351e-01	-1.551375e-03	-3.668811e-03	2.117437e-03
508           	-2.893502e-03	9.797586e-01	-1.485767e-03	-3.636385e-03	2.150618e-03
509           	-2.893856e-03	9.796844e-01	-1.419509e-03	-3.603610e-03	2.184101e-03
510           	-2.894185e-03	9.796093e-01	-1.350366e-03	-3.569368e-03	2.219002e-03
511           	-2.894496e-03	9.795327e-01	-1.277202e-03	-3.533097e-03	2.255895e-03
512           	-2.894798e-03	9.794558e-01	-1.199670e-03	-3.494633e-03	2.294962e-03
513           	-2.895098e-03	9.793799e-01	-1.117922e-03	-3.454059e-03	2.336137e-03
514           	-2.895403e-03	9.793061e-01	-1.032409e-03	-3.411608e-03	2.379199e-03
515           	-2.895705e-03	9.792272e-01	-9.402325e-04	-3.365821e-03	2.425588e-03
516           	-2.896037e-03	9.791586e-01	-8.484125e-04	-3.320243e-03	2.471831e-03
517           	-2.896372e-03	9.790888e-01	-7.531154e-04	-3.272930e-03	2.519815e-03
518           	-2.896724e-03	9.790214e-01	-6.567654e-04	-3.225107e-03	2.568342e-03
519           	-2.897092e-03	9.789582e-01	-5.612351e-04	-3.177709e-03	2.616474e-03
520           	-2.897471e-03	9.788989e-01	-4.674187e-04	-3.131180e-03	2.663761e-03
521           	-2.897856e-03	9.788426e-01	-3.756901e-04	-3.085701e-03	2.710011e-03
522           	-2.898246e-03	9.787881e-01	-2.859694e-04	-3.041231e-03	2.755261e-03
523           	-2.898638e-03	9.787348e-01	-1.982272e-04	-2.997751e-03	2.799524e-03
524           	-2.899027e-03	9.786815e-01	-1.118795e-04	-2.954967e-03	2.843088e-03
525           	-2.899416e-03	9.786285e-01	-2.671252e-05	-2.912772e-03	2.886059e-03
526           	-2.899803e-03	9.785757e-01	5.788337e-05	-2.870861e-03	2.928744e-03
527           	-2.900188e-03	9.785230e-01	1.423657e-04	-2.829005e-03	2.971370e-03
528           	-2.900571e-03	9.784703e-01	2.273656e-04	-2.786888e-03	3.014254e-03
529           	-2.900953e-03	9.784179e-01	3.132086e-04	-2.744349e-03	3.057558e-03
530           	-2.901335e-03	9.783712e-01	3.972295e-04	-2.702720e-03	3.099949e-03
531           	-2.901704e-03	9.783204e-01	4.848124e-04	-2.659298e-03	3.144111e-03
532           	-2.902076e-03	9.782732e-01	5.719809e-04	-2.616085e-03	3.188066e-03
533           	-2.902440e-03	9.782274e-01	6.598171e-04	-2.572531e-03	3.232348e-03
534           	-2.902795e-03	9.781809e-01	7.493079e-04	-2.528141e-03	3.277449e-03
535           	-2.903142e-03	9.781335e-01	8.401992e-04	-2.483043e-03	3.323242e-03
536           	-2.903481e-03	9.780855e-01	9.322503e-04	-2.437356e-03	3.369606e-03
537           	-2.903812e-03	9.780374e-01	1.024729e-03	-2.391447e-03	3.416176e-03
538           	-2.904132e-03	9.779895e-01	1.117144e-03	-2.345560e-03	3.462704e-03
539           	-2.904440e-03	9.779420e-01	1.208760e-03	-2.300060e-03	3.508820e-03
540           	-2.904735e-03	9.778950e-01	1.299143e-03	-2.255164e-03	3.554306e-03
541           	-2.905015e-03	9.778485e-01	1.387664e-03	-2.211183e-03	3.598847e-03
542           	-2.905278e-03	9.778025e-01	1.474012e-03	-2.168272e-03	3.642284e-03
543           	-2.905524e-03	9.777570e-01	1.557665e-03	-2.126692e-03	3.684356e-03
544           	-2.905751e-03	9.777118e-01	1.638482e-03	-2.086510e-03	3.724992e-03
545           	-2.905958e-03	9.776671e-01	1.716093e-03	-2.047912e-03	3.764004e-03
546           	-2.906144e-03	9.776226e-01	1.790485e-03	-2.010902e-03	3.801387e-03
547           	-2.906309e-03	9.775788e-01	1.861359e-03	-1.975630e-03	3.836989e-03
548           	-2.906453e-03	9.775354e-01	1.928771e-03	-1.942067e-03	3.870838e-03
549           	-2.906574e-03	9.774927e-01	1.992493e-03	-1.910328e-03	3.902821e-03
550           	-2.906674e-03	9.774508e-01	2.052606e-03	-1.880371e-03	3.932977e-03
551           	-2.906753e-03	9.774098e-01	2.108857e-03	-1.852324e-03	3.961182e-03
552           	-2.906811e-03	9.773698e-01	2.161315e-03	-1.826154e-03	3.987469e-03
553           	-2.906850e-03	9.773310e-01	2.209682e-03	-1.802009e-03	4.011691e-03
554           	-2.906870e-03	9.772938e-01	2.254021e-03	-1.779860e-03	4.033881e-03
555           	-2.906872e-03	9.772578e-01	2.294124e-03	-1.759810e-03	4.053934e-03
556           	-2.906856e-03	9.772232e-01	2.330032e-03	-1.741840e-03	4.071872e-03
557           	-2.906822e-03	9.771900e-01	2.361446e-03	-1.726100e-03	4.087545e-03
558           	-2.906773e-03	9.771584e-01	2.388523e-03	-1.712512e-03	4.101035e-03
559           	-2.906710e-03	9.771286e-01	2.411089e-03	-1.701165e-03	4.112254e-03
560           	-2.906632e-03	9.771003e-01	2.429326e-03	-1.691969e-03	4.121295e-03
561           	-2.906541e-03	9.770740e-01	2.443160e-03	-1.684961e-03	4.128121e-03
562           	-2.906439e-03	9.770494e-01	2.452762e-03	-1.680057e-03	4.132820e-03
563           	-2.906325e-03	9.770269e-01	2.458137e-03	-1.677257e-03	4.135394e-03
564           	-2.906202e-03	9.770062e-01	2.459606e-03	-1.676399e-03	4.136004e-03
565           	-2.906069e-03	9.769876e-01	2.457153e-03	-1.677492e-03	4.134645e-03
566           	-2.905928e-03	9.769709e-01	2.451106e-03	-1.680375e-03	4.131481e-03
567           	-2.905780e-03	9.769563e-01	2.441454e-03	-1.685053e-03	4.126507e-03
568           	-2.905625e-03	9.769437e-01	2.428526e-03	-1.691362e-03	4.119888e-03
569           	-2.905464e-03	9.769332e-01	2.412319e-03	-1.699304e-03	4.111623e-03
570           	-2.905296e-03	9.769245e-01	2.393185e-03	-1.708703e-03	4.101889e-03
571           	-2.905122e-03	9.769180e-01	2.371092e-03	-1.719576e-03	4.090668e-03
572           	-2.904947e-03	9.769142e-01	2.344935e-03	-1.732479e-03	4.077414e-03
573           	-2.904763e-03	9.769125e-01	2.315496e-03	-1.747015e-03	4.062511e-03
574           	-2.904567e-03	9.769126e-01	2.283589e-03	-1.762772e-03	4.046362e-03
575           	-2.904360e-03	9.769143e-01	2.249660e-03	-1.779530e-03	4.029190e-03
576           	-2.904143e-03	9.769173e-01	2.214082e-03	-1.797101e-03	4.011184e-03
577           	-2.903917e-03	9.769219e-01	2.176790e-03	-1.815522e-03	3.992312e-03
578           	-2.903683e-03	9.769278e-01	2.138031e-03	-1.834668e-03	3.972699e-03
579           	-2.903442e-03	9.769351e-01	2.097727e-03	-1.854579e-03	3.952306e-03
580           	-2.903181e-03	9.769423e-01	2.056636e-03	-1.874863e-03	3.931499e-03
581           	-2.902912e-03	9.769509e-01	2.013406e-03	-1.896209e-03	3.909615e-03
582           	-2.902637e-03	9.769612e-01	1.968052e-03	-1.918611e-03	3.886663e-03
583           	-2.902356e-03	9.769733e-01	1.920567e-03	-1.942073e-03	3.862640e-03
584           	-2.902066e-03	9.769867e-01	1.871550e-03	-1.966291e-03	3.837841e-03
585           	-2.901767e-03	9.770012e-01	1.821147e-03	-1.991194e-03	3.812341e-03
586           	-2.901458e-03	9.770164e-01	1.769714e-03	-2.016601e-03	3.786315e-03
587           	-2.901140e-03	9.770324e-01	1.717187e-03	-2.042546e-03	3.759733e-03
588           	-2.900812e-03	9.770492e-01	1.663773e-03	-2.068925e-03	3.732698e-03
589           	-2.900476e-03	9.770669e-01	1.609314e-03	-2.095819e-03	3.705133e-03
590           	-2.900131e-03	9.770854e-01	1.553982e-03	-2.123140e-03	3.677122e-03
591           	-2.899778e-03	9.771050e-01	1.497655e-03	-2.150950e-03	3.648605e-03
592           	-2.899415e-03	9.771253e-01	1.440515e-03	-2.179157e-03	3.619672e-03
593           	-2.899042e-03	9.771464e-01	1.382497e-03	-2.207794e-03	3.590291e-03
594           	-2.898660e-03	9.771682e-01	1.323792e-03	-2.236764e-03	3.560555e-03
595           	-2.898267e-03	9.771907e-01	1.264313e-03	-2.266110e-03	3.530424e-03
596           	-2.897864e-03	9.772138e-01	1.204213e-03	-2.295757e-03	3.499970e-03
597           	-2.897450e-03	9.772375e-01	1.143389e-03	-2.325756e-03	3.469145e-03
598           	-2.897026e-03	9.772618e-01	1.081973e-03	-2.356040e-03	3.438013e-03
599           	-2.896592e-03	9.772866e-01	1.019848e-03	-2.386667e-03	3.406516e-03
600           	-2.896146e-03	9.773119e-01	9.571204e-04	-2.417586e-03	3.374706e-03
601           	-2.895690e-03	9.773370e-01	8.937736e-04	-2.448803e-03	3.342577e-03
602           	-2.895225e-03	9.773633e-01	8.293560e-04	-2.480547e-03	3.309903e-03
603           	-2.894752e-03	9.773900e-01	7.641240e-04	-2.512690e-03	3.276814e-03
604           	-2.894271e-03	9.774170e-01	6.981088e-04	-2.545216e-03	3.243325e-03
605           	-2.893781e-03	9.774444e-01	6.311099e-04	-2.578226e-03	3.209336e-03
606           	-2.893285e-03	9.774721e-01	5.631967e-04	-2.611687e-03	3.174883e-03
607           	-2.892783e-03	9.775004e-01	4.942543e-04	-2.645656e-03	3.139910e-03
608           	-2.892275e-03	9.775289e-01	4.244433e-04	-2.680053e-03	3.104497e-03
609           	-2.891762e-03	9.775579e-01	3.537120e-04	-2.714906e-03	3.068618e-03
610           	-2.891244e-03	9.775871e-01	2.821590e-04	-2.750164e-03	3.032324e-03
611           	-2.890723e-03	9.776168e-01	2.097470e-04	-2.785849e-03	2.995596e-03
612           	-2.890198e-03	9.776468e-01	1.365745e-04	-2.821911e-03	2.958486e-03
613           	-2.889672e-03	9.776770e-01	6.263520e-05	-2.858354e-03	2.920989e-03
614           	-2.889143e-03	9.777076e-01	-1.192733e-05	-2.895107e-03	2.883179e-03
615           	-2.888613e-03	9.777384e-01	-8.707723e-05	-2.932152e-03	2.845074e-03
616           	-2.888082e-03	9.777695e-01	-1.627054e-04	-2.969435e-03	2.806730e-03
617           	-2.887552e-03	9.778010e-01	-2.388092e-04	-3.006957e-03	2.768148e-03
618           	-2.887023e-03	9.778326e-01	-3.152987e-04	-3.044672e-03	2.729373e-03
619           	-2.886495e-03	9.778647e-01	-3.921309e-04	-3.082560e-03	2.690429e-03
620           	-2.885969e-03	9.778969e-01	-4.692162e-04	-3.120577e-03	2.651361e-03
621           	-2.885447e-03	9.779294e-01	-5.465160e-04	-3.158705e-03	2.612189e-03
622           	-2.884927e-03	9.779621e-01	-6.238307e-04	-3.196842e-03	2.573012e-03
623           	-2.884411e-03	9.779949e-01	-7.010585e-04	-3.234940e-03	2.533882e-03
624           	-2.883898e-03	9.780278e-01	-7.780464e-04	-3.272922e-03	2.494875e-03
625           	-2.883390e-03	9.780609e-01	-8.547107e-04	-3.310746e-03	2.456035e-03
626           	-2.882887e-03	9.780940e-01	-9.309021e-04	-3.348338e-03	2.417435e-03
627           	-2.882388e-03	9.781272e-01	-1.006608e-03	-3.385692e-03	2.379084e-03
628           	-2.881895e-03	9.781604e-01	-1.081743e-03	-3.422767e-03	2.341024e-03
629           	-2.881409e-03	9.781936e-01	-1.156318e-03	-3.459568e-03	2.303250e-03
630           	-2.880927e-03	9.782266e-01	-1.230323e-03	-3.496088e-03	2.265766e-03
631           	-2.880451e-03	9.782594e-01	-1.303813e-03	-3.532358e-03	2.228545e-03
632           	-2.879980e-03	9.782920e-01	-1.376808e-03	-3.568384e-03	2.191576e-03
633           	-2.879515e-03	9.783242e-01	-1.449310e-03	-3.604170e-03	2.154860e-03
634           	-2.879054e-03	9.783561e-01	-1.521312e-03	-3.639711e-03	2.118398e-03
635           	-2.878600e-03	9.783876e-01	-1.592781e-03	-3.674990e-03	2.082209e-03
636           	-2.878151e-03	9.784188e-01	-1.663638e-03	-3.709970e-03	2.046332e-03
637           	-2.877708e-03	9.784495e-01	-1.733803e-03	-3.744609e-03	2.010807e-03
638           	-2.877271e-03	9.784796e-01	-1.803175e-03	-3.778858e-03	1.975683e-03
639           	-2.876839e-03	9.785093e-01	-1.871652e-03	-3.812665e-03	1.941013e-03
640           	-2.876412e-03	9.785384e-01	-1.939190e-03	-3.846007e-03	1.906817e-03
641           	-2.875991e-03	9.785669e-01	-2.005783e-03	-3.878882e-03	1.873100e-03
642           	-2.875575e-03	9.785948e-01	-2.071430e-03	-3.911290e-03	1.839860e-03
643           	-2.875165e-03	9.786222e-01	-2.136175e-03	-3.943253e-03	1.807077e-03
644           	-2.874760e-03	9.786490e-01	-2.200036e-03	-3.974778e-03	1.774742e-03
645           	-2.874361e-03	9.786752e-01	-2.263074e-03	-4.005898e-03	1.742824e-03
646           	-2.873966e-03	9.787007e-01	-2.325332e-03	-4.036632e-03	1.711301e-03
647           	-2.873578e-03	9.787255e-01	-2.386886e-03	-4.067020e-03	1.680135e-03
648           	-2.873194e-03	9.787497e-01	-2.447779e-03	-4.097083e-03	1.649304e-03
649           	-2.872815e-03	9.787733e-01	-2.508074e-03	-4.126852e-03	1.618778e-03
650           	-2.872441e-03	9.787961e-01	-2.567797e-03	-4.156340e-03	1.588543e-03
651           	-2.872073e-03	9.788182e-01	-2.627000e-03	-4.185573e-03	1.558572e-03
652           	-2.871719e-03	9.788406e-01	-2.685149e-03	-4.214294e-03	1.529144e-03
653           	-2.871359e-03	9.788611e-01	-2.742706e-03	-4.242712e-03	1.500006e-03
654           	-2.871012e-03	9.788815e-01	-2.799441e-03	-4.270732e-03	1.471291e-03
655           	-2.870670e-03	9.789011e-01	-2.855391e-03	-4.298365e-03	1.442974e-03
656           	-2.870322e-03	9.789188e-01	-2.911193e-03	-4.325919e-03	1.414726e-03
657           	-2.869989e-03	9.789368e-01	-2.966602e-03	-4.353290e-03	1.386688e-03
658           	-2.869662e-03	9.789541e-01	-3.021505e-03	-4.380415e-03	1.358910e-03
659           	-2.869341e-03	9.789707e-01	-3.075873e-03	-4.407277e-03	1.331404e-03
660           	-2.869023e-03	9.789865e-01	-3.129821e-03	-4.433934e-03	1.304112e-03
661           	-2.868710e-03	9.790015e-01	-3.183388e-03	-4.460405e-03	1.277016e-03
662           	-2.868404e-03	9.790158e-01	-3.236583e-03	-4.486695e-03	1.250112e-03
663           	-2.868103e-03	9.790293e-01	-3.289332e-03	-4.512769e-03	1.223437e-03
664           	-2.867808e-03	9.790424e-01	-3.341802e-03	-4.538709e-03	1.196907e-03
665           	-2.867520e-03	9.790548e-01	-3.393721e-03	-4.564380e-03	1.170660e-03
666           	-2.867238e-03	9.790665e-01	-3.445178e-03	-4.589827e-03	1.144649e-03
667           	-2.866963e-03	9.790778e-01	-3.496125e-03	-4.615025e-03	1.118901e-03
668           	-2.866695e-03	9.790885e-01	-3.546479e-03	-4.639934e-03	1.093455e-03
669           	-2.866433e-03	9.790986e-01	-3.596198e-03	-4.664532e-03	1.068335e-03
670           	-2.866179e-03	9.791083e-01	-3.645225e-03	-4.688792e-03	1.043566e-03
671           	-2.865931e-03	9.791173e-01	-3.693484e-03	-4.712673e-03	1.019189e-03
672           	-2.865690e-03	9.791258e-01	-3.741030e-03	-4.736205e-03	9.951750e-04
673           	-2.865456e-03	9.791338e-01	-3.787822e-03	-4.759367e-03	9.715447e-04
674           	-2.865228e-03	9.791413e-01	-3.833823e-03	-4.782139e-03	9.483166e-04
675           	-2.865007e-03	9.791482e-01	-3.879037e-03	-4.804525e-03	9.254885e-04
676           	-2.864792e-03	9.791547e-01	-3.923458e-03	-4.826521e-03	9.030631e-04
677           	-2.864584e-03	9.791606e-01	-3.967118e-03	-4.848143e-03	8.810252e-04
678           	-2.864382e-03	9.791660e-01	-4.010022e-03	-4.869393e-03	8.593715e-04
679           	-2.864187e-03	9.791709e-01	-4.052188e-03	-4.890281e-03	8.380930e-04
680           	-2.863998e-03	9.791753e-01	-4.093610e-03	-4.910803e-03	8.171929e-04
681           	-2.863815e-03	9.791791e-01	-4.134286e-03	-4.930958e-03	7.966715e-04
682           	-2.863637e-03	9.791824e-01	-4.174211e-03	-4.950743e-03	7.765314e-04
683           	-2.863465e-03	9.791852e-01	-4.213363e-03	-4.970146e-03	7.567833e-04
684           	-2.863297e-03	9.791873e-01	-4.251738e-03	-4.989166e-03	7.374284e-04
685           	-2.863135e-03	9.791889e-01	-4.289334e-03	-5.007802e-03	7.184680e-04
686           	-2.862977e-03	9.791900e-01	-4.326152e-03	-5.026053e-03	6.999012e-04
687           	-2.862824e-03	9.791904e-01	-4.362194e-03	-5.043921e-03	6.817274e-04
688           	-2.862676e-03	9.791903e-01	-4.397479e-03	-5.061415e-03	6.639362e-04
689           	-2.862531e-03	9.791895e-01	-4.432001e-03	-5.078532e-03	6.465306e-04
690           	-2.862391e-03	9.791882e-01	-4.465790e-03	-5.095286e-03	6.294956e-04
691           	-2.862254e-03	9.791863e-01	-4.498850e-03	-5.111679e-03	6.128290e-04
692           	-2.862125e-03	9.791841e-01	-4.531593e-03	-5.127921e-03	5.963282e-04
693           	-2.861995e-03	9.791810e-01	-4.563198e-03	-5.143594e-03	5.803961e-04
694           	-2.861872e-03	9.791775e-01	-4.594468e-03	-5.159106e-03	5.646381e-04
695           	-2.861752e-03	9.791734e-01	-4.624932e-03	-5.174218e-03	5.492861e-04
696           	-2.861635e-03	9.791686e-01	-4.654600e-03	-5.188936e-03	5.343351e-04
697           	-2.861521e-03	9.791631e-01	-4.683443e-03	-5.203243e-03	5.197997e-04
698           	-2.861411e-03	9.791569e-01	-4.711492e-03	-5.217157e-03	5.056644e-04
699           	-2.861303e-03	9.791501e-01	-4.738750e-03	-5.230678e-03	4.919284e-04
700           	-2.861200e-03	9.791427e-01	-4.765245e-03	-5.243823e-03	4.785775e-04
701           	-2.861101e-03	9.791348e-01	-4.790959e-03	-5.256580e-03	4.656210e-04
702           	-2.861005e-03	9.791262e-01	-4.815905e-03	-5.268957e-03	4.530523e-04
703           	-2.860913e-03	9.791171e-01	-4.840084e-03	-5.280954e-03	4.408708e-04
704           	-2.860824e-03	9.791074e-01	-4.863537e-03	-5.292593e-03	4.290560e-04
705           	-2.860740e-03	9.790970e-01	-4.886265e-03	-5.303872e-03	4.176072e-04
706           	-2.860658e-03	9.790859e-01	-4.908287e-03	-5.314801e-03	4.065143e-04
707           	-2.860579e-03	9.790741e-01	-4.929608e-03	-5.325383e-03	3.957754e-04
708           	-2.860504e-03	9.790618e-01	-4.950267e-03	-5.335638e-03	3.853704e-04
709           	-2.860432e-03	9.790488e-01	-4.970275e-03	-5.345569e-03	3.752943e-04
710           	-2.860363e-03	9.790352e-01	-4.989641e-03	-5.355183e-03	3.655422e-04
711           	-2.860297e-03	9.790211e-01	-5.008348e-03	-5.364471e-03	3.561230e-04
712           	-2.860235e-03	9.790064e-01	-5.026404e-03	-5.373437e-03	3.470332e-04
713           	-2.860177e-03	9.789911e-01	-5.043772e-03	-5.382063e-03	3.382911e-04
714           	-2.860123e-03	9.789753e-01	-5.060430e-03	-5.390338e-03	3.299076e-04
715           	-2.860073e-03	9.789588e-01	-5.076315e-03	-5.398230e-03	3.219153e-04
716           	-2.860027e-03	9.789419e-01	-5.091390e-03	-5.405721e-03	3.143317e-04
717           	-2.859985e-03	9.789243e-01	-5.105617e-03	-5.412793e-03	3.071761e-04
718           	-2.859946e-03	9.789062e-01	-5.118966e-03	-5.419430e-03	3.004633e-04
719           	-2.859912e-03	9.788875e-01	-5.131383e-03	-5.425603e-03	2.942205e-04
720           	-2.859881e-03	9.788682e-01	-5.142841e-03	-5.431301e-03	2.884601e-04
721           	-2.859852e-03	9.788482e-01	-5.153311e-03	-5.436508e-03	2.831966e-04
722           	-2.859827e-03	9.788276e-01	-5.162802e-03	-5.441228e-03	2.784263e-04
723           	-2.859805e-03	9.788063e-01	-5.171260e-03	-5.445435e-03	2.741749e-04
724           	-2.859786e-03	9.787843e-01	-5.178679e-03	-5.449125e-03	2.704461e-04
725           	-2.859769e-03	9.787617e-01	-5.185015e-03	-5.452277e-03	2.672619e-04
726           	-2.859756e-03	9.787383e-01	-5.190307e-03	-5.454909e-03	2.646027e-04
727           	-2.859746e-03	9.787143e-01	-5.194541e-03	-5.457016e-03	2.624751e-04
728           	-2.859739e-03	9.786896e-01	-5.197723e-03	-5.458600e-03	2.608769e-04
729           	-2.859735e-03	9.786644e-01	-5.199803e-03	-5.459636e-03	2.598329e-04
730           	-2.859733e-03	9.786383e-01	-5.200776e-03	-5.460121e-03	2.593455e-04
731           	-2.859735e-03	9.786116e-01	-5.200595e-03	-5.460033e-03	2.594376e-04
732           	-2.859740e-03	9.785843e-01	-5.199220e-03	-5.459350e-03	2.601299e-04
733           	-2.859747e-03	9.785563e-01	-5.196594e-03	-5.458044e-03	2.614504e-04
734           	-2.859757e-03	9.785276e-01	-5.192685e-03	-5.456099e-03	2.634147e-04
735           	-2.859769e-03	9.784983e-01	-5.187439e-03	-5.453488e-03	2.660494e-04
736           	-2.859783e-03	9.784682e-01	-5.180878e-03	-5.450222e-03	2.693441e-04
737           	-2.859799e-03	9.784375e-01	-5.172964e-03	-5.446281e-03	2.733167e-04
738           	-2.859816e-03	9.784061e-01	-5.163745e-03	-5.441689e-03	2.779439e-04
739           	-2.859836e-03	9.783741e-01	-5.153192e-03	-5.436432e-03	2.832395e-04
740           	-2.859856e-03	9.783413e-01	-5.141418e-03	-5.430565e-03	2.891476e-04
741           	-2.859878e-03	9.783078e-01	-5.128374e-03	-5.424065e-03	2.956908e-04
742           	-2.859900e-03	9.782735e-01	-5.114099e-03	-5.416950e-03	3.028509e-04
743           	-2.859924e-03	9.782385e-01	-5.098538e-03	-5.409193e-03	3.106545e-04
744           	-2.859947e-03	9.782028e-01	-5.081688e-03	-5.400791e-03	3.191037e-04
745           	-2.859971e-03	9.781663e-01	-5.063460e-03	-5.391701e-03	3.282411e-04
746           	-2.859996e-03	9.781290e-01	-5.043873e-03	-5.381932e-03	3.380589e-04
747           	-2.860020e-03	9.780910e-01	-5.022797e-03	-5.371418e-03	3.486217e-04
748           	-2.860044e-03	9.780521e-01	-5.000238e-03	-5.360163e-03	3.599249e-04
749           	-2.860067e-03	9.780125e-01	-4.976110e-03	-5.348122e-03	3.720118e-04
750           	-2.860088e-03	9.779719e-01	-4.950466e-03	-5.335322e-03	3.848552e-04
751           	-2.860108e-03	9.779305e-01	-4.923349e-03	-5.321783e-03	3.984339e-04
752           	-2.860127e-03	9.778882e-01	-4.894937e-03	-5.307595e-03	4.126582e-04
753           	-2.860143e-03	9.778451e-01	-4.865339e-03	-5.292813e-03	4.274734e-04
754           	-2.860157e-03	9.778010e-01	-4.834827e-03	-5.277570e-03	4.427437e-04
755           	-2.860169e-03	9.777561e-01	-4.803581e-03	-5.261959e-03	4.583780e-04
756           	-2.860177e-03	9.777103e-01	-4.771880e-03	-5.246118e-03	4.742373e-04
757           	-2.860182e-03	9.776638e-01	-4.739852e-03	-5.230108e-03	4.902567e-04
758           	-2.860184e-03	9.776164e-01	-4.707706e-03	-5.214037e-03	5.063304e-04
759           	-2.860180e-03	9.775684e-01	-4.675501e-03	-5.197930e-03	5.224294e-04
760           	-2.860172e-03	9.775195e-01	-4.643373e-03	-5.181859e-03	5.384857e-04
761           	-2.860144e-03	9.774685e-01	-4.611717e-03	-5.166003e-03	5.542860e-04
762           	-2.860117e-03	9.774173e-01	-4.581134e-03	-5.150684e-03	5.695496e-04
763           	-2.860108e-03	9.773682e-01	-4.550984e-03	-5.135600e-03	5.846160e-04
764           	-2.860079e-03	9.773174e-01	-4.520838e-03	-5.120498e-03	5.996606e-04
765           	-2.860046e-03	9.772661e-01	-4.490846e-03	-5.105469e-03	6.146233e-04
766           	-2.860012e-03	9.772146e-01	-4.460973e-03	-5.090498e-03	6.295248e-04
767           	-2.859976e-03	9.771633e-01	-4.430986e-03	-5.075469e-03	6.444831e-04
768           	-2.859939e-03	9.771120e-01	-4.400756e-03	-5.060317e-03	6.595605e-04
769           	-2.859899e-03	9.770608e-01	-4.370159e-03	-5.044979e-03	6.748200e-04
770           	-2.859857e-03	9.770094e-01	-4.339183e-03	-5.029449e-03	6.902660e-04
771           	-2.859813e-03	9.769580e-01	-4.307830e-03	-5.013728e-03	7.058978e-04
772           	-2.859766e-03	9.769067e-01	-4.276227e-03	-4.997879e-03	7.216523e-04
773           	-2.859715e-03	9.768553e-01	-4.244443e-03	-4.981936e-03	7.374936e-04
774           	-2.859661e-03	9.768040e-01	-4.212626e-03	-4.965974e-03	7.533476e-04
775           	-2.859602e-03	9.767527e-01	-4.180864e-03	-4.950034e-03	7.691699e-04
776           	-2.859537e-03	9.767013e-01	-4.149295e-03	-4.934185e-03	7.848896e-04
777           	-2.859467e-03	9.766498e-01	-4.118013e-03	-4.918474e-03	8.004603e-04
778           	-2.859390e-03	9.765982e-01	-4.087138e-03	-4.902959e-03	8.158213e-04
779           	-2.859307e-03	9.765464e-01	-4.056750e-03	-4.887681e-03	8.309317e-04
780           	-2.859216e-03	9.764946e-01	-4.026955e-03	-4.872694e-03	8.457381e-04
781           	-2.859118e-03	9.764427e-01	-3.997893e-03	-4.858065e-03	8.601718e-04
782           	-2.859014e-03	9.763907e-01	-3.969678e-03	-4.843853e-03	8.741745e-04
783           	-2.858901e-03	9.763387e-01	-3.942396e-03	-4.830099e-03	8.877031e-04
784           	-2.858781e-03	9.762866e-01	-3.916184e-03	-4.816873e-03	9.006889e-04
785           	-2.858653e-03	9.762346e-01	-3.891161e-03	-4.804233e-03	9.130725e-04
786           	-2.858517e-03	9.761828e-01	-3.867473e-03	-4.792253e-03	9.247804e-04
787           	-2.858372e-03	9.761311e-01	-3.845199e-03	-4.780972e-03	9.357723e-04
788           	-2.858218e-03	9.760795e-01	-3.824433e-03	-4.770435e-03	9.460013e-04
789           	-2.858054e-03	9.760281e-01	-3.805273e-03	-4.760691e-03	9.554181e-04
790           	-2.857882e-03	9.759769e-01	-3.787797e-03	-4.751781e-03	9.639834e-04
791           	-2.857700e-03	9.759260e-01	-3.772021e-03	-4.743711e-03	9.716898e-04
792           	-2.857509e-03	9.758756e-01	-3.757922e-03	-4.736470e-03	9.785475e-04
793           	-2.857307e-03	9.758256e-01	-3.745467e-03	-4.730040e-03	9.845739e-04
794           	-2.857096e-03	9.757761e-01	-3.734665e-03	-4.724429e-03	9.897640e-04
795           	-2.856876e-03	9.757272e-01	-3.725516e-03	-4.719634e-03	9.941176e-04
796           	-2.856646e-03	9.756790e-01	-3.718045e-03	-4.715668e-03	9.976233e-04
797           	-2.856406e-03	9.756314e-01	-3.712288e-03	-4.712550e-03	1.000262e-03
798           	-2.856156e-03	9.755846e-01	-3.708317e-03	-4.710315e-03	1.001998e-03
799           	-2.855897e-03	9.755385e-01	-3.706242e-03	-4.709018e-03	1.002775e-03
800           	-2.855627e-03	9.754933e-01	-3.706187e-03	-4.708720e-03	1.002534e-03
801           	-2.855347e-03	9.754489e-01	-3.708272e-03	-4.709483e-03	1.001211e-03
802           	-2.855057e-03	9.754055e-01	-3.712628e-03	-4.711371e-03	9.987435e-04
803           	-2.854757e-03	9.753630e-01	-3.719337e-03	-4.714425e-03	9.950878e-04
804           	-2.854445e-03	9.753213e-01	-3.728481e-03	-4.718685e-03	9.902043e-04
805           	-2.854121e-03	9.752805e-01	-3.740126e-03	-4.724185e-03	9.840582e-04
806           	-2.853787e-03	9.752407e-01	-3.754301e-03	-4.730937e-03	9.766366e-04
807           	-2.853441e-03	9.752018e-01	-3.771009e-03	-4.738946e-03	9.679371e-04
808           	-2.853085e-03	9.751640e-01	-3.790242e-03	-4.748206e-03	9.579634e-04
809           	-2.852717e-03	9.751272e-01	-3.811988e-03	-4.758710e-03	9.467228e-04
810           	-2.852338e-03	9.750915e-01	-3.836229e-03	-4.770452e-03	9.342234e-04
811           	-2.851948e-03	9.750569e-01	-3.862958e-03	-4.783426e-03	9.204687e-04
812           	-2.851546e-03	9.750233e-01	-3.892153e-03	-4.797623e-03	9.054699e-04
813           	-2.851134e-03	9.749909e-01	-3.923786e-03	-4.813027e-03	8.892408e-04
814           	-2.850711e-03	9.749595e-01	-3.957812e-03	-4.829617e-03	8.718051e-04
815           	-2.850277e-03	9.749293e-01	-3.994199e-03	-4.847376e-03	8.531775e-04
816           	-2.849832e-03	9.749002e-01	-4.032909e-03	-4.866286e-03	8.333773e-04
817           	-2.849372e-03	9.748719e-01	-4.073320e-03	-4.886032e-03	8.127114e-04
818           	-2.848898e-03	9.748447e-01	-4.116371e-03	-4.907083e-03	7.907126e-04
819           	-2.848412e-03	9.748187e-01	-4.162193e-03	-4.929508e-03	7.673149e-04
820           	-2.847913e-03	9.747941e-01	-4.210676e-03	-4.953251e-03	7.425752e-04
821           	-2.847403e-03	9.747707e-01	-4.261631e-03	-4.978218e-03	7.165871e-04
822           	-2.846881e-03	9.747484e-01	-4.314898e-03	-5.004330e-03	6.894326e-04
823           	-2.846349e-03	9.747272e-01	-4.370336e-03	-5.031517e-03	6.611812e-04
824           	-2.845806e-03	9.747072e-01	-4.427895e-03	-5.059754e-03	6.318587e-04
825           	-2.845253e-03	9.746883e-01	-4.487469e-03	-5.088988e-03	6.015184e-04
826           	-2.844690e-03	9.746706e-01	-4.549062e-03	-5.119221e-03	5.701589e-04
827           	-2.844116e-03	9.746539e-01	-4.612696e-03	-5.150464e-03	5.377685e-04
828           	-2.843533e-03	9.746384e-01	-4.678386e-03	-5.182726e-03	5.043397e-04
829           	-2.842939e-03	9.746240e-01	-4.746143e-03	-5.216011e-03	4.698675e-04
830           	-2.842335e-03	9.746107e-01	-4.815944e-03	-5.250307e-03	4.343626e-04
831           	-2.841719e-03	9.745985e-01	-4.887768e-03	-5.285604e-03	3.978355e-04
832           	-2.841094e-03	9.745873e-01	-4.961593e-03	-5.321891e-03	3.602972e-04
833           	-2.840458e-03	9.745773e-01	-5.037452e-03	-5.359184e-03	3.217319e-04
834           	-2.839812e-03	9.745683e-01	-5.115146e-03	-5.397385e-03	2.822396e-04
835           	-2.839156e-03	9.745597e-01	-5.194489e-03	-5.436400e-03	2.419113e-04
836           	-2.838489e-03	9.745527e-01	-5.275959e-03	-5.476469e-03	2.005099e-04
837           	-2.837813e-03	9.745461e-01	-5.358873e-03	-5.517250e-03	1.583768e-04
838           	-2.837128e-03	9.745404e-01	-5.443576e-03	-5.558916e-03	1.153401e-04
839           	-2.836435e-03	9.745363e-01	-5.530156e-03	-5.601513e-03	7.135701e-05
840           	-2.835734e-03	9.745325e-01	-5.617835e-03	-5.644652e-03	2.681697e-05
841           	-2.835026e-03	9.745298e-01	-5.707148e-03	-5.688600e-03	-1.854838e-05
842           	-2.834310e-03	9.745280e-01	-5.797984e-03	-5.733302e-03	-6.468256e-05
843           	-2.833588e-03	9.745277e-01	-5.890468e-03	-5.778822e-03	-1.116464e-04
844           	-2.832860e-03	9.745276e-01	-5.983734e-03	-5.824727e-03	-1.590075e-04
845           	-2.832124e-03	9.745283e-01	-6.078471e-03	-5.871359e-03	-2.071119e-04
846           	-2.831382e-03	9.745306e-01	-6.174805e-03	-5.918785e-03	-2.560208e-04
847           	-2.830635e-03	9.745327e-01	-6.271878e-03	-5.966574e-03	-3.053043e-04
848           	-2.829881e-03	9.745357e-01	-6.370349e-03	-6.015055e-03	-3.552938e-04
849           	-2.829122e-03	9.745402e-01	-6.470415e-03	-6.064330e-03	-4.060853e-04
850           	-2.828360e-03	9.745446e-01	-6.571134e-03	-6.113927e-03	-4.572075e-04
851           	-2.827592e-03	9.745505e-01	-6.673496e-03	-6.164341e-03	-5.091559e-04
852           	-2.826822e-03	9.745569e-01	-6.776757e-03	-6.215200e-03	-5.615565e-04
853           	-2.826048e-03	9.745639e-01	-6.881036e-03	-6.266566e-03	-6.144705e-04
854           	-2.825270e-03	9.745716e-01	-6.986322e-03	-6.318430e-03	-6.678913e-04
855           	-2.824488e-03	9.745798e-01	-7.092597e-03	-6.370786e-03	-7.218105e-04
856           	-2.823703e-03	9.745887e-01	-7.199721e-03	-6.423563e-03	-7.761575e-04
857           	-2.822915e-03	9.745980e-01	-7.307597e-03	-6.476714e-03	-8.308838e-04
858           	-2.822125e-03	9.746080e-01	-7.416029e-03	-6.530139e-03	-8.858898e-04
859           	-2.821332e-03	9.746184e-01	-7.524870e-03	-6.583767e-03	-9.411034e-04
860           	-2.820537e-03	9.746293e-01	-7.634027e-03	-6.637550e-03	-9.964771e-04
861           	-2.819739e-03	9.746405e-01	-7.743461e-03	-6.691470e-03	-1.051991e-03
862           	-2.818941e-03	9.746521e-01	-7.853101e-03	-6.745491e-03	-1.107609e-03
863           	-2.818142e-03	9.746641e-01	-7.962987e-03	-6.799635e-03	-1.163352e-03
864           	-2.817341e-03	9.746765e-01	-8.073032e-03	-6.853857e-03	-1.219175e-03
865           	-2.816540e-03	9.746890e-01	-8.183225e-03	-6.908152e-03	-1.275072e-03
866           	-2.815737e-03	9.747019e-01	-8.293449e-03	-6.962462e-03	-1.330987e-03
867           	-2.814934e-03	9.747148e-01	-8.403740e-03	-7.016804e-03	-1.386936e-03
868           	-2.814129e-03	9.747280e-01	-8.513991e-03	-7.071125e-03	-1.442866e-03
869           	-2.813324e-03	9.747412e-01	-8.624208e-03	-7.125428e-03	-1.498780e-03
870           	-2.812519e-03	9.747546e-01	-8.734367e-03	-7.179703e-03	-1.554664e-03
871           	-2.811716e-03	9.747680e-01	-8.844524e-03	-7.233978e-03	-1.610547e-03
872           	-2.810911e-03	9.747815e-01	-8.954605e-03	-7.288214e-03	-1.666392e-03
873           	-2.810107e-03	9.747949e-01	-9.064686e-03	-7.342450e-03	-1.722236e-03
874           	-2.809304e-03	9.748084e-01	-9.174748e-03	-7.396678e-03	-1.778070e-03
875           	-2.808502e-03	9.748218e-01	-9.284878e-03	-7.450941e-03	-1.833937e-03
876           	-2.807701e-03	9.748353e-01	-9.395038e-03	-7.505220e-03	-1.889818e-03
877           	-2.806901e-03	9.748487e-01	-9.505327e-03	-7.559565e-03	-1.945762e-03
878           	-2.806103e-03	9.748622e-01	-9.615658e-03	-7.613932e-03	-2.001726e-03
879           	-2.805307e-03	9.748756e-01	-9.726035e-03	-7.668325e-03	-2.057711e-03
880           	-2.804514e-03	9.748890e-01	-9.836305e-03	-7.722666e-03	-2.113639e-03
881           	-2.803723e-03	9.749022e-01	-9.946429e-03	-7.776938e-03	-2.169492e-03
882           	-2.802936e-03	9.749155e-01	-1.005625e-02	-7.831058e-03	-2.225187e-03
883           	-2.802151e-03	9.749286e-01	-1.016568e-02	-7.884993e-03	-2.280690e-03
884           	-2.801370e-03	9.749417e-01	-1.027464e-02	-7.938689e-03	-2.335949e-03
885           	-2.800592e-03	9.749546e-01	-1.038313e-02	-7.992158e-03	-2.390973e-03
886           	-2.799818e-03	9.749673e-01	-1.049113e-02	-8.045385e-03	-2.445749e-03
887           	-2.799048e-03	9.749799e-01	-1.059871e-02	-8.098405e-03	-2.500308e-03
888           	-2.798282e-03	9.749923e-01	-1.070591e-02	-8.151236e-03	-2.554672e-03
889           	-2.797521e-03	9.750045e-01	-1.081286e-02	-8.203951e-03	-2.608910e-03
890           	-2.796763e-03	9.750164e-01	-1.091965e-02	-8.256586e-03	-2.663060e-03
891           	-2.796010e-03	9.750282e-01	-1.102640e-02	-8.309209e-03	-2.717189e-03
892           	-2.795261e-03	9.750397e-01	-1.113313e-02	-8.361827e-03	-2.771305e-03
893           	-2.794516e-03	9.750509e-01	-1.123989e-02	-8.414461e-03	-2.825429e-03
894           	-2.793775e-03	9.750619e-01	-1.134661e-02	-8.467081e-03	-2.879530e-03
895           	-2.793038e-03	9.750727e-01	-1.145326e-02	-8.519670e-03	-2.933593e-03
896           	-2.792305e-03	9.750832e-01	-1.155974e-02	-8.572173e-03	-2.987563e-03
897           	-2.791576e-03	9.750932e-01	-1.166580e-02	-8.624475e-03	-3.041322e-03
898           	-2.790852e-03	9.751035e-01	-1.177172e-02	-8.676711e-03	-3.095007e-03
899           	-2.790134e-03	9.751135e-01	-1.187695e-02	-8.728610e-03	-3.148343e-03
900           	-2.789421e-03	9.751230e-01	-1.198123e-02	-8.780035e-03	-3.201193e-03
901           	-2.788714e-03	9.751329e-01	-1.208487e-02	-8.831150e-03	-3.253721e-03
902           	-2.788015e-03	9.751425e-01	-1.218741e-02	-8.881717e-03	-3.305688e-03
903           	-2.787322e-03	9.751520e-01	-1.228884e-02	-8.931739e-03	-3.357096e-03
904           	-2.786635e-03	9.751611e-01	-1.238904e-02	-8.981157e-03	-3.407886e-03
905           	-2.785955e-03	9.751704e-01	-1.248850e-02	-9.030206e-03	-3.458295e-03
906           	-2.785282e-03	9.751795e-01	-1.258691e-02	-9.078738e-03	-3.508173e-03
907           	-2.784615e-03	9.751884e-01	-1.268447e-02	-9.126852e-03	-3.557622e-03
908           	-2.783954e-03	9.751970e-01	-1.278132e-02	-9.174615e-03	-3.606707e-03
909           	-2.783297e-03	9.752049e-01	-1.287752e-02	-9.222056e-03	-3.655462e-03
910           	-2.782644e-03	9.752130e-01	-1.297357e-02	-9.269429e-03	-3.704141e-03
911           	-2.781996e-03	9.752206e-01	-1.306930e-02	-9.316644e-03	-3.752651e-03
912           	-2.781353e-03	9.752276e-01	-1.316467e-02	-9.363687e-03	-3.800981e-03
913           	-2.780713e-03	9.752342e-01	-1.325998e-02	-9.410704e-03	-3.849279e-03
914           	-2.780077e-03	9.752408e-01	-1.335523e-02	-9.457694e-03	-3.897540e-03
915           	-2.779446e-03	9.752466e-01	-1.344993e-02	-9.504413e-03	-3.945521e-03
916           	-2.778818e-03	9.752520e-01	-1.354425e-02	-9.550942e-03	-3.993307e-03
917           	-2.778194e-03	9.752572e-01	-1.363805e-02	-9.597221e-03	-4.040833e-03
918           	-2.777575e-03	9.752620e-01	-1.373118e-02	-9.643163e-03	-4.088013e-03
919           	-2.776960e-03	9.752665e-01	-1.382351e-02	-9.688713e-03	-4.134793e-03
920           	-2.776351e-03	9.752707e-01	-1.391495e-02	-9.733824e-03	-4.181122e-03
921           	-2.775747e-03	9.752747e-01	-1.400547e-02	-9.778482e-03	-4.226988e-03
922           	-2.775147e-03	9.752783e-01	-1.409504e-02	-9.822667e-03	-4.272372e-03
923           	-2.774553e-03	9.752818e-01	-1.418368e-02	-9.866393e-03	-4.317287e-03
924           	-2.773964e-03	9.752849e-01	-1.427144e-02	-9.909685e-03	-4.361757e-03
925           	-2.773379e-03	9.752878e-01	-1.435841e-02	-9.952583e-03	-4.405826e-03
926           	-2.772799e-03	9.752904e-01	-1.444463e-02	-9.995114e-03	-4.449517e-03
927           	-2.772223e-03	9.752926e-01	-1.453016e-02	-1.003730e-02	-4.492859e-03
928           	-2.771651e-03	9.752946e-01	-1.461518e-02	-1.007924e-02	-4.535941e-03
929           	-2.771083e-03	9.752965e-01	-1.469978e-02	-1.012097e-02	-4.578807e-03
930           	-2.770520e-03	9.752980e-01	-1.478384e-02	-1.016244e-02	-4.621402e-03
931           	-2.769961e-03	9.752992e-01	-1.486759e-02	-1.020376e-02	-4.663833e-03
932           	-2.769407e-03	9.753002e-01	-1.495103e-02	-1.024492e-02	-4.706109e-03
933           	-2.768856e-03	9.753010e-01	-1.503420e-02	-1.028595e-02	-4.748242e-03
934           	-2.768309e-03	9.753015e-01	-1.511707e-02	-1.032685e-02	-4.790228e-03
935           	-2.767767e-03	9.753019e-01	-1.519966e-02	-1.036759e-02	-4.832060e-03
936           	-2.767229e-03	9.753019e-01	-1.528190e-02	-1.040818e-02	-4.873723e-03
937           	-2.766696e-03	9.753018e-01	-1.536380e-02	-1.044860e-02	-4.915206e-03
938           	-2.766167e-03	9.753015e-01	-1.544530e-02	-1.048882e-02	-4.956481e-03
939           	-2.765643e-03	9.753010e-01	-1.552634e-02	-1.052881e-02	-4.997527e-03
940           	-2.765124e-03	9.753004e-01	-1.560687e-02	-1.056856e-02	-5.038309e-03
941           	-2.764609e-03	9.752996e-01	-1.568684e-02	-1.060803e-02	-5.078812e-03
942           	-2.764099e-03	9.752986e-01	-1.576622e-02	-1.064721e-02	-5.119009e-03
943           	-2.763594e-03	9.752975e-01	-1.584498e-02	-1.068608e-02	-5.158894e-03
944           	-2.763094e-03	9.752962e-01	-1.592308e-02	-1.072463e-02	-5.198447e-03
945           	-2.762599e-03	9.752948e-01	-1.600055e-02	-1.076287e-02	-5.237676e-03
946           	-2.762108e-03	9.752932e-01	-1.607738e-02	-1.080080e-02	-5.276582e-03
947           	-2.761623e-03	9.752916e-01	-1.615359e-02	-1.083842e-02	-5.315174e-03
948           	-2.761143e-03	9.752898e-01	-1.622920e-02	-1.087575e-02	-5.353459e-03
949           	-2.760667e-03	9.752880e-01	-1.630425e-02	-1.091279e-02	-5.391456e-03
950           	-2.760196e-03	9.752860e-01	-1.637875e-02	-1.094957e-02	-5.429179e-03
951           	-2.759730e-03	9.752839e-01	-1.645277e-02	-1.098611e-02	-5.466654e-03
952           	-2.759267e-03	9.752817e-01	-1.652633e-02	-1.102243e-02	-5.503899e-03
953           	-2.758809e-03	9.752792e-01	-1.659949e-02	-1.105856e-02	-5.540937e-03
954           	-2.758355e-03	9.752767e-01	-1.667228e-02	-1.109449e-02	-5.577783e-03
955           	-2.757906e-03	9.752739e-01	-1.674470e-02	-1.113025e-02	-5.614443e-03
956           	-2.757461e-03	9.752710e-01	-1.681675e-02	-1.116583e-02	-5.650914e-03
957           	-2.757020e-03	9.752680e-01	-1.688842e-02	-1.120123e-02	-5.687192e-03
958           	-2.756584e-03	9.752648e-01	-1.695969e-02	-1.123643e-02	-5.723260e-03
959           	-2.756152e-03	9.752615e-01	-1.703051e-02	-1.127141e-02	-5.759102e-03
960           	-2.755725e-03	9.752580e-01	-1.710084e-02	-1.130614e-02	-5.794694e-03
961           	-2.755303e-03	9.752543e-01	-1.717065e-02	-1.134063e-02	-5.830024e-03
962           	-2.754885e-03	9.752505e-01	-1.723993e-02	-1.137485e-02	-5.865081e-03
963           	-2.754475e-03	9.752469e-01	-1.730833e-02	-1.140864e-02	-5.899691e-03
964           	-2.754066e-03	9.752427e-01	-1.737603e-02	-1.144208e-02	-5.933950e-03
965           	-2.753661e-03	9.752383e-01	-1.744337e-02	-1.147534e-02	-5.968023e-03
966           	-2.753264e-03	9.752341e-01	-1.751004e-02	-1.150828e-02	-6.001756e-03
967           	-2.752869e-03	9.752293e-01	-1.757617e-02	-1.154095e-02	-6.035217e-03
968           	-2.752477e-03	9.752244e-01	-1.764200e-02	-1.157348e-02	-6.068524e-03
969           	-2.752092e-03	9.752198e-01	-1.770721e-02	-1.160570e-02	-6.101513e-03
970           	-2.751709e-03	9.752146e-01	-1.777193e-02	-1.163767e-02	-6.134256e-03
971           	-2.751333e-03	9.752096e-01	-1.783605e-02	-1.166936e-02	-6.166690e-03
972           	-2.750959e-03	9.752042e-01	-1.789980e-02	-1.170086e-02	-6.198941e-03
973           	-2.750592e-03	9.751988e-01	-1.796298e-02	-1.173208e-02	-6.230900e-03
974           	-2.750230e-03	9.751934e-01	-1.802551e-02	-1.176299e-02	-6.262527e-03
975           	-2.749870e-03	9.751874e-01	-1.808774e-02	-1.179374e-02	-6.294001e-03
976           	-2.749516e-03	9.751816e-01	-1.814948e-02	-1.182425e-02	-6.325222e-03
977           	-2.749167e-03	9.751757e-01	-1.821061e-02	-1.185447e-02	-6.356136e-03
978           	-2.748822e-03	9.751696e-01	-1.827117e-02	-1.188441e-02	-6.386762e-03
979           	-2.748482e-03	9.751634e-01	-1.833124e-02	-1.191410e-02	-6.417140e-03
980           	-2.748145e-03	9.751568e-01	-1.839119e-02	-1.194374e-02	-6.447450e-03
981           	-2.747814e-03	9.751504e-01	-1.845064e-02	-1.197313e-02	-6.477506e-03
982           	-2.747487e-03	9.751438e-01	-1.850952e-02	-1.200225e-02	-6.507275e-03
983           	-2.747164e-03	9.751371e-01	-1.856784e-02	-1.203109e-02	-6.536758e-03
984           	-2.746846e-03	9.751302e-01	-1.862569e-02	-1.205969e-02	-6.566000e-03
985           	-2.746533e-03	9.751232e-01	-1.868306e-02	-1.208806e-02	-6.594998e-03
986           	-2.746224e-03	9.751160e-01	-1.873995e-02	-1.211620e-02	-6.623750e-03
987           	-2.745921e-03	9.751088e-01	-1.879634e-02	-1.214409e-02	-6.652248e-03
988           	-2.745622e-03	9.751014e-01	-1.885222e-02	-1.217173e-02	-6.680487e-03
989           	-2.745328e-03	9.750940e-01	-1.890757e-02	-1.219911e-02	-6.708456e-03
990           	-2.745038e-03	9.750863e-01	-1.896239e-02	-1.222623e-02	-6.736156e-03
991           	-2.744753e-03	9.750786e-01	-1.901665e-02	-1.225308e-02	-6.763574e-03
992           	-2.744472e-03	9.750706e-01	-1.907036e-02	-1.227965e-02	-6.790706e-03
993           	-2.744197e-03	9.750626e-01	-1.912347e-02	-1.230593e-02	-6.817540e-03
994           	-2.743926e-03	9.750544e-01	-1.917600e-02	-1.233193e-02	-6.844075e-03
995           	-2.743660e-03	9.750462e-01	-1.922792e-02	-1.235762e-02	-6.870297e-03
996           	-2.743399e-03	9.750377e-01	-1.927922e-02	-1.238301e-02	-6.896211e-03
997           	-2.743144e-03	9.750292e-01	-1.932990e-02	-1.240809e-02	-6.921806e-03
998           	-2.742893e-03	9.750205e-01	-1.937998e-02	-1.243289e-02	-6.947099e-03
999           	-2.742648e-03	9.750117e-01	-1.942944e-02	-1.245737e-02	-6.972074e-03
1000          	-2.742407e-03	9.750027e-01	-1.947832e-02	-1.248157e-02	-6.996755e-03
