# Residuals   
# Time        	p             	Ux            	Uy            	Uz            
1             	1.000000e+00	1.325070e-01	1.000000e+00	1.123430e-01
2             	1.374640e-01	5.918520e-01	2.573500e-01	5.877600e-01
3             	3.132520e-02	4.625960e-01	1.450840e-01	4.409020e-01
4             	4.743570e-02	3.126730e-01	9.241500e-02	2.840240e-01
5             	9.850770e-02	2.498470e-01	7.013350e-02	2.323850e-01
6             	1.707320e-01	2.131160e-01	5.622800e-02	2.041880e-01
7             	1.818230e-01	1.809790e-01	4.747500e-02	1.718380e-01
8             	1.344890e-01	1.503930e-01	4.190860e-02	1.445210e-01
9             	1.069840e-01	1.224870e-01	3.687300e-02	1.143590e-01
10            	7.631520e-02	1.087870e-01	3.109560e-02	9.944720e-02
11            	6.036780e-02	9.862030e-02	2.576370e-02	9.328030e-02
12            	4.977630e-02	8.746270e-02	2.180770e-02	8.564900e-02
13            	4.458110e-02	7.525800e-02	1.887120e-02	7.625040e-02
14            	4.397470e-02	6.525320e-02	1.671410e-02	6.733450e-02
15            	4.331360e-02	5.935850e-02	1.525380e-02	6.057620e-02
16            	4.764760e-02	5.657710e-02	1.443860e-02	5.520820e-02
17            	4.976880e-02	5.137850e-02	1.338300e-02	4.958150e-02
18            	5.006650e-02	4.650210e-02	1.208650e-02	4.465370e-02
19            	4.906790e-02	4.198610e-02	1.069670e-02	3.999910e-02
20            	4.720120e-02	3.785000e-02	9.283200e-03	3.630910e-02
21            	4.595400e-02	3.420580e-02	7.991300e-03	3.340550e-02
22            	4.497970e-02	3.111350e-02	6.976860e-03	3.078240e-02
23            	4.371120e-02	2.853880e-02	6.213680e-03	2.831910e-02
24            	4.179620e-02	2.642980e-02	5.765340e-03	2.617690e-02
25            	4.110150e-02	2.479380e-02	5.604000e-03	2.450920e-02
26            	4.121550e-02	2.360860e-02	5.525400e-03	2.349180e-02
27            	4.161400e-02	2.279260e-02	5.349050e-03	2.311660e-02
28            	4.261940e-02	2.209240e-02	5.139510e-03	2.285910e-02
29            	4.366040e-02	2.149700e-02	5.002590e-03	2.275200e-02
30            	4.507420e-02	2.099750e-02	4.861200e-03	2.247910e-02
31            	4.572140e-02	2.033670e-02	4.694750e-03	2.191140e-02
32            	4.691120e-02	1.975740e-02	4.547590e-03	2.089760e-02
33            	4.913060e-02	1.964340e-02	4.472190e-03	2.023570e-02
34            	5.183570e-02	1.963990e-02	4.480400e-03	1.993120e-02
35            	5.521410e-02	1.975780e-02	4.534510e-03	2.042380e-02
36            	5.865790e-02	2.022920e-02	4.720130e-03	2.158340e-02
37            	6.168860e-02	2.068710e-02	4.983170e-03	2.261630e-02
38            	6.230820e-02	2.104620e-02	5.295370e-03	2.348060e-02
39            	6.247510e-02	2.110500e-02	5.564430e-03	2.379050e-02
40            	6.275930e-02	2.100610e-02	5.783590e-03	2.377610e-02
41            	6.178170e-02	2.159440e-02	5.981860e-03	2.441780e-02
42            	6.095450e-02	2.217510e-02	6.144630e-03	2.523280e-02
43            	6.071320e-02	2.284370e-02	6.158830e-03	2.591930e-02
44            	6.009850e-02	2.352540e-02	6.042960e-03	2.578420e-02
45            	6.018210e-02	2.404420e-02	5.905490e-03	2.461990e-02
46            	6.046500e-02	2.412900e-02	5.665680e-03	2.364240e-02
47            	6.043550e-02	2.328830e-02	5.336700e-03	2.211540e-02
48            	5.887560e-02	2.186560e-02	5.136180e-03	2.070470e-02
49            	5.774420e-02	2.056890e-02	5.071140e-03	1.981080e-02
50            	5.684610e-02	1.967880e-02	5.005210e-03	1.931510e-02
51            	5.624880e-02	1.938240e-02	4.881410e-03	1.913660e-02
52            	5.498410e-02	1.988380e-02	4.657100e-03	1.899280e-02
53            	5.382500e-02	2.021780e-02	4.400180e-03	1.854540e-02
54            	5.399980e-02	2.075060e-02	4.279830e-03	1.844280e-02
55            	5.404120e-02	2.121160e-02	4.309700e-03	1.883820e-02
56            	5.333250e-02	2.149060e-02	4.451150e-03	1.929060e-02
57            	5.245800e-02	2.177930e-02	4.619190e-03	1.965760e-02
58            	5.204140e-02	2.214920e-02	4.758580e-03	2.000650e-02
59            	5.164440e-02	2.205600e-02	4.838970e-03	1.982710e-02
60            	5.109720e-02	2.157710e-02	4.861080e-03	1.977500e-02
61            	5.116930e-02	2.085080e-02	4.850540e-03	1.937610e-02
62            	5.190960e-02	2.006370e-02	4.806840e-03	1.899800e-02
63            	5.299010e-02	2.025700e-02	4.759700e-03	1.963500e-02
64            	5.294030e-02	2.092460e-02	4.646930e-03	1.976250e-02
65            	5.195500e-02	2.212150e-02	4.571600e-03	2.019200e-02
66            	5.047590e-02	2.324830e-02	4.607370e-03	2.021680e-02
67            	4.911200e-02	2.394660e-02	4.788830e-03	1.993420e-02
68            	5.012800e-02	2.450700e-02	5.085950e-03	1.978020e-02
69            	5.304460e-02	2.515750e-02	5.417080e-03	2.038570e-02
70            	5.643510e-02	2.552440e-02	5.662840e-03	2.122550e-02
71            	5.897920e-02	2.531940e-02	5.851040e-03	2.174710e-02
72            	6.032480e-02	2.585740e-02	6.087140e-03	2.275130e-02
73            	6.078010e-02	2.701160e-02	6.397860e-03	2.416450e-02
74            	6.088680e-02	2.874350e-02	6.709680e-03	2.524600e-02
75            	6.071520e-02	3.089530e-02	7.044420e-03	2.676520e-02
76            	6.267860e-02	3.302630e-02	7.519330e-03	2.837040e-02
77            	6.452910e-02	3.639530e-02	8.209250e-03	3.117890e-02
78            	6.786070e-02	3.961400e-02	8.981850e-03	3.431710e-02
79            	7.173940e-02	4.144510e-02	9.789630e-03	3.785980e-02
80            	7.396030e-02	4.273470e-02	1.050160e-02	4.138310e-02
81            	7.421340e-02	4.275710e-02	1.083580e-02	4.321120e-02
82            	7.296970e-02	4.220040e-02	1.085830e-02	4.307480e-02
83            	7.343230e-02	4.186410e-02	1.064650e-02	4.171570e-02
84            	7.098060e-02	4.329770e-02	1.053090e-02	4.166400e-02
85            	6.772590e-02	4.599670e-02	1.055690e-02	4.206510e-02
86            	6.612690e-02	4.831650e-02	1.051640e-02	4.225310e-02
87            	7.046050e-02	4.842620e-02	1.036530e-02	4.187350e-02
88            	7.502720e-02	4.647000e-02	9.995810e-03	4.106620e-02
89            	7.253340e-02	4.220870e-02	9.279440e-03	3.773630e-02
90            	6.681760e-02	3.725690e-02	8.267680e-03	3.345790e-02
91            	6.002080e-02	3.314050e-02	7.460390e-03	3.032520e-02
92            	5.487610e-02	3.044890e-02	6.710750e-03	2.787270e-02
93            	5.194120e-02	2.877220e-02	6.034680e-03	2.597310e-02
94            	5.169310e-02	2.798340e-02	5.582350e-03	2.488440e-02
95            	5.255670e-02	2.736460e-02	5.274080e-03	2.441920e-02
96            	5.232800e-02	2.638950e-02	5.039900e-03	2.361120e-02
97            	5.216410e-02	2.499330e-02	4.947750e-03	2.241230e-02
98            	5.269650e-02	2.416760e-02	4.956260e-03	2.188710e-02
99            	5.281330e-02	2.325210e-02	4.967820e-03	2.168500e-02
100           	5.249200e-02	2.266700e-02	4.936630e-03	2.127830e-02
101           	5.194340e-02	2.219880e-02	4.773370e-03	2.088040e-02
102           	5.090710e-02	2.156270e-02	4.585970e-03	2.062800e-02
103           	4.907630e-02	2.103400e-02	4.436180e-03	2.052630e-02
104           	4.712010e-02	2.032400e-02	4.339060e-03	2.030970e-02
105           	4.598560e-02	1.970740e-02	4.239710e-03	2.003430e-02
106           	4.598710e-02	1.925040e-02	4.128030e-03	1.966300e-02
107           	4.630650e-02	1.900850e-02	4.009390e-03	1.933270e-02
108           	4.643280e-02	1.860690e-02	3.905820e-03	1.895080e-02
109           	4.605180e-02	1.837430e-02	3.905160e-03	1.886390e-02
110           	4.537420e-02	1.838820e-02	3.937410e-03	1.887200e-02
111           	4.530150e-02	1.862820e-02	3.996140e-03	1.909380e-02
112           	4.526480e-02	1.919060e-02	4.065170e-03	1.951740e-02
113           	4.525100e-02	1.999100e-02	4.206160e-03	2.004050e-02
114           	4.554920e-02	2.086160e-02	4.417250e-03	2.044440e-02
115           	4.639590e-02	2.226990e-02	4.743220e-03	2.128250e-02
116           	4.856430e-02	2.402640e-02	5.223640e-03	2.243190e-02
117           	5.119030e-02	2.613370e-02	5.869190e-03	2.423790e-02
118           	5.419750e-02	2.808860e-02	6.680740e-03	2.637710e-02
119           	5.963280e-02	2.980130e-02	7.536080e-03	2.921140e-02
120           	6.525210e-02	3.132020e-02	8.523300e-03	3.262060e-02
121           	7.147690e-02	3.361290e-02	9.609620e-03	3.666880e-02
122           	7.764210e-02	3.708390e-02	1.070070e-02	4.089570e-02
123           	8.358680e-02	4.198820e-02	1.175070e-02	4.559620e-02
124           	8.669450e-02	5.120000e-02	1.309740e-02	5.305390e-02
125           	9.113280e-02	5.623030e-02	1.416500e-02	5.641150e-02
126           	8.851910e-02	6.504910e-02	1.526620e-02	6.061850e-02
127           	9.294020e-02	7.267610e-02	1.649640e-02	6.546120e-02
128           	1.043920e-01	7.705720e-02	1.730440e-02	6.743810e-02
129           	1.117590e-01	7.491310e-02	1.765250e-02	6.571740e-02
130           	1.065620e-01	6.766060e-02	1.717950e-02	6.014410e-02
131           	8.481150e-02	5.830200e-02	1.613670e-02	5.374550e-02
132           	7.054430e-02	5.254780e-02	1.430830e-02	4.873890e-02
133           	6.601830e-02	5.006680e-02	1.233720e-02	4.498900e-02
134           	6.435780e-02	4.866010e-02	1.069120e-02	4.262100e-02
135           	6.469490e-02	4.783390e-02	9.619390e-03	4.120360e-02
136           	6.688530e-02	4.699840e-02	9.019280e-03	3.952980e-02
137           	6.742300e-02	4.542660e-02	8.593900e-03	3.789720e-02
138           	6.611980e-02	4.404320e-02	8.372250e-03	3.758970e-02
139           	6.712880e-02	4.111850e-02	8.225890e-03	3.679520e-02
140           	6.850600e-02	3.782350e-02	7.914670e-03	3.480010e-02
141           	6.798180e-02	3.492150e-02	7.662200e-03	3.288990e-02
142           	6.552040e-02	3.293990e-02	7.450620e-03	3.294170e-02
143           	6.334280e-02	3.156020e-02	7.211670e-03	3.318220e-02
144           	6.236840e-02	3.070570e-02	7.015500e-03	3.305930e-02
145           	6.166820e-02	2.995700e-02	6.743420e-03	3.219490e-02
146           	6.053440e-02	2.924920e-02	6.373970e-03	3.094430e-02
147           	6.005700e-02	2.788230e-02	5.948660e-03	2.879040e-02
148           	5.925260e-02	2.595480e-02	5.437690e-03	2.674250e-02
149           	5.778660e-02	2.401360e-02	5.073980e-03	2.497710e-02
150           	5.553300e-02	2.274240e-02	4.783350e-03	2.394750e-02
151           	5.265770e-02	2.193970e-02	4.604320e-03	2.317740e-02
152           	5.060070e-02	2.166650e-02	4.554510e-03	2.245100e-02
153           	5.031720e-02	2.212040e-02	4.602130e-03	2.209290e-02
154           	5.061300e-02	2.274800e-02	4.668110e-03	2.166570e-02
155           	5.194950e-02	2.304860e-02	4.776730e-03	2.189690e-02
156           	5.280740e-02	2.294220e-02	4.896910e-03	2.220190e-02
157           	5.310910e-02	2.242690e-02	4.955390e-03	2.222320e-02
158           	5.355570e-02	2.254580e-02	4.955120e-03	2.234720e-02
159           	5.236500e-02	2.337510e-02	4.966850e-03	2.319960e-02
160           	5.121710e-02	2.429910e-02	4.985070e-03	2.374730e-02
161           	5.066890e-02	2.488030e-02	4.992120e-03	2.378780e-02
162           	5.059730e-02	2.532650e-02	5.085400e-03	2.361830e-02
163           	5.094190e-02	2.589580e-02	5.265560e-03	2.352310e-02
164           	5.139570e-02	2.648630e-02	5.455190e-03	2.359070e-02
165           	5.409920e-02	2.663210e-02	5.686610e-03	2.406710e-02
166           	5.638110e-02	2.627000e-02	5.862040e-03	2.457330e-02
167           	5.555680e-02	2.559630e-02	5.914980e-03	2.494780e-02
168           	5.370550e-02	2.502600e-02	5.875120e-03	2.514090e-02
169           	5.366690e-02	2.447820e-02	5.716170e-03	2.474930e-02
170           	5.415470e-02	2.350250e-02	5.448460e-03	2.364130e-02
171           	5.389120e-02	2.294890e-02	5.148870e-03	2.264190e-02
172           	5.254910e-02	2.239630e-02	4.869650e-03	2.114890e-02
173           	5.124010e-02	2.196920e-02	4.744490e-03	1.999200e-02
174           	4.980780e-02	2.142600e-02	4.768100e-03	1.930100e-02
175           	4.976470e-02	2.126080e-02	4.940760e-03	1.935720e-02
176           	5.053620e-02	2.117120e-02	5.013230e-03	1.976500e-02
177           	5.168500e-02	2.099720e-02	5.031230e-03	2.051230e-02
178           	5.183260e-02	2.122830e-02	5.076640e-03	2.138980e-02
179           	5.104260e-02	2.218130e-02	5.240150e-03	2.258560e-02
180           	5.130360e-02	2.370390e-02	5.421300e-03	2.380190e-02
181           	5.239550e-02	2.569340e-02	5.711420e-03	2.509990e-02
182           	5.490200e-02	2.866350e-02	6.186810e-03	2.680790e-02
183           	5.708450e-02	3.261080e-02	6.795630e-03	2.914570e-02
184           	6.087040e-02	3.576930e-02	7.416290e-03	3.154700e-02
185           	6.586980e-02	3.802180e-02	8.025640e-03	3.386910e-02
186           	6.886420e-02	3.959190e-02	8.577070e-03	3.663400e-02
187           	6.661120e-02	4.012070e-02	9.084680e-03	3.888700e-02
188           	6.581310e-02	3.955090e-02	9.386430e-03	3.849370e-02
189           	6.544520e-02	3.835280e-02	9.341730e-03	3.639640e-02
190           	6.243580e-02	3.601640e-02	8.980850e-03	3.355690e-02
191           	5.819860e-02	3.378310e-02	8.471270e-03	3.207440e-02
192           	5.539380e-02	3.331800e-02	7.926290e-03	3.105320e-02
193           	5.491330e-02	3.365110e-02	7.254630e-03	2.972020e-02
194           	5.605520e-02	3.311990e-02	6.686890e-03	2.853890e-02
195           	5.707180e-02	3.208360e-02	6.221890e-03	2.779570e-02
196           	5.707800e-02	2.981910e-02	5.647690e-03	2.667970e-02
197           	5.481050e-02	2.709990e-02	5.226980e-03	2.480230e-02
198           	5.346250e-02	2.478500e-02	5.022380e-03	2.310140e-02
199           	5.252350e-02	2.296120e-02	4.869680e-03	2.182690e-02
200           	5.123710e-02	2.131090e-02	4.799910e-03	2.054320e-02
201           	4.880670e-02	1.995630e-02	4.630650e-03	1.928200e-02
202           	4.556890e-02	1.900070e-02	4.367940e-03	1.808600e-02
203           	4.305510e-02	1.811670e-02	4.030260e-03	1.707790e-02
204           	4.042650e-02	1.708420e-02	3.731140e-03	1.605100e-02
205           	3.823950e-02	1.593100e-02	3.505450e-03	1.518110e-02
206           	3.682690e-02	1.499800e-02	3.336780e-03	1.468010e-02
207           	3.583850e-02	1.428560e-02	3.223260e-03	1.445810e-02
208           	3.498470e-02	1.376950e-02	3.133020e-03	1.424010e-02
209           	3.368670e-02	1.344860e-02	3.046340e-03	1.405760e-02
210           	3.218890e-02	1.321930e-02	2.958800e-03	1.383290e-02
211           	3.054960e-02	1.302810e-02	2.893690e-03	1.348570e-02
212           	2.921070e-02	1.272760e-02	2.870580e-03	1.312230e-02
213           	2.830870e-02	1.283250e-02	2.924860e-03	1.315600e-02
214           	2.841240e-02	1.330950e-02	3.096740e-03	1.356990e-02
215           	3.003020e-02	1.432560e-02	3.365080e-03	1.448030e-02
216           	3.289430e-02	1.552320e-02	3.659430e-03	1.545790e-02
217           	3.564410e-02	1.682540e-02	3.920890e-03	1.633440e-02
218           	3.754090e-02	1.779320e-02	4.089410e-03	1.691090e-02
219           	3.825320e-02	1.807120e-02	4.131620e-03	1.702970e-02
220           	3.800130e-02	1.752230e-02	4.031080e-03	1.673500e-02
221           	3.717350e-02	1.640040e-02	3.840870e-03	1.613540e-02
222           	3.585840e-02	1.524560e-02	3.592360e-03	1.522170e-02
223           	3.393270e-02	1.436390e-02	3.343610e-03	1.415170e-02
224           	3.169860e-02	1.387450e-02	3.180340e-03	1.310490e-02
225           	2.982010e-02	1.377030e-02	3.134840e-03	1.233110e-02
226           	2.842520e-02	1.408160e-02	3.157010e-03	1.248750e-02
227           	2.756150e-02	1.461370e-02	3.225340e-03	1.319150e-02
228           	2.737250e-02	1.517410e-02	3.308790e-03	1.390430e-02
229           	2.771510e-02	1.520510e-02	3.351040e-03	1.407730e-02
230           	2.809140e-02	1.495020e-02	3.306280e-03	1.395610e-02
231           	2.773850e-02	1.456360e-02	3.206740e-03	1.348280e-02
232           	2.669170e-02	1.405760e-02	3.063270e-03	1.296820e-02
233           	2.493110e-02	1.354740e-02	2.885530e-03	1.250900e-02
234           	2.336040e-02	1.318660e-02	2.688400e-03	1.179870e-02
235           	2.225090e-02	1.309380e-02	2.594910e-03	1.132000e-02
236           	2.184590e-02	1.338280e-02	2.647900e-03	1.116640e-02
237           	2.237600e-02	1.379130e-02	2.759560e-03	1.128360e-02
238           	2.342700e-02	1.400870e-02	2.839140e-03	1.137200e-02
239           	2.443470e-02	1.361330e-02	2.828890e-03	1.108060e-02
240           	2.463360e-02	1.282310e-02	2.711380e-03	1.063320e-02
241           	2.402250e-02	1.168540e-02	2.519760e-03	1.008980e-02
242           	2.273180e-02	1.049490e-02	2.322440e-03	9.516440e-03
243           	2.115530e-02	9.557870e-03	2.151010e-03	8.917070e-03
244           	1.975010e-02	9.016070e-03	2.023030e-03	8.361070e-03
245           	1.849300e-02	9.132720e-03	1.962100e-03	8.144780e-03
246           	1.775200e-02	9.519460e-03	1.978340e-03	8.102710e-03
247           	1.745500e-02	1.000650e-02	2.034010e-03	8.144890e-03
248           	1.734410e-02	1.034100e-02	2.078690e-03	8.202320e-03
249           	1.728670e-02	1.042440e-02	2.093360e-03	8.237950e-03
250           	1.703450e-02	1.016510e-02	2.062750e-03	8.155510e-03
251           	1.658830e-02	9.633350e-03	1.990770e-03	7.912710e-03
252           	1.597120e-02	8.805000e-03	1.874570e-03	7.448310e-03
253           	1.514940e-02	7.965110e-03	1.712630e-03	6.871500e-03
254           	1.416100e-02	7.217210e-03	1.536920e-03	6.265840e-03
255           	1.314710e-02	6.595670e-03	1.371290e-03	5.698050e-03
256           	1.213740e-02	6.112730e-03	1.236450e-03	5.208060e-03
257           	1.126660e-02	5.782680e-03	1.138930e-03	4.873080e-03
258           	1.051340e-02	5.613800e-03	1.080590e-03	4.735680e-03
259           	9.965690e-03	5.535880e-03	1.062590e-03	4.664860e-03
260           	9.621960e-03	5.524640e-03	1.062070e-03	4.627080e-03
261           	9.446360e-03	5.491270e-03	1.057860e-03	4.567490e-03
262           	9.329790e-03	5.384470e-03	1.038920e-03	4.456710e-03
263           	9.099710e-03	5.205770e-03	1.000630e-03	4.307150e-03
264           	8.798760e-03	4.950680e-03	9.498530e-04	4.143910e-03
265           	8.442970e-03	4.627630e-03	8.974020e-04	3.985180e-03
266           	8.080210e-03	4.267370e-03	8.486620e-04	3.833980e-03
267           	7.740240e-03	3.952900e-03	8.051240e-04	3.676240e-03
268           	7.472110e-03	3.741710e-03	7.732980e-04	3.532850e-03
269           	7.223390e-03	3.614880e-03	7.528810e-04	3.395830e-03
270           	7.001030e-03	3.567140e-03	7.421050e-04	3.332060e-03
271           	6.841740e-03	3.579150e-03	7.385840e-04	3.316600e-03
272           	6.694300e-03	3.647450e-03	7.413970e-04	3.368850e-03
273           	6.578710e-03	3.704920e-03	7.416080e-04	3.395740e-03
274           	6.468580e-03	3.724660e-03	7.356950e-04	3.376600e-03
275           	6.379600e-03	3.656580e-03	7.209850e-04	3.277660e-03
276           	6.280700e-03	3.548370e-03	6.973600e-04	3.151770e-03
277           	6.146450e-03	3.399210e-03	6.672870e-04	3.003550e-03
278           	5.982530e-03	3.216220e-03	6.309540e-04	2.833680e-03
279           	5.801350e-03	3.008830e-03	5.913930e-04	2.650550e-03
280           	5.609790e-03	2.802770e-03	5.509060e-04	2.472910e-03
281           	5.404300e-03	2.632790e-03	5.114280e-04	2.336290e-03
282           	5.200170e-03	2.486700e-03	4.756540e-04	2.226730e-03
283           	4.997480e-03	2.370870e-03	4.464520e-04	2.144180e-03
284           	4.816240e-03	2.279760e-03	4.247070e-04	2.090420e-03
285           	4.635840e-03	2.234380e-03	4.124750e-04	2.067720e-03
286           	4.476090e-03	2.209290e-03	4.080920e-04	2.064250e-03
287           	4.344850e-03	2.198520e-03	4.075930e-04	2.075350e-03
288           	4.231870e-03	2.195060e-03	4.094280e-04	2.092750e-03
289           	4.135670e-03	2.191310e-03	4.120460e-04	2.116910e-03
290           	4.053430e-03	2.189550e-03	4.149010e-04	2.142220e-03
291           	3.996970e-03	2.192930e-03	4.181490e-04	2.167350e-03
292           	3.940210e-03	2.189140e-03	4.222560e-04	2.194820e-03
293           	3.907690e-03	2.216140e-03	4.264730e-04	2.231190e-03
294           	3.884290e-03	2.229930e-03	4.328830e-04	2.271620e-03
295           	3.875380e-03	2.250910e-03	4.405680e-04	2.316210e-03
296           	3.881670e-03	2.277770e-03	4.499040e-04	2.361540e-03
297           	3.901280e-03	2.306710e-03	4.605450e-04	2.403470e-03
298           	3.932530e-03	2.334310e-03	4.716080e-04	2.436600e-03
299           	3.973390e-03	2.363110e-03	4.825840e-04	2.467370e-03
300           	4.022140e-03	2.388390e-03	4.932400e-04	2.495890e-03
301           	4.078930e-03	2.409550e-03	5.033200e-04	2.517610e-03
302           	4.136460e-03	2.429360e-03	5.123920e-04	2.537230e-03
303           	4.196180e-03	2.444950e-03	5.197370e-04	2.554590e-03
304           	4.253840e-03	2.456290e-03	5.254530e-04	2.567760e-03
305           	4.305860e-03	2.461170e-03	5.294820e-04	2.580630e-03
306           	4.355240e-03	2.462780e-03	5.318300e-04	2.592110e-03
307           	4.393310e-03	2.458720e-03	5.324010e-04	2.598190e-03
308           	4.417790e-03	2.450870e-03	5.312000e-04	2.598540e-03
309           	4.430080e-03	2.437200e-03	5.285940e-04	2.595120e-03
310           	4.436050e-03	2.418000e-03	5.245700e-04	2.585840e-03
311           	4.439500e-03	2.397610e-03	5.194740e-04	2.572980e-03
312           	4.438580e-03	2.373440e-03	5.133380e-04	2.554720e-03
313           	4.434750e-03	2.349610e-03	5.064800e-04	2.535360e-03
314           	4.429290e-03	2.329810e-03	4.993440e-04	2.516460e-03
315           	4.420620e-03	2.308310e-03	4.916170e-04	2.498250e-03
316           	4.407990e-03	2.271830e-03	4.820440e-04	2.463660e-03
317           	4.396310e-03	2.240760e-03	4.734330e-04	2.431340e-03
318           	4.376980e-03	2.217050e-03	4.646010e-04	2.402590e-03
319           	4.361340e-03	2.207830e-03	4.549710e-04	2.376350e-03
320           	4.342330e-03	2.193620e-03	4.453270e-04	2.350140e-03
321           	4.317590e-03	2.175830e-03	4.357770e-04	2.319800e-03
322           	4.290450e-03	2.155230e-03	4.258600e-04	2.287750e-03
323           	4.259900e-03	2.133830e-03	4.158740e-04	2.253670e-03
324           	4.224900e-03	2.109530e-03	4.062310e-04	2.217840e-03
325           	4.185200e-03	2.083490e-03	3.974180e-04	2.177650e-03
326           	4.144030e-03	2.057240e-03	3.895880e-04	2.137490e-03
327           	4.097890e-03	2.028730e-03	3.825890e-04	2.096180e-03
328           	4.048820e-03	2.000340e-03	3.762060e-04	2.055960e-03
329           	3.999770e-03	1.972790e-03	3.701000e-04	2.017860e-03
330           	3.951540e-03	1.947510e-03	3.646360e-04	1.982170e-03
331           	3.906000e-03	1.922980e-03	3.589520e-04	1.950130e-03
332           	3.856770e-03	1.894500e-03	3.532860e-04	1.911770e-03
333           	3.802240e-03	1.865280e-03	3.478720e-04	1.871690e-03
334           	3.744440e-03	1.836070e-03	3.420820e-04	1.832740e-03
335           	3.684400e-03	1.803480e-03	3.361080e-04	1.795540e-03
336           	3.619480e-03	1.771400e-03	3.293750e-04	1.755820e-03
337           	3.551940e-03	1.735830e-03	3.222610e-04	1.714320e-03
338           	3.479990e-03	1.698830e-03	3.147360e-04	1.673780e-03
339           	3.405400e-03	1.661230e-03	3.068990e-04	1.630880e-03
340           	3.329890e-03	1.623030e-03	2.988830e-04	1.585750e-03
341           	3.254460e-03	1.582980e-03	2.905980e-04	1.541200e-03
342           	3.184870e-03	1.544110e-03	2.824150e-04	1.495870e-03
343           	3.100290e-03	1.503380e-03	2.746060e-04	1.452180e-03
344           	3.023640e-03	1.468020e-03	2.663200e-04	1.409230e-03
345           	2.942800e-03	1.428590e-03	2.587530e-04	1.366820e-03
346           	2.867870e-03	1.402900e-03	2.507300e-04	1.333980e-03
347           	2.786250e-03	1.368850e-03	2.433630e-04	1.303910e-03
348           	2.702040e-03	1.332810e-03	2.362310e-04	1.274950e-03
349           	2.617380e-03	1.297320e-03	2.296410e-04	1.245270e-03
350           	2.532000e-03	1.261760e-03	2.233730e-04	1.217930e-03
351           	2.450990e-03	1.226860e-03	2.175810e-04	1.191410e-03
352           	2.367260e-03	1.193660e-03	2.126780e-04	1.161950e-03
353           	2.283630e-03	1.162750e-03	2.080100e-04	1.135760e-03
354           	2.201320e-03	1.132030e-03	2.034740e-04	1.110730e-03
355           	2.118530e-03	1.102980e-03	1.989250e-04	1.086300e-03
356           	2.040680e-03	1.073220e-03	1.942030e-04	1.066590e-03
357           	1.963030e-03	1.043120e-03	1.899290e-04	1.040660e-03
358           	1.888120e-03	1.014440e-03	1.858310e-04	1.015570e-03
359           	1.815410e-03	9.855750e-04	1.819750e-04	9.897220e-04
360           	1.744310e-03	9.567760e-04	1.784360e-04	9.643160e-04
361           	1.675480e-03	9.276940e-04	1.753250e-04	9.391520e-04
362           	1.610240e-03	8.991970e-04	1.726290e-04	9.136290e-04
363           	1.548700e-03	8.711820e-04	1.701570e-04	8.877270e-04
364           	1.491000e-03	8.436780e-04	1.676800e-04	8.619800e-04
365           	1.437940e-03	8.176050e-04	1.651590e-04	8.368980e-04
366           	1.389500e-03	7.926840e-04	1.625850e-04	8.120750e-04
367           	1.345320e-03	7.695470e-04	1.600260e-04	7.875370e-04
368           	1.305540e-03	7.487460e-04	1.575190e-04	7.640720e-04
369           	1.270680e-03	7.300480e-04	1.551080e-04	7.424640e-04
370           	1.241920e-03	7.142080e-04	1.527830e-04	7.224250e-04
371           	1.219190e-03	7.007370e-04	1.505740e-04	7.043350e-04
372           	1.201210e-03	6.898630e-04	1.484740e-04	6.880430e-04
373           	1.188010e-03	6.812020e-04	1.464990e-04	6.732790e-04
374           	1.179530e-03	6.739090e-04	1.446310e-04	6.601350e-04
375           	1.175050e-03	6.684460e-04	1.428990e-04	6.485780e-04
376           	1.170680e-03	6.645830e-04	1.413220e-04	6.393240e-04
377           	1.170570e-03	6.612740e-04	1.395430e-04	6.342360e-04
378           	1.168580e-03	6.593680e-04	1.382000e-04	6.264000e-04
379           	1.167840e-03	6.575730e-04	1.366860e-04	6.232800e-04
380           	1.167970e-03	6.561020e-04	1.353360e-04	6.206480e-04
381           	1.168320e-03	6.553310e-04	1.341420e-04	6.193780e-04
382           	1.168000e-03	6.539960e-04	1.330470e-04	6.183970e-04
383           	1.169640e-03	6.523260e-04	1.319580e-04	6.175260e-04
384           	1.167080e-03	6.517120e-04	1.312410e-04	6.152680e-04
385           	1.165930e-03	6.506190e-04	1.303340e-04	6.172780e-04
386           	1.167270e-03	6.496130e-04	1.293930e-04	6.186990e-04
387           	1.164580e-03	6.491980e-04	1.286420e-04	6.166410e-04
388           	1.165920e-03	6.483600e-04	1.276370e-04	6.181020e-04
389           	1.165310e-03	6.475550e-04	1.267960e-04	6.158440e-04
390           	1.164010e-03	6.463840e-04	1.258500e-04	6.141900e-04
391           	1.162860e-03	6.455950e-04	1.247530e-04	6.131770e-04
392           	1.161090e-03	6.439750e-04	1.235760e-04	6.111030e-04
393           	1.158500e-03	6.421920e-04	1.223060e-04	6.086410e-04
394           	1.155630e-03	6.397590e-04	1.209060e-04	6.065400e-04
395           	1.152120e-03	6.370440e-04	1.194500e-04	6.037780e-04
396           	1.148380e-03	6.343730e-04	1.179500e-04	6.009220e-04
397           	1.144530e-03	6.311880e-04	1.164060e-04	5.979530e-04
398           	1.140670e-03	6.277190e-04	1.148780e-04	5.949080e-04
399           	1.136720e-03	6.243020e-04	1.133490e-04	5.917250e-04
400           	1.132320e-03	6.209230e-04	1.118590e-04	5.882940e-04
401           	1.127630e-03	6.173660e-04	1.103640e-04	5.844790e-04
402           	1.122460e-03	6.132250e-04	1.089540e-04	5.804760e-04
403           	1.116780e-03	6.086130e-04	1.075540e-04	5.761790e-04
404           	1.110460e-03	6.039080e-04	1.061680e-04	5.715200e-04
405           	1.104230e-03	5.991390e-04	1.048190e-04	5.662720e-04
406           	1.097830e-03	5.939930e-04	1.035410e-04	5.608000e-04
407           	1.091210e-03	5.885560e-04	1.023100e-04	5.553340e-04
408           	1.084400e-03	5.831930e-04	1.011400e-04	5.500000e-04
409           	1.077480e-03	5.776710e-04	9.999750e-05	5.454720e-04
410           	1.070670e-03	5.723100e-04	9.888040e-05	5.410670e-04
411           	1.064850e-03	5.675420e-04	9.782480e-05	5.368580e-04
412           	1.059220e-03	5.619610e-04	9.683450e-05	5.325300e-04
413           	1.053450e-03	5.563820e-04	9.585560e-05	5.278070e-04
414           	1.047740e-03	5.517030e-04	9.492450e-05	5.225300e-04
415           	1.042520e-03	5.474570e-04	9.406330e-05	5.172520e-04
416           	1.037830e-03	5.433670e-04	9.316890e-05	5.124780e-04
417           	1.033420e-03	5.394690e-04	9.233550e-05	5.083210e-04
418           	1.029390e-03	5.365930e-04	9.154650e-05	5.050980e-04
419           	1.027100e-03	5.340530e-04	9.077690e-05	5.014350e-04
420           	1.024790e-03	5.341940e-04	9.006030e-05	5.001570e-04
421           	1.022700e-03	5.336260e-04	8.935950e-05	4.989370e-04
422           	1.021350e-03	5.329780e-04	8.880900e-05	4.986900e-04
423           	1.020060e-03	5.316830e-04	8.832810e-05	4.982950e-04
424           	1.019830e-03	5.317250e-04	8.802640e-05	4.980800e-04
425           	1.019680e-03	5.318030e-04	8.778950e-05	4.986190e-04
426           	1.019710e-03	5.323480e-04	8.769020e-05	4.998920e-04
427           	1.020510e-03	5.329800e-04	8.766820e-05	5.007150e-04
428           	1.021140e-03	5.341100e-04	8.782220e-05	5.021340e-04
429           	1.021670e-03	5.355710e-04	8.808980e-05	5.043320e-04
430           	1.022340e-03	5.374670e-04	8.858260e-05	5.063030e-04
431           	1.023120e-03	5.397690e-04	8.915280e-05	5.087290e-04
432           	1.024040e-03	5.425310e-04	8.985630e-05	5.116520e-04
433           	1.025610e-03	5.456230e-04	9.059470e-05	5.147710e-04
434           	1.027800e-03	5.490820e-04	9.138110e-05	5.176610e-04
435           	1.029950e-03	5.519160e-04	9.217500e-05	5.206700e-04
436           	1.032390e-03	5.544540e-04	9.295670e-05	5.238440e-04
437           	1.034390e-03	5.573330e-04	9.370770e-05	5.268450e-04
438           	1.036980e-03	5.568600e-04	9.441580e-05	5.279250e-04
439           	1.039830e-03	5.572340e-04	9.504490e-05	5.292660e-04
440           	1.042990e-03	5.584730e-04	9.561450e-05	5.305970e-04
441           	1.046350e-03	5.601740e-04	9.610720e-05	5.330020e-04
442           	1.049500e-03	5.619740e-04	9.657560e-05	5.347900e-04
443           	1.051790e-03	5.638050e-04	9.693590e-05	5.361740e-04
444           	1.053420e-03	5.655250e-04	9.723090e-05	5.371930e-04
445           	1.054500e-03	5.669740e-04	9.753320e-05	5.372900e-04
446           	1.055650e-03	5.680460e-04	9.776650e-05	5.376750e-04
447           	1.056710e-03	5.691010e-04	9.794500e-05	5.377970e-04
448           	1.057650e-03	5.693020e-04	9.814720e-05	5.381300e-04
449           	1.058410e-03	5.695190e-04	9.833790e-05	5.385610e-04
450           	1.058960e-03	5.697840e-04	9.850720e-05	5.391760e-04
451           	1.059270e-03	5.700830e-04	9.866760e-05	5.396010e-04
452           	1.058950e-03	5.704630e-04	9.876430e-05	5.398630e-04
453           	1.058070e-03	5.703990e-04	9.884780e-05	5.402480e-04
454           	1.056060e-03	5.704000e-04	9.886870e-05	5.400690e-04
455           	1.053280e-03	5.699390e-04	9.890950e-05	5.395520e-04
456           	1.050290e-03	5.693290e-04	9.887620e-05	5.387450e-04
457           	1.047350e-03	5.684700e-04	9.877980e-05	5.380910e-04
458           	1.042390e-03	5.670610e-04	9.860850e-05	5.368410e-04
459           	1.038400e-03	5.652340e-04	9.822860e-05	5.376460e-04
460           	1.034510e-03	5.627690e-04	9.792310e-05	5.375480e-04
461           	1.029980e-03	5.596300e-04	9.752500e-05	5.365430e-04
462           	1.024680e-03	5.564880e-04	9.709360e-05	5.349970e-04
463           	1.018590e-03	5.531630e-04	9.664580e-05	5.331090e-04
464           	1.012130e-03	5.500120e-04	9.619830e-05	5.306210e-04
465           	1.005510e-03	5.467120e-04	9.579110e-05	5.280240e-04
466           	9.987490e-04	5.430760e-04	9.533750e-05	5.249460e-04
467           	9.917530e-04	5.398030e-04	9.491800e-05	5.223760e-04
468           	9.851230e-04	5.362220e-04	9.456110e-05	5.193570e-04
469           	9.785800e-04	5.327350e-04	9.417040e-05	5.165550e-04
470           	9.718910e-04	5.292590e-04	9.378190e-05	5.138620e-04
471           	9.655710e-04	5.254880e-04	9.338520e-05	5.112490e-04
472           	9.591040e-04	5.217760e-04	9.303870e-05	5.086600e-04
473           	9.521880e-04	5.183480e-04	9.265100e-05	5.059160e-04
474           	9.453210e-04	5.152250e-04	9.222670e-05	5.032620e-04
475           	9.383940e-04	5.119180e-04	9.178890e-05	5.006730e-04
476           	9.315420e-04	5.079800e-04	9.134230e-05	4.980320e-04
477           	9.243210e-04	5.040960e-04	9.089320e-05	4.951370e-04
478           	9.167060e-04	4.996210e-04	9.041360e-05	4.925450e-04
479           	9.091940e-04	4.952440e-04	8.987880e-05	4.897290e-04
480           	9.016870e-04	4.906830e-04	8.927640e-05	4.865390e-04
481           	8.939630e-04	4.858230e-04	8.859530e-05	4.823280e-04
482           	8.858710e-04	4.804140e-04	8.783680e-05	4.788870e-04
483           	8.772540e-04	4.748250e-04	8.698760e-05	4.753270e-04
484           	8.680750e-04	4.686590e-04	8.603630e-05	4.712200e-04
485           	8.583550e-04	4.619180e-04	8.499070e-05	4.652170e-04
486           	8.482890e-04	4.549870e-04	8.381160e-05	4.602290e-04
487           	8.378310e-04	4.473650e-04	8.251980e-05	4.544530e-04
488           	8.268950e-04	4.391240e-04	8.114270e-05	4.481330e-04
489           	8.153330e-04	4.310470e-04	7.964380e-05	4.414510e-04
490           	8.031050e-04	4.225550e-04	7.804230e-05	4.345070e-04
491           	7.907790e-04	4.137290e-04	7.636780e-05	4.274750e-04
492           	7.781880e-04	4.046260e-04	7.463490e-05	4.200230e-04
493           	7.651160e-04	3.954280e-04	7.285460e-05	4.122680e-04
494           	7.518160e-04	3.861450e-04	7.107300e-05	4.045630e-04
495           	7.382770e-04	3.768100e-04	6.926090e-05	3.963740e-04
496           	7.246580e-04	3.674490e-04	6.744340e-05	3.878390e-04
497           	7.098920e-04	3.578910e-04	6.561200e-05	3.791220e-04
498           	6.955990e-04	3.496770e-04	6.369660e-05	3.700260e-04
499           	6.812090e-04	3.407400e-04	6.180010e-05	3.603830e-04
500           	6.667320e-04	3.311610e-04	5.992850e-05	3.506770e-04
501           	6.521630e-04	3.213590e-04	5.810860e-05	3.409270e-04
502           	6.373730e-04	3.113680e-04	5.632670e-05	3.311690e-04
503           	6.223840e-04	3.014860e-04	5.459640e-05	3.215260e-04
504           	6.068240e-04	2.918120e-04	5.291170e-05	3.120600e-04
505           	5.915960e-04	2.806430e-04	5.129750e-05	3.013130e-04
506           	5.765820e-04	2.704170e-04	4.974630e-05	2.913030e-04
507           	5.616850e-04	2.609620e-04	4.822130e-05	2.819910e-04
508           	5.469570e-04	2.520600e-04	4.673510e-05	2.732220e-04
509           	5.324030e-04	2.434800e-04	4.528460e-05	2.648200e-04
510           	5.181350e-04	2.351300e-04	4.388300e-05	2.567900e-04
511           	5.041030e-04	2.270480e-04	4.253610e-05	2.490170e-04
512           	4.904420e-04	2.194070e-04	4.126210e-05	2.415580e-04
513           	4.772130e-04	2.120790e-04	4.005320e-05	2.346010e-04
514           	4.645130e-04	2.050490e-04	3.892040e-05	2.279940e-04
515           	4.523080e-04	1.985280e-04	3.785080e-05	2.218600e-04
516           	4.406240e-04	1.924980e-04	3.685470e-05	2.161310e-04
517           	4.293730e-04	1.869680e-04	3.592420e-05	2.109210e-04
518           	4.186830e-04	1.820730e-04	3.507070e-05	2.062130e-04
519           	4.083580e-04	1.777480e-04	3.429600e-05	2.020210e-04
520           	3.984910e-04	1.738970e-04	3.360800e-05	1.982630e-04
521           	3.891170e-04	1.705020e-04	3.298830e-05	1.950000e-04
522           	3.802510e-04	1.675810e-04	3.245830e-05	1.922100e-04
523           	3.724190e-04	1.650070e-04	3.201500e-05	1.898620e-04
524           	3.648370e-04	1.637900e-04	3.166650e-05	1.888530e-04
525           	3.576050e-04	1.626770e-04	3.140000e-05	1.880430e-04
526           	3.508170e-04	1.615450e-04	3.122330e-05	1.872920e-04
527           	3.444270e-04	1.604750e-04	3.111920e-05	1.867470e-04
528           	3.385070e-04	1.595460e-04	3.108500e-05	1.863480e-04
529           	3.329110e-04	1.587680e-04	3.110890e-05	1.861030e-04
530           	3.277410e-04	1.582170e-04	3.120160e-05	1.859530e-04
531           	3.229410e-04	1.578830e-04	3.133370e-05	1.859300e-04
532           	3.185640e-04	1.576640e-04	3.148960e-05	1.859420e-04
533           	3.145740e-04	1.575710e-04	3.164470e-05	1.859500e-04
534           	3.116500e-04	1.575830e-04	3.179120e-05	1.859230e-04
535           	3.084630e-04	1.577210e-04	3.196910e-05	1.850580e-04
536           	3.055560e-04	1.579310e-04	3.210220e-05	1.843620e-04
537           	3.029500e-04	1.581360e-04	3.218020e-05	1.836440e-04
538           	3.005500e-04	1.582530e-04	3.221720e-05	1.829760e-04
539           	2.982100e-04	1.582540e-04	3.219500e-05	1.822330e-04
540           	2.960370e-04	1.581150e-04	3.213470e-05	1.813480e-04
541           	2.938080e-04	1.578430e-04	3.203600e-05	1.803860e-04
542           	2.915560e-04	1.574240e-04	3.190120e-05	1.794140e-04
543           	2.887240e-04	1.568480e-04	3.174400e-05	1.784510e-04
544           	2.869890e-04	1.560580e-04	3.151430e-05	1.780470e-04
545           	2.848630e-04	1.552820e-04	3.136480e-05	1.767270e-04
546           	2.827830e-04	1.544680e-04	3.120080e-05	1.754040e-04
547           	2.802350e-04	1.536460e-04	3.102060e-05	1.741830e-04
548           	2.787390e-04	1.527220e-04	3.077800e-05	1.737840e-04
549           	2.763190e-04	1.518550e-04	3.061390e-05	1.723690e-04
550           	2.748670e-04	1.508150e-04	3.037530e-05	1.717060e-04
551           	2.731020e-04	1.498380e-04	3.021000e-05	1.700750e-04
552           	2.708610e-04	1.488900e-04	3.003560e-05	1.684940e-04
553           	2.695910e-04	1.477920e-04	2.979370e-05	1.677390e-04
554           	2.680370e-04	1.468220e-04	2.964490e-05	1.660230e-04
555           	2.660240e-04	1.458790e-04	2.948150e-05	1.644870e-04
556           	2.649530e-04	1.448050e-04	2.925740e-05	1.637820e-04
557           	2.636680e-04	1.438270e-04	2.911600e-05	1.621560e-04
558           	2.619690e-04	1.429260e-04	2.896710e-05	1.606640e-04
559           	2.610600e-04	1.419340e-04	2.874910e-05	1.600160e-04
560           	2.599120e-04	1.410120e-04	2.861510e-05	1.584390e-04
561           	2.582730e-04	1.401070e-04	2.846340e-05	1.570470e-04
562           	2.574120e-04	1.391050e-04	2.824910e-05	1.564620e-04
563           	2.562200e-04	1.381930e-04	2.810600e-05	1.549880e-04
564           	2.545470e-04	1.372860e-04	2.794970e-05	1.536670e-04
565           	2.535410e-04	1.362640e-04	2.771940e-05	1.531640e-04
566           	2.518110e-04	1.353010e-04	2.756120e-05	1.517850e-04
567           	2.506920e-04	1.342030e-04	2.732810e-05	1.511980e-04
568           	2.492250e-04	1.331690e-04	2.716980e-05	1.497780e-04
569           	2.473230e-04	1.321410e-04	2.700030e-05	1.485720e-04
570           	2.461790e-04	1.310380e-04	2.677980e-05	1.481630e-04
571           	2.443430e-04	1.300270e-04	2.662210e-05	1.470120e-04
572           	2.432230e-04	1.289290e-04	2.640990e-05	1.466330e-04
573           	2.413270e-04	1.279450e-04	2.625610e-05	1.454780e-04
574           	2.401280e-04	1.268860e-04	2.604990e-05	1.450920e-04
575           	2.381650e-04	1.259100e-04	2.589370e-05	1.439100e-04
576           	2.364870e-04	1.248230e-04	2.568790e-05	1.434700e-04
577           	2.348070e-04	1.237210e-04	2.547950e-05	1.429470e-04
578           	2.330760e-04	1.226070e-04	2.527240e-05	1.422040e-04
579           	2.312510e-04	1.214600e-04	2.505650e-05	1.413180e-04
580           	2.293450e-04	1.203040e-04	2.483160e-05	1.403370e-04
581           	2.273340e-04	1.191050e-04	2.459060e-05	1.392780e-04
582           	2.252440e-04	1.178520e-04	2.433880e-05	1.380870e-04
583           	2.230450e-04	1.165440e-04	2.406270e-05	1.368090e-04
584           	2.205440e-04	1.152030e-04	2.377180e-05	1.354010e-04
585           	2.178630e-04	1.131480e-04	2.345630e-05	1.331770e-04
586           	2.150960e-04	1.112080e-04	2.312620e-05	1.309870e-04
587           	2.123020e-04	1.094540e-04	2.277630e-05	1.289290e-04
588           	2.094950e-04	1.078510e-04	2.242400e-05	1.269410e-04
589           	2.066810e-04	1.062900e-04	2.205730e-05	1.250120e-04
590           	2.038620e-04	1.047260e-04	2.169030e-05	1.230860e-04
591           	2.010360e-04	1.031580e-04	2.132360e-05	1.212040e-04
592           	1.982170e-04	1.015620e-04	2.096150e-05	1.192910e-04
593           	1.954050e-04	9.998910e-05	2.060790e-05	1.173800e-04
594           	1.926050e-04	9.840560e-05	2.026450e-05	1.154540e-04
595           	1.898040e-04	9.683600e-05	1.992800e-05	1.135210e-04
596           	1.870400e-04	9.531310e-05	1.960290e-05	1.115990e-04
597           	1.843130e-04	9.382520e-05	1.928700e-05	1.097220e-04
598           	1.816260e-04	9.238780e-05	1.898430e-05	1.078640e-04
599           	1.789650e-04	9.102180e-05	1.869030e-05	1.060750e-04
600           	1.763390e-04	8.972730e-05	1.841720e-05	1.043210e-04
601           	1.737570e-04	8.852950e-05	1.816170e-05	1.026640e-04
602           	1.712860e-04	8.743640e-05	1.792960e-05	1.010790e-04
603           	1.689040e-04	8.645810e-05	1.771410e-05	9.960730e-05
604           	1.666580e-04	8.558200e-05	1.752180e-05	9.821610e-05
605           	1.645230e-04	8.482670e-05	1.734770e-05	9.694880e-05
606           	1.625310e-04	8.418220e-05	1.719890e-05	9.579020e-05
607           	1.606310e-04	8.365920e-05	1.706660e-05	9.476690e-05
608           	1.591380e-04	8.324810e-05	1.696220e-05	9.385640e-05
609           	1.577530e-04	8.359500e-05	1.687930e-05	9.370000e-05
610           	1.564940e-04	8.387200e-05	1.683300e-05	9.350720e-05
611           	1.553370e-04	8.405080e-05	1.680680e-05	9.323890e-05
612           	1.543000e-04	8.422260e-05	1.681050e-05	9.296640e-05
613           	1.533950e-04	8.446450e-05	1.683110e-05	9.277840e-05
614           	1.526260e-04	8.477270e-05	1.687180e-05	9.263770e-05
615           	1.519900e-04	8.517990e-05	1.692100e-05	9.260190e-05
616           	1.515040e-04	8.566160e-05	1.698590e-05	9.263310e-05
617           	1.511550e-04	8.621190e-05	1.705930e-05	9.275640e-05
618           	1.509420e-04	8.680680e-05	1.714660e-05	9.294900e-05
619           	1.508390e-04	8.746780e-05	1.724120e-05	9.324380e-05
620           	1.508960e-04	8.818400e-05	1.734740e-05	9.357300e-05
621           	1.510910e-04	8.895450e-05	1.745700e-05	9.396890e-05
622           	1.513660e-04	8.973810e-05	1.757330e-05	9.437670e-05
623           	1.517060e-04	9.053660e-05	1.768840e-05	9.481390e-05
624           	1.521370e-04	9.132470e-05	1.780280e-05	9.524530e-05
625           	1.526270e-04	9.211080e-05	1.790990e-05	9.568460e-05
626           	1.531850e-04	9.286870e-05	1.801340e-05	9.610560e-05
627           	1.537710e-04	9.357810e-05	1.810930e-05	9.652820e-05
628           	1.543960e-04	9.425140e-05	1.820090e-05	9.692270e-05
629           	1.550480e-04	9.489190e-05	1.827950e-05	9.733710e-05
630           	1.557490e-04	9.549540e-05	1.835610e-05	9.770720e-05
631           	1.564870e-04	9.606800e-05	1.842160e-05	9.806730e-05
632           	1.572410e-04	9.660730e-05	1.848400e-05	9.839210e-05
633           	1.580270e-04	9.711520e-05	1.853520e-05	9.872790e-05
634           	1.588460e-04	9.760960e-05	1.858250e-05	9.904940e-05
635           	1.596720e-04	9.808020e-05	1.862180e-05	9.937740e-05
636           	1.605300e-04	9.853040e-05	1.866130e-05	9.965950e-05
637           	1.613940e-04	9.895500e-05	1.869530e-05	9.994680e-05
638           	1.622730e-04	9.935870e-05	1.872710e-05	1.002140e-04
639           	1.631480e-04	9.972770e-05	1.875350e-05	1.004880e-04
640           	1.640230e-04	1.000900e-04	1.878320e-05	1.007360e-04
641           	1.648820e-04	1.004410e-04	1.881030e-05	1.010030e-04
642           	1.657310e-04	1.007930e-04	1.884170e-05	1.012400e-04
643           	1.665760e-04	1.011430e-04	1.887400e-05	1.015120e-04
644           	1.674330e-04	1.014890e-04	1.891160e-05	1.017860e-04
645           	1.682990e-04	1.018320e-04	1.894940e-05	1.020900e-04
646           	1.691820e-04	1.021800e-04	1.899320e-05	1.023970e-04
647           	1.700590e-04	1.025250e-04	1.903820e-05	1.027400e-04
648           	1.709490e-04	1.028960e-04	1.909110e-05	1.030950e-04
649           	1.718530e-04	1.032590e-04	1.914610e-05	1.034970e-04
650           	1.727810e-04	1.036300e-04	1.920940e-05	1.039180e-04
651           	1.737480e-04	1.040460e-04	1.927440e-05	1.043930e-04
652           	1.747510e-04	1.044790e-04	1.934630e-05	1.048960e-04
653           	1.757720e-04	1.049310e-04	1.942020e-05	1.054450e-04
654           	1.770850e-04	1.053840e-04	1.950080e-05	1.060020e-04
655           	1.781700e-04	1.066200e-04	1.959010e-05	1.072480e-04
656           	1.794940e-04	1.068490e-04	1.967860e-05	1.076150e-04
657           	1.805620e-04	1.078240e-04	1.977190e-05	1.086590e-04
658           	1.818810e-04	1.079230e-04	1.986770e-05	1.089890e-04
659           	1.829490e-04	1.088760e-04	1.996520e-05	1.100360e-04
660           	1.840460e-04	1.089880e-04	2.005910e-05	1.103550e-04
661           	1.851120e-04	1.091990e-04	2.014140e-05	1.107520e-04
662           	1.862200e-04	1.095150e-04	2.022240e-05	1.112470e-04
663           	1.873090e-04	1.099070e-04	2.029220e-05	1.118160e-04
664           	1.884020e-04	1.103130e-04	2.036120e-05	1.123740e-04
665           	1.894210e-04	1.106950e-04	2.041420e-05	1.129310e-04
666           	1.904080e-04	1.110310e-04	2.046820e-05	1.134570e-04
667           	1.913230e-04	1.113510e-04	2.051330e-05	1.139610e-04
668           	1.922270e-04	1.116440e-04	2.056220e-05	1.144060e-04
669           	1.930760e-04	1.119070e-04	2.060110e-05	1.148430e-04
670           	1.938900e-04	1.121360e-04	2.063950e-05	1.152420e-04
671           	1.946460e-04	1.123430e-04	2.067160e-05	1.156300e-04
672           	1.953810e-04	1.125150e-04	2.070430e-05	1.159190e-04
673           	1.960780e-04	1.126750e-04	2.073040e-05	1.162030e-04
674           	1.967550e-04	1.127950e-04	2.075470e-05	1.163980e-04
675           	1.973350e-04	1.128600e-04	2.077160e-05	1.165930e-04
676           	1.978550e-04	1.128980e-04	2.078860e-05	1.167440e-04
677           	1.983500e-04	1.129130e-04	2.079460e-05	1.169180e-04
678           	1.988130e-04	1.128890e-04	2.079730e-05	1.170050e-04
679           	1.992330e-04	1.128640e-04	2.079250e-05	1.170870e-04
680           	1.996510e-04	1.128340e-04	2.079080e-05	1.171340e-04
681           	2.000200e-04	1.127960e-04	2.078260e-05	1.172130e-04
682           	2.003740e-04	1.127710e-04	2.077760e-05	1.172670e-04
683           	2.006820e-04	1.127500e-04	2.077060e-05	1.173330e-04
684           	2.009860e-04	1.127150e-04	2.076700e-05	1.174030e-04
685           	2.012680e-04	1.126930e-04	2.075870e-05	1.174830e-04
686           	2.015640e-04	1.126670e-04	2.075620e-05	1.175350e-04
687           	2.018530e-04	1.126450e-04	2.075050e-05	1.176030e-04
688           	2.021490e-04	1.126290e-04	2.075110e-05	1.176420e-04
689           	2.023930e-04	1.126160e-04	2.075030e-05	1.176280e-04
690           	2.026320e-04	1.126050e-04	2.075760e-05	1.176480e-04
691           	2.028820e-04	1.125980e-04	2.076340e-05	1.177180e-04
692           	2.031620e-04	1.126020e-04	2.077760e-05	1.177770e-04
693           	2.034470e-04	1.126160e-04	2.079130e-05	1.178700e-04
694           	2.037470e-04	1.126530e-04	2.081000e-05	1.179560e-04
695           	2.040080e-04	1.126910e-04	2.082610e-05	1.180470e-04
696           	2.042590e-04	1.127040e-04	2.084820e-05	1.181340e-04
697           	2.044920e-04	1.127280e-04	2.086610e-05	1.182700e-04
698           	2.046910e-04	1.127750e-04	2.089390e-05	1.183360e-04
699           	2.048780e-04	1.128210e-04	2.091960e-05	1.184550e-04
700           	2.050710e-04	1.128970e-04	2.095050e-05	1.185890e-04
701           	2.052850e-04	1.130020e-04	2.098630e-05	1.188160e-04
702           	2.055390e-04	1.131300e-04	2.103370e-05	1.190330e-04
703           	2.058140e-04	1.132880e-04	2.108230e-05	1.193160e-04
704           	2.061170e-04	1.134880e-04	2.113930e-05	1.195880e-04
705           	2.064360e-04	1.137010e-04	2.119640e-05	1.199440e-04
706           	2.067840e-04	1.139390e-04	2.125980e-05	1.202920e-04
707           	2.071480e-04	1.141740e-04	2.132130e-05	1.206770e-04
708           	2.075300e-04	1.144220e-04	2.138730e-05	1.210310e-04
709           	2.079060e-04	1.146690e-04	2.144570e-05	1.213860e-04
710           	2.082720e-04	1.148930e-04	2.150770e-05	1.217180e-04
711           	2.086200e-04	1.150790e-04	2.156210e-05	1.220560e-04
712           	2.089690e-04	1.152690e-04	2.161810e-05	1.223000e-04
713           	2.092910e-04	1.154600e-04	2.166490e-05	1.225490e-04
714           	2.096150e-04	1.156320e-04	2.170900e-05	1.227610e-04
715           	2.098970e-04	1.157960e-04	2.174450e-05	1.229660e-04
716           	2.101700e-04	1.159270e-04	2.178080e-05	1.231400e-04
717           	2.104240e-04	1.160350e-04	2.180770e-05	1.233010e-04
718           	2.106620e-04	1.161550e-04	2.183470e-05	1.234080e-04
719           	2.108290e-04	1.162700e-04	2.185540e-05	1.234900e-04
720           	2.109820e-04	1.163700e-04	2.187960e-05	1.235320e-04
721           	2.115660e-04	1.164360e-04	2.189640e-05	1.235830e-04
722           	2.112250e-04	1.165680e-04	2.194650e-05	1.231090e-04
723           	2.112100e-04	1.166830e-04	2.195980e-05	1.232310e-04
724           	2.112690e-04	1.167140e-04	2.197590e-05	1.233920e-04
725           	2.118000e-04	1.167150e-04	2.198490e-05	1.234890e-04
726           	2.114370e-04	1.168210e-04	2.203030e-05	1.229130e-04
727           	2.118670e-04	1.169110e-04	2.203760e-05	1.231010e-04
728           	2.115350e-04	1.170500e-04	2.208200e-05	1.228820e-04
729           	2.120240e-04	1.171830e-04	2.209470e-05	1.232500e-04
730           	2.117280e-04	1.173800e-04	2.214820e-05	1.231080e-04
731           	2.122940e-04	1.175650e-04	2.217170e-05	1.235900e-04
732           	2.121320e-04	1.177930e-04	2.223730e-05	1.235850e-04
733           	2.123630e-04	1.180330e-04	2.226810e-05	1.241410e-04
734           	2.131850e-04	1.182270e-04	2.230250e-05	1.246330e-04
735           	2.130730e-04	1.184760e-04	2.235980e-05	1.245270e-04
736           	2.133240e-04	1.187220e-04	2.238570e-05	1.249250e-04
737           	2.136280e-04	1.189030e-04	2.239440e-05	1.253190e-04
738           	2.139030e-04	1.190070e-04	2.239780e-05	1.255000e-04
739           	2.141460e-04	1.190830e-04	2.238920e-05	1.255820e-04
740           	2.148540e-04	1.190950e-04	2.237950e-05	1.255380e-04
741           	2.145290e-04	1.191780e-04	2.238960e-05	1.249700e-04
742           	2.145000e-04	1.191920e-04	2.237030e-05	1.249430e-04
743           	2.144520e-04	1.191720e-04	2.234660e-05	1.250280e-04
744           	2.148820e-04	1.191620e-04	2.233130e-05	1.250380e-04
745           	2.143740e-04	1.191760e-04	2.234780e-05	1.245370e-04
746           	2.147280e-04	1.191980e-04	2.234740e-05	1.246220e-04
747           	2.142210e-04	1.192590e-04	2.237710e-05	1.243370e-04
748           	2.146010e-04	1.193270e-04	2.239090e-05	1.246520e-04
749           	2.141900e-04	1.194740e-04	2.243760e-05	1.245350e-04
750           	2.146810e-04	1.196220e-04	2.246940e-05	1.249710e-04
751           	2.148650e-04	1.198360e-04	2.253270e-05	1.249320e-04
752           	2.145670e-04	1.201420e-04	2.260640e-05	1.249800e-04
753           	2.151590e-04	1.203710e-04	2.264290e-05	1.256440e-04
754           	2.149810e-04	1.206310e-04	2.271180e-05	1.257100e-04
755           	2.156270e-04	1.208150e-04	2.274340e-05	1.262860e-04
756           	2.159460e-04	1.210500e-04	2.280870e-05	1.262530e-04
757           	2.156700e-04	1.212870e-04	2.286450e-05	1.262820e-04
758           	2.162510e-04	1.214200e-04	2.288790e-05	1.267750e-04
759           	2.164390e-04	1.215550e-04	2.292870e-05	1.267090e-04
760           	2.160410e-04	1.217180e-04	2.297140e-05	1.266270e-04
761           	2.164860e-04	1.217920e-04	2.296720e-05	1.270690e-04
762           	2.165950e-04	1.218670e-04	2.299820e-05	1.269470e-04
763           	2.165920e-04	1.219800e-04	2.302290e-05	1.268630e-04
764           	2.166020e-04	1.221280e-04	2.305260e-05	1.267930e-04
765           	2.166360e-04	1.222400e-04	2.307600e-05	1.268470e-04
766           	2.166860e-04	1.223340e-04	2.310780e-05	1.269070e-04
767           	2.167150e-04	1.224250e-04	2.313520e-05	1.270850e-04
768           	2.167540e-04	1.225450e-04	2.316940e-05	1.272320e-04
769           	2.167910e-04	1.226560e-04	2.319890e-05	1.273980e-04
770           	2.168490e-04	1.227810e-04	2.323440e-05	1.275160e-04
771           	2.169080e-04	1.229070e-04	2.326240e-05	1.276370e-04
772           	2.169610e-04	1.230140e-04	2.329460e-05	1.276790e-04
773           	2.169840e-04	1.230870e-04	2.331910e-05	1.277610e-04
774           	2.170090e-04	1.231650e-04	2.334580e-05	1.277960e-04
775           	2.170020e-04	1.232280e-04	2.336530e-05	1.278610e-04
776           	2.169800e-04	1.232850e-04	2.338760e-05	1.279000e-04
777           	2.169080e-04	1.233400e-04	2.340170e-05	1.279530e-04
778           	2.168350e-04	1.233760e-04	2.342160e-05	1.279550e-04
779           	2.166560e-04	1.234180e-04	2.343540e-05	1.279110e-04
780           	2.164050e-04	1.234340e-04	2.345600e-05	1.278130e-04
781           	2.161320e-04	1.234610e-04	2.347090e-05	1.278020e-04
782           	2.158740e-04	1.234870e-04	2.349100e-05	1.277500e-04
783           	2.156140e-04	1.235100e-04	2.350560e-05	1.277490e-04
784           	2.153650e-04	1.234940e-04	2.352370e-05	1.276940e-04
785           	2.150800e-04	1.234920e-04	2.353630e-05	1.276650e-04
786           	2.147830e-04	1.234860e-04	2.355360e-05	1.276110e-04
787           	2.144600e-04	1.234410e-04	2.356710e-05	1.276110e-04
788           	2.141390e-04	1.234190e-04	2.358950e-05	1.275670e-04
789           	2.138610e-04	1.234320e-04	2.361210e-05	1.276300e-04
790           	2.136210e-04	1.234920e-04	2.364690e-05	1.277030e-04
791           	2.134130e-04	1.235800e-04	2.368220e-05	1.278560e-04
792           	2.132660e-04	1.236960e-04	2.372880e-05	1.280130e-04
793           	2.131750e-04	1.238380e-04	2.377350e-05	1.282270e-04
794           	2.131370e-04	1.240360e-04	2.382620e-05	1.284480e-04
795           	2.131330e-04	1.242000e-04	2.387130e-05	1.286860e-04
796           	2.131360e-04	1.243740e-04	2.391790e-05	1.288410e-04
797           	2.130930e-04	1.245230e-04	2.395880e-05	1.290230e-04
798           	2.130240e-04	1.246540e-04	2.400500e-05	1.291350e-04
799           	2.129380e-04	1.247500e-04	2.404040e-05	1.292630e-04
800           	2.128630e-04	1.248530e-04	2.407960e-05	1.293230e-04
801           	2.127660e-04	1.249270e-04	2.411110e-05	1.294090e-04
802           	2.126740e-04	1.250000e-04	2.414570e-05	1.294410e-04
803           	2.125500e-04	1.250730e-04	2.417070e-05	1.295130e-04
804           	2.124370e-04	1.251680e-04	2.420460e-05	1.295390e-04
805           	2.123080e-04	1.252540e-04	2.423280e-05	1.296050e-04
806           	2.121900e-04	1.253500e-04	2.426770e-05	1.296390e-04
807           	2.120670e-04	1.254370e-04	2.429940e-05	1.297410e-04
808           	2.119810e-04	1.255690e-04	2.433970e-05	1.298260e-04
809           	2.119070e-04	1.256830e-04	2.437850e-05	1.299640e-04
810           	2.118620e-04	1.258250e-04	2.442460e-05	1.300880e-04
811           	2.118330e-04	1.259710e-04	2.446940e-05	1.302700e-04
812           	2.118440e-04	1.261390e-04	2.452160e-05	1.304060e-04
813           	2.118440e-04	1.262640e-04	2.456970e-05	1.305910e-04
814           	2.118510e-04	1.264060e-04	2.462210e-05	1.307300e-04
815           	2.118430e-04	1.265350e-04	2.467020e-05	1.308870e-04
816           	2.118490e-04	1.266790e-04	2.472290e-05	1.310250e-04
817           	2.118490e-04	1.267860e-04	2.476940e-05	1.312010e-04
818           	2.118400e-04	1.268890e-04	2.481890e-05	1.313110e-04
819           	2.118280e-04	1.269700e-04	2.485710e-05	1.314720e-04
820           	2.118380e-04	1.270760e-04	2.489970e-05	1.315770e-04
821           	2.118450e-04	1.271740e-04	2.493540e-05	1.317080e-04
822           	2.118720e-04	1.273070e-04	2.497570e-05	1.317990e-04
823           	2.118870e-04	1.274250e-04	2.500890e-05	1.319300e-04
824           	2.118740e-04	1.275770e-04	2.504650e-05	1.320080e-04
825           	2.118680e-04	1.276610e-04	2.508120e-05	1.321280e-04
826           	2.118760e-04	1.278020e-04	2.512320e-05	1.322290e-04
827           	2.119150e-04	1.279190e-04	2.516210e-05	1.323970e-04
828           	2.119600e-04	1.280730e-04	2.520780e-05	1.325320e-04
829           	2.120370e-04	1.282180e-04	2.525180e-05	1.327330e-04
830           	2.121480e-04	1.284100e-04	2.530540e-05	1.328940e-04
831           	2.122930e-04	1.285920e-04	2.535780e-05	1.331460e-04
832           	2.124830e-04	1.288370e-04	2.542170e-05	1.333700e-04
833           	2.127030e-04	1.290790e-04	2.548350e-05	1.336610e-04
834           	2.129440e-04	1.293600e-04	2.555190e-05	1.339210e-04
835           	2.131850e-04	1.296280e-04	2.561610e-05	1.342210e-04
836           	2.134160e-04	1.298830e-04	2.568340e-05	1.344460e-04
837           	2.136460e-04	1.301380e-04	2.574420e-05	1.347530e-04
838           	2.138970e-04	1.303980e-04	2.580950e-05	1.349960e-04
839           	2.141250e-04	1.306100e-04	2.586820e-05	1.352790e-04
840           	2.143720e-04	1.308230e-04	2.593090e-05	1.355170e-04
841           	2.149130e-04	1.310490e-04	2.598650e-05	1.358010e-04
842           	2.152720e-04	1.320460e-04	2.606240e-05	1.368740e-04
843           	2.155600e-04	1.321720e-04	2.613310e-05	1.370260e-04
844           	2.157910e-04	1.322200e-04	2.620040e-05	1.370560e-04
845           	2.160480e-04	1.323310e-04	2.626230e-05	1.372090e-04
846           	2.163510e-04	1.325270e-04	2.632700e-05	1.373870e-04
847           	2.166620e-04	1.327540e-04	2.638300e-05	1.376450e-04
848           	2.169930e-04	1.330120e-04	2.644270e-05	1.378820e-04
849           	2.172960e-04	1.332790e-04	2.649730e-05	1.381880e-04
850           	2.175940e-04	1.335820e-04	2.655720e-05	1.384430e-04
851           	2.182160e-04	1.338720e-04	2.661620e-05	1.387440e-04
852           	2.186550e-04	1.349600e-04	2.669710e-05	1.398600e-04
853           	2.190280e-04	1.351310e-04	2.676930e-05	1.400340e-04
854           	2.193280e-04	1.352290e-04	2.684060e-05	1.400740e-04
855           	2.196490e-04	1.353840e-04	2.690600e-05	1.402380e-04
856           	2.200180e-04	1.356320e-04	2.697590e-05	1.404190e-04
857           	2.207130e-04	1.359340e-04	2.703700e-05	1.406780e-04
858           	2.212140e-04	1.370380e-04	2.711900e-05	1.417830e-04
859           	2.216210e-04	1.372350e-04	2.719210e-05	1.419580e-04
860           	2.219440e-04	1.373570e-04	2.726740e-05	1.420480e-04
861           	2.223050e-04	1.375560e-04	2.733680e-05	1.422430e-04
862           	2.226990e-04	1.378530e-04	2.741000e-05	1.424550e-04
863           	2.231340e-04	1.382000e-04	2.747700e-05	1.427690e-04
864           	2.235810e-04	1.385900e-04	2.754520e-05	1.430550e-04
865           	2.240420e-04	1.389840e-04	2.760480e-05	1.433950e-04
866           	2.248060e-04	1.393740e-04	2.767180e-05	1.436880e-04
867           	2.253520e-04	1.405860e-04	2.775060e-05	1.448890e-04
868           	2.258020e-04	1.408520e-04	2.783340e-05	1.450250e-04
869           	2.264880e-04	1.410100e-04	2.790340e-05	1.451140e-04
870           	2.269840e-04	1.420430e-04	2.799930e-05	1.460900e-04
871           	2.274050e-04	1.422420e-04	2.808560e-05	1.461900e-04
872           	2.280980e-04	1.423940e-04	2.817390e-05	1.462360e-04
873           	2.286600e-04	1.434730e-04	2.827300e-05	1.473610e-04
874           	2.291700e-04	1.436970e-04	2.837600e-05	1.475070e-04
875           	2.296510e-04	1.438810e-04	2.846550e-05	1.476780e-04
876           	2.305090e-04	1.441920e-04	2.855770e-05	1.479180e-04
877           	2.312030e-04	1.454410e-04	2.865760e-05	1.492010e-04
878           	2.318210e-04	1.457700e-04	2.875960e-05	1.494340e-04
879           	2.323640e-04	1.460080e-04	2.884260e-05	1.496670e-04
880           	2.329590e-04	1.463190e-04	2.893200e-05	1.499160e-04
881           	2.335820e-04	1.467220e-04	2.901040e-05	1.502550e-04
882           	2.342380e-04	1.471760e-04	2.908950e-05	1.505640e-04
883           	2.348770e-04	1.476320e-04	2.916160e-05	1.509550e-04
884           	2.354830e-04	1.480570e-04	2.923940e-05	1.512620e-04
885           	2.363760e-04	1.484750e-04	2.931130e-05	1.516090e-04
886           	2.370260e-04	1.497890e-04	2.940980e-05	1.528500e-04
887           	2.375590e-04	1.500850e-04	2.949920e-05	1.530570e-04
888           	2.380110e-04	1.502740e-04	2.959080e-05	1.531210e-04
889           	2.388340e-04	1.505390e-04	2.967470e-05	1.533260e-04
890           	2.394670e-04	1.517900e-04	2.978280e-05	1.545180e-04
891           	2.400290e-04	1.520510e-04	2.987400e-05	1.547670e-04
892           	2.405280e-04	1.522490e-04	2.996500e-05	1.549120e-04
893           	2.410960e-04	1.525530e-04	3.004720e-05	1.552340e-04
894           	2.417190e-04	1.529970e-04	3.013230e-05	1.555640e-04
895           	2.423870e-04	1.534850e-04	3.020470e-05	1.560040e-04
896           	2.430440e-04	1.539860e-04	3.028170e-05	1.564020e-04
897           	2.436930e-04	1.544610e-04	3.035040e-05	1.568450e-04
898           	2.443230e-04	1.549340e-04	3.042420e-05	1.571990e-04
899           	2.449420e-04	1.554010e-04	3.048540e-05	1.576070e-04
900           	2.455360e-04	1.558650e-04	3.055500e-05	1.578770e-04
901           	2.461280e-04	1.563270e-04	3.061650e-05	1.581820e-04
902           	2.470760e-04	1.568070e-04	3.068270e-05	1.584420e-04
903           	2.477780e-04	1.581640e-04	3.076010e-05	1.597230e-04
904           	2.483920e-04	1.584680e-04	3.084700e-05	1.598310e-04
905           	2.492880e-04	1.586850e-04	3.091960e-05	1.599470e-04
906           	2.499880e-04	1.599600e-04	3.102200e-05	1.611010e-04
907           	2.509990e-04	1.602750e-04	3.111650e-05	1.613000e-04
908           	2.517610e-04	1.614700e-04	3.122660e-05	1.624090e-04
909           	2.524880e-04	1.617310e-04	3.133270e-05	1.625870e-04
910           	2.535280e-04	1.619980e-04	3.143610e-05	1.626990e-04
911           	2.543900e-04	1.633210e-04	3.154310e-05	1.640000e-04
912           	2.551620e-04	1.636900e-04	3.164800e-05	1.642490e-04
913           	2.558510e-04	1.639910e-04	3.173360e-05	1.644780e-04
914           	2.565470e-04	1.644150e-04	3.182130e-05	1.647080e-04
915           	2.572840e-04	1.649300e-04	3.189250e-05	1.650560e-04
916           	2.580060e-04	1.654850e-04	3.196880e-05	1.653610e-04
917           	2.590690e-04	1.660120e-04	3.203120e-05	1.657060e-04
918           	2.598530e-04	1.675340e-04	3.211740e-05	1.670010e-04
919           	2.605450e-04	1.679180e-04	3.219000e-05	1.671860e-04
920           	2.611400e-04	1.681880e-04	3.226860e-05	1.671910e-04
921           	2.621410e-04	1.685590e-04	3.233740e-05	1.673560e-04
922           	2.629060e-04	1.700180e-04	3.243200e-05	1.685620e-04
923           	2.643610e-04	1.703990e-04	3.250910e-05	1.687280e-04
924           	2.648050e-04	1.709930e-04	3.265540e-05	1.699030e-04
925           	2.654690e-04	1.714210e-04	3.272340e-05	1.700070e-04
926           	2.664970e-04	1.719250e-04	3.278630e-05	1.700340e-04
927           	2.677690e-04	1.734670e-04	3.285520e-05	1.712820e-04
928           	2.682870e-04	1.731980e-04	3.299640e-05	1.715900e-04
929           	2.694170e-04	1.737650e-04	3.304800e-05	1.718340e-04
930           	2.707530e-04	1.754790e-04	3.312120e-05	1.731070e-04
931           	2.713240e-04	1.753240e-04	3.323680e-05	1.734880e-04
932           	2.728730e-04	1.759630e-04	3.329030e-05	1.736820e-04
933           	2.735630e-04	1.770430e-04	3.340480e-05	1.751250e-04
934           	2.748400e-04	1.778200e-04	3.345850e-05	1.753050e-04
935           	2.758180e-04	1.778280e-04	3.355350e-05	1.755830e-04
936           	2.772260e-04	1.797360e-04	3.361130e-05	1.768230e-04
937           	2.783390e-04	1.798070e-04	3.371650e-05	1.771490e-04
938           	2.793560e-04	1.799430e-04	3.382680e-05	1.774170e-04
939           	2.808430e-04	1.820980e-04	3.387720e-05	1.787520e-04
940           	2.823680e-04	1.822670e-04	3.400100e-05	1.790310e-04
941           	2.835810e-04	1.835880e-04	3.412340e-05	1.804540e-04
942           	2.847490e-04	1.839080e-04	3.425640e-05	1.808110e-04
943           	2.863530e-04	1.843900e-04	3.436590e-05	1.812540e-04
944           	2.877570e-04	1.861840e-04	3.449850e-05	1.828690e-04
945           	2.895900e-04	1.869040e-04	3.462010e-05	1.834720e-04
946           	2.911290e-04	1.886760e-04	3.476100e-05	1.850510e-04
947           	2.926770e-04	1.893820e-04	3.489740e-05	1.856150e-04
948           	2.942020e-04	1.901070e-04	3.504510e-05	1.861440e-04
949           	2.958630e-04	1.911400e-04	3.518660e-05	1.869270e-04
950           	2.976210e-04	1.923210e-04	3.533700e-05	1.877760e-04
951           	2.994970e-04	1.936420e-04	3.547440e-05	1.887490e-04
952           	3.013930e-04	1.949620e-04	3.562220e-05	1.897190e-04
953           	3.033750e-04	1.963870e-04	3.576760e-05	1.907880e-04
954           	3.054150e-04	1.977860e-04	3.593220e-05	1.918220e-04
955           	3.075740e-04	1.992840e-04	3.609600e-05	1.929740e-04
956           	3.098210e-04	2.007980e-04	3.628160e-05	1.941290e-04
957           	3.122000e-04	2.024190e-04	3.646550e-05	1.954130e-04
958           	3.146550e-04	2.040550e-04	3.666880e-05	1.966880e-04
959           	3.172240e-04	2.058210e-04	3.687330e-05	1.980660e-04
960           	3.198620e-04	2.075940e-04	3.709500e-05	1.994340e-04
961           	3.226140e-04	2.094890e-04	3.731310e-05	2.009030e-04
962           	3.254550e-04	2.114010e-04	3.755150e-05	2.023920e-04
963           	3.284250e-04	2.134080e-04	3.778520e-05	2.039910e-04
964           	3.315220e-04	2.154420e-04	3.803450e-05	2.055990e-04
965           	3.347720e-04	2.175650e-04	3.827610e-05	2.073000e-04
966           	3.381310e-04	2.196680e-04	3.853870e-05	2.090160e-04
967           	3.416310e-04	2.219030e-04	3.879570e-05	2.108780e-04
968           	3.452290e-04	2.241700e-04	3.907480e-05	2.127730e-04
969           	3.489010e-04	2.265260e-04	3.935440e-05	2.146620e-04
970           	3.526270e-04	2.289340e-04	3.965860e-05	2.165260e-04
971           	3.565120e-04	2.314500e-04	3.996510e-05	2.184760e-04
972           	3.605400e-04	2.340230e-04	4.029920e-05	2.204690e-04
973           	3.647420e-04	2.367210e-04	4.063750e-05	2.226370e-04
974           	3.691290e-04	2.394830e-04	4.101020e-05	2.248400e-04
975           	3.737160e-04	2.423510e-04	4.138420e-05	2.272240e-04
976           	3.784070e-04	2.452380e-04	4.178460e-05	2.296670e-04
977           	3.833120e-04	2.482650e-04	4.218540e-05	2.322110e-04
978           	3.884260e-04	2.513250e-04	4.261090e-05	2.348020e-04
979           	3.937560e-04	2.544220e-04	4.302460e-05	2.374970e-04
980           	3.992180e-04	2.575810e-04	4.345240e-05	2.401730e-04
981           	4.049280e-04	2.608330e-04	4.387420e-05	2.430030e-04
982           	4.108500e-04	2.641360e-04	4.431860e-05	2.458600e-04
983           	4.170330e-04	2.674920e-04	4.475710e-05	2.488810e-04
984           	4.232630e-04	2.708990e-04	4.521600e-05	2.518540e-04
985           	4.296700e-04	2.743310e-04	4.567250e-05	2.549600e-04
986           	4.362670e-04	2.777740e-04	4.614580e-05	2.581140e-04
987           	4.429750e-04	2.812360e-04	4.660540e-05	2.612510e-04
988           	4.497810e-04	2.846100e-04	4.708160e-05	2.645030e-04
989           	4.566760e-04	2.880190e-04	4.754350e-05	2.677800e-04
990           	4.637340e-04	2.914190e-04	4.802320e-05	2.710380e-04
991           	4.709550e-04	2.948890e-04	4.849080e-05	2.743790e-04
992           	4.782760e-04	2.982920e-04	4.896830e-05	2.777470e-04
993           	4.856850e-04	3.017760e-04	4.943020e-05	2.812040e-04
994           	4.930410e-04	3.052980e-04	4.989160e-05	2.845410e-04
995           	5.005750e-04	3.088350e-04	5.034920e-05	2.881170e-04
996           	5.081310e-04	3.123080e-04	5.082220e-05	2.914290e-04
997           	5.156880e-04	3.157920e-04	5.129430e-05	2.948250e-04
998           	5.232520e-04	3.192230e-04	5.178320e-05	2.983840e-04
999           	5.298780e-04	3.226030e-04	5.227710e-05	3.021490e-04
1000          	5.371310e-04	3.267680e-04	5.268920e-05	3.052870e-04
