# Residuals   
# Time        	p             	Ux            	Uy            	Uz            
1             	1.000000e+00	2.350010e-01	1.000000e+00	2.028880e-01
2             	2.217110e-01	5.966430e-01	2.568840e-01	5.926250e-01
3             	3.809900e-02	4.763960e-01	1.489710e-01	4.530080e-01
4             	5.159690e-02	3.232350e-01	9.625260e-02	2.932560e-01
5             	9.258990e-02	2.527830e-01	7.347990e-02	2.364190e-01
6             	1.406030e-01	2.146980e-01	5.898680e-02	2.071260e-01
7             	1.540400e-01	1.822840e-01	5.034700e-02	1.742290e-01
8             	1.255180e-01	1.516770e-01	4.469630e-02	1.451190e-01
9             	1.068150e-01	1.248560e-01	3.933050e-02	1.144640e-01
10            	7.785810e-02	1.130920e-01	3.327360e-02	1.018570e-01
11            	6.090270e-02	1.037250e-01	2.782960e-02	9.660340e-02
12            	5.187560e-02	9.165530e-02	2.362190e-02	8.831480e-02
13            	5.035550e-02	7.787580e-02	2.052740e-02	7.759030e-02
14            	4.928580e-02	6.749470e-02	1.834010e-02	6.778670e-02
15            	5.224580e-02	6.193300e-02	1.691230e-02	6.111220e-02
16            	5.581930e-02	5.769720e-02	1.555010e-02	5.551550e-02
17            	5.681520e-02	5.329940e-02	1.413220e-02	5.019510e-02
18            	5.762750e-02	4.869820e-02	1.273550e-02	4.544110e-02
19            	5.851080e-02	4.453220e-02	1.138010e-02	4.225730e-02
20            	5.908300e-02	4.142930e-02	1.011210e-02	4.044120e-02
21            	5.910660e-02	3.915190e-02	9.191300e-03	3.851880e-02
22            	5.811640e-02	3.683180e-02	8.556080e-03	3.637910e-02
23            	5.791480e-02	3.491050e-02	8.133360e-03	3.501050e-02
24            	5.933380e-02	3.360560e-02	7.932900e-03	3.461340e-02
25            	6.063590e-02	3.277850e-02	7.697780e-03	3.477300e-02
26            	6.207570e-02	3.182910e-02	7.424610e-03	3.480740e-02
27            	6.365400e-02	3.104180e-02	7.167330e-03	3.407120e-02
28            	6.667540e-02	3.022720e-02	6.934450e-03	3.274140e-02
29            	7.058180e-02	3.012840e-02	6.790190e-03	3.181860e-02
30            	7.410200e-02	3.047850e-02	6.734190e-03	3.158320e-02
31            	7.607810e-02	3.108950e-02	6.872050e-03	3.186690e-02
32            	7.625300e-02	3.118850e-02	7.212970e-03	3.225520e-02
33            	7.465210e-02	3.069950e-02	7.430840e-03	3.273930e-02
34            	7.311790e-02	3.025680e-02	7.488660e-03	3.309100e-02
35            	6.942560e-02	2.996140e-02	7.355870e-03	3.317000e-02
36            	6.732010e-02	2.933400e-02	6.990480e-03	3.233100e-02
37            	6.654440e-02	2.870730e-02	6.566720e-03	3.081470e-02
38            	6.593770e-02	2.839150e-02	6.214100e-03	2.879440e-02
39            	6.567670e-02	2.766210e-02	6.028930e-03	2.715460e-02
40            	6.561930e-02	2.678450e-02	5.821040e-03	2.554650e-02
41            	6.544040e-02	2.640480e-02	5.715270e-03	2.453650e-02
42            	6.530860e-02	2.669090e-02	5.729650e-03	2.450110e-02
43            	6.467610e-02	2.733530e-02	5.868650e-03	2.491660e-02
44            	6.476520e-02	2.854880e-02	6.133930e-03	2.626610e-02
45            	6.622550e-02	3.045950e-02	6.505530e-03	2.790230e-02
46            	6.855630e-02	3.317480e-02	7.136890e-03	3.060390e-02
47            	7.012290e-02	3.665890e-02	7.968230e-03	3.421560e-02
48            	7.254560e-02	4.081010e-02	8.921050e-03	3.850200e-02
49            	7.584840e-02	4.457640e-02	1.000410e-02	4.286890e-02
50            	8.148960e-02	4.734910e-02	1.092940e-02	4.703900e-02
51            	8.425590e-02	4.923290e-02	1.189970e-02	5.109410e-02
52            	8.576240e-02	5.161570e-02	1.288590e-02	5.445530e-02
53            	8.669200e-02	5.199220e-02	1.321040e-02	5.556270e-02
54            	8.329030e-02	5.147470e-02	1.317390e-02	5.506730e-02
55            	7.846730e-02	5.077940e-02	1.311100e-02	5.326320e-02
56            	7.496460e-02	5.143600e-02	1.285700e-02	5.065950e-02
57            	7.439390e-02	5.314040e-02	1.263170e-02	4.928800e-02
58            	7.700740e-02	5.500410e-02	1.230180e-02	4.936250e-02
59            	8.179550e-02	5.412230e-02	1.170160e-02	4.824810e-02
60            	8.137600e-02	5.175030e-02	1.082950e-02	4.669520e-02
61            	7.673620e-02	4.889480e-02	1.027800e-02	4.441970e-02
62            	7.121180e-02	4.535970e-02	1.006930e-02	4.139740e-02
63            	6.607990e-02	4.344850e-02	9.790600e-03	3.874520e-02
64            	6.317650e-02	4.205940e-02	9.448010e-03	3.701130e-02
65            	6.099120e-02	4.153350e-02	9.347780e-03	3.593270e-02
66            	6.042370e-02	4.168110e-02	9.157940e-03	3.629940e-02
67            	6.082640e-02	4.176270e-02	8.943670e-03	3.679660e-02
68            	6.213790e-02	4.127050e-02	8.642770e-03	3.686940e-02
69            	6.210460e-02	4.035010e-02	8.382030e-03	3.651770e-02
70            	6.066910e-02	3.910510e-02	8.293110e-03	3.616050e-02
71            	6.049740e-02	3.790220e-02	8.222860e-03	3.573100e-02
72            	6.241460e-02	3.732200e-02	8.243970e-03	3.558280e-02
73            	6.457790e-02	3.787770e-02	8.268710e-03	3.617200e-02
74            	6.601840e-02	3.840980e-02	8.545210e-03	3.696370e-02
75            	6.668350e-02	3.928320e-02	8.834770e-03	3.884230e-02
76            	6.700690e-02	4.028350e-02	9.130940e-03	4.068040e-02
77            	6.819270e-02	4.111570e-02	9.436490e-03	4.242810e-02
78            	7.089920e-02	4.192700e-02	9.827320e-03	4.421270e-02
79            	7.349470e-02	4.265520e-02	1.037730e-02	4.582960e-02
80            	7.654420e-02	4.359620e-02	1.105480e-02	4.775040e-02
81            	7.956430e-02	4.551650e-02	1.202030e-02	5.006150e-02
82            	8.314060e-02	4.841160e-02	1.325170e-02	5.256030e-02
83            	8.569950e-02	5.325400e-02	1.460900e-02	5.558040e-02
84            	8.864930e-02	5.774750e-02	1.555500e-02	5.763470e-02
85            	9.119810e-02	6.264880e-02	1.662960e-02	6.056240e-02
86            	9.303570e-02	6.640280e-02	1.719680e-02	6.412640e-02
87            	9.638730e-02	6.882110e-02	1.766180e-02	6.864930e-02
88            	1.002760e-01	7.182900e-02	1.790230e-02	7.262870e-02
89            	1.085490e-01	7.497920e-02	1.824160e-02	7.706490e-02
90            	1.180210e-01	7.821610e-02	1.901860e-02	8.088160e-02
91            	1.192170e-01	8.005650e-02	1.997820e-02	8.262740e-02
92            	1.123420e-01	7.954830e-02	2.076700e-02	8.211810e-02
93            	9.917890e-02	7.528010e-02	2.046040e-02	7.903240e-02
94            	8.581390e-02	6.766850e-02	1.910700e-02	7.426680e-02
95            	7.628630e-02	6.068410e-02	1.661820e-02	6.998530e-02
96            	7.132490e-02	5.558650e-02	1.419060e-02	6.570470e-02
97            	6.754790e-02	5.284570e-02	1.257370e-02	6.195900e-02
98            	6.448070e-02	5.133530e-02	1.174010e-02	5.789420e-02
99            	6.241150e-02	5.020960e-02	1.161200e-02	5.436620e-02
100           	6.190870e-02	4.860750e-02	1.156150e-02	5.211300e-02
101           	6.341410e-02	4.759910e-02	1.165070e-02	5.098180e-02
102           	6.632720e-02	4.684120e-02	1.164340e-02	4.954550e-02
103           	6.916800e-02	4.552880e-02	1.151450e-02	4.645360e-02
104           	7.093570e-02	4.434590e-02	1.122850e-02	4.393650e-02
105           	7.356270e-02	4.333330e-02	1.099900e-02	4.381060e-02
106           	7.431720e-02	4.305600e-02	1.099180e-02	4.560750e-02
107           	7.384400e-02	4.316730e-02	1.111910e-02	4.759090e-02
108           	7.226710e-02	4.398850e-02	1.136300e-02	5.013990e-02
109           	7.210330e-02	4.584580e-02	1.164150e-02	5.235000e-02
110           	7.437420e-02	4.791160e-02	1.191800e-02	5.292640e-02
111           	8.034420e-02	5.035200e-02	1.218680e-02	5.293820e-02
112           	8.531260e-02	5.260770e-02	1.244690e-02	5.315700e-02
113           	8.846070e-02	5.419710e-02	1.299310e-02	5.366100e-02
114           	8.883240e-02	5.411220e-02	1.331260e-02	5.443000e-02
115           	8.537630e-02	5.298180e-02	1.364930e-02	5.396420e-02
116           	8.070810e-02	5.161970e-02	1.376530e-02	5.431600e-02
117           	7.959820e-02	5.090570e-02	1.346030e-02	5.447450e-02
118           	8.125490e-02	4.959650e-02	1.284300e-02	5.256500e-02
119           	8.243210e-02	4.842980e-02	1.203530e-02	5.047050e-02
120           	7.905570e-02	4.696360e-02	1.143860e-02	4.843470e-02
121           	7.454690e-02	4.538720e-02	1.114150e-02	4.659140e-02
122           	7.170100e-02	4.475430e-02	1.097770e-02	4.515500e-02
123           	7.151880e-02	4.593180e-02	1.114830e-02	4.574940e-02
124           	7.085320e-02	4.743250e-02	1.131860e-02	4.649180e-02
125           	7.217100e-02	4.701880e-02	1.118500e-02	4.575790e-02
126           	7.369060e-02	4.488510e-02	1.076830e-02	4.413580e-02
127           	7.625400e-02	4.265400e-02	1.052280e-02	4.332740e-02
128           	7.685370e-02	4.183650e-02	1.009880e-02	4.268000e-02
129           	7.424800e-02	4.218340e-02	9.735570e-03	4.100060e-02
130           	7.083670e-02	4.292630e-02	9.549110e-03	3.954640e-02
131           	6.949760e-02	4.278070e-02	9.399680e-03	3.873250e-02
132           	7.084800e-02	4.197190e-02	9.473440e-03	3.831310e-02
133           	7.258380e-02	4.125030e-02	9.552670e-03	3.755720e-02
134           	7.294040e-02	4.084840e-02	9.646340e-03	3.713630e-02
135           	7.170470e-02	4.157160e-02	9.498280e-03	3.727330e-02
136           	6.976930e-02	4.185410e-02	9.408940e-03	3.782210e-02
137           	6.764790e-02	4.247570e-02	9.547100e-03	3.928780e-02
138           	6.590430e-02	4.345590e-02	9.815060e-03	4.117650e-02
139           	6.543330e-02	4.611960e-02	1.031110e-02	4.364050e-02
140           	6.607770e-02	5.021210e-02	1.090290e-02	4.615090e-02
141           	6.974820e-02	5.431950e-02	1.147450e-02	4.835780e-02
142           	7.414660e-02	5.666300e-02	1.213320e-02	4.959800e-02
143           	7.637030e-02	5.830550e-02	1.268660e-02	5.184060e-02
144           	7.885140e-02	5.864600e-02	1.300420e-02	5.364970e-02
145           	8.109910e-02	5.747770e-02	1.324330e-02	5.400170e-02
146           	8.185920e-02	5.344050e-02	1.340170e-02	5.290300e-02
147           	8.077510e-02	4.986470e-02	1.311590e-02	5.060600e-02
148           	7.883940e-02	4.722970e-02	1.244260e-02	4.757230e-02
149           	7.607130e-02	4.655960e-02	1.180520e-02	4.482570e-02
150           	7.156270e-02	4.632280e-02	1.101790e-02	4.208460e-02
151           	6.638120e-02	4.538450e-02	1.025510e-02	3.980710e-02
152           	6.443660e-02	4.435680e-02	9.717920e-03	3.830550e-02
153           	6.524230e-02	4.332260e-02	9.508090e-03	3.789190e-02
154           	6.693870e-02	4.234750e-02	9.229150e-03	3.757230e-02
155           	6.670540e-02	4.136550e-02	8.787550e-03	3.673090e-02
156           	6.615920e-02	4.061430e-02	8.477700e-03	3.584660e-02
157           	6.610270e-02	3.984540e-02	8.363810e-03	3.552800e-02
158           	6.576120e-02	3.967070e-02	8.386930e-03	3.599990e-02
159           	6.583740e-02	4.034730e-02	8.520030e-03	3.708670e-02
160           	6.440290e-02	4.161320e-02	8.864320e-03	3.791910e-02
161           	6.373070e-02	4.210010e-02	9.127360e-03	3.752950e-02
162           	6.458020e-02	4.245740e-02	9.538140e-03	3.767360e-02
163           	6.556290e-02	4.358440e-02	1.005670e-02	3.831800e-02
164           	6.685740e-02	4.454320e-02	1.053290e-02	3.898950e-02
165           	6.824440e-02	4.595140e-02	1.081520e-02	4.058280e-02
166           	6.917070e-02	4.763610e-02	1.112090e-02	4.286330e-02
167           	6.973130e-02	4.958280e-02	1.143980e-02	4.629550e-02
168           	7.161340e-02	5.176670e-02	1.184490e-02	4.938120e-02
169           	7.356560e-02	5.371700e-02	1.227780e-02	5.125640e-02
170           	7.341770e-02	5.646970e-02	1.278850e-02	5.246930e-02
171           	7.294640e-02	6.075440e-02	1.342100e-02	5.431180e-02
172           	7.313660e-02	6.607150e-02	1.434500e-02	5.838900e-02
173           	7.717940e-02	6.927870e-02	1.538440e-02	6.317000e-02
174           	8.278820e-02	7.151650e-02	1.622370e-02	6.640990e-02
175           	8.612430e-02	7.095650e-02	1.651590e-02	6.503050e-02
176           	8.466630e-02	6.560710e-02	1.582940e-02	5.966200e-02
177           	8.138400e-02	5.822980e-02	1.476780e-02	5.371830e-02
178           	7.698940e-02	5.256380e-02	1.352480e-02	4.919380e-02
179           	7.190680e-02	5.033910e-02	1.240720e-02	4.738080e-02
180           	6.842710e-02	4.938090e-02	1.125120e-02	4.563490e-02
181           	6.608030e-02	4.866910e-02	1.040580e-02	4.342000e-02
182           	6.573050e-02	4.813760e-02	9.899940e-03	4.173010e-02
183           	6.616290e-02	4.763960e-02	9.608960e-03	4.064750e-02
184           	6.726600e-02	4.669380e-02	9.349480e-03	3.963960e-02
185           	6.835580e-02	4.530870e-02	9.254000e-03	3.880610e-02
186           	6.976040e-02	4.390270e-02	9.232580e-03	3.905720e-02
187           	7.189160e-02	4.315000e-02	9.259600e-03	3.932540e-02
188           	7.257530e-02	4.305370e-02	9.235370e-03	3.882650e-02
189           	6.971060e-02	4.264830e-02	9.088310e-03	3.780520e-02
190           	6.690650e-02	4.267500e-02	9.027610e-03	3.655250e-02
191           	6.590970e-02	4.234840e-02	9.074510e-03	3.613820e-02
192           	6.600010e-02	4.252180e-02	9.192290e-03	3.635750e-02
193           	6.756870e-02	4.251050e-02	9.429480e-03	3.700800e-02
194           	6.879450e-02	4.293700e-02	9.740610e-03	3.750010e-02
195           	6.846250e-02	4.292190e-02	9.846370e-03	3.759870e-02
196           	6.824770e-02	4.172210e-02	9.798890e-03	3.723240e-02
197           	6.676050e-02	4.065700e-02	9.734070e-03	3.749490e-02
198           	6.547230e-02	4.136440e-02	9.816050e-03	3.883470e-02
199           	6.445650e-02	4.288940e-02	1.006170e-02	4.027760e-02
200           	6.364280e-02	4.549340e-02	1.024560e-02	4.208450e-02
201           	6.258080e-02	4.819020e-02	1.055560e-02	4.373190e-02
202           	6.370670e-02	5.160240e-02	1.115900e-02	4.600130e-02
203           	6.733050e-02	5.587360e-02	1.202020e-02	4.895950e-02
204           	7.070810e-02	5.957490e-02	1.274060e-02	5.218540e-02
205           	7.365400e-02	6.150560e-02	1.329440e-02	5.511280e-02
206           	7.509880e-02	6.111680e-02	1.353340e-02	5.644420e-02
207           	7.424450e-02	5.836880e-02	1.326340e-02	5.502970e-02
208           	7.165800e-02	5.323920e-02	1.258920e-02	5.031800e-02
209           	6.851560e-02	4.823780e-02	1.184800e-02	4.568950e-02
210           	6.572930e-02	4.583860e-02	1.132050e-02	4.378520e-02
211           	6.532820e-02	4.616490e-02	1.096180e-02	4.372860e-02
212           	6.424110e-02	4.790140e-02	1.062660e-02	4.304140e-02
213           	6.285390e-02	4.917340e-02	1.036150e-02	4.225410e-02
214           	6.274110e-02	4.919570e-02	1.008230e-02	4.147790e-02
215           	6.345510e-02	4.826440e-02	9.665730e-03	4.104390e-02
216           	6.281570e-02	4.593300e-02	9.070490e-03	3.966800e-02
217           	6.193570e-02	4.209240e-02	8.403780e-03	3.726380e-02
218           	6.064680e-02	3.836310e-02	7.976900e-03	3.458250e-02
219           	5.974340e-02	3.563250e-02	7.741310e-03	3.249720e-02
220           	5.830450e-02	3.463550e-02	7.535790e-03	3.132500e-02
221           	5.720140e-02	3.467200e-02	7.407310e-03	3.122640e-02
222           	5.689750e-02	3.500060e-02	7.600740e-03	3.177200e-02
223           	5.701120e-02	3.578450e-02	7.836870e-03	3.232770e-02
224           	5.674230e-02	3.583160e-02	7.855620e-03	3.247730e-02
225           	5.660850e-02	3.506080e-02	7.612130e-03	3.215300e-02
226           	5.528610e-02	3.369010e-02	7.352760e-03	3.139920e-02
227           	5.360230e-02	3.216250e-02	7.139080e-03	3.032520e-02
228           	5.188750e-02	3.080050e-02	6.968850e-03	2.956820e-02
229           	5.032680e-02	3.006590e-02	6.927900e-03	2.930290e-02
230           	4.962500e-02	2.992530e-02	7.008770e-03	2.937120e-02
231           	4.959410e-02	3.036170e-02	7.131290e-03	2.978330e-02
232           	4.982870e-02	3.125790e-02	7.211400e-03	3.034210e-02
233           	4.964090e-02	3.257320e-02	7.355950e-03	3.083690e-02
234           	4.951710e-02	3.440930e-02	7.538490e-03	3.191840e-02
235           	4.948560e-02	3.643600e-02	7.735260e-03	3.285310e-02
236           	4.997550e-02	3.798980e-02	7.937020e-03	3.358470e-02
237           	5.114940e-02	3.851280e-02	8.118150e-03	3.407600e-02
238           	5.195430e-02	3.800950e-02	8.218380e-03	3.389980e-02
239           	5.174460e-02	3.650090e-02	8.183610e-03	3.307030e-02
240           	5.164230e-02	3.427820e-02	7.942840e-03	3.171330e-02
241           	5.030070e-02	3.293940e-02	7.528020e-03	3.087060e-02
242           	4.793230e-02	3.208390e-02	7.113300e-03	3.007030e-02
243           	4.597830e-02	3.095630e-02	6.803100e-03	2.903510e-02
244           	4.438750e-02	3.001560e-02	6.498630e-03	2.776390e-02
245           	4.303380e-02	2.990560e-02	6.283300e-03	2.710350e-02
246           	4.288330e-02	2.955750e-02	6.208240e-03	2.653290e-02
247           	4.376670e-02	2.910330e-02	6.178740e-03	2.631110e-02
248           	4.525310e-02	2.853370e-02	6.167760e-03	2.622470e-02
249           	4.619970e-02	2.778210e-02	6.121730e-03	2.584140e-02
250           	4.623880e-02	2.685080e-02	6.042250e-03	2.525600e-02
251           	4.567880e-02	2.608330e-02	5.939750e-03	2.486870e-02
252           	4.495410e-02	2.573180e-02	5.846460e-03	2.480740e-02
253           	4.400200e-02	2.548860e-02	5.757050e-03	2.510840e-02
254           	4.288050e-02	2.533460e-02	5.700680e-03	2.566760e-02
255           	4.200690e-02	2.537100e-02	5.680170e-03	2.639220e-02
256           	4.085090e-02	2.601000e-02	5.656660e-03	2.729050e-02
257           	3.983880e-02	2.680310e-02	5.682660e-03	2.772900e-02
258           	3.931480e-02	2.752000e-02	5.803140e-03	2.782800e-02
259           	3.894600e-02	2.791650e-02	6.033900e-03	2.765170e-02
260           	3.840540e-02	2.789710e-02	6.293300e-03	2.723280e-02
261           	3.802210e-02	2.778010e-02	6.498770e-03	2.661840e-02
262           	3.775530e-02	2.797740e-02	6.613120e-03	2.659210e-02
263           	3.762030e-02	2.826360e-02	6.626890e-03	2.715000e-02
264           	3.725210e-02	2.821480e-02	6.525330e-03	2.759710e-02
265           	3.656590e-02	2.779840e-02	6.327980e-03	2.751360e-02
266           	3.598990e-02	2.715010e-02	6.064850e-03	2.672470e-02
267           	3.528480e-02	2.617490e-02	5.792450e-03	2.575370e-02
268           	3.443980e-02	2.509010e-02	5.528240e-03	2.474420e-02
269           	3.335310e-02	2.405330e-02	5.274880e-03	2.377810e-02
270           	3.229420e-02	2.316330e-02	5.056190e-03	2.291850e-02
271           	3.144370e-02	2.266860e-02	4.939900e-03	2.236350e-02
272           	3.092540e-02	2.236350e-02	4.881080e-03	2.190630e-02
273           	3.092910e-02	2.199290e-02	4.806020e-03	2.138110e-02
274           	3.109280e-02	2.170890e-02	4.714690e-03	2.099150e-02
275           	3.133210e-02	2.130670e-02	4.608610e-03	2.050620e-02
276           	3.151540e-02	2.075290e-02	4.514230e-03	1.995270e-02
277           	3.157100e-02	2.004840e-02	4.412460e-03	1.934310e-02
278           	3.145700e-02	1.939640e-02	4.330040e-03	1.873020e-02
279           	3.106950e-02	1.873280e-02	4.303300e-03	1.830650e-02
280           	3.066510e-02	1.830750e-02	4.311130e-03	1.818020e-02
281           	3.010000e-02	1.833740e-02	4.345690e-03	1.858300e-02
282           	2.975990e-02	1.857190e-02	4.381240e-03	1.909740e-02
283           	2.955510e-02	1.859000e-02	4.400000e-03	1.950940e-02
284           	2.960600e-02	1.881330e-02	4.400270e-03	1.989830e-02
285           	2.979630e-02	1.913080e-02	4.378730e-03	2.016740e-02
286           	2.965830e-02	1.932060e-02	4.320990e-03	2.023280e-02
287           	2.966210e-02	1.941110e-02	4.245230e-03	2.004790e-02
288           	2.949050e-02	1.923910e-02	4.204950e-03	1.967130e-02
289           	2.911860e-02	1.907740e-02	4.207130e-03	1.944560e-02
290           	2.863720e-02	1.881020e-02	4.214580e-03	1.930670e-02
291           	2.811600e-02	1.853650e-02	4.235260e-03	1.923500e-02
292           	2.758940e-02	1.824580e-02	4.272000e-03	1.921590e-02
293           	2.715300e-02	1.808860e-02	4.323020e-03	1.919900e-02
294           	2.681390e-02	1.813080e-02	4.373120e-03	1.926020e-02
295           	2.654760e-02	1.837010e-02	4.419060e-03	1.936040e-02
296           	2.633150e-02	1.869490e-02	4.455390e-03	1.949720e-02
297           	2.610310e-02	1.897380e-02	4.480100e-03	1.958610e-02
298           	2.595690e-02	1.917540e-02	4.491140e-03	1.956110e-02
299           	2.570100e-02	1.927980e-02	4.509540e-03	1.945460e-02
300           	2.537040e-02	1.920030e-02	4.498470e-03	1.927020e-02
301           	2.504030e-02	1.914020e-02	4.444290e-03	1.923480e-02
302           	2.481720e-02	1.906140e-02	4.356730e-03	1.933790e-02
303           	2.452250e-02	1.901450e-02	4.215330e-03	1.948880e-02
304           	2.438550e-02	1.855460e-02	4.065130e-03	1.926920e-02
305           	2.432110e-02	1.813490e-02	3.943210e-03	1.914320e-02
306           	2.436680e-02	1.762620e-02	3.840810e-03	1.885150e-02
307           	2.431860e-02	1.713970e-02	3.745930e-03	1.822950e-02
308           	2.417490e-02	1.666210e-02	3.677030e-03	1.771080e-02
309           	2.372680e-02	1.629210e-02	3.655990e-03	1.729210e-02
310           	2.332500e-02	1.605050e-02	3.679860e-03	1.702730e-02
311           	2.301050e-02	1.589040e-02	3.727630e-03	1.701840e-02
312           	2.289000e-02	1.580930e-02	3.767830e-03	1.714830e-02
313           	2.290030e-02	1.567630e-02	3.785390e-03	1.728500e-02
314           	2.290430e-02	1.565110e-02	3.769830e-03	1.734760e-02
315           	2.294560e-02	1.570680e-02	3.731020e-03	1.734000e-02
316           	2.298540e-02	1.579980e-02	3.673240e-03	1.725670e-02
317           	2.293890e-02	1.590650e-02	3.597370e-03	1.709970e-02
318           	2.292080e-02	1.600260e-02	3.511300e-03	1.686510e-02
319           	2.277410e-02	1.604910e-02	3.429110e-03	1.655610e-02
320           	2.265480e-02	1.594610e-02	3.369560e-03	1.636010e-02
321           	2.255300e-02	1.577830e-02	3.364540e-03	1.627230e-02
322           	2.234910e-02	1.563690e-02	3.377680e-03	1.629710e-02
323           	2.222190e-02	1.556320e-02	3.383730e-03	1.644020e-02
324           	2.198840e-02	1.573630e-02	3.416780e-03	1.668250e-02
325           	2.165360e-02	1.589800e-02	3.483450e-03	1.690070e-02
326           	2.154570e-02	1.599840e-02	3.585560e-03	1.707570e-02
327           	2.131390e-02	1.617530e-02	3.705260e-03	1.708080e-02
328           	2.122460e-02	1.631660e-02	3.804320e-03	1.711530e-02
329           	2.131670e-02	1.660850e-02	3.898320e-03	1.726850e-02
330           	2.148390e-02	1.697680e-02	3.985970e-03	1.745650e-02
331           	2.171890e-02	1.739290e-02	4.061550e-03	1.761090e-02
332           	2.196390e-02	1.775730e-02	4.126050e-03	1.784270e-02
333           	2.218070e-02	1.809410e-02	4.158110e-03	1.821670e-02
334           	2.231510e-02	1.834570e-02	4.147220e-03	1.861470e-02
335           	2.228460e-02	1.851240e-02	4.090160e-03	1.903820e-02
336           	2.224000e-02	1.848380e-02	3.990370e-03	1.921450e-02
337           	2.220250e-02	1.827230e-02	3.887860e-03	1.907550e-02
338           	2.222460e-02	1.781650e-02	3.807180e-03	1.872200e-02
339           	2.224070e-02	1.728540e-02	3.727770e-03	1.819120e-02
340           	2.229220e-02	1.671320e-02	3.658630e-03	1.765760e-02
341           	2.217940e-02	1.617810e-02	3.632090e-03	1.732960e-02
342           	2.187610e-02	1.571400e-02	3.630670e-03	1.729240e-02
343           	2.141560e-02	1.535720e-02	3.674630e-03	1.744180e-02
344           	2.107700e-02	1.525320e-02	3.731890e-03	1.772500e-02
345           	2.099800e-02	1.526360e-02	3.770390e-03	1.801520e-02
346           	2.110630e-02	1.526210e-02	3.760510e-03	1.817460e-02
347           	2.130460e-02	1.527300e-02	3.712250e-03	1.814030e-02
348           	2.151770e-02	1.531190e-02	3.633090e-03	1.789720e-02
349           	2.164300e-02	1.525510e-02	3.545100e-03	1.748390e-02
350           	2.166380e-02	1.514280e-02	3.450370e-03	1.671250e-02
351           	2.156650e-02	1.523260e-02	3.383740e-03	1.613600e-02
352           	2.156700e-02	1.532030e-02	3.328890e-03	1.587850e-02
353           	2.157690e-02	1.535990e-02	3.297540e-03	1.587400e-02
354           	2.166260e-02	1.538430e-02	3.290030e-03	1.603680e-02
355           	2.156790e-02	1.558650e-02	3.313990e-03	1.636510e-02
356           	2.142630e-02	1.567780e-02	3.335840e-03	1.668230e-02
357           	2.123050e-02	1.562270e-02	3.362510e-03	1.689740e-02
358           	2.103230e-02	1.542150e-02	3.410600e-03	1.699000e-02
359           	2.080710e-02	1.524890e-02	3.477060e-03	1.691130e-02
360           	2.051190e-02	1.523350e-02	3.549370e-03	1.677820e-02
361           	2.023270e-02	1.525390e-02	3.625670e-03	1.651330e-02
362           	2.014330e-02	1.543920e-02	3.697680e-03	1.647560e-02
363           	2.011000e-02	1.571670e-02	3.769190e-03	1.654280e-02
364           	2.017730e-02	1.608760e-02	3.831030e-03	1.671290e-02
365           	2.028060e-02	1.641610e-02	3.882870e-03	1.706320e-02
366           	2.043220e-02	1.681630e-02	3.906370e-03	1.755370e-02
367           	2.053010e-02	1.715210e-02	3.898950e-03	1.799750e-02
368           	2.057560e-02	1.738740e-02	3.859550e-03	1.836670e-02
369           	2.047340e-02	1.746040e-02	3.789600e-03	1.840780e-02
370           	2.038530e-02	1.731910e-02	3.704300e-03	1.819930e-02
371           	2.032230e-02	1.693220e-02	3.619200e-03	1.772650e-02
372           	2.030690e-02	1.643220e-02	3.532310e-03	1.714090e-02
373           	2.030100e-02	1.585980e-02	3.473490e-03	1.667810e-02
374           	2.021920e-02	1.532600e-02	3.449140e-03	1.650160e-02
375           	2.002020e-02	1.489010e-02	3.467310e-03	1.658540e-02
376           	1.957820e-02	1.473750e-02	3.533550e-03	1.710760e-02
377           	1.935720e-02	1.461480e-02	3.604000e-03	1.760170e-02
378           	1.937280e-02	1.466980e-02	3.661110e-03	1.806920e-02
379           	1.970070e-02	1.480840e-02	3.661670e-03	1.825830e-02
380           	2.010790e-02	1.489740e-02	3.620870e-03	1.821420e-02
381           	2.043960e-02	1.490640e-02	3.557490e-03	1.792570e-02
382           	2.069560e-02	1.487030e-02	3.485410e-03	1.734970e-02
383           	2.085110e-02	1.481300e-02	3.411470e-03	1.666220e-02
384           	2.095940e-02	1.486420e-02	3.355690e-03	1.600470e-02
385           	2.093970e-02	1.498760e-02	3.311620e-03	1.562130e-02
386           	2.087560e-02	1.508380e-02	3.273720e-03	1.561430e-02
387           	2.077350e-02	1.514140e-02	3.254820e-03	1.576020e-02
388           	2.055480e-02	1.516370e-02	3.260780e-03	1.590630e-02
389           	2.025250e-02	1.523840e-02	3.269460e-03	1.621980e-02
390           	1.999080e-02	1.515280e-02	3.281780e-03	1.642090e-02
391           	1.975760e-02	1.494030e-02	3.310190e-03	1.649480e-02
392           	1.954380e-02	1.473030e-02	3.352590e-03	1.640320e-02
393           	1.923870e-02	1.457020e-02	3.410630e-03	1.620670e-02
394           	1.902750e-02	1.440600e-02	3.462840e-03	1.584880e-02
395           	1.880050e-02	1.441230e-02	3.504270e-03	1.558550e-02
396           	1.868460e-02	1.450280e-02	3.539070e-03	1.552520e-02
397           	1.858700e-02	1.471970e-02	3.564850e-03	1.556710e-02
398           	1.853850e-02	1.494870e-02	3.586790e-03	1.574090e-02
399           	1.852120e-02	1.527780e-02	3.594630e-03	1.608390e-02
400           	1.852670e-02	1.558990e-02	3.582370e-03	1.643760e-02
401           	1.854190e-02	1.584060e-02	3.550160e-03	1.676880e-02
402           	1.841910e-02	1.601090e-02	3.504000e-03	1.687610e-02
403           	1.831420e-02	1.597310e-02	3.440640e-03	1.679570e-02
404           	1.822930e-02	1.575590e-02	3.373040e-03	1.646280e-02
405           	1.819140e-02	1.538410e-02	3.290830e-03	1.600380e-02
406           	1.820440e-02	1.493040e-02	3.230190e-03	1.560040e-02
407           	1.817660e-02	1.443730e-02	3.192240e-03	1.540100e-02
408           	1.808930e-02	1.401160e-02	3.194820e-03	1.542390e-02
409           	1.792190e-02	1.381270e-02	3.241950e-03	1.584040e-02
410           	1.769630e-02	1.370350e-02	3.318930e-03	1.633470e-02
411           	1.756610e-02	1.365910e-02	3.390570e-03	1.665810e-02
412           	1.780410e-02	1.368580e-02	3.425430e-03	1.698560e-02
413           	1.818260e-02	1.379510e-02	3.417740e-03	1.712150e-02
414           	1.861280e-02	1.385080e-02	3.390720e-03	1.698230e-02
415           	1.899280e-02	1.390360e-02	3.350780e-03	1.661530e-02
416           	1.930890e-02	1.394580e-02	3.302710e-03	1.618340e-02
417           	1.955760e-02	1.410320e-02	3.260210e-03	1.569650e-02
418           	1.971750e-02	1.436610e-02	3.229280e-03	1.532810e-02
419           	1.975750e-02	1.460570e-02	3.202990e-03	1.515590e-02
420           	1.959310e-02	1.474330e-02	3.180900e-03	1.516290e-02
421           	1.941900e-02	1.470700e-02	3.167920e-03	1.528120e-02
422           	1.908070e-02	1.470160e-02	3.174100e-03	1.543720e-02
423           	1.879200e-02	1.457270e-02	3.171290e-03	1.555710e-02
424           	1.850970e-02	1.433680e-02	3.172380e-03	1.554250e-02
425           	1.829280e-02	1.407820e-02	3.197840e-03	1.548050e-02
426           	1.804610e-02	1.384160e-02	3.240560e-03	1.532820e-02
427           	1.776290e-02	1.366570e-02	3.279410e-03	1.512000e-02
428           	1.756830e-02	1.346890e-02	3.304790e-03	1.477220e-02
429           	1.735660e-02	1.342950e-02	3.318580e-03	1.453520e-02
430           	1.721900e-02	1.347520e-02	3.326500e-03	1.447790e-02
431           	1.707720e-02	1.362380e-02	3.325210e-03	1.452500e-02
432           	1.696950e-02	1.381240e-02	3.322350e-03	1.467270e-02
433           	1.689220e-02	1.408360e-02	3.306400e-03	1.491080e-02
434           	1.683540e-02	1.431810e-02	3.275400e-03	1.512390e-02
435           	1.679030e-02	1.449750e-02	3.230390e-03	1.532350e-02
436           	1.666040e-02	1.459250e-02	3.180640e-03	1.531020e-02
437           	1.656270e-02	1.452690e-02	3.125990e-03	1.515730e-02
438           	1.649580e-02	1.430770e-02	3.058070e-03	1.483450e-02
439           	1.647000e-02	1.396050e-02	2.989660e-03	1.446000e-02
440           	1.645420e-02	1.354860e-02	2.936430e-03	1.417930e-02
441           	1.640780e-02	1.311160e-02	2.905290e-03	1.406300e-02
442           	1.631560e-02	1.273950e-02	2.909700e-03	1.406430e-02
443           	1.617120e-02	1.257020e-02	2.957100e-03	1.438890e-02
444           	1.595890e-02	1.245540e-02	3.025820e-03	1.473350e-02
445           	1.592980e-02	1.233470e-02	3.080080e-03	1.500010e-02
446           	1.614030e-02	1.232550e-02	3.112720e-03	1.518580e-02
447           	1.644140e-02	1.235800e-02	3.111590e-03	1.519280e-02
448           	1.668180e-02	1.239170e-02	3.085880e-03	1.508970e-02
449           	1.697720e-02	1.246740e-02	3.047100e-03	1.489370e-02
450           	1.718240e-02	1.265590e-02	3.004760e-03	1.461100e-02
451           	1.737090e-02	1.291760e-02	2.964560e-03	1.432380e-02
452           	1.751340e-02	1.321240e-02	2.935140e-03	1.408230e-02
453           	1.755640e-02	1.344750e-02	2.908780e-03	1.391540e-02
454           	1.746740e-02	1.352780e-02	2.883690e-03	1.381430e-02
455           	1.732270e-02	1.342150e-02	2.868550e-03	1.376240e-02
456           	1.712860e-02	1.328430e-02	2.864300e-03	1.380470e-02
457           	1.690340e-02	1.305040e-02	2.852340e-03	1.377670e-02
458           	1.664900e-02	1.277730e-02	2.844000e-03	1.371260e-02
459           	1.636560e-02	1.251460e-02	2.862120e-03	1.362430e-02
460           	1.610820e-02	1.229680e-02	2.907770e-03	1.355760e-02
461           	1.589550e-02	1.221090e-02	2.953410e-03	1.346040e-02
462           	1.573610e-02	1.222660e-02	2.984850e-03	1.335460e-02
463           	1.555720e-02	1.220430e-02	2.997000e-03	1.313480e-02
464           	1.544190e-02	1.224570e-02	2.996990e-03	1.305340e-02
465           	1.529830e-02	1.233490e-02	2.983920e-03	1.302050e-02
466           	1.513480e-02	1.244180e-02	2.958950e-03	1.302880e-02
467           	1.498770e-02	1.254840e-02	2.915560e-03	1.308310e-02
468           	1.486540e-02	1.267190e-02	2.866420e-03	1.313790e-02
469           	1.478140e-02	1.273770e-02	2.812900e-03	1.319540e-02
470           	1.468940e-02	1.278290e-02	2.761930e-03	1.313670e-02
471           	1.461840e-02	1.272010e-02	2.719650e-03	1.303680e-02
472           	1.458520e-02	1.255000e-02	2.668750e-03	1.289380e-02
473           	1.455660e-02	1.232760e-02	2.615200e-03	1.270770e-02
474           	1.452950e-02	1.204140e-02	2.572130e-03	1.257360e-02
475           	1.450410e-02	1.173690e-02	2.543920e-03	1.249730e-02
476           	1.449440e-02	1.146880e-02	2.541360e-03	1.246060e-02
477           	1.445750e-02	1.132790e-02	2.577720e-03	1.261300e-02
478           	1.431850e-02	1.118690e-02	2.636350e-03	1.280120e-02
479           	1.426100e-02	1.097600e-02	2.690210e-03	1.293480e-02
480           	1.433940e-02	1.087060e-02	2.736030e-03	1.308370e-02
481           	1.453430e-02	1.087740e-02	2.760730e-03	1.318780e-02
482           	1.473250e-02	1.092880e-02	2.756510e-03	1.320550e-02
483           	1.488200e-02	1.099360e-02	2.736140e-03	1.317280e-02
484           	1.502700e-02	1.111210e-02	2.701540e-03	1.311710e-02
485           	1.511770e-02	1.131380e-02	2.658760e-03	1.298200e-02
486           	1.521630e-02	1.156980e-02	2.612740e-03	1.280570e-02
487           	1.526750e-02	1.179630e-02	2.572970e-03	1.260820e-02
488           	1.522130e-02	1.190510e-02	2.540380e-03	1.237670e-02
489           	1.511340e-02	1.185300e-02	2.519640e-03	1.217440e-02
490           	1.504110e-02	1.165490e-02	2.509620e-03	1.203740e-02
491           	1.495730e-02	1.148540e-02	2.500830e-03	1.200050e-02
492           	1.480020e-02	1.126000e-02	2.490620e-03	1.196970e-02
493           	1.458290e-02	1.104660e-02	2.495350e-03	1.193060e-02
494           	1.432440e-02	1.086880e-02	2.526610e-03	1.189590e-02
495           	1.412190e-02	1.077840e-02	2.568990e-03	1.190270e-02
496           	1.400860e-02	1.079290e-02	2.614610e-03	1.189360e-02
497           	1.390300e-02	1.084790e-02	2.639560e-03	1.183960e-02
498           	1.374680e-02	1.083620e-02	2.639660e-03	1.160810e-02
499           	1.361460e-02	1.083120e-02	2.615660e-03	1.145100e-02
500           	1.345460e-02	1.081790e-02	2.570860e-03	1.128510e-02
501           	1.323090e-02	1.076640e-02	2.504840e-03	1.111170e-02
502           	1.299620e-02	1.071920e-02	2.429580e-03	1.092590e-02
503           	1.278200e-02	1.068760e-02	2.355550e-03	1.077840e-02
504           	1.262160e-02	1.065060e-02	2.289370e-03	1.068930e-02
505           	1.248670e-02	1.061580e-02	2.243120e-03	1.059730e-02
506           	1.241640e-02	1.055210e-02	2.207030e-03	1.054620e-02
507           	1.235860e-02	1.041970e-02	2.176820e-03	1.052540e-02
508           	1.232580e-02	1.027470e-02	2.149200e-03	1.053760e-02
509           	1.228130e-02	1.012180e-02	2.130440e-03	1.058030e-02
510           	1.227350e-02	9.968780e-03	2.126100e-03	1.064530e-02
511           	1.231980e-02	9.902450e-03	2.148150e-03	1.077740e-02
512           	1.235200e-02	9.805270e-03	2.184210e-03	1.084160e-02
513           	1.233930e-02	9.601370e-03	2.227770e-03	1.076600e-02
514           	1.235370e-02	9.423600e-03	2.277860e-03	1.081780e-02
515           	1.242370e-02	9.316100e-03	2.328550e-03	1.091900e-02
516           	1.253150e-02	9.291720e-03	2.367380e-03	1.107430e-02
517           	1.266000e-02	9.372360e-03	2.386570e-03	1.122400e-02
518           	1.273490e-02	9.489000e-03	2.382120e-03	1.134620e-02
519           	1.279370e-02	9.591570e-03	2.361370e-03	1.141740e-02
520           	1.278010e-02	9.724410e-03	2.317390e-03	1.138710e-02
521           	1.278450e-02	9.863750e-03	2.256330e-03	1.127370e-02
522           	1.277310e-02	9.965590e-03	2.195790e-03	1.102430e-02
523           	1.274840e-02	9.987270e-03	2.149840e-03	1.068280e-02
524           	1.270610e-02	9.891290e-03	2.125990e-03	1.033060e-02
525           	1.267460e-02	9.690230e-03	2.114520e-03	1.010040e-02
526           	1.257810e-02	9.507710e-03	2.110540e-03	1.003260e-02
527           	1.241780e-02	9.313370e-03	2.105760e-03	1.001480e-02
528           	1.221270e-02	9.143940e-03	2.107040e-03	1.002100e-02
529           	1.201490e-02	9.037720e-03	2.126210e-03	1.005790e-02
530           	1.190370e-02	9.014920e-03	2.154830e-03	1.012810e-02
531           	1.183480e-02	9.034110e-03	2.183900e-03	1.015150e-02
532           	1.176710e-02	8.962070e-03	2.185260e-03	9.971060e-03
533           	1.162270e-02	8.875240e-03	2.155410e-03	9.718820e-03
534           	1.143660e-02	8.743240e-03	2.096160e-03	9.432010e-03
535           	1.119520e-02	8.560880e-03	2.014250e-03	9.069120e-03
536           	1.087560e-02	8.354200e-03	1.918830e-03	8.650870e-03
537           	1.053490e-02	8.172310e-03	1.822490e-03	8.246400e-03
538           	1.018220e-02	8.027190e-03	1.739890e-03	7.908390e-03
539           	9.894620e-03	7.920120e-03	1.676810e-03	7.702760e-03
540           	9.676860e-03	7.857620e-03	1.634120e-03	7.626470e-03
541           	9.534340e-03	7.817720e-03	1.612530e-03	7.673990e-03
542           	9.447910e-03	7.792420e-03	1.609030e-03	7.803690e-03
543           	9.427710e-03	7.771260e-03	1.620460e-03	7.981280e-03
544           	9.459090e-03	7.751870e-03	1.641740e-03	8.195480e-03
545           	9.511170e-03	7.766560e-03	1.672150e-03	8.424410e-03
546           	9.542810e-03	7.779360e-03	1.704850e-03	8.575440e-03
547           	9.658480e-03	7.778420e-03	1.740750e-03	8.688280e-03
548           	9.822140e-03	7.762410e-03	1.780970e-03	8.704890e-03
549           	9.976900e-03	7.709490e-03	1.827440e-03	8.668610e-03
550           	1.008540e-02	7.667480e-03	1.873130e-03	8.645940e-03
551           	1.011930e-02	7.650870e-03	1.921030e-03	8.727830e-03
552           	1.011570e-02	7.674330e-03	1.964360e-03	8.904500e-03
553           	1.013360e-02	7.769850e-03	1.989900e-03	9.129640e-03
554           	1.013460e-02	7.874420e-03	1.989920e-03	9.319600e-03
555           	1.008130e-02	7.961590e-03	1.959810e-03	9.377970e-03
556           	1.000230e-02	7.982900e-03	1.894390e-03	9.297080e-03
557           	9.955980e-03	7.888480e-03	1.808510e-03	8.965670e-03
558           	9.894280e-03	7.821070e-03	1.739770e-03	8.572430e-03
559           	9.811870e-03	7.671770e-03	1.701880e-03	8.090200e-03
560           	9.732310e-03	7.430380e-03	1.679390e-03	7.715810e-03
561           	9.654590e-03	7.170060e-03	1.665890e-03	7.557860e-03
562           	9.543110e-03	7.002510e-03	1.655240e-03	7.646760e-03
563           	9.393140e-03	6.871890e-03	1.644830e-03	7.814650e-03
564           	9.249470e-03	6.761830e-03	1.629160e-03	7.981840e-03
565           	9.161840e-03	6.621320e-03	1.602250e-03	7.953460e-03
566           	9.047500e-03	6.460140e-03	1.563240e-03	7.742640e-03
567           	8.852300e-03	6.268240e-03	1.493350e-03	7.373040e-03
568           	8.548980e-03	6.001130e-03	1.403780e-03	6.883710e-03
569           	8.146410e-03	5.698610e-03	1.305930e-03	6.336750e-03
570           	7.751840e-03	5.367880e-03	1.202870e-03	5.760440e-03
571           	7.337580e-03	5.103620e-03	1.113460e-03	5.293620e-03
572           	6.955340e-03	4.903380e-03	1.046790e-03	4.930960e-03
573           	6.637430e-03	4.786630e-03	1.006850e-03	4.753170e-03
574           	6.398370e-03	4.749990e-03	9.908850e-04	4.735440e-03
575           	6.238620e-03	4.733160e-03	9.911390e-04	4.819910e-03
576           	6.138680e-03	4.709740e-03	9.981650e-04	4.936160e-03
577           	6.068760e-03	4.686780e-03	1.005730e-03	5.052470e-03
578           	6.019510e-03	4.658340e-03	1.014000e-03	5.182260e-03
579           	5.997400e-03	4.639420e-03	1.021380e-03	5.255240e-03
580           	6.006620e-03	4.622770e-03	1.024730e-03	5.274810e-03
581           	6.056890e-03	4.610300e-03	1.029150e-03	5.237240e-03
582           	6.123720e-03	4.617150e-03	1.038200e-03	5.160720e-03
583           	6.187820e-03	4.606090e-03	1.052560e-03	5.090440e-03
584           	6.226340e-03	4.570360e-03	1.066430e-03	5.052400e-03
585           	6.198730e-03	4.479900e-03	1.082380e-03	5.050000e-03
586           	6.117450e-03	4.396150e-03	1.096230e-03	5.056400e-03
587           	6.001400e-03	4.343440e-03	1.101870e-03	5.047980e-03
588           	5.864050e-03	4.315940e-03	1.089600e-03	5.023570e-03
589           	5.696220e-03	4.284120e-03	1.060640e-03	4.920150e-03
590           	5.532220e-03	4.189220e-03	1.011540e-03	4.722190e-03
591           	5.383360e-03	4.099510e-03	9.524060e-04	4.500280e-03
592           	5.280570e-03	4.007760e-03	8.977220e-04	4.253480e-03
593           	5.223370e-03	3.923700e-03	8.609180e-04	4.055230e-03
594           	5.169930e-03	3.788750e-03	8.319940e-04	3.916410e-03
595           	5.101300e-03	3.603370e-03	8.056840e-04	3.866890e-03
596           	4.978420e-03	3.411710e-03	7.816800e-04	3.838900e-03
597           	4.811770e-03	3.263370e-03	7.527180e-04	3.787310e-03
598           	4.630690e-03	3.129060e-03	7.156960e-04	3.673280e-03
599           	4.441230e-03	2.976520e-03	6.720880e-04	3.487930e-03
600           	4.235540e-03	2.797760e-03	6.236800e-04	3.241520e-03
601           	4.005430e-03	2.593880e-03	5.733390e-04	2.967100e-03
602           	3.759990e-03	2.376060e-03	5.244960e-04	2.666960e-03
603           	3.518950e-03	2.184510e-03	4.813710e-04	2.380980e-03
604           	3.289470e-03	2.038600e-03	4.482170e-04	2.151630e-03
605           	3.081200e-03	1.915170e-03	4.265550e-04	2.000150e-03
606           	2.910170e-03	1.836080e-03	4.148010e-04	1.924530e-03
607           	2.786650e-03	1.790010e-03	4.089480e-04	1.906430e-03
608           	2.698820e-03	1.760940e-03	4.033930e-04	1.928090e-03
609           	2.622600e-03	1.740620e-03	3.957070e-04	1.953000e-03
610           	2.549850e-03	1.720040e-03	3.844420e-04	1.968080e-03
611           	2.485180e-03	1.696710e-03	3.704760e-04	1.964850e-03
612           	2.422930e-03	1.670790e-03	3.565010e-04	1.934060e-03
613           	2.357840e-03	1.639490e-03	3.457480e-04	1.872960e-03
614           	2.302790e-03	1.610150e-03	3.386980e-04	1.789010e-03
615           	2.260700e-03	1.568100e-03	3.353390e-04	1.699720e-03
616           	2.219840e-03	1.508280e-03	3.336760e-04	1.628410e-03
617           	2.172000e-03	1.444640e-03	3.321260e-04	1.582300e-03
618           	2.116970e-03	1.385570e-03	3.311320e-04	1.554480e-03
619           	2.056980e-03	1.337340e-03	3.290700e-04	1.535220e-03
620           	1.988640e-03	1.298410e-03	3.249550e-04	1.514150e-03
621           	1.906860e-03	1.267440e-03	3.195270e-04	1.488110e-03
622           	1.825370e-03	1.236430e-03	3.114790e-04	1.436650e-03
623           	1.745500e-03	1.205830e-03	2.997910e-04	1.387190e-03
624           	1.673550e-03	1.182670e-03	2.862210e-04	1.338450e-03
625           	1.612760e-03	1.161060e-03	2.722690e-04	1.286100e-03
626           	1.560490e-03	1.128790e-03	2.579010e-04	1.225590e-03
627           	1.521890e-03	1.087480e-03	2.435020e-04	1.170170e-03
628           	1.482470e-03	1.052520e-03	2.306980e-04	1.131660e-03
629           	1.440620e-03	1.016460e-03	2.212600e-04	1.099290e-03
630           	1.393450e-03	9.793520e-04	2.143980e-04	1.067970e-03
631           	1.351380e-03	9.439490e-04	2.083080e-04	1.032650e-03
632           	1.310310e-03	9.076840e-04	2.024340e-04	9.925470e-04
633           	1.274240e-03	8.737040e-04	1.965780e-04	9.457210e-04
634           	1.240670e-03	8.403960e-04	1.915520e-04	8.928900e-04
635           	1.211790e-03	8.069670e-04	1.867490e-04	8.373430e-04
636           	1.188600e-03	7.749000e-04	1.818670e-04	7.848150e-04
637           	1.163610e-03	7.467250e-04	1.775210e-04	7.406500e-04
638           	1.138820e-03	7.241820e-04	1.734420e-04	7.140400e-04
639           	1.114890e-03	7.089450e-04	1.693400e-04	6.992570e-04
640           	1.091080e-03	6.988300e-04	1.650660e-04	6.932270e-04
641           	1.069720e-03	6.922210e-04	1.601880e-04	6.933250e-04
642           	1.052100e-03	6.883410e-04	1.549260e-04	6.946530e-04
643           	1.038900e-03	6.853900e-04	1.493060e-04	6.949810e-04
644           	1.030440e-03	6.821070e-04	1.437110e-04	6.938120e-04
645           	1.027850e-03	6.826180e-04	1.388100e-04	6.945650e-04
646           	1.024790e-03	6.795610e-04	1.353530e-04	6.879920e-04
647           	1.022130e-03	6.726660e-04	1.330790e-04	6.802430e-04
648           	1.018240e-03	6.628540e-04	1.314560e-04	6.717030e-04
649           	1.012390e-03	6.510010e-04	1.300490e-04	6.625160e-04
650           	1.005150e-03	6.389580e-04	1.287490e-04	6.540880e-04
651           	9.967270e-04	6.273520e-04	1.273250e-04	6.467230e-04
652           	9.870940e-04	6.161170e-04	1.258480e-04	6.403190e-04
653           	9.764040e-04	6.063370e-04	1.240440e-04	6.335140e-04
654           	9.644530e-04	5.982760e-04	1.218420e-04	6.248740e-04
655           	9.523110e-04	5.907940e-04	1.191780e-04	6.142410e-04
656           	9.395990e-04	5.837890e-04	1.163320e-04	6.016150e-04
657           	9.263680e-04	5.767020e-04	1.136390e-04	5.869680e-04
658           	9.136770e-04	5.692120e-04	1.115460e-04	5.713480e-04
659           	9.011780e-04	5.606890e-04	1.099230e-04	5.562300e-04
660           	8.887350e-04	5.499580e-04	1.083720e-04	5.411760e-04
661           	8.757070e-04	5.373580e-04	1.067530e-04	5.265370e-04
662           	8.623150e-04	5.239400e-04	1.050830e-04	5.128010e-04
663           	8.486500e-04	5.102720e-04	1.032860e-04	4.995100e-04
664           	8.346030e-04	4.966490e-04	1.015960e-04	4.863720e-04
665           	8.210780e-04	4.831700e-04	1.000700e-04	4.735020e-04
666           	8.076190e-04	4.701140e-04	9.857430e-05	4.615770e-04
667           	7.945630e-04	4.577410e-04	9.705900e-05	4.520160e-04
668           	7.816880e-04	4.467580e-04	9.553320e-05	4.454920e-04
669           	7.689130e-04	4.372250e-04	9.404320e-05	4.421860e-04
670           	7.568870e-04	4.295390e-04	9.262500e-05	4.411930e-04
671           	7.456350e-04	4.234300e-04	9.135470e-05	4.418410e-04
672           	7.350800e-04	4.185290e-04	9.007660e-05	4.429900e-04
673           	7.250810e-04	4.146140e-04	8.874670e-05	4.442730e-04
674           	7.156070e-04	4.105980e-04	8.729640e-05	4.446890e-04
675           	7.064610e-04	4.063050e-04	8.568870e-05	4.436880e-04
676           	6.978050e-04	4.011600e-04	8.396060e-05	4.408880e-04
677           	8.318150e-04	4.490070e-04	8.964610e-05	5.345810e-04
678           	7.522130e-04	4.867350e-04	9.519860e-05	5.585140e-04
679           	7.206960e-04	4.318700e-04	8.737420e-05	4.856540e-04
680           	7.064870e-04	4.016350e-04	8.293710e-05	4.533920e-04
681           	6.898390e-04	3.837270e-04	7.925660e-05	4.284210e-04
682           	6.713940e-04	3.694480e-04	7.655880e-05	4.100310e-04
683           	6.523160e-04	3.575840e-04	7.465230e-05	3.953000e-04
684           	6.350880e-04	3.493200e-04	7.366710e-05	3.861360e-04
685           	6.213240e-04	3.458490e-04	7.319940e-05	3.820610e-04
686           	6.077620e-04	3.448110e-04	7.301380e-05	3.784020e-04
687           	5.973510e-04	3.440710e-04	7.284800e-05	3.748240e-04
688           	5.886940e-04	3.439300e-04	7.279970e-05	3.724790e-04
689           	5.807910e-04	3.433110e-04	7.265960e-05	3.692140e-04
690           	5.730480e-04	3.415700e-04	7.234120e-05	3.650370e-04
691           	5.653980e-04	3.391230e-04	7.184320e-05	3.602420e-04
692           	5.576470e-04	3.362340e-04	7.121760e-05	3.551700e-04
693           	5.499820e-04	3.331910e-04	7.051990e-05	3.501060e-04
694           	5.427930e-04	3.300450e-04	6.984690e-05	3.452140e-04
695           	5.359640e-04	3.269760e-04	6.923030e-05	3.406100e-04
696           	5.295680e-04	3.240320e-04	6.870930e-05	3.366170e-04
697           	5.238690e-04	3.212960e-04	6.826280e-05	3.331460e-04
698           	5.190700e-04	3.188670e-04	6.793620e-05	3.302110e-04
699           	5.149460e-04	3.165890e-04	6.766200e-05	3.279420e-04
700           	5.115340e-04	3.146180e-04	6.745990e-05	3.260970e-04
701           	5.098440e-04	3.128750e-04	6.730460e-05	3.248100e-04
702           	5.082900e-04	3.116800e-04	6.729180e-05	3.221170e-04
703           	5.062920e-04	3.106330e-04	6.723080e-05	3.206730e-04
704           	5.062370e-04	3.093090e-04	6.702390e-05	3.211250e-04
705           	5.053020e-04	3.082240e-04	6.691160e-05	3.197730e-04
706           	5.049900e-04	3.066480e-04	6.662660e-05	3.198740e-04
707           	5.046070e-04	3.048850e-04	6.627580e-05	3.197780e-04
708           	5.068720e-04	3.051580e-04	6.611400e-05	3.216630e-04
709           	5.038120e-04	3.039110e-04	6.584500e-05	3.193620e-04
710           	5.020130e-04	2.998770e-04	6.505810e-05	3.164440e-04
711           	4.997680e-04	2.965520e-04	6.423180e-05	3.144270e-04
712           	4.969130e-04	2.933670e-04	6.337450e-05	3.117030e-04
713           	4.935170e-04	2.902060e-04	6.248320e-05	3.088660e-04
714           	4.895100e-04	2.867020e-04	6.153270e-05	3.053990e-04
715           	4.849260e-04	2.830990e-04	6.050460e-05	3.019330e-04
716           	4.801830e-04	2.797600e-04	5.948950e-05	2.984210e-04
717           	4.746810e-04	2.760590e-04	5.844550e-05	2.943610e-04
718           	4.690620e-04	2.717590e-04	5.732820e-05	2.895610e-04
719           	4.633640e-04	2.677810e-04	5.620620e-05	2.849880e-04
720           	4.577060e-04	2.637330e-04	5.514830e-05	2.802490e-04
721           	4.520690e-04	2.596650e-04	5.409870e-05	2.756460e-04
722           	4.463830e-04	2.554370e-04	5.307510e-05	2.707170e-04
723           	4.405920e-04	2.512100e-04	5.204880e-05	2.660540e-04
724           	4.343270e-04	2.468920e-04	5.105010e-05	2.613110e-04
725           	4.280900e-04	2.414500e-04	5.002410e-05	2.553240e-04
726           	4.217560e-04	2.360880e-04	4.903230e-05	2.493390e-04
727           	4.154480e-04	2.313480e-04	4.805200e-05	2.440840e-04
728           	4.091640e-04	2.269580e-04	4.710770e-05	2.391830e-04
729           	4.030050e-04	2.229010e-04	4.622200e-05	2.347300e-04
730           	3.969330e-04	2.189440e-04	4.538730e-05	2.303640e-04
731           	3.909940e-04	2.153320e-04	4.458660e-05	2.264870e-04
732           	3.852010e-04	2.118910e-04	4.383460e-05	2.228130e-04
733           	3.795770e-04	2.087540e-04	4.313590e-05	2.193970e-04
734           	3.739890e-04	2.056980e-04	4.248210e-05	2.160240e-04
735           	3.684260e-04	2.029820e-04	4.185110e-05	2.129430e-04
736           	3.629590e-04	2.004320e-04	4.124580e-05	2.099980e-04
737           	3.575670e-04	1.981620e-04	4.066200e-05	2.072680e-04
738           	3.522270e-04	1.959330e-04	4.009670e-05	2.044990e-04
739           	3.469380e-04	1.939410e-04	3.953400e-05	2.017830e-04
740           	3.421740e-04	1.920580e-04	3.899180e-05	1.991080e-04
741           	3.374560e-04	1.915180e-04	3.851340e-05	1.977060e-04
742           	3.327840e-04	1.908790e-04	3.808380e-05	1.962480e-04
743           	3.283170e-04	1.901270e-04	3.769270e-05	1.945860e-04
744           	3.241160e-04	1.893210e-04	3.735280e-05	1.928500e-04
745           	3.201820e-04	1.886210e-04	3.705850e-05	1.912010e-04
746           	3.164310e-04	1.879610e-04	3.680720e-05	1.896580e-04
747           	3.128780e-04	1.874910e-04	3.658030e-05	1.882000e-04
748           	3.096460e-04	1.870950e-04	3.638870e-05	1.869320e-04
749           	3.068300e-04	1.868640e-04	3.623410e-05	1.858750e-04
750           	3.042910e-04	1.867180e-04	3.611760e-05	1.850550e-04
751           	3.020740e-04	1.866590e-04	3.602440e-05	1.842650e-04
752           	3.003380e-04	1.866530e-04	3.596390e-05	1.836470e-04
753           	2.990310e-04	1.867970e-04	3.593790e-05	1.832360e-04
754           	2.979630e-04	1.869660e-04	3.592860e-05	1.829980e-04
755           	2.971870e-04	1.872110e-04	3.592170e-05	1.827140e-04
756           	2.966620e-04	1.874420e-04	3.591630e-05	1.825500e-04
757           	2.964790e-04	1.876840e-04	3.591300e-05	1.824360e-04
758           	2.962810e-04	1.878670e-04	3.591090e-05	1.824410e-04
759           	2.962510e-04	1.880020e-04	3.589450e-05	1.822680e-04
760           	2.963140e-04	1.880600e-04	3.587170e-05	1.821050e-04
761           	2.965120e-04	1.880800e-04	3.583440e-05	1.821500e-04
762           	2.965890e-04	1.879490e-04	3.577950e-05	1.817980e-04
763           	2.967350e-04	1.877590e-04	3.571200e-05	1.816180e-04
764           	2.968870e-04	1.874690e-04	3.561130e-05	1.809650e-04
765           	2.970770e-04	1.870680e-04	3.550720e-05	1.806460e-04
766           	2.970480e-04	1.865440e-04	3.538320e-05	1.803260e-04
767           	2.969550e-04	1.859720e-04	3.524580e-05	1.796080e-04
768           	2.968160e-04	1.852720e-04	3.509710e-05	1.790720e-04
769           	2.967040e-04	1.844830e-04	3.492730e-05	1.783980e-04
770           	2.963700e-04	1.835920e-04	3.475530e-05	1.777740e-04
771           	2.959160e-04	1.826130e-04	3.455890e-05	1.767790e-04
772           	2.953910e-04	1.815510e-04	3.434160e-05	1.759320e-04
773           	2.948240e-04	1.804090e-04	3.410590e-05	1.749900e-04
774           	2.940110e-04	1.791700e-04	3.386090e-05	1.741090e-04
775           	2.930870e-04	1.778130e-04	3.359120e-05	1.728560e-04
776           	2.920710e-04	1.763480e-04	3.329970e-05	1.717210e-04
777           	2.909610e-04	1.747670e-04	3.298440e-05	1.704670e-04
778           	2.895790e-04	1.730500e-04	3.265900e-05	1.692280e-04
779           	2.880290e-04	1.712750e-04	3.230260e-05	1.676040e-04
780           	2.863790e-04	1.694330e-04	3.192620e-05	1.660930e-04
781           	2.846890e-04	1.674820e-04	3.152770e-05	1.645580e-04
782           	2.827300e-04	1.654030e-04	3.113320e-05	1.629490e-04
783           	2.806320e-04	1.632740e-04	3.071680e-05	1.609790e-04
784           	2.784170e-04	1.611080e-04	3.028720e-05	1.591610e-04
785           	2.760780e-04	1.588990e-04	2.985040e-05	1.572950e-04
786           	2.734990e-04	1.566100e-04	2.941630e-05	1.554700e-04
787           	2.708050e-04	1.542830e-04	2.896520e-05	1.533620e-04
788           	2.680190e-04	1.519520e-04	2.851100e-05	1.513540e-04
789           	2.652010e-04	1.496100e-04	2.806200e-05	1.493780e-04
790           	2.622150e-04	1.472760e-04	2.762340e-05	1.474150e-04
791           	2.591410e-04	1.448950e-04	2.717610e-05	1.452300e-04
792           	2.560180e-04	1.425310e-04	2.673910e-05	1.431260e-04
793           	2.528690e-04	1.401580e-04	2.631350e-05	1.411210e-04
794           	2.496060e-04	1.378450e-04	2.589900e-05	1.391400e-04
795           	2.463300e-04	1.355340e-04	2.547590e-05	1.370680e-04
796           	2.430120e-04	1.332800e-04	2.506940e-05	1.351120e-04
797           	2.397050e-04	1.310750e-04	2.468410e-05	1.333040e-04
798           	2.362910e-04	1.289650e-04	2.431920e-05	1.315020e-04
799           	2.328880e-04	1.268490e-04	2.394790e-05	1.296350e-04
800           	2.295050e-04	1.248190e-04	2.359040e-05	1.278300e-04
801           	2.261800e-04	1.228640e-04	2.325240e-05	1.261130e-04
802           	2.227870e-04	1.209130e-04	2.292450e-05	1.243420e-04
803           	2.194170e-04	1.189260e-04	2.258480e-05	1.225230e-04
804           	2.160970e-04	1.170890e-04	2.225920e-05	1.207360e-04
805           	2.128500e-04	1.153230e-04	2.195570e-05	1.191680e-04
806           	2.095880e-04	1.135900e-04	2.166400e-05	1.175320e-04
807           	2.063670e-04	1.118030e-04	2.135670e-05	1.158670e-04
808           	2.031780e-04	1.101450e-04	2.107140e-05	1.142710e-04
809           	2.000600e-04	1.085880e-04	2.080930e-05	1.128560e-04
810           	1.969320e-04	1.070870e-04	2.056700e-05	1.113680e-04
811           	1.938970e-04	1.055360e-04	2.031150e-05	1.099030e-04
812           	1.909450e-04	1.041090e-04	2.007420e-05	1.084770e-04
813           	1.881190e-04	1.027360e-04	1.985940e-05	1.072370e-04
814           	1.853350e-04	1.014280e-04	1.965710e-05	1.058260e-04
815           	1.829550e-04	1.000810e-04	1.944140e-05	1.045100e-04
816           	1.800490e-04	9.896770e-05	1.928770e-05	1.028420e-04
817           	1.774590e-04	9.778330e-05	1.910320e-05	1.018490e-04
818           	1.748840e-04	9.659600e-05	1.892590e-05	1.006720e-04
819           	1.723550e-04	9.535250e-05	1.872470e-05	9.953750e-05
820           	1.699080e-04	9.417870e-05	1.853660e-05	9.836740e-05
821           	1.675930e-04	9.301630e-05	1.835660e-05	9.732820e-05
822           	1.652510e-04	9.188170e-05	1.818070e-05	9.600440e-05
823           	1.629430e-04	9.073680e-05	1.798280e-05	9.481480e-05
824           	1.607000e-04	8.964620e-05	1.780090e-05	9.366350e-05
825           	1.585940e-04	8.856580e-05	1.762580e-05	9.269590e-05
826           	1.564590e-04	8.750680e-05	1.745430e-05	9.146340e-05
827           	1.543520e-04	8.639260e-05	1.726030e-05	9.032000e-05
828           	1.522710e-04	8.530870e-05	1.707450e-05	8.921850e-05
829           	1.502830e-04	8.422310e-05	1.688940e-05	8.827860e-05
830           	1.482870e-04	8.314460e-05	1.670300e-05	8.705230e-05
831           	1.463120e-04	8.202520e-05	1.649400e-05	8.590090e-05
832           	1.443670e-04	8.093760e-05	1.629170e-05	8.478570e-05
833           	1.425030e-04	7.985750e-05	1.609490e-05	8.383150e-05
834           	1.406150e-04	7.875940e-05	1.589810e-05	8.259700e-05
835           	1.387460e-04	7.760330e-05	1.567280e-05	8.143470e-05
836           	1.369060e-04	7.649270e-05	1.545690e-05	8.030090e-05
837           	1.351340e-04	7.540290e-05	1.524600e-05	7.931380e-05
838           	1.332980e-04	7.427080e-05	1.503160e-05	7.805370e-05
839           	1.314360e-04	7.308130e-05	1.479400e-05	7.684850e-05
840           	1.295780e-04	7.193410e-05	1.456660e-05	7.567400e-05
841           	1.278110e-04	7.080640e-05	1.434620e-05	7.467850e-05
842           	1.259820e-04	6.962170e-05	1.412340e-05	7.342240e-05
843           	1.241580e-04	6.840390e-05	1.387660e-05	7.220880e-05
844           	1.223430e-04	6.724480e-05	1.364200e-05	7.103010e-05
845           	1.206030e-04	6.612800e-05	1.341840e-05	7.001490e-05
846           	1.187980e-04	6.495400e-05	1.319340e-05	6.878480e-05
847           	1.169820e-04	6.374070e-05	1.294670e-05	6.756480e-05
848           	1.151520e-04	6.258370e-05	1.270890e-05	6.636990e-05
849           	1.133780e-04	6.149180e-05	1.248380e-05	6.534700e-05
850           	1.115280e-04	6.034320e-05	1.225530e-05	6.411530e-05
851           	1.096760e-04	5.913930e-05	1.200500e-05	6.287280e-05
852           	1.078350e-04	5.800820e-05	1.176690e-05	6.167800e-05
853           	1.061460e-04	5.703830e-05	1.155360e-05	6.077500e-05
854           	1.041910e-04	5.595500e-05	1.134470e-05	5.962850e-05
855           	1.023490e-04	5.451880e-05	1.110690e-05	5.809950e-05
856           	1.004200e-04	5.344440e-05	1.085340e-05	5.693200e-05
857           	9.861070e-05	5.231940e-05	1.064610e-05	5.577630e-05
858           	9.671640e-05	5.115270e-05	1.043080e-05	5.454020e-05
859           	9.484510e-05	5.002030e-05	1.019890e-05	5.326350e-05
860           	9.298620e-05	4.898570e-05	9.981840e-06	5.210920e-05
861           	9.124430e-05	4.807460e-05	9.789060e-06	5.118240e-05
862           	8.945190e-05	4.713670e-05	9.597790e-06	5.019870e-05
863           	8.777470e-05	4.622460e-05	9.396130e-06	4.911360e-05
864           	8.612140e-05	4.557840e-05	9.204380e-06	4.835770e-05
865           	8.455830e-05	4.502690e-05	9.045730e-06	4.778030e-05
866           	8.295780e-05	4.435890e-05	8.886710e-06	4.706880e-05
867           	8.138460e-05	4.370240e-05	8.725530e-06	4.620110e-05
868           	7.983720e-05	4.307870e-05	8.581330e-06	4.539990e-05
869           	7.842110e-05	4.252450e-05	8.457750e-06	4.477150e-05
870           	7.699830e-05	4.195750e-05	8.334400e-06	4.410310e-05
871           	7.561760e-05	4.142790e-05	8.202820e-06	4.329360e-05
872           	7.430010e-05	4.094170e-05	8.083000e-06	4.260740e-05
873           	7.311820e-05	4.056190e-05	7.989660e-06	4.212050e-05
874           	7.193260e-05	4.016920e-05	7.898650e-06	4.164880e-05
875           	7.078730e-05	3.978640e-05	7.798440e-06	4.098450e-05
876           	6.970540e-05	3.941590e-05	7.705870e-06	4.042630e-05
877           	6.877060e-05	3.915270e-05	7.637850e-06	4.006540e-05
878           	6.777900e-05	3.883850e-05	7.568500e-06	3.967230e-05
879           	6.684530e-05	3.852710e-05	7.485240e-06	3.908770e-05
880           	6.594900e-05	3.823330e-05	7.411670e-06	3.860030e-05
881           	6.521000e-05	3.801540e-05	7.359010e-06	3.830710e-05
882           	6.433950e-05	3.771710e-05	7.302900e-06	3.795730e-05
883           	6.353200e-05	3.740270e-05	7.228990e-06	3.739690e-05
884           	6.276720e-05	3.710250e-05	7.163200e-06	3.692710e-05
885           	6.216640e-05	3.685890e-05	7.115980e-06	3.664560e-05
886           	6.142100e-05	3.655960e-05	7.062060e-06	3.634060e-05
887           	6.075110e-05	3.626170e-05	6.997080e-06	3.583480e-05
888           	6.013140e-05	3.598820e-05	6.940420e-06	3.544450e-05
889           	5.966010e-05	3.575810e-05	6.898570e-06	3.521280e-05
890           	5.903660e-05	3.546380e-05	6.844560e-06	3.495120e-05
891           	5.847200e-05	3.516930e-05	6.783760e-06	3.447450e-05
892           	5.800570e-05	3.488340e-05	6.728200e-06	3.409410e-05
893           	5.762330e-05	3.483390e-05	6.683680e-06	3.405870e-05
894           	5.712200e-05	3.450540e-05	6.640750e-06	3.381250e-05
895           	5.669660e-05	3.431830e-05	6.576110e-06	3.346610e-05
896           	5.626630e-05	3.411980e-05	6.524110e-06	3.319930e-05
897           	5.596080e-05	3.389870e-05	6.477370e-06	3.304450e-05
898           	5.550010e-05	3.359870e-05	6.422610e-06	3.286730e-05
899           	5.508020e-05	3.327940e-05	6.358590e-06	3.241100e-05
900           	5.467410e-05	3.296030e-05	6.299140e-06	3.207310e-05
901           	5.436990e-05	3.268760e-05	6.252750e-06	3.190770e-05
902           	5.393450e-05	3.238530e-05	6.196770e-06	3.176370e-05
903           	5.356900e-05	3.202830e-05	6.129810e-06	3.129710e-05
904           	5.309400e-05	3.151560e-05	6.069110e-06	3.094830e-05
905           	5.274340e-05	3.125340e-05	6.006900e-06	3.077020e-05
906           	5.224690e-05	3.091900e-05	5.933950e-06	3.054020e-05
907           	5.179370e-05	3.051890e-05	5.850140e-06	3.002960e-05
908           	5.126340e-05	2.986830e-05	5.789580e-06	2.950920e-05
909           	5.097920e-05	2.975310e-05	5.730770e-06	2.950050e-05
910           	5.038410e-05	2.937590e-05	5.681970e-06	2.917990e-05
911           	4.973380e-05	2.871590e-05	5.576760e-06	2.856760e-05
912           	4.914050e-05	2.819900e-05	5.472700e-06	2.797090e-05
913           	4.859430e-05	2.776600e-05	5.385980e-06	2.760470e-05
914           	4.794900e-05	2.726810e-05	5.294490e-06	2.717850e-05
915           	4.735870e-05	2.675500e-05	5.193560e-06	2.657300e-05
916           	4.670570e-05	2.618850e-05	5.113130e-06	2.610500e-05
917           	4.613070e-05	2.585390e-05	5.034490e-06	2.583390e-05
918           	4.544710e-05	2.543740e-05	4.952360e-06	2.548760e-05
919           	4.482600e-05	2.494360e-05	4.854980e-06	2.492760e-05
920           	4.415310e-05	2.441280e-05	4.775980e-06	2.448700e-05
921           	4.356870e-05	2.410330e-05	4.703170e-06	2.425420e-05
922           	4.287550e-05	2.372500e-05	4.628000e-06	2.393570e-05
923           	4.219650e-05	2.324930e-05	4.535260e-06	2.341740e-05
924           	4.154740e-05	2.284250e-05	4.452780e-06	2.300580e-05
925           	4.096390e-05	2.252620e-05	4.389660e-06	2.280550e-05
926           	4.027640e-05	2.214570e-05	4.324320e-06	2.250890e-05
927           	3.964910e-05	2.169220e-05	4.245610e-06	2.204870e-05
928           	3.906180e-05	2.131510e-05	4.175800e-06	2.168650e-05
929           	3.855220e-05	2.103940e-05	4.124360e-06	2.152680e-05
930           	3.789230e-05	2.069250e-05	4.062810e-06	2.125070e-05
931           	3.728760e-05	2.026620e-05	3.987220e-06	2.081110e-05
932           	3.671030e-05	1.991860e-05	3.919640e-06	2.047370e-05
933           	3.620770e-05	1.967000e-05	3.872620e-06	2.034390e-05
934           	3.558290e-05	1.938270e-05	3.824640e-06	2.009410e-05
935           	3.499170e-05	1.899070e-05	3.753280e-06	1.966450e-05
936           	3.441640e-05	1.865570e-05	3.688480e-06	1.932550e-05
937           	3.391770e-05	1.842900e-05	3.645420e-06	1.919710e-05
938           	3.328530e-05	1.816900e-05	3.601870e-06	1.892610e-05
939           	3.269420e-05	1.779140e-05	3.534850e-06	1.850430e-05
940           	3.212100e-05	1.747810e-05	3.475070e-06	1.817160e-05
941           	3.163750e-05	1.727900e-05	3.438960e-06	1.805560e-05
942           	3.101950e-05	1.704600e-05	3.403550e-06	1.779870e-05
943           	3.046080e-05	1.670060e-05	3.343800e-06	1.740320e-05
944           	2.992440e-05	1.642180e-05	3.291430e-06	1.709990e-05
945           	2.948140e-05	1.625160e-05	3.263430e-06	1.702420e-05
946           	2.890980e-05	1.605130e-05	3.237290e-06	1.681600e-05
947           	2.846330e-05	1.574380e-05	3.186130e-06	1.645740e-05
948           	2.799940e-05	1.552420e-05	3.149330e-06	1.614800e-05
949           	2.759600e-05	1.542070e-05	3.137660e-06	1.609020e-05
950           	2.713980e-05	1.525390e-05	3.119850e-06	1.597080e-05
951           	2.673310e-05	1.499870e-05	3.081840e-06	1.562200e-05
952           	2.634450e-05	1.481530e-05	3.050790e-06	1.540820e-05
953           	2.608320e-05	1.473820e-05	3.043240e-06	1.539960e-05
954           	2.564060e-05	1.459360e-05	3.030890e-06	1.524610e-05
955           	2.526920e-05	1.434860e-05	2.991230e-06	1.494310e-05
956           	2.491660e-05	1.416570e-05	2.956360e-06	1.473620e-05
957           	2.468380e-05	1.408720e-05	2.945530e-06	1.474300e-05
958           	2.428780e-05	1.395630e-05	2.932800e-06	1.460910e-05
959           	2.396190e-05	1.372260e-05	2.892750e-06	1.431210e-05
960           	2.365190e-05	1.354670e-05	2.856860e-06	1.410270e-05
961           	2.345640e-05	1.348200e-05	2.844930e-06	1.411560e-05
962           	2.310070e-05	1.336060e-05	2.829820e-06	1.398420e-05
963           	2.280830e-05	1.312320e-05	2.786560e-06	1.368850e-05
964           	2.252350e-05	1.294540e-05	2.747340e-06	1.348150e-05
965           	2.234770e-05	1.287500e-05	2.731850e-06	1.348240e-05
966           	2.201710e-05	1.275170e-05	2.713320e-06	1.335350e-05
967           	2.174160e-05	1.251830e-05	2.668170e-06	1.306160e-05
968           	2.147310e-05	1.233790e-05	2.627270e-06	1.285600e-05
969           	2.130970e-05	1.226720e-05	2.609840e-06	1.285710e-05
970           	2.099560e-05	1.215470e-05	2.589910e-06	1.273760e-05
971           	2.073210e-05	1.192780e-05	2.544180e-06	1.243840e-05
972           	2.047590e-05	1.174580e-05	2.502140e-06	1.222640e-05
973           	2.032720e-05	1.168060e-05	2.483430e-06	1.222160e-05
974           	2.003100e-05	1.156780e-05	2.462210e-06	1.209750e-05
975           	1.978610e-05	1.135040e-05	2.416630e-06	1.179300e-05
976           	1.954580e-05	1.118220e-05	2.376530e-06	1.157940e-05
977           	1.940910e-05	1.112770e-05	2.359740e-06	1.158090e-05
978           	1.912700e-05	1.102450e-05	2.339850e-06	1.146980e-05
979           	1.889620e-05	1.082600e-05	2.296190e-06	1.117640e-05
980           	1.866400e-05	1.067060e-05	2.258470e-06	1.096630e-05
981           	1.853910e-05	1.061770e-05	2.242070e-06	1.097500e-05
982           	1.823430e-05	1.052330e-05	2.222540e-06	1.087750e-05
983           	1.802880e-05	1.031600e-05	2.175850e-06	1.062140e-05
984           	1.780630e-05	1.016880e-05	2.138540e-06	1.040250e-05
985           	1.768760e-05	1.013340e-05	2.124520e-06	1.041560e-05
986           	1.738800e-05	1.004960e-05	2.107260e-06	1.032580e-05
987           	1.718890e-05	9.859550e-06	2.062580e-06	1.006980e-05
988           	1.697640e-05	9.730580e-06	2.027710e-06	9.863250e-06
989           	1.683780e-05	9.709090e-06	2.016300e-06	9.883320e-06
990           	1.656230e-05	9.610790e-06	1.996950e-06	9.836940e-06
991           	1.637850e-05	9.433740e-06	1.953870e-06	9.573230e-06
992           	1.617250e-05	9.310490e-06	1.920720e-06	9.356880e-06
993           	1.604910e-05	9.298140e-06	1.910860e-06	9.377710e-06
994           	1.577880e-05	9.214970e-06	1.895580e-06	9.342960e-06
995           	1.557790e-05	9.056360e-06	1.856230e-06	9.087390e-06
996           	1.539810e-05	8.932820e-06	1.823230e-06	8.914470e-06
997           	1.529800e-05	8.937960e-06	1.816930e-06	8.944320e-06
998           	1.503190e-05	8.868050e-06	1.806220e-06	8.913100e-06
999           	1.484230e-05	8.719260e-06	1.769250e-06	8.660870e-06
1000          	1.464820e-05	8.607520e-06	1.738920e-06	8.492800e-06
