# Residuals   
# Time        	p             	Ux            	Uy            	Uz            
1             	1.000000e+00	4.437200e-01	1.000000e+00	3.979220e-01
2             	3.838490e-01	5.996400e-01	2.569690e-01	5.956110e-01
3             	4.507530e-02	4.869610e-01	1.557280e-01	4.598030e-01
4             	5.526550e-02	3.317240e-01	1.018380e-01	2.987750e-01
5             	8.839060e-02	2.576310e-01	7.818480e-02	2.384840e-01
6             	1.234490e-01	2.168150e-01	6.305760e-02	2.081460e-01
7             	1.349830e-01	1.831750e-01	5.416950e-02	1.758540e-01
8             	1.213610e-01	1.528180e-01	4.828100e-02	1.467270e-01
9             	1.073110e-01	1.278250e-01	4.245110e-02	1.171400e-01
10            	8.092160e-02	1.183990e-01	3.608830e-02	1.061130e-01
11            	6.421470e-02	1.091950e-01	3.039540e-02	1.011730e-01
12            	5.790950e-02	9.648730e-02	2.579140e-02	9.144220e-02
13            	5.629680e-02	8.223070e-02	2.257360e-02	7.920710e-02
14            	5.678730e-02	7.171610e-02	2.036780e-02	6.961030e-02
15            	6.167330e-02	6.504440e-02	1.882110e-02	6.326790e-02
16            	6.549090e-02	6.074970e-02	1.717670e-02	5.764650e-02
17            	6.840380e-02	5.716280e-02	1.563220e-02	5.317970e-02
18            	6.971780e-02	5.381340e-02	1.404660e-02	5.021790e-02
19            	7.082350e-02	5.098470e-02	1.244360e-02	4.801120e-02
20            	7.050520e-02	4.845900e-02	1.104620e-02	4.591250e-02
21            	6.939730e-02	4.618690e-02	1.019980e-02	4.399480e-02
22            	6.879920e-02	4.421770e-02	9.619070e-03	4.259690e-02
23            	7.052890e-02	4.293060e-02	9.366350e-03	4.213730e-02
24            	7.378610e-02	4.214180e-02	9.189800e-03	4.168740e-02
25            	7.611420e-02	4.146840e-02	8.971460e-03	4.099940e-02
26            	7.756060e-02	3.999100e-02	8.531660e-03	3.947250e-02
27            	7.765960e-02	3.852520e-02	8.244390e-03	3.791640e-02
28            	7.787560e-02	3.765880e-02	8.200670e-03	3.736050e-02
29            	7.656560e-02	3.686580e-02	8.085580e-03	3.680770e-02
30            	7.416710e-02	3.619260e-02	7.982560e-03	3.609180e-02
31            	7.227670e-02	3.536160e-02	7.783400e-03	3.547470e-02
32            	7.017240e-02	3.397800e-02	7.473470e-03	3.443580e-02
33            	6.805070e-02	3.242530e-02	7.126690e-03	3.302340e-02
34            	6.677590e-02	3.109200e-02	6.779670e-03	3.149370e-02
35            	6.537740e-02	3.062640e-02	6.534500e-03	3.061320e-02
36            	6.233350e-02	3.002660e-02	6.378030e-03	2.963000e-02
37            	5.900750e-02	2.961800e-02	6.193090e-03	2.865880e-02
38            	5.764550e-02	2.928240e-02	6.017720e-03	2.779780e-02
39            	5.754020e-02	2.949660e-02	5.985940e-03	2.804650e-02
40            	5.828120e-02	3.019070e-02	6.336560e-03	2.920430e-02
41            	5.826050e-02	3.174920e-02	6.852200e-03	3.079490e-02
42            	5.852430e-02	3.411400e-02	7.472900e-03	3.275470e-02
43            	6.005160e-02	3.664010e-02	8.115850e-03	3.488430e-02
44            	6.361620e-02	3.927030e-02	8.633510e-03	3.721210e-02
45            	6.697670e-02	4.123440e-02	9.117660e-03	3.949050e-02
46            	6.736780e-02	4.265190e-02	9.531760e-03	4.112550e-02
47            	6.923140e-02	4.229470e-02	9.504920e-03	4.084010e-02
48            	7.216070e-02	4.148560e-02	9.191320e-03	3.957320e-02
49            	7.384500e-02	4.035670e-02	8.936510e-03	3.878510e-02
50            	7.339950e-02	3.893130e-02	8.875210e-03	3.789600e-02
51            	7.266240e-02	3.872540e-02	9.044340e-03	3.762260e-02
52            	7.291970e-02	3.907730e-02	9.234150e-03	3.800850e-02
53            	7.278560e-02	4.000410e-02	9.317640e-03	3.917130e-02
54            	7.275670e-02	4.126110e-02	9.703200e-03	4.161350e-02
55            	7.336700e-02	4.285530e-02	1.018950e-02	4.489230e-02
56            	7.483570e-02	4.590010e-02	1.088540e-02	4.804260e-02
57            	7.591800e-02	5.093720e-02	1.193310e-02	5.238510e-02
58            	7.799940e-02	5.493850e-02	1.286440e-02	5.533520e-02
59            	7.972140e-02	5.940560e-02	1.403940e-02	5.924630e-02
60            	8.176000e-02	6.368570e-02	1.504860e-02	6.337560e-02
61            	8.536420e-02	6.620980e-02	1.592210e-02	6.674850e-02
62            	8.698930e-02	6.833250e-02	1.654140e-02	6.925140e-02
63            	8.805410e-02	6.714170e-02	1.658870e-02	6.759620e-02
64            	8.490180e-02	6.268810e-02	1.608180e-02	6.328010e-02
65            	7.892310e-02	5.732790e-02	1.471080e-02	5.805300e-02
66            	7.428030e-02	5.329740e-02	1.331850e-02	5.432750e-02
67            	7.220520e-02	5.056040e-02	1.241150e-02	5.177460e-02
68            	7.070480e-02	4.875290e-02	1.157280e-02	4.877680e-02
69            	7.159850e-02	4.691100e-02	1.072010e-02	4.524550e-02
70            	7.231960e-02	4.435300e-02	1.011500e-02	4.242250e-02
71            	7.190000e-02	4.221640e-02	9.666000e-03	4.014380e-02
72            	7.102430e-02	4.080550e-02	9.382700e-03	3.908090e-02
73            	6.971040e-02	4.077970e-02	9.433290e-03	3.880240e-02
74            	6.976600e-02	4.040600e-02	9.550750e-03	3.853190e-02
75            	6.883700e-02	3.971510e-02	9.482090e-03	3.767060e-02
76            	6.962750e-02	3.923580e-02	9.469200e-03	3.730120e-02
77            	7.070240e-02	3.967340e-02	9.443440e-03	3.797760e-02
78            	7.119150e-02	4.068260e-02	9.488920e-03	3.956900e-02
79            	7.074490e-02	4.146570e-02	9.795110e-03	4.137100e-02
80            	6.994320e-02	4.272960e-02	1.036780e-02	4.353480e-02
81            	7.135500e-02	4.536410e-02	1.117050e-02	4.612520e-02
82            	7.433310e-02	4.872360e-02	1.190440e-02	4.839450e-02
83            	7.755540e-02	5.215250e-02	1.235060e-02	5.053840e-02
84            	7.939960e-02	5.559690e-02	1.265930e-02	5.262370e-02
85            	8.130120e-02	5.857310e-02	1.327450e-02	5.535930e-02
86            	8.479350e-02	6.127090e-02	1.395240e-02	5.884090e-02
87            	8.607870e-02	6.222780e-02	1.440190e-02	5.983280e-02
88            	8.527220e-02	6.216410e-02	1.486620e-02	6.090750e-02
89            	8.563610e-02	6.064250e-02	1.507640e-02	6.168130e-02
90            	8.802250e-02	5.848170e-02	1.490850e-02	6.136530e-02
91            	8.787460e-02	5.606740e-02	1.461340e-02	5.943110e-02
92            	8.355620e-02	5.516240e-02	1.442680e-02	5.785230e-02
93            	7.958970e-02	5.644150e-02	1.399010e-02	5.640070e-02
94            	7.770050e-02	5.773980e-02	1.358270e-02	5.435130e-02
95            	7.784370e-02	5.793680e-02	1.319710e-02	5.321910e-02
96            	7.815440e-02	5.727120e-02	1.274580e-02	5.257590e-02
97            	7.773990e-02	5.559510e-02	1.233830e-02	5.074770e-02
98            	7.863470e-02	5.462800e-02	1.206290e-02	4.845330e-02
99            	7.915140e-02	5.335550e-02	1.179500e-02	4.692270e-02
100           	7.999170e-02	5.253210e-02	1.180210e-02	4.633150e-02
101           	8.139120e-02	5.301570e-02	1.190680e-02	4.672130e-02
102           	8.010030e-02	5.388580e-02	1.201090e-02	4.795880e-02
103           	7.823310e-02	5.473500e-02	1.197370e-02	4.861970e-02
104           	7.648710e-02	5.414190e-02	1.177050e-02	4.857720e-02
105           	7.399280e-02	5.346710e-02	1.160960e-02	4.845840e-02
106           	7.209780e-02	5.302240e-02	1.167560e-02	4.929870e-02
107           	7.085740e-02	5.305800e-02	1.162370e-02	4.991590e-02
108           	6.936460e-02	5.221950e-02	1.141170e-02	4.956240e-02
109           	6.872360e-02	5.002410e-02	1.111300e-02	4.863890e-02
110           	7.032720e-02	4.830130e-02	1.075880e-02	4.715460e-02
111           	7.212800e-02	4.764750e-02	1.044180e-02	4.600200e-02
112           	7.132610e-02	4.704130e-02	1.033690e-02	4.482720e-02
113           	7.202060e-02	4.797060e-02	1.034320e-02	4.482790e-02
114           	7.587510e-02	5.005360e-02	1.043710e-02	4.579400e-02
115           	8.061290e-02	5.173990e-02	1.064110e-02	4.617310e-02
116           	8.242480e-02	5.447720e-02	1.123230e-02	4.744360e-02
117           	8.219630e-02	5.666110e-02	1.184770e-02	4.900180e-02
118           	8.354360e-02	5.910350e-02	1.293750e-02	5.224780e-02
119           	8.533020e-02	6.162060e-02	1.428740e-02	5.581120e-02
120           	8.816750e-02	6.352480e-02	1.554970e-02	5.946440e-02
121           	9.051170e-02	6.384920e-02	1.623230e-02	6.173100e-02
122           	9.056460e-02	6.094500e-02	1.608560e-02	6.185500e-02
123           	8.654590e-02	5.739830e-02	1.540510e-02	6.066700e-02
124           	8.173910e-02	5.521790e-02	1.455800e-02	5.787450e-02
125           	7.746120e-02	5.503050e-02	1.384010e-02	5.578550e-02
126           	7.492660e-02	5.719670e-02	1.356170e-02	5.393550e-02
127           	7.375640e-02	6.292700e-02	1.391700e-02	5.464730e-02
128           	7.602550e-02	6.749580e-02	1.460000e-02	5.650280e-02
129           	8.019760e-02	7.049480e-02	1.519980e-02	5.860550e-02
130           	8.350650e-02	7.147770e-02	1.573440e-02	5.987650e-02
131           	8.602890e-02	7.118170e-02	1.590710e-02	6.063260e-02
132           	8.749740e-02	6.849410e-02	1.551820e-02	5.974690e-02
133           	8.610220e-02	6.376340e-02	1.480920e-02	5.671000e-02
134           	8.405700e-02	5.987500e-02	1.434920e-02	5.446600e-02
135           	8.207250e-02	5.850310e-02	1.443840e-02	5.492960e-02
136           	7.908510e-02	5.956300e-02	1.463980e-02	5.574730e-02
137           	7.587330e-02	6.242960e-02	1.464490e-02	5.543110e-02
138           	7.499500e-02	6.547650e-02	1.463250e-02	5.487940e-02
139           	7.799080e-02	6.686450e-02	1.477990e-02	5.425730e-02
140           	8.021110e-02	6.507980e-02	1.466090e-02	5.300600e-02
141           	7.943930e-02	6.233370e-02	1.421860e-02	5.198270e-02
142           	7.767760e-02	5.938940e-02	1.360680e-02	5.183890e-02
143           	7.666250e-02	5.545740e-02	1.277830e-02	5.163110e-02
144           	7.583020e-02	5.227540e-02	1.193380e-02	5.076840e-02
145           	7.366490e-02	5.086780e-02	1.125260e-02	4.975690e-02
146           	6.999890e-02	4.903610e-02	1.088480e-02	4.728040e-02
147           	6.546070e-02	4.767680e-02	1.074890e-02	4.490630e-02
148           	6.290490e-02	4.662840e-02	1.069860e-02	4.315100e-02
149           	6.289260e-02	4.540240e-02	1.052130e-02	4.182020e-02
150           	6.198690e-02	4.405450e-02	1.016010e-02	4.026940e-02
151           	6.024670e-02	4.208250e-02	9.491800e-03	3.820200e-02
152           	5.865330e-02	3.978470e-02	8.755720e-03	3.628050e-02
153           	5.724380e-02	3.773360e-02	8.154730e-03	3.506710e-02
154           	5.654210e-02	3.632360e-02	7.683830e-03	3.389340e-02
155           	5.559370e-02	3.484820e-02	7.318080e-03	3.308920e-02
156           	5.456840e-02	3.341270e-02	7.092070e-03	3.250640e-02
157           	5.358540e-02	3.232490e-02	6.900710e-03	3.169380e-02
158           	5.196970e-02	3.192530e-02	6.874510e-03	3.072430e-02
159           	5.069090e-02	3.137060e-02	6.818020e-03	2.979970e-02
160           	4.927300e-02	3.076240e-02	6.731900e-03	2.876950e-02
161           	4.835090e-02	3.039090e-02	6.659110e-03	2.789900e-02
162           	4.803890e-02	2.975000e-02	6.620400e-03	2.729900e-02
163           	4.815770e-02	2.904500e-02	6.540140e-03	2.671280e-02
164           	4.856800e-02	2.855810e-02	6.540460e-03	2.613010e-02
165           	4.939720e-02	2.863240e-02	6.625300e-03	2.639000e-02
166           	5.022050e-02	2.889180e-02	6.668360e-03	2.708420e-02
167           	5.063350e-02	2.929370e-02	6.802110e-03	2.806780e-02
168           	5.072800e-02	2.966650e-02	7.034850e-03	2.935980e-02
169           	5.069440e-02	3.060390e-02	7.412560e-03	3.102050e-02
170           	5.166660e-02	3.203350e-02	7.840630e-03	3.311080e-02
171           	5.242950e-02	3.355780e-02	8.251800e-03	3.523100e-02
172           	5.277480e-02	3.541530e-02	8.692790e-03	3.739140e-02
173           	5.286410e-02	3.737410e-02	9.224520e-03	3.901370e-02
174           	5.406870e-02	3.995710e-02	9.826370e-03	4.042670e-02
175           	5.730060e-02	4.254840e-02	1.035680e-02	4.165720e-02
176           	6.146910e-02	4.339590e-02	1.066250e-02	4.203760e-02
177           	6.441050e-02	4.350940e-02	1.063900e-02	4.190900e-02
178           	6.593300e-02	4.239300e-02	1.043600e-02	4.132530e-02
179           	6.573060e-02	4.029260e-02	1.010070e-02	4.049700e-02
180           	6.507240e-02	3.829660e-02	9.776880e-03	3.944520e-02
181           	6.468910e-02	3.769380e-02	9.519590e-03	3.876680e-02
182           	6.414490e-02	3.815450e-02	9.351650e-03	3.794850e-02
183           	6.192210e-02	3.970560e-02	9.424930e-03	3.746590e-02
184           	5.984460e-02	4.175120e-02	9.719310e-03	3.739640e-02
185           	5.966690e-02	4.381770e-02	9.970040e-03	3.775110e-02
186           	6.003110e-02	4.462380e-02	1.030260e-02	3.838160e-02
187           	5.916790e-02	4.350590e-02	1.054440e-02	3.835380e-02
188           	5.735460e-02	4.074580e-02	1.031980e-02	3.720890e-02
189           	5.417340e-02	3.743560e-02	9.734030e-03	3.571030e-02
190           	5.015690e-02	3.449370e-02	8.984900e-03	3.341120e-02
191           	4.639800e-02	3.272250e-02	8.146800e-03	3.031500e-02
192           	4.268890e-02	3.151780e-02	7.295310e-03	2.793660e-02
193           	3.982780e-02	3.071550e-02	6.563370e-03	2.665490e-02
194           	3.843520e-02	3.011010e-02	6.090680e-03	2.541990e-02
195           	3.820170e-02	2.939930e-02	5.833690e-03	2.461580e-02
196           	3.813300e-02	2.839560e-02	5.710230e-03	2.416600e-02
197           	3.798470e-02	2.716150e-02	5.517070e-03	2.354050e-02
198           	3.752210e-02	2.575800e-02	5.220830e-03	2.265010e-02
199           	3.672470e-02	2.419650e-02	4.876500e-03	2.134240e-02
200           	3.583530e-02	2.224950e-02	4.525230e-03	1.965450e-02
201           	3.464570e-02	2.021740e-02	4.239950e-03	1.804350e-02
202           	3.311990e-02	1.836640e-02	4.003580e-03	1.675210e-02
203           	3.132100e-02	1.697310e-02	3.839140e-03	1.588850e-02
204           	2.951720e-02	1.610040e-02	3.748420e-03	1.565910e-02
205           	2.785780e-02	1.569630e-02	3.693150e-03	1.566260e-02
206           	2.673300e-02	1.562330e-02	3.666190e-03	1.570630e-02
207           	2.641450e-02	1.581070e-02	3.670830e-03	1.572210e-02
208           	2.658400e-02	1.617560e-02	3.714130e-03	1.576450e-02
209           	2.688140e-02	1.658940e-02	3.797840e-03	1.585880e-02
210           	2.713950e-02	1.713050e-02	3.903150e-03	1.606820e-02
211           	2.728810e-02	1.764080e-02	4.025310e-03	1.637380e-02
212           	2.745380e-02	1.785380e-02	4.089690e-03	1.659790e-02
213           	2.743800e-02	1.770050e-02	4.066010e-03	1.654860e-02
214           	2.691160e-02	1.713850e-02	3.967780e-03	1.623020e-02
215           	2.614860e-02	1.606050e-02	3.822320e-03	1.547590e-02
216           	2.513990e-02	1.496090e-02	3.622480e-03	1.460240e-02
217           	2.393910e-02	1.405940e-02	3.388270e-03	1.360950e-02
218           	2.255100e-02	1.351010e-02	3.207150e-03	1.289090e-02
219           	2.112740e-02	1.320300e-02	3.090100e-03	1.217540e-02
220           	1.992480e-02	1.308910e-02	3.031260e-03	1.149710e-02
221           	1.901330e-02	1.301530e-02	3.019480e-03	1.097290e-02
222           	1.828410e-02	1.291020e-02	2.992060e-03	1.058490e-02
223           	1.771710e-02	1.262940e-02	2.913050e-03	1.022510e-02
224           	1.715110e-02	1.201240e-02	2.750920e-03	9.783950e-03
225           	1.650510e-02	1.113660e-02	2.530530e-03	9.291170e-03
226           	1.575160e-02	1.017790e-02	2.303270e-03	8.775900e-03
227           	1.495760e-02	9.354950e-03	2.095480e-03	8.256310e-03
228           	1.425920e-02	8.767970e-03	1.924600e-03	7.839070e-03
229           	1.377180e-02	8.438340e-03	1.808380e-03	7.541400e-03
230           	1.353400e-02	8.351150e-03	1.754240e-03	7.367280e-03
231           	1.339710e-02	8.517520e-03	1.742530e-03	7.343520e-03
232           	1.328840e-02	8.702450e-03	1.751700e-03	7.344520e-03
233           	1.318200e-02	8.827480e-03	1.762500e-03	7.308930e-03
234           	1.298700e-02	8.825040e-03	1.754410e-03	7.219170e-03
235           	1.261800e-02	8.645620e-03	1.714520e-03	7.066650e-03
236           	1.216950e-02	8.241480e-03	1.644460e-03	6.832100e-03
237           	1.167020e-02	7.750730e-03	1.555200e-03	6.578770e-03
238           	1.126410e-02	7.215380e-03	1.463800e-03	6.408330e-03
239           	1.096970e-02	6.751490e-03	1.399980e-03	6.308830e-03
240           	1.084810e-02	6.467290e-03	1.367390e-03	6.320760e-03
241           	1.070790e-02	6.454910e-03	1.357740e-03	6.438010e-03
242           	1.063930e-02	6.558910e-03	1.365230e-03	6.551990e-03
243           	1.058510e-02	6.681910e-03	1.380140e-03	6.608000e-03
244           	1.051010e-02	6.770270e-03	1.391330e-03	6.585250e-03
245           	1.040870e-02	6.767780e-03	1.391150e-03	6.479500e-03
246           	1.023400e-02	6.666330e-03	1.371630e-03	6.303120e-03
247           	9.983080e-03	6.394870e-03	1.328100e-03	6.027900e-03
248           	9.636570e-03	6.064740e-03	1.263160e-03	5.713820e-03
249           	9.202860e-03	5.707940e-03	1.183060e-03	5.365450e-03
250           	8.740820e-03	5.331480e-03	1.098970e-03	5.013310e-03
251           	8.327700e-03	4.953280e-03	1.020370e-03	4.687190e-03
252           	7.959750e-03	4.620320e-03	9.551610e-04	4.388860e-03
253           	7.623530e-03	4.404750e-03	9.064040e-04	4.197550e-03
254           	7.335200e-03	4.264160e-03	8.750990e-04	4.076610e-03
255           	7.083710e-03	4.170300e-03	8.577710e-04	4.021930e-03
256           	6.868210e-03	4.096620e-03	8.524340e-04	4.018510e-03
257           	6.692550e-03	4.046810e-03	8.495120e-04	4.036130e-03
258           	6.561080e-03	4.013010e-03	8.423570e-04	4.039100e-03
259           	6.465500e-03	3.971100e-03	8.275970e-04	4.004660e-03
260           	6.397720e-03	3.910060e-03	8.068250e-04	3.933400e-03
261           	6.337090e-03	3.835290e-03	7.853900e-04	3.837260e-03
262           	6.270670e-03	3.763700e-03	7.682710e-04	3.750480e-03
263           	6.208890e-03	3.705300e-03	7.581030e-04	3.686610e-03
264           	6.181650e-03	3.669230e-03	7.553390e-04	3.640590e-03
265           	6.186820e-03	3.650500e-03	7.586690e-04	3.602490e-03
266           	6.214460e-03	3.655940e-03	7.655310e-04	3.584170e-03
267           	6.258740e-03	3.672500e-03	7.727260e-04	3.587640e-03
268           	6.315240e-03	3.705170e-03	7.786500e-04	3.604780e-03
269           	6.380610e-03	3.756500e-03	7.824000e-04	3.650710e-03
270           	6.447120e-03	3.808310e-03	7.841870e-04	3.710500e-03
271           	6.515780e-03	3.859680e-03	7.847170e-04	3.788300e-03
272           	6.593460e-03	3.908400e-03	7.836550e-04	3.868030e-03
273           	6.681650e-03	3.948160e-03	7.803780e-04	3.939120e-03
274           	6.763610e-03	3.971930e-03	7.745360e-04	3.993130e-03
275           	6.829500e-03	3.988450e-03	7.660780e-04	4.016750e-03
276           	6.878720e-03	4.010050e-03	7.564730e-04	4.021720e-03
277           	6.909600e-03	4.023140e-03	7.483820e-04	4.017650e-03
278           	6.922650e-03	4.039360e-03	7.445170e-04	4.008070e-03
279           	6.923890e-03	4.057610e-03	7.426650e-04	3.993210e-03
280           	6.915410e-03	4.058130e-03	7.407950e-04	3.965540e-03
281           	6.883600e-03	4.030750e-03	7.374560e-04	3.916730e-03
282           	6.825120e-03	3.974460e-03	7.315740e-04	3.845820e-03
283           	6.733070e-03	3.888660e-03	7.200370e-04	3.753520e-03
284           	6.610450e-03	3.776190e-03	7.025510e-04	3.636360e-03
285           	6.448610e-03	3.638650e-03	6.795260e-04	3.492820e-03
286           	6.250040e-03	3.483810e-03	6.519220e-04	3.335100e-03
287           	6.014520e-03	3.316910e-03	6.210050e-04	3.173640e-03
288           	5.751600e-03	3.142010e-03	5.887450e-04	3.014750e-03
289           	5.484380e-03	2.960670e-03	5.573470e-04	2.856620e-03
290           	5.224830e-03	2.791120e-03	5.277680e-04	2.710640e-03
291           	4.968470e-03	2.635900e-03	5.016220e-04	2.582340e-03
292           	4.721460e-03	2.500470e-03	4.789940e-04	2.470660e-03
293           	4.491550e-03	2.387570e-03	4.603140e-04	2.373290e-03
294           	4.278760e-03	2.300200e-03	4.456110e-04	2.295830e-03
295           	4.093260e-03	2.235530e-03	4.336820e-04	2.235500e-03
296           	3.930890e-03	2.191650e-03	4.234980e-04	2.195330e-03
297           	3.797660e-03	2.147970e-03	4.143810e-04	2.156710e-03
298           	3.693730e-03	2.094210e-03	4.052880e-04	2.106050e-03
299           	3.606640e-03	2.043410e-03	3.958820e-04	2.051590e-03
300           	3.528860e-03	1.992240e-03	3.856020e-04	1.994400e-03
301           	3.456840e-03	1.937700e-03	3.750270e-04	1.935810e-03
302           	3.391740e-03	1.882470e-03	3.641110e-04	1.876630e-03
303           	3.332530e-03	1.829430e-03	3.534130e-04	1.822100e-03
304           	3.274760e-03	1.779570e-03	3.431960e-04	1.773220e-03
305           	3.217530e-03	1.735230e-03	3.343320e-04	1.734250e-03
306           	3.163980e-03	1.702140e-03	3.271440e-04	1.706640e-03
307           	3.120690e-03	1.681270e-03	3.215250e-04	1.686130e-03
308           	3.083370e-03	1.679070e-03	3.167050e-04	1.684060e-03
309           	3.052940e-03	1.687020e-03	3.134690e-04	1.690800e-03
310           	3.029900e-03	1.705510e-03	3.126220e-04	1.704910e-03
311           	3.017350e-03	1.733360e-03	3.143720e-04	1.725260e-03
312           	3.019870e-03	1.772100e-03	3.190390e-04	1.750680e-03
313           	3.032550e-03	1.824870e-03	3.274130e-04	1.778390e-03
314           	3.057380e-03	1.887130e-03	3.377270e-04	1.812470e-03
315           	3.089640e-03	1.954530e-03	3.494550e-04	1.853030e-03
316           	3.133870e-03	2.022040e-03	3.607640e-04	1.904430e-03
317           	3.186180e-03	2.092050e-03	3.727320e-04	1.957160e-03
318           	3.245540e-03	2.161650e-03	3.848430e-04	2.006860e-03
319           	3.309030e-03	2.226440e-03	3.974400e-04	2.054960e-03
320           	3.373000e-03	2.285990e-03	4.099140e-04	2.100960e-03
321           	3.433750e-03	2.337080e-03	4.212280e-04	2.141990e-03
322           	3.490680e-03	2.379440e-03	4.307200e-04	2.174860e-03
323           	3.552600e-03	2.414040e-03	4.379770e-04	2.196600e-03
324           	3.590710e-03	2.429900e-03	4.434900e-04	2.215610e-03
325           	3.640260e-03	2.444430e-03	4.459090e-04	2.219790e-03
326           	3.678820e-03	2.440400e-03	4.466950e-04	2.220480e-03
327           	3.715970e-03	2.431040e-03	4.452260e-04	2.213890e-03
328           	3.746070e-03	2.415990e-03	4.421870e-04	2.201520e-03
329           	3.770540e-03	2.396340e-03	4.375800e-04	2.182690e-03
330           	3.793880e-03	2.375780e-03	4.323530e-04	2.165770e-03
331           	3.815780e-03	2.354320e-03	4.266060e-04	2.151530e-03
332           	3.838150e-03	2.335070e-03	4.208470e-04	2.143740e-03
333           	3.859830e-03	2.322410e-03	4.159120e-04	2.139480e-03
334           	3.893100e-03	2.315350e-03	4.117790e-04	2.139460e-03
335           	3.935630e-03	2.318850e-03	4.092020e-04	2.152420e-03
336           	3.975670e-03	2.321580e-03	4.073100e-04	2.172720e-03
337           	4.015970e-03	2.327780e-03	4.058140e-04	2.196010e-03
338           	4.031150e-03	2.329680e-03	4.047260e-04	2.226360e-03
339           	4.052750e-03	2.321990e-03	4.034220e-04	2.241750e-03
340           	4.072260e-03	2.309810e-03	4.034290e-04	2.251330e-03
341           	4.081770e-03	2.287520e-03	4.028000e-04	2.254710e-03
342           	4.080320e-03	2.257290e-03	4.014030e-04	2.249790e-03
343           	4.058700e-03	2.221270e-03	3.977920e-04	2.228340e-03
344           	4.006500e-03	2.168600e-03	3.914680e-04	2.192960e-03
345           	3.927500e-03	2.102960e-03	3.822120e-04	2.141050e-03
346           	3.824620e-03	2.024650e-03	3.705430e-04	2.073010e-03
347           	3.695870e-03	1.936640e-03	3.576590e-04	1.993500e-03
348           	3.545040e-03	1.839460e-03	3.447660e-04	1.903280e-03
349           	3.374190e-03	1.739940e-03	3.331500e-04	1.809840e-03
350           	3.190430e-03	1.652850e-03	3.240150e-04	1.722460e-03
351           	3.008440e-03	1.590420e-03	3.183000e-04	1.649170e-03
352           	2.838380e-03	1.558410e-03	3.167280e-04	1.599520e-03
353           	2.685720e-03	1.558810e-03	3.182980e-04	1.577300e-03
354           	2.548790e-03	1.583140e-03	3.241580e-04	1.571430e-03
355           	2.455630e-03	1.617220e-03	3.305560e-04	1.576660e-03
356           	2.415380e-03	1.649740e-03	3.366230e-04	1.587650e-03
357           	2.415520e-03	1.673830e-03	3.407940e-04	1.600460e-03
358           	2.438900e-03	1.687130e-03	3.441150e-04	1.613710e-03
359           	2.464450e-03	1.687340e-03	3.464760e-04	1.631000e-03
360           	2.485030e-03	1.678130e-03	3.486750e-04	1.649850e-03
361           	2.500590e-03	1.660670e-03	3.492010e-04	1.666110e-03
362           	2.511010e-03	1.638350e-03	3.476420e-04	1.675560e-03
363           	2.505080e-03	1.615240e-03	3.446040e-04	1.673640e-03
364           	2.492360e-03	1.599520e-03	3.401020e-04	1.664430e-03
365           	2.475910e-03	1.587700e-03	3.342490e-04	1.656740e-03
366           	2.462790e-03	1.583620e-03	3.286940e-04	1.653030e-03
367           	2.468490e-03	1.589320e-03	3.251350e-04	1.652300e-03
368           	2.484350e-03	1.598610e-03	3.248600e-04	1.656410e-03
369           	2.515460e-03	1.616270e-03	3.279090e-04	1.663500e-03
370           	2.562200e-03	1.639510e-03	3.335900e-04	1.670280e-03
371           	2.615180e-03	1.668880e-03	3.403710e-04	1.678340e-03
372           	2.666350e-03	1.705950e-03	3.472920e-04	1.691050e-03
373           	2.716670e-03	1.750010e-03	3.538520e-04	1.711760e-03
374           	2.765320e-03	1.797170e-03	3.601490e-04	1.743270e-03
375           	2.825600e-03	1.843120e-03	3.656070e-04	1.785690e-03
376           	2.894660e-03	1.887900e-03	3.713600e-04	1.828150e-03
377           	2.959360e-03	1.930720e-03	3.770350e-04	1.870210e-03
378           	3.037060e-03	1.979210e-03	3.822490e-04	1.908920e-03
379           	3.119540e-03	2.021230e-03	3.880170e-04	1.949290e-03
380           	3.206540e-03	2.061920e-03	3.937230e-04	1.985070e-03
381           	3.295340e-03	2.098470e-03	3.994560e-04	2.018980e-03
382           	3.379690e-03	2.133650e-03	4.043150e-04	2.047310e-03
383           	3.462990e-03	2.153260e-03	4.077860e-04	2.061020e-03
384           	3.539770e-03	2.170190e-03	4.100240e-04	2.073280e-03
385           	3.608100e-03	2.186090e-03	4.108610e-04	2.081030e-03
386           	3.670590e-03	2.197040e-03	4.099420e-04	2.087360e-03
387           	3.720620e-03	2.201570e-03	4.074220e-04	2.086710e-03
388           	3.758370e-03	2.195400e-03	4.039380e-04	2.087660e-03
389           	3.781820e-03	2.176860e-03	3.994590e-04	2.082260e-03
390           	3.787710e-03	2.144920e-03	3.933860e-04	2.067180e-03
391           	3.770540e-03	2.105260e-03	3.858410e-04	2.045220e-03
392           	3.750310e-03	2.053230e-03	3.755570e-04	2.021860e-03
393           	3.706480e-03	1.990530e-03	3.643310e-04	1.977560e-03
394           	3.641680e-03	1.920150e-03	3.512000e-04	1.926630e-03
395           	3.557820e-03	1.841770e-03	3.368370e-04	1.862430e-03
396           	3.451970e-03	1.756710e-03	3.217480e-04	1.790020e-03
397           	3.328510e-03	1.666790e-03	3.060150e-04	1.711330e-03
398           	3.187910e-03	1.574840e-03	2.906990e-04	1.624470e-03
399           	3.031990e-03	1.487750e-03	2.764230e-04	1.537510e-03
400           	2.864210e-03	1.410220e-03	2.645380e-04	1.454360e-03
401           	2.694170e-03	1.347760e-03	2.557290e-04	1.381290e-03
402           	2.527080e-03	1.302910e-03	2.498820e-04	1.323450e-03
403           	2.370370e-03	1.277350e-03	2.482190e-04	1.281820e-03
404           	2.234900e-03	1.269570e-03	2.503800e-04	1.257310e-03
405           	2.131810e-03	1.280790e-03	2.549570e-04	1.250060e-03
406           	2.061700e-03	1.304150e-03	2.609320e-04	1.254000e-03
407           	2.013010e-03	1.331240e-03	2.671580e-04	1.263410e-03
408           	1.986290e-03	1.356900e-03	2.728190e-04	1.272600e-03
409           	1.982010e-03	1.374760e-03	2.768400e-04	1.278040e-03
410           	1.984290e-03	1.381580e-03	2.782070e-04	1.278170e-03
411           	1.988730e-03	1.374200e-03	2.771630e-04	1.272550e-03
412           	1.990110e-03	1.352540e-03	2.728290e-04	1.259940e-03
413           	1.982840e-03	1.317980e-03	2.652760e-04	1.236750e-03
414           	1.965580e-03	1.271980e-03	2.545920e-04	1.202970e-03
415           	1.935620e-03	1.218710e-03	2.417600e-04	1.158680e-03
416           	1.896980e-03	1.162620e-03	2.277740e-04	1.107610e-03
417           	1.851400e-03	1.108000e-03	2.137840e-04	1.055140e-03
418           	1.802010e-03	1.058210e-03	2.009980e-04	1.003170e-03
419           	1.754600e-03	1.017710e-03	1.902040e-04	9.576550e-04
420           	1.714390e-03	9.863120e-04	1.821430e-04	9.209230e-04
421           	1.679540e-03	9.630950e-04	1.765190e-04	8.919920e-04
422           	1.658460e-03	9.479780e-04	1.730630e-04	8.706220e-04
423           	1.640310e-03	9.409450e-04	1.709960e-04	8.605470e-04
424           	1.627470e-03	9.397120e-04	1.698990e-04	8.507920e-04
425           	1.618340e-03	9.429380e-04	1.690040e-04	8.457200e-04
426           	1.617280e-03	9.493870e-04	1.681890e-04	8.469070e-04
427           	1.624410e-03	9.597430e-04	1.677110e-04	8.532840e-04
428           	1.639670e-03	9.737950e-04	1.679760e-04	8.673210e-04
429           	1.663380e-03	9.909640e-04	1.694140e-04	8.878410e-04
430           	1.695880e-03	1.011270e-03	1.719020e-04	9.099460e-04
431           	1.735990e-03	1.032060e-03	1.751520e-04	9.344940e-04
432           	1.775030e-03	1.054470e-03	1.792160e-04	9.594860e-04
433           	1.816140e-03	1.079650e-03	1.833420e-04	9.804540e-04
434           	1.856930e-03	1.096070e-03	1.876650e-04	9.955390e-04
435           	1.894810e-03	1.110690e-03	1.917230e-04	1.010450e-03
436           	1.927260e-03	1.121430e-03	1.947640e-04	1.021970e-03
437           	1.952350e-03	1.129210e-03	1.965190e-04	1.028630e-03
438           	1.970450e-03	1.133380e-03	1.968820e-04	1.030840e-03
439           	1.982560e-03	1.131810e-03	1.958490e-04	1.027560e-03
440           	1.988160e-03	1.125660e-03	1.935490e-04	1.019670e-03
441           	1.987560e-03	1.112740e-03	1.903840e-04	1.010190e-03
442           	1.980970e-03	1.099730e-03	1.862690e-04	9.991580e-04
443           	1.972580e-03	1.084120e-03	1.814850e-04	9.864350e-04
444           	1.962270e-03	1.066790e-03	1.765650e-04	9.724310e-04
445           	1.951770e-03	1.049770e-03	1.717140e-04	9.609100e-04
446           	1.940830e-03	1.033940e-03	1.673910e-04	9.495930e-04
447           	1.930610e-03	1.019930e-03	1.638160e-04	9.421860e-04
448           	1.922950e-03	1.007270e-03	1.607860e-04	9.372060e-04
449           	1.915790e-03	9.968320e-04	1.586560e-04	9.363370e-04
450           	1.907240e-03	9.882710e-04	1.569920e-04	9.387730e-04
451           	1.898360e-03	9.797390e-04	1.557070e-04	9.431910e-04
452           	1.887190e-03	9.717560e-04	1.547010e-04	9.468670e-04
453           	1.871910e-03	9.624440e-04	1.537620e-04	9.492710e-04
454           	1.851100e-03	9.519890e-04	1.527880e-04	9.486300e-04
455           	1.823550e-03	9.380040e-04	1.514950e-04	9.445560e-04
456           	1.784420e-03	9.192070e-04	1.500590e-04	9.358870e-04
457           	1.739470e-03	8.985440e-04	1.485460e-04	9.202760e-04
458           	1.688860e-03	8.721870e-04	1.468190e-04	9.001790e-04
459           	1.627680e-03	8.379210e-04	1.447420e-04	8.757340e-04
460           	1.561980e-03	8.028940e-04	1.428350e-04	8.483210e-04
461           	1.494540e-03	7.704780e-04	1.411240e-04	8.188790e-04
462           	1.426710e-03	7.462050e-04	1.399590e-04	7.902910e-04
463           	1.364760e-03	7.343770e-04	1.397280e-04	7.665190e-04
464           	1.312110e-03	7.363420e-04	1.415000e-04	7.503960e-04
465           	1.273990e-03	7.550220e-04	1.447040e-04	7.470140e-04
466           	1.255370e-03	7.823260e-04	1.496600e-04	7.543750e-04
467           	1.257190e-03	8.103200e-04	1.558010e-04	7.681130e-04
468           	1.282440e-03	8.410640e-04	1.615720e-04	7.879990e-04
469           	1.322450e-03	8.714270e-04	1.669800e-04	8.095980e-04
470           	1.369610e-03	9.003080e-04	1.716020e-04	8.309570e-04
471           	1.422460e-03	9.255380e-04	1.749600e-04	8.507790e-04
472           	1.473850e-03	9.453230e-04	1.771260e-04	8.681740e-04
473           	1.521200e-03	9.610100e-04	1.782260e-04	8.809970e-04
474           	1.564390e-03	9.736510e-04	1.784760e-04	8.914970e-04
475           	1.604590e-03	9.855850e-04	1.781180e-04	8.998210e-04
476           	1.643420e-03	9.976700e-04	1.775710e-04	9.082600e-04
477           	1.682110e-03	1.011950e-03	1.769970e-04	9.160220e-04
478           	1.722840e-03	1.030240e-03	1.770210e-04	9.287480e-04
479           	1.767040e-03	1.052790e-03	1.780550e-04	9.460040e-04
480           	1.816650e-03	1.079910e-03	1.803710e-04	9.680110e-04
481           	1.873270e-03	1.109770e-03	1.835980e-04	9.917870e-04
482           	1.936060e-03	1.143280e-03	1.876120e-04	1.019160e-03
483           	2.003860e-03	1.178770e-03	1.922800e-04	1.048640e-03
484           	2.074620e-03	1.212820e-03	1.970470e-04	1.083190e-03
485           	2.139930e-03	1.245510e-03	2.014130e-04	1.118490e-03
486           	2.193040e-03	1.272520e-03	2.056670e-04	1.149100e-03
487           	2.243600e-03	1.293960e-03	2.091080e-04	1.181300e-03
488           	2.289500e-03	1.308310e-03	2.126720e-04	1.208530e-03
489           	2.322780e-03	1.312620e-03	2.152910e-04	1.229280e-03
490           	2.340330e-03	1.308910e-03	2.169220e-04	1.241210e-03
491           	2.337210e-03	1.287400e-03	2.165900e-04	1.235660e-03
492           	2.322330e-03	1.261530e-03	2.142290e-04	1.221800e-03
493           	2.292520e-03	1.232420e-03	2.105720e-04	1.203100e-03
494           	2.248670e-03	1.194680e-03	2.051340e-04	1.176730e-03
495           	2.189320e-03	1.148490e-03	1.981440e-04	1.141620e-03
496           	2.115520e-03	1.094020e-03	1.897660e-04	1.098320e-03
497           	2.026990e-03	1.033210e-03	1.804860e-04	1.049110e-03
498           	1.931480e-03	9.690520e-04	1.712120e-04	9.961060e-04
499           	1.828620e-03	9.073990e-04	1.628720e-04	9.401390e-04
500           	1.715980e-03	8.525280e-04	1.563180e-04	8.895800e-04
501           	1.604470e-03	8.093150e-04	1.523360e-04	8.449430e-04
502           	1.500590e-03	7.831660e-04	1.514030e-04	8.099750e-04
503           	1.413140e-03	7.745620e-04	1.540970e-04	7.910840e-04
504           	1.344320e-03	7.906660e-04	1.605770e-04	7.898720e-04
505           	1.300900e-03	8.241600e-04	1.690220e-04	8.054390e-04
506           	1.286890e-03	8.626810e-04	1.774010e-04	8.334790e-04
507           	1.300710e-03	9.017050e-04	1.855850e-04	8.631560e-04
508           	1.337420e-03	9.396840e-04	1.926270e-04	8.891680e-04
509           	1.387060e-03	9.717230e-04	1.978690e-04	9.122570e-04
510           	1.442990e-03	9.954810e-04	2.009510e-04	9.287450e-04
511           	1.494800e-03	1.009780e-03	2.014260e-04	9.379340e-04
512           	1.538530e-03	1.013070e-03	1.995380e-04	9.387910e-04
513           	1.570800e-03	1.007440e-03	1.955290e-04	9.309870e-04
514           	1.592340e-03	9.944040e-04	1.896890e-04	9.153970e-04
515           	1.604160e-03	9.775370e-04	1.826740e-04	8.949410e-04
516           	1.607640e-03	9.575870e-04	1.752260e-04	8.708000e-04
517           	1.605480e-03	9.377240e-04	1.676990e-04	8.470540e-04
518           	1.604160e-03	9.197340e-04	1.607650e-04	8.243570e-04
519           	1.600910e-03	9.043450e-04	1.553940e-04	8.090740e-04
520           	1.598530e-03	8.992650e-04	1.513350e-04	7.997480e-04
521           	1.600220e-03	8.995470e-04	1.483150e-04	7.961390e-04
522           	1.607710e-03	9.058410e-04	1.468590e-04	7.974560e-04
523           	1.620530e-03	9.163260e-04	1.469630e-04	8.052790e-04
524           	1.640950e-03	9.321350e-04	1.483300e-04	8.203710e-04
525           	1.670790e-03	9.547570e-04	1.508170e-04	8.407960e-04
526           	1.708380e-03	9.799360e-04	1.541240e-04	8.674840e-04
527           	1.754960e-03	1.010750e-03	1.582160e-04	8.997190e-04
528           	1.801450e-03	1.045030e-03	1.633020e-04	9.373690e-04
529           	1.859090e-03	1.078110e-03	1.688930e-04	9.702820e-04
530           	1.920660e-03	1.113340e-03	1.757900e-04	1.006540e-03
531           	1.985690e-03	1.149650e-03	1.834340e-04	1.047480e-03
532           	2.049730e-03	1.184560e-03	1.913420e-04	1.089710e-03
533           	2.103230e-03	1.216960e-03	1.991050e-04	1.131350e-03
534           	2.160660e-03	1.244850e-03	2.056500e-04	1.170880e-03
535           	2.205640e-03	1.261700e-03	2.110520e-04	1.201120e-03
536           	2.230320e-03	1.261760e-03	2.143640e-04	1.215660e-03
537           	2.243030e-03	1.258780e-03	2.156750e-04	1.219420e-03
538           	2.239270e-03	1.247570e-03	2.149180e-04	1.214900e-03
539           	2.217870e-03	1.221860e-03	2.120050e-04	1.198380e-03
540           	2.177410e-03	1.183300e-03	2.073000e-04	1.171450e-03
541           	2.119490e-03	1.134670e-03	2.006660e-04	1.135280e-03
542           	2.044940e-03	1.078370e-03	1.925800e-04	1.091990e-03
543           	1.963260e-03	1.017880e-03	1.842700e-04	1.042430e-03
544           	1.864940e-03	9.553870e-04	1.777090e-04	9.906810e-04
545           	1.763590e-03	9.026040e-04	1.735410e-04	9.439390e-04
546           	1.663630e-03	8.764300e-04	1.724570e-04	9.115420e-04
547           	1.572260e-03	8.729300e-04	1.749930e-04	8.939890e-04
548           	1.503870e-03	8.929880e-04	1.810670e-04	8.977000e-04
549           	1.463310e-03	9.333330e-04	1.899810e-04	9.180270e-04
550           	1.450130e-03	9.819830e-04	2.004110e-04	9.506760e-04
551           	1.467780e-03	1.030240e-03	2.102890e-04	9.841890e-04
552           	1.514400e-03	1.074700e-03	2.183110e-04	1.013270e-03
553           	1.577590e-03	1.109680e-03	2.237590e-04	1.036300e-03
554           	1.643000e-03	1.131800e-03	2.261810e-04	1.051730e-03
555           	1.702490e-03	1.140870e-03	2.255930e-04	1.057510e-03
556           	1.749430e-03	1.138270e-03	2.222180e-04	1.055460e-03
557           	1.782050e-03	1.123860e-03	2.167380e-04	1.044820e-03
558           	1.801550e-03	1.102940e-03	2.093360e-04	1.025610e-03
559           	1.809730e-03	1.079070e-03	2.006740e-04	1.001960e-03
560           	1.809940e-03	1.056480e-03	1.917860e-04	9.766190e-04
561           	1.807390e-03	1.037600e-03	1.834290e-04	9.529150e-04
562           	1.806730e-03	1.025200e-03	1.761650e-04	9.333440e-04
563           	1.810420e-03	1.020450e-03	1.707850e-04	9.203510e-04
564           	1.819860e-03	1.023750e-03	1.674520e-04	9.146490e-04
565           	1.837350e-03	1.034910e-03	1.661540e-04	9.162080e-04
566           	1.865200e-03	1.051760e-03	1.665570e-04	9.244550e-04
567           	1.902730e-03	1.073700e-03	1.683460e-04	9.381170e-04
568           	1.949980e-03	1.099830e-03	1.709950e-04	9.610050e-04
569           	2.001630e-03	1.125680e-03	1.740510e-04	9.914510e-04
570           	2.053380e-03	1.151160e-03	1.775230e-04	1.023030e-03
571           	2.104680e-03	1.177460e-03	1.815260e-04	1.056980e-03
572           	2.146980e-03	1.201030e-03	1.862300e-04	1.091400e-03
573           	2.186820e-03	1.217750e-03	1.910230e-04	1.125420e-03
574           	2.219210e-03	1.227240e-03	1.956610e-04	1.151570e-03
575           	2.229410e-03	1.227670e-03	1.997050e-04	1.168880e-03
576           	2.233080e-03	1.218130e-03	2.014560e-04	1.171610e-03
577           	2.223870e-03	1.206280e-03	2.019430e-04	1.168390e-03
578           	2.198100e-03	1.183480e-03	2.003840e-04	1.157830e-03
579           	2.154840e-03	1.151820e-03	1.969130e-04	1.137980e-03
580           	2.095660e-03	1.110790e-03	1.915830e-04	1.108250e-03
581           	2.019340e-03	1.059840e-03	1.847530e-04	1.070010e-03
582           	1.932340e-03	1.001580e-03	1.765680e-04	1.023980e-03
583           	1.833290e-03	9.398840e-04	1.687190e-04	9.716950e-04
584           	1.725680e-03	8.777710e-04	1.617290e-04	9.182890e-04
585           	1.615370e-03	8.298380e-04	1.567180e-04	8.716630e-04
586           	1.513380e-03	7.991730e-04	1.548920e-04	8.375150e-04
587           	1.426800e-03	7.921400e-04	1.570300e-04	8.214310e-04
588           	1.363360e-03	8.120050e-04	1.632500e-04	8.247110e-04
589           	1.326940e-03	8.516670e-04	1.725010e-04	8.460310e-04
590           	1.321920e-03	8.981420e-04	1.826060e-04	8.800320e-04
591           	1.349790e-03	9.472820e-04	1.922040e-04	9.168470e-04
592           	1.400430e-03	9.938670e-04	2.008210e-04	9.493560e-04
593           	1.465970e-03	1.032290e-03	2.071310e-04	9.745450e-04
594           	1.534770e-03	1.061070e-03	2.105910e-04	9.910240e-04
595           	1.594030e-03	1.076830e-03	2.110710e-04	9.968070e-04
596           	1.636490e-03	1.080500e-03	2.087800e-04	9.940870e-04
597           	1.669780e-03	1.069800e-03	2.029650e-04	9.832010e-04
598           	1.694470e-03	1.049930e-03	1.952490e-04	9.616840e-04
599           	1.703540e-03	1.024800e-03	1.867090e-04	9.305230e-04
600           	1.702090e-03	9.973570e-04	1.772360e-04	8.986820e-04
601           	1.692860e-03	9.701810e-04	1.678660e-04	8.663980e-04
602           	1.679750e-03	9.467710e-04	1.592810e-04	8.379070e-04
603           	1.671530e-03	9.280150e-04	1.523410e-04	8.139590e-04
604           	1.661150e-03	9.149980e-04	1.475230e-04	7.978400e-04
605           	1.658120e-03	9.110420e-04	1.446420e-04	7.882010e-04
606           	1.659430e-03	9.169980e-04	1.432540e-04	7.887490e-04
607           	1.669280e-03	9.295970e-04	1.435540e-04	7.944420e-04
608           	1.687080e-03	9.470710e-04	1.451380e-04	8.091160e-04
609           	1.714470e-03	9.695570e-04	1.477040e-04	8.311560e-04
610           	1.752310e-03	9.975300e-04	1.512520e-04	8.604980e-04
611           	1.794230e-03	1.029120e-03	1.555750e-04	8.936400e-04
612           	1.839260e-03	1.060860e-03	1.611940e-04	9.278390e-04
613           	1.895600e-03	1.097230e-03	1.679370e-04	9.656760e-04
614           	1.956560e-03	1.136130e-03	1.761110e-04	1.009460e-03
615           	2.020510e-03	1.174700e-03	1.848310e-04	1.056600e-03
616           	2.078150e-03	1.211210e-03	1.936170e-04	1.103070e-03
617           	2.134650e-03	1.239870e-03	2.012000e-04	1.147900e-03
618           	2.175870e-03	1.259300e-03	2.077650e-04	1.183750e-03
619           	2.199680e-03	1.262890e-03	2.124050e-04	1.203000e-03
620           	2.211540e-03	1.263330e-03	2.150360e-04	1.210330e-03
621           	2.204400e-03	1.251330e-03	2.155350e-04	1.208160e-03
622           	2.178700e-03	1.225690e-03	2.140260e-04	1.194510e-03
623           	2.134200e-03	1.187160e-03	2.097920e-04	1.169670e-03
624           	2.070020e-03	1.137750e-03	2.036940e-04	1.133990e-03
625           	1.988320e-03	1.078870e-03	1.965270e-04	1.089800e-03
626           	1.900830e-03	1.017710e-03	1.892230e-04	1.040020e-03
627           	1.802510e-03	9.569530e-04	1.846650e-04	9.893070e-04
628           	1.702250e-03	9.181080e-04	1.818760e-04	9.534840e-04
629           	1.609720e-03	9.035430e-04	1.828390e-04	9.321310e-04
630           	1.536840e-03	9.154240e-04	1.875590e-04	9.358000e-04
631           	1.492260e-03	9.515720e-04	1.955640e-04	9.553230e-04
632           	1.479880e-03	9.989330e-04	2.058980e-04	9.867360e-04
633           	1.504990e-03	1.049550e-03	2.157580e-04	1.020960e-03
634           	1.555310e-03	1.097250e-03	2.241450e-04	1.051310e-03
635           	1.621430e-03	1.135590e-03	2.303040e-04	1.074920e-03
636           	1.693890e-03	1.159550e-03	2.333470e-04	1.089060e-03
637           	1.757840e-03	1.171000e-03	2.331790e-04	1.093710e-03
638           	1.807750e-03	1.168270e-03	2.298410e-04	1.088000e-03
639           	1.841560e-03	1.153900e-03	2.238400e-04	1.072830e-03
640           	1.859610e-03	1.129540e-03	2.156560e-04	1.050570e-03
641           	1.865320e-03	1.101140e-03	2.061470e-04	1.022220e-03
642           	1.862120e-03	1.072660e-03	1.961280e-04	9.917210e-04
643           	1.854370e-03	1.049710e-03	1.868650e-04	9.634700e-04
644           	1.845650e-03	1.033640e-03	1.788090e-04	9.400980e-04
645           	1.841410e-03	1.025140e-03	1.728010e-04	9.212480e-04
646           	1.844230e-03	1.025820e-03	1.687360e-04	9.110040e-04
647           	1.854180e-03	1.034610e-03	1.671550e-04	9.100090e-04
648           	1.873610e-03	1.051660e-03	1.672370e-04	9.173870e-04
649           	1.905130e-03	1.073300e-03	1.688460e-04	9.322350e-04
650           	1.948760e-03	1.101050e-03	1.715220e-04	9.528630e-04
651           	2.001750e-03	1.132290e-03	1.748940e-04	9.832110e-04
652           	2.058050e-03	1.161870e-03	1.785890e-04	1.018750e-03
653           	2.115370e-03	1.192850e-03	1.829350e-04	1.056160e-03
654           	2.164350e-03	1.222280e-03	1.882000e-04	1.093850e-03
655           	2.213280e-03	1.246530e-03	1.937030e-04	1.133270e-03
656           	2.255540e-03	1.263690e-03	1.995870e-04	1.166420e-03
657           	2.287130e-03	1.273560e-03	2.050030e-04	1.192090e-03
658           	2.295800e-03	1.272040e-03	2.089570e-04	1.208560e-03
659           	2.297400e-03	1.262200e-03	2.105350e-04	1.209000e-03
660           	2.285440e-03	1.246240e-03	2.103400e-04	1.202980e-03
661           	2.253430e-03	1.218750e-03	2.079870e-04	1.188600e-03
662           	2.204970e-03	1.181460e-03	2.036520e-04	1.164310e-03
663           	2.138200e-03	1.134020e-03	1.974520e-04	1.129330e-03
664           	2.054210e-03	1.077590e-03	1.895330e-04	1.085380e-03
665           	1.955390e-03	1.013180e-03	1.807570e-04	1.034350e-03
666           	1.852170e-03	9.471210e-04	1.721610e-04	9.789170e-04
667           	1.740460e-03	8.836480e-04	1.654830e-04	9.221040e-04
668           	1.628480e-03	8.385000e-04	1.612730e-04	8.769360e-04
669           	1.527600e-03	8.143910e-04	1.608650e-04	8.474890e-04
670           	1.444190e-03	8.150910e-04	1.644470e-04	8.401430e-04
671           	1.389850e-03	8.424850e-04	1.714800e-04	8.523510e-04
672           	1.365450e-03	8.835100e-04	1.812630e-04	8.802780e-04
673           	1.372740e-03	9.310220e-04	1.915320e-04	9.169430e-04
674           	1.408340e-03	9.797310e-04	2.008280e-04	9.517220e-04
675           	1.463050e-03	1.024180e-03	2.085720e-04	9.812420e-04
676           	1.530300e-03	1.057570e-03	2.136730e-04	1.001690e-03
677           	1.589620e-03	1.078730e-03	2.156070e-04	1.014020e-03
678           	1.639840e-03	1.084800e-03	2.135710e-04	1.017420e-03
679           	1.676660e-03	1.078650e-03	2.090020e-04	1.008610e-03
680           	1.699330e-03	1.061680e-03	2.020650e-04	9.888920e-04
681           	1.713390e-03	1.034800e-03	1.932040e-04	9.607820e-04
682           	1.713110e-03	1.006230e-03	1.837090e-04	9.250350e-04
683           	1.704420e-03	9.769710e-04	1.739150e-04	8.890250e-04
684           	1.689440e-03	9.494590e-04	1.643670e-04	8.558820e-04
685           	1.672270e-03	9.274780e-04	1.559460e-04	8.273380e-04
686           	1.660870e-03	9.112490e-04	1.494690e-04	8.034770e-04
687           	1.648060e-03	8.997810e-04	1.452490e-04	7.884240e-04
688           	1.642280e-03	8.979020e-04	1.429340e-04	7.797480e-04
689           	1.641760e-03	9.043610e-04	1.420710e-04	7.810560e-04
690           	1.650310e-03	9.180190e-04	1.425240e-04	7.882710e-04
691           	1.666770e-03	9.348370e-04	1.440810e-04	8.020500e-04
692           	1.692140e-03	9.564150e-04	1.465050e-04	8.241600e-04
693           	1.725820e-03	9.827530e-04	1.498020e-04	8.524070e-04
694           	1.768730e-03	1.009760e-03	1.538370e-04	8.818200e-04
695           	1.812400e-03	1.040670e-03	1.591930e-04	9.140900e-04
696           	1.865960e-03	1.076410e-03	1.655470e-04	9.504430e-04
697           	1.924450e-03	1.113820e-03	1.732000e-04	9.917680e-04
698           	1.985290e-03	1.151560e-03	1.813910e-04	1.035420e-03
699           	2.040740e-03	1.186620e-03	1.896270e-04	1.079370e-03
700           	2.095630e-03	1.214490e-03	1.968260e-04	1.121170e-03
701           	2.136790e-03	1.234380e-03	2.029530e-04	1.155310e-03
702           	2.161260e-03	1.237070e-03	2.072890e-04	1.174260e-03
703           	2.175230e-03	1.238870e-03	2.099070e-04	1.182630e-03
704           	2.171050e-03	1.229470e-03	2.102790e-04	1.181950e-03
705           	2.148870e-03	1.206460e-03	2.088030e-04	1.169800e-03
706           	2.109730e-03	1.170400e-03	2.051760e-04	1.146820e-03
707           	2.051980e-03	1.124210e-03	1.992830e-04	1.114650e-03
708           	1.976340e-03	1.068190e-03	1.924020e-04	1.073580e-03
709           	1.892840e-03	1.007710e-03	1.848830e-04	1.026410e-03
710           	1.797740e-03	9.458820e-04	1.796460e-04	9.765900e-04
711           	1.697240e-03	9.010040e-04	1.761350e-04	9.366600e-04
712           	1.602970e-03	8.787780e-04	1.761390e-04	9.102360e-04
713           	1.524960e-03	8.818650e-04	1.799380e-04	9.048320e-04
714           	1.468630e-03	9.142550e-04	1.877980e-04	9.190190e-04
715           	1.445700e-03	9.597810e-04	1.974580e-04	9.481960e-04
716           	1.456860e-03	1.010370e-03	2.078150e-04	9.845730e-04
717           	1.501800e-03	1.061290e-03	2.169220e-04	1.018110e-03
718           	1.563600e-03	1.104220e-03	2.241060e-04	1.045340e-03
719           	1.636140e-03	1.134310e-03	2.284330e-04	1.063610e-03
720           	1.705900e-03	1.151520e-03	2.296090e-04	1.073030e-03
721           	1.762890e-03	1.155540e-03	2.274190e-04	1.072590e-03
722           	1.804780e-03	1.146990e-03	2.226970e-04	1.062240e-03
723           	1.830370e-03	1.127320e-03	2.157080e-04	1.044980e-03
724           	1.842420e-03	1.101310e-03	2.068910e-04	1.019920e-03
725           	1.844550e-03	1.073930e-03	1.973940e-04	9.912670e-04
726           	1.841000e-03	1.050420e-03	1.880270e-04	9.637170e-04
727           	1.834400e-03	1.032120e-03	1.796100e-04	9.392660e-04
728           	1.831420e-03	1.021620e-03	1.728070e-04	9.192360e-04
729           	1.834350e-03	1.019670e-03	1.681610e-04	9.072510e-04
730           	1.843670e-03	1.025540e-03	1.656400e-04	9.040940e-04
731           	1.861840e-03	1.039780e-03	1.650590e-04	9.083730e-04
732           	1.891380e-03	1.059400e-03	1.660390e-04	9.202920e-04
733           	1.931890e-03	1.084450e-03	1.681430e-04	9.375040e-04
734           	1.980820e-03	1.113040e-03	1.711460e-04	9.653010e-04
735           	2.033350e-03	1.140360e-03	1.744640e-04	9.987470e-04
736           	2.087050e-03	1.169630e-03	1.784710e-04	1.034030e-03
737           	2.139030e-03	1.198180e-03	1.832050e-04	1.070230e-03
738           	2.181210e-03	1.222640e-03	1.889020e-04	1.106180e-03
739           	2.221440e-03	1.239300e-03	1.944640e-04	1.141760e-03
740           	2.252970e-03	1.249230e-03	1.996820e-04	1.168120e-03
741           	2.261540e-03	1.248320e-03	2.037480e-04	1.185830e-03
742           	2.264230e-03	1.239710e-03	2.055230e-04	1.187550e-03
743           	2.252880e-03	1.225130e-03	2.056960e-04	1.183870e-03
744           	2.221960e-03	1.199220e-03	2.037600e-04	1.171140e-03
745           	2.174490e-03	1.163690e-03	1.999530e-04	1.148080e-03
746           	2.109130e-03	1.118300e-03	1.942600e-04	1.115360e-03
747           	2.026500e-03	1.063410e-03	1.868080e-04	1.073290e-03
748           	1.932780e-03	1.000970e-03	1.785000e-04	1.024390e-03
749           	1.828540e-03	9.376450e-04	1.707220e-04	9.690830e-04
750           	1.718810e-03	8.762810e-04	1.641610e-04	9.141320e-04
751           	1.608830e-03	8.323600e-04	1.600160e-04	8.701160e-04
752           	1.510180e-03	8.087690e-04	1.595650e-04	8.425920e-04
753           	1.431870e-03	8.099330e-04	1.629980e-04	8.359310e-04
754           	1.377500e-03	8.394800e-04	1.705430e-04	8.476500e-04
755           	1.354580e-03	8.804390e-04	1.800740e-04	8.762600e-04
756           	1.363960e-03	9.275800e-04	1.901790e-04	9.135370e-04
757           	1.401320e-03	9.761030e-04	1.993570e-04	9.484650e-04
758           	1.456860e-03	1.019820e-03	2.070410e-04	9.777500e-04
759           	1.524770e-03	1.053000e-03	2.121120e-04	9.984450e-04
760           	1.584360e-03	1.074420e-03	2.140690e-04	1.010190e-03
761           	1.634550e-03	1.080550e-03	2.121280e-04	1.012890e-03
762           	1.671390e-03	1.074800e-03	2.076920e-04	1.004130e-03
763           	1.694290e-03	1.057970e-03	2.007040e-04	9.838690e-04
764           	1.708650e-03	1.032160e-03	1.919090e-04	9.559140e-04
765           	1.709010e-03	1.003760e-03	1.825880e-04	9.199620e-04
766           	1.700650e-03	9.748200e-04	1.728230e-04	8.845700e-04
767           	1.686110e-03	9.476000e-04	1.633870e-04	8.515700e-04
768           	1.669590e-03	9.256440e-04	1.549540e-04	8.232950e-04
769           	1.658800e-03	9.095510e-04	1.485420e-04	8.001390e-04
770           	1.646520e-03	8.983090e-04	1.443270e-04	7.851870e-04
771           	1.641590e-03	8.970810e-04	1.421700e-04	7.769710e-04
772           	1.641880e-03	9.039610e-04	1.414100e-04	7.788140e-04
773           	1.651190e-03	9.182860e-04	1.420080e-04	7.865360e-04
774           	1.668690e-03	9.360700e-04	1.437950e-04	8.014200e-04
775           	1.695390e-03	9.584790e-04	1.463530e-04	8.240610e-04
776           	1.730110e-03	9.858290e-04	1.498040e-04	8.530880e-04
777           	1.773570e-03	1.013080e-03	1.540040e-04	8.826460e-04
778           	1.818020e-03	1.044750e-03	1.595480e-04	9.157480e-04
779           	1.872110e-03	1.081180e-03	1.660470e-04	9.529810e-04
780           	1.931260e-03	1.119120e-03	1.739060e-04	9.949560e-04
781           	1.992590e-03	1.156870e-03	1.822210e-04	1.039440e-03
782           	2.047830e-03	1.191630e-03	1.905700e-04	1.083570e-03
783           	2.102130e-03	1.218870e-03	1.977360e-04	1.125540e-03
784           	2.142220e-03	1.237880e-03	2.037960e-04	1.159370e-03
785           	2.165530e-03	1.239980e-03	2.080660e-04	1.177660e-03
786           	2.177750e-03	1.241000e-03	2.104860e-04	1.185210e-03
787           	2.171450e-03	1.229750e-03	2.106800e-04	1.183370e-03
788           	2.147250e-03	1.204900e-03	2.090700e-04	1.170040e-03
789           	2.105730e-03	1.167900e-03	2.051270e-04	1.145900e-03
790           	2.045080e-03	1.120230e-03	1.991310e-04	1.112690e-03
791           	1.967190e-03	1.063290e-03	1.922690e-04	1.070840e-03
792           	1.882350e-03	1.002970e-03	1.848680e-04	1.023230e-03
793           	1.786530e-03	9.421100e-04	1.800690e-04	9.738960e-04
794           	1.686900e-03	9.004720e-04	1.769920e-04	9.360850e-04
795           	1.594560e-03	8.821520e-04	1.775790e-04	9.124180e-04
796           	1.520700e-03	8.893650e-04	1.818640e-04	9.116380e-04
797           	1.468890e-03	9.250370e-04	1.901820e-04	9.279930e-04
798           	1.451500e-03	9.718150e-04	2.000740e-04	9.589890e-04
799           	1.470020e-03	1.022520e-03	2.102220e-04	9.953620e-04
800           	1.518230e-03	1.072590e-03	2.190060e-04	1.027820e-03
801           	1.582780e-03	1.113740e-03	2.257500e-04	1.053580e-03
802           	1.655880e-03	1.141530e-03	2.295340e-04	1.070090e-03
803           	1.723650e-03	1.156390e-03	2.301320e-04	1.077410e-03
804           	1.778150e-03	1.158190e-03	2.274340e-04	1.074700e-03
805           	1.817120e-03	1.147510e-03	2.222440e-04	1.062650e-03
806           	1.840010e-03	1.126120e-03	2.148030e-04	1.043670e-03
807           	1.849620e-03	1.099080e-03	2.057370e-04	1.017050e-03
808           	1.850190e-03	1.071740e-03	1.961090e-04	9.879660e-04
809           	1.845510e-03	1.048840e-03	1.868350e-04	9.604630e-04
810           	1.838420e-03	1.031120e-03	1.785680e-04	9.364550e-04
811           	1.835800e-03	1.021780e-03	1.720540e-04	9.172990e-04
812           	1.838930e-03	1.021000e-03	1.677390e-04	9.062760e-04
813           	1.848560e-03	1.027800e-03	1.654810e-04	9.043780e-04
814           	1.868010e-03	1.043270e-03	1.651610e-04	9.100890e-04
815           	1.898640e-03	1.063270e-03	1.662940e-04	9.224810e-04
816           	1.940420e-03	1.089080e-03	1.685250e-04	9.411280e-04
817           	1.989790e-03	1.117600e-03	1.715910e-04	9.703610e-04
818           	2.042360e-03	1.144800e-03	1.749660e-04	1.003920e-03
819           	2.095800e-03	1.174310e-03	1.790600e-04	1.039610e-03
820           	2.141740e-03	1.202350e-03	1.839860e-04	1.076180e-03
821           	2.187120e-03	1.224470e-03	1.892870e-04	1.114090e-03
822           	2.226850e-03	1.240210e-03	1.949750e-04	1.146420e-03
823           	2.255820e-03	1.248540e-03	2.002040e-04	1.170990e-03
824           	2.261940e-03	1.246670e-03	2.040390e-04	1.188020e-03
825           	2.262900e-03	1.237500e-03	2.055860e-04	1.187840e-03
826           	2.248810e-03	1.221140e-03	2.054340e-04	1.182700e-03
827           	2.215210e-03	1.194050e-03	2.032230e-04	1.168400e-03
828           	2.165490e-03	1.157180e-03	1.991460e-04	1.144000e-03
829           	2.097480e-03	1.110620e-03	1.932160e-04	1.110060e-03
830           	2.012690e-03	1.054690e-03	1.855970e-04	1.066850e-03
831           	1.917350e-03	9.917420e-04	1.772800e-04	1.017410e-03
832           	1.812380e-03	9.290000e-04	1.697310e-04	9.616930e-04
833           	1.702880e-03	8.692230e-04	1.636010e-04	9.075410e-04
834           	1.594350e-03	8.285160e-04	1.601040e-04	8.661150e-04
835           	1.497940e-03	8.090140e-04	1.604460e-04	8.417540e-04
836           	1.424090e-03	8.145140e-04	1.645060e-04	8.391660e-04
837           	1.374970e-03	8.475990e-04	1.726630e-04	8.537250e-04
838           	1.357150e-03	8.905360e-04	1.825750e-04	8.845720e-04
839           	1.372200e-03	9.386720e-04	1.925870e-04	9.223960e-04
840           	1.413600e-03	9.875010e-04	2.016150e-04	9.568760e-04
841           	1.472470e-03	1.029890e-03	2.090040e-04	9.852820e-04
842           	1.541150e-03	1.061450e-03	2.135520e-04	1.004550e-03
843           	1.599350e-03	1.080560e-03	2.150080e-04	1.014640e-03
844           	1.647420e-03	1.084560e-03	2.125250e-04	1.015790e-03
845           	1.682130e-03	1.076830e-03	2.076250e-04	1.005200e-03
846           	1.702960e-03	1.057570e-03	2.001760e-04	9.831850e-04
847           	1.714860e-03	1.030300e-03	1.910250e-04	9.539230e-04
848           	1.713150e-03	1.001020e-03	1.815100e-04	9.168950e-04
849           	1.702890e-03	9.717520e-04	1.716430e-04	8.816780e-04
850           	1.687030e-03	9.449240e-04	1.622270e-04	8.485090e-04
851           	1.669670e-03	9.238850e-04	1.540740e-04	8.204660e-04
852           	1.658500e-03	9.083060e-04	1.478980e-04	7.979100e-04
853           	1.646510e-03	8.983070e-04	1.440140e-04	7.838040e-04
854           	1.642380e-03	8.982540e-04	1.421640e-04	7.770560e-04
855           	1.643630e-03	9.059050e-04	1.416340e-04	7.800410e-04
856           	1.654370e-03	9.211140e-04	1.424750e-04	7.888590e-04
857           	1.673390e-03	9.397820e-04	1.443920e-04	8.056370e-04
858           	1.701690e-03	9.630090e-04	1.470790e-04	8.292780e-04
859           	1.738100e-03	9.911600e-04	1.506230e-04	8.593580e-04
860           	1.782650e-03	1.018720e-03	1.549400e-04	8.895150e-04
861           	1.828310e-03	1.051140e-03	1.607350e-04	9.233990e-04
862           	1.883580e-03	1.087630e-03	1.674560e-04	9.612320e-04
863           	1.943460e-03	1.126200e-03	1.754760e-04	1.004000e-03
864           	2.005360e-03	1.164010e-03	1.838440e-04	1.048920e-03
865           	2.060280e-03	1.198120e-03	1.921880e-04	1.092600e-03
866           	2.113310e-03	1.224450e-03	1.992470e-04	1.133850e-03
867           	2.145680e-03	1.241890e-03	2.050960e-04	1.166330e-03
868           	2.171910e-03	1.246640e-03	2.088950e-04	1.180580e-03
869           	2.180820e-03	1.244720e-03	2.110060e-04	1.187380e-03
870           	2.171100e-03	1.229440e-03	2.108330e-04	1.183350e-03
871           	2.143520e-03	1.201310e-03	2.087990e-04	1.167780e-03
872           	2.098420e-03	1.161620e-03	2.043660e-04	1.141840e-03
873           	2.034030e-03	1.111270e-03	1.980950e-04	1.106360e-03
874           	1.952790e-03	1.052480e-03	1.910530e-04	1.062800e-03
875           	1.866700e-03	9.914590e-04	1.837530e-04	1.014600e-03
876           	1.769390e-03	9.317840e-04	1.791740e-04	9.654800e-04
877           	1.670070e-03	8.939040e-04	1.765390e-04	9.296630e-04
878           	1.578670e-03	8.799600e-04	1.777590e-04	9.084780e-04
879           	1.509160e-03	8.919420e-04	1.825650e-04	9.118370e-04
880           	1.462340e-03	9.309910e-04	1.913750e-04	9.307000e-04
881           	1.450160e-03	9.789020e-04	2.015150e-04	9.633430e-04
882           	1.475500e-03	1.030000e-03	2.114320e-04	9.993490e-04
883           	1.525960e-03	1.078550e-03	2.198590e-04	1.030950e-03
884           	1.592790e-03	1.117360e-03	2.261510e-04	1.055100e-03
885           	1.665840e-03	1.143120e-03	2.293620e-04	1.070170e-03
886           	1.731100e-03	1.155430e-03	2.293540e-04	1.075780e-03
887           	1.783050e-03	1.155100e-03	2.262270e-04	1.071430e-03
888           	1.819230e-03	1.142690e-03	2.206960e-04	1.058360e-03
889           	1.839870e-03	1.120420e-03	2.129040e-04	1.038230e-03
890           	1.847810e-03	1.093280e-03	2.037620e-04	1.011000e-03
891           	1.847730e-03	1.066790e-03	1.941920e-04	9.822920e-04
892           	1.842710e-03	1.045200e-03	1.851650e-04	9.557110e-04
893           	1.836260e-03	1.028950e-03	1.772080e-04	9.326680e-04
894           	1.835240e-03	1.021100e-03	1.711160e-04	9.148680e-04
895           	1.839920e-03	1.022050e-03	1.672010e-04	9.055180e-04
896           	1.851190e-03	1.030140e-03	1.653030e-04	9.052750e-04
897           	1.872830e-03	1.046960e-03	1.653110e-04	9.128190e-04
898           	1.905580e-03	1.067690e-03	1.666140e-04	9.257540e-04
899           	1.949180e-03	1.094340e-03	1.690400e-04	9.456180e-04
900           	1.999400e-03	1.122910e-03	1.721200e-04	9.763900e-04
901           	2.052230e-03	1.149940e-03	1.756000e-04	1.010080e-03
902           	2.105500e-03	1.179500e-03	1.798090e-04	1.045670e-03
903           	2.150960e-03	1.206990e-03	1.848760e-04	1.082400e-03
904           	2.195170e-03	1.227930e-03	1.903030e-04	1.119950e-03
905           	2.233640e-03	1.242640e-03	1.959360e-04	1.151160e-03
906           	2.253960e-03	1.248940e-03	2.009940e-04	1.174300e-03
907           	2.262660e-03	1.249930e-03	2.042210e-04	1.187760e-03
908           	2.261950e-03	1.238730e-03	2.056450e-04	1.187010e-03
909           	2.244590e-03	1.218440e-03	2.051090e-04	1.180630e-03
910           	2.208270e-03	1.189040e-03	2.025180e-04	1.164590e-03
911           	2.155470e-03	1.149960e-03	1.980990e-04	1.138440e-03
912           	2.084050e-03	1.101210e-03	1.918540e-04	1.102610e-03
913           	1.996300e-03	1.043260e-03	1.840200e-04	1.057830e-03
914           	1.898510e-03	9.793900e-04	1.755650e-04	1.007130e-03
915           	1.792410e-03	9.167050e-04	1.681560e-04	9.506470e-04
916           	1.682370e-03	8.587430e-04	1.623560e-04	8.973140e-04
917           	1.575230e-03	8.211900e-04	1.593830e-04	8.587750e-04
918           	1.480720e-03	8.060910e-04	1.602620e-04	8.377380e-04
919           	1.411290e-03	8.156600e-04	1.648230e-04	8.381680e-04
920           	1.366910e-03	8.510330e-04	1.734380e-04	8.551410e-04
921           	1.354070e-03	8.948840e-04	1.835200e-04	8.876760e-04
922           	1.373670e-03	9.429330e-04	1.933170e-04	9.253320e-04
923           	1.418390e-03	9.913900e-04	2.021120e-04	9.590380e-04
924           	1.479280e-03	1.031850e-03	2.091280e-04	9.862650e-04
925           	1.547770e-03	1.061670e-03	2.131930e-04	1.004130e-03
926           	1.604200e-03	1.078850e-03	2.141630e-04	1.012530e-03
927           	1.650080e-03	1.081260e-03	2.113170e-04	1.012240e-03
928           	1.682790e-03	1.072280e-03	2.060690e-04	1.000240e-03
929           	1.701950e-03	1.051800e-03	1.984020e-04	9.772800e-04
930           	1.712510e-03	1.024230e-03	1.891510e-04	9.475110e-04
931           	1.709870e-03	9.952120e-04	1.796520e-04	9.103850e-04
932           	1.698950e-03	9.664530e-04	1.699380e-04	8.760720e-04
933           	1.683090e-03	9.406890e-04	1.606920e-04	8.435570e-04
934           	1.671790e-03	9.208020e-04	1.529200e-04	8.163150e-04
935           	1.657550e-03	9.049850e-04	1.474470e-04	7.971760e-04
936           	1.648600e-03	8.976540e-04	1.438240e-04	7.833530e-04
937           	1.643990e-03	9.013070e-04	1.419320e-04	7.797070e-04
938           	1.646480e-03	9.097930e-04	1.415100e-04	7.827890e-04
939           	1.658330e-03	9.248230e-04	1.426240e-04	7.920510e-04
940           	1.678690e-03	9.442240e-04	1.447340e-04	8.099180e-04
941           	1.708550e-03	9.680470e-04	1.476360e-04	8.341970e-04
942           	1.746470e-03	9.969240e-04	1.513490e-04	8.648810e-04
943           	1.786090e-03	1.025030e-03	1.558820e-04	8.956460e-04
944           	1.836700e-03	1.058710e-03	1.614590e-04	9.272660e-04
945           	1.892060e-03	1.094270e-03	1.684780e-04	9.662230e-04
946           	1.951800e-03	1.132230e-03	1.765910e-04	1.009380e-03
947           	2.007860e-03	1.168970e-03	1.848950e-04	1.054140e-03
948           	2.066170e-03	1.200180e-03	1.925380e-04	1.098720e-03
949           	2.117740e-03	1.224270e-03	1.994310e-04	1.136410e-03
950           	2.147080e-03	1.239370e-03	2.050160e-04	1.166750e-03
951           	2.170380e-03	1.242680e-03	2.085750e-04	1.179190e-03
952           	2.176400e-03	1.238930e-03	2.103020e-04	1.184110e-03
953           	2.164350e-03	1.222370e-03	2.098480e-04	1.178500e-03
954           	2.134750e-03	1.193230e-03	2.075310e-04	1.161730e-03
955           	2.087830e-03	1.153010e-03	2.028160e-04	1.135120e-03
956           	2.021990e-03	1.102310e-03	1.965130e-04	1.099080e-03
957           	1.946330e-03	1.043910e-03	1.895290e-04	1.055570e-03
958           	1.852690e-03	9.805660e-04	1.832180e-04	1.005960e-03
959           	1.755170e-03	9.246040e-04	1.789480e-04	9.596550e-04
960           	1.657890e-03	8.908830e-04	1.768110e-04	9.266700e-04
961           	1.568540e-03	8.806570e-04	1.785540e-04	9.087870e-04
962           	1.503520e-03	8.962820e-04	1.838230e-04	9.153870e-04
963           	1.461280e-03	9.378910e-04	1.929970e-04	9.361770e-04
964           	1.453440e-03	9.871330e-04	2.033610e-04	9.702380e-04
965           	1.484120e-03	1.039210e-03	2.132660e-04	1.006570e-03
966           	1.537310e-03	1.087420e-03	2.215730e-04	1.037950e-03
967           	1.606330e-03	1.125130e-03	2.275760e-04	1.061250e-03
968           	1.680160e-03	1.149690e-03	2.304780e-04	1.075400e-03
969           	1.744210e-03	1.160270e-03	2.300360e-04	1.079880e-03
970           	1.794540e-03	1.158020e-03	2.265630e-04	1.073990e-03
971           	1.828590e-03	1.143670e-03	2.206440e-04	1.059690e-03
972           	1.847150e-03	1.120070e-03	2.124690e-04	1.038050e-03
973           	1.853180e-03	1.092040e-03	2.030820e-04	1.009650e-03
974           	1.851650e-03	1.065350e-03	1.933770e-04	9.805160e-04
975           	1.845270e-03	1.043880e-03	1.842880e-04	9.537080e-04
976           	1.838420e-03	1.028240e-03	1.764240e-04	9.305380e-04
977           	1.837710e-03	1.021080e-03	1.705330e-04	9.135220e-04
978           	1.842730e-03	1.022920e-03	1.668630e-04	9.048600e-04
979           	1.854630e-03	1.032100e-03	1.652100e-04	9.054940e-04
980           	1.877490e-03	1.048940e-03	1.654580e-04	9.143240e-04
981           	1.911710e-03	1.071320e-03	1.669420e-04	9.279940e-04
982           	1.956660e-03	1.098610e-03	1.695810e-04	9.490120e-04
983           	2.007340e-03	1.127130e-03	1.726760e-04	9.815600e-04
984           	2.060550e-03	1.154760e-03	1.763080e-04	1.015390e-03
985           	2.114010e-03	1.184400e-03	1.806500e-04	1.051410e-03
986           	2.159280e-03	1.211660e-03	1.858900e-04	1.088320e-03
987           	2.202720e-03	1.231920e-03	1.914340e-04	1.126150e-03
988           	2.240230e-03	1.246000e-03	1.970360e-04	1.156590e-03
989           	2.259160e-03	1.250700e-03	2.020180e-04	1.178640e-03
990           	2.266080e-03	1.251480e-03	2.050070e-04	1.191480e-03
991           	2.263880e-03	1.239190e-03	2.061380e-04	1.189240e-03
992           	2.243480e-03	1.216890e-03	2.052720e-04	1.181200e-03
993           	2.204530e-03	1.185990e-03	2.024140e-04	1.163420e-03
994           	2.148740e-03	1.145210e-03	1.976570e-04	1.135570e-03
995           	2.074310e-03	1.094870e-03	1.911460e-04	1.098100e-03
996           	1.984180e-03	1.035570e-03	1.831480e-04	1.052090e-03
997           	1.884520e-03	9.712120e-04	1.746170e-04	1.000410e-03
998           	1.777750e-03	9.088170e-04	1.673570e-04	9.435220e-04
999           	1.667530e-03	8.526630e-04	1.619240e-04	8.911130e-04
1000          	1.561860e-03	8.182040e-04	1.594920e-04	8.548340e-04
