# Residuals   
# Time        	p             	Ux            	Uy            	Uz            
1             	1.000000e+00	5.379370e-01	1.000000e+00	4.909970e-01
2             	4.498690e-01	6.002150e-01	2.570500e-01	5.961720e-01
3             	4.794250e-02	4.893100e-01	1.587640e-01	4.603920e-01
4             	5.547040e-02	3.311840e-01	1.054360e-01	2.992600e-01
5             	8.729560e-02	2.561720e-01	8.092740e-02	2.381350e-01
6             	1.205110e-01	2.173390e-01	6.539180e-02	2.086480e-01
7             	1.318920e-01	1.851460e-01	5.622130e-02	1.775100e-01
8             	1.205910e-01	1.550210e-01	5.015820e-02	1.482620e-01
9             	1.073900e-01	1.298120e-01	4.409720e-02	1.183310e-01
10            	8.133250e-02	1.206310e-01	3.747960e-02	1.076550e-01
11            	6.495280e-02	1.115070e-01	3.161180e-02	1.031000e-01
12            	5.933510e-02	9.871920e-02	2.686150e-02	9.315290e-02
13            	5.761750e-02	8.447690e-02	2.355360e-02	8.084940e-02
14            	5.921090e-02	7.387020e-02	2.140550e-02	7.146310e-02
15            	6.468720e-02	6.690630e-02	1.978620e-02	6.527950e-02
16            	6.851600e-02	6.258140e-02	1.805810e-02	5.967690e-02
17            	7.152960e-02	5.939450e-02	1.643690e-02	5.550130e-02
18            	7.368600e-02	5.644080e-02	1.472270e-02	5.279750e-02
19            	7.448260e-02	5.353420e-02	1.302390e-02	5.061530e-02
20            	7.352600e-02	5.107350e-02	1.170270e-02	4.866340e-02
21            	7.130920e-02	4.884260e-02	1.077720e-02	4.680760e-02
22            	7.212300e-02	4.691900e-02	1.018530e-02	4.493800e-02
23            	7.437130e-02	4.539620e-02	9.931660e-03	4.349810e-02
24            	7.780020e-02	4.395930e-02	9.723600e-03	4.270160e-02
25            	7.943620e-02	4.315540e-02	9.628740e-03	4.221560e-02
26            	8.037920e-02	4.217010e-02	9.434980e-03	4.135260e-02
27            	7.956800e-02	4.167550e-02	9.412070e-03	4.124320e-02
28            	7.720000e-02	4.146100e-02	9.460350e-03	4.151340e-02
29            	7.644940e-02	4.095420e-02	9.390870e-03	4.112190e-02
30            	7.572900e-02	4.027860e-02	9.173550e-03	4.032990e-02
31            	7.627740e-02	3.970610e-02	8.872450e-03	3.932320e-02
32            	7.570690e-02	3.903110e-02	8.572290e-03	3.797660e-02
33            	7.545680e-02	3.903850e-02	8.570560e-03	3.716570e-02
34            	7.538660e-02	3.977660e-02	8.938050e-03	3.763310e-02
35            	7.408120e-02	4.110620e-02	9.457060e-03	3.955880e-02
36            	7.351290e-02	4.204130e-02	9.743790e-03	4.139340e-02
37            	7.404530e-02	4.299000e-02	9.956150e-03	4.273770e-02
38            	7.442720e-02	4.409560e-02	1.028940e-02	4.443710e-02
39            	7.600630e-02	4.610400e-02	1.077670e-02	4.715750e-02
40            	7.673990e-02	4.876190e-02	1.118440e-02	4.967240e-02
41            	7.691120e-02	5.068270e-02	1.183220e-02	5.184210e-02
42            	7.854750e-02	5.249460e-02	1.278000e-02	5.493250e-02
43            	8.144360e-02	5.341130e-02	1.381740e-02	5.845170e-02
44            	8.160920e-02	5.394820e-02	1.442910e-02	6.012480e-02
45            	7.983360e-02	5.386080e-02	1.432160e-02	5.793430e-02
46            	7.670470e-02	5.251670e-02	1.371110e-02	5.426660e-02
47            	7.357990e-02	5.031820e-02	1.286230e-02	5.082890e-02
48            	7.180110e-02	4.826610e-02	1.182850e-02	4.745270e-02
49            	7.110370e-02	4.573020e-02	1.082550e-02	4.406990e-02
50            	7.124140e-02	4.319610e-02	1.004220e-02	4.080910e-02
51            	6.925440e-02	4.037420e-02	9.273370e-03	3.772050e-02
52            	6.618430e-02	3.716340e-02	8.548700e-03	3.456840e-02
53            	6.453850e-02	3.486650e-02	8.167020e-03	3.269880e-02
54            	6.350970e-02	3.370400e-02	7.965500e-03	3.237670e-02
55            	6.188510e-02	3.330130e-02	7.800360e-03	3.234860e-02
56            	6.068680e-02	3.344150e-02	7.681260e-03	3.277180e-02
57            	6.025990e-02	3.393560e-02	7.711900e-03	3.362380e-02
58            	6.019950e-02	3.441920e-02	7.775270e-03	3.493770e-02
59            	5.995570e-02	3.456000e-02	7.906180e-03	3.574350e-02
60            	6.098470e-02	3.495750e-02	8.096080e-03	3.624120e-02
61            	6.365330e-02	3.602990e-02	8.388980e-03	3.695250e-02
62            	6.579930e-02	3.770600e-02	8.908020e-03	3.779460e-02
63            	6.782310e-02	3.919210e-02	9.620020e-03	3.888530e-02
64            	7.093070e-02	4.116530e-02	1.049890e-02	4.062570e-02
65            	7.501860e-02	4.405260e-02	1.155640e-02	4.288410e-02
66            	7.939270e-02	4.682900e-02	1.283010e-02	4.566840e-02
67            	8.483540e-02	4.998480e-02	1.407450e-02	4.916470e-02
68            	9.072670e-02	5.397120e-02	1.550860e-02	5.285920e-02
69            	9.426760e-02	5.946010e-02	1.690000e-02	5.837580e-02
70            	9.771890e-02	6.521460e-02	1.824920e-02	6.546050e-02
71            	9.880060e-02	7.026010e-02	1.940350e-02	7.219470e-02
72            	9.855160e-02	7.537040e-02	2.051880e-02	7.974300e-02
73            	1.005260e-01	8.150220e-02	2.154910e-02	8.569490e-02
74            	1.048620e-01	8.478070e-02	2.249740e-02	8.897710e-02
75            	1.071710e-01	8.412140e-02	2.312610e-02	8.925800e-02
76            	1.036630e-01	8.033840e-02	2.336920e-02	8.566350e-02
77            	9.486710e-02	7.485920e-02	2.279250e-02	7.735910e-02
78            	8.678910e-02	6.937070e-02	2.140550e-02	7.120870e-02
79            	8.080280e-02	6.460230e-02	1.967820e-02	6.778730e-02
80            	7.749540e-02	6.095910e-02	1.785910e-02	6.555200e-02
81            	7.628280e-02	5.885340e-02	1.605000e-02	6.293740e-02
82            	7.445260e-02	5.785120e-02	1.468980e-02	6.031530e-02
83            	7.344350e-02	5.705780e-02	1.354780e-02	5.694430e-02
84            	7.238410e-02	5.611140e-02	1.273860e-02	5.411470e-02
85            	7.220620e-02	5.568150e-02	1.231830e-02	5.299050e-02
86            	7.270170e-02	5.542070e-02	1.204810e-02	5.261540e-02
87            	7.259530e-02	5.434420e-02	1.188910e-02	5.193160e-02
88            	7.355940e-02	5.290810e-02	1.162870e-02	5.103080e-02
89            	7.554030e-02	5.135270e-02	1.131630e-02	4.922090e-02
90            	7.764820e-02	4.974570e-02	1.120110e-02	4.716010e-02
91            	7.791130e-02	4.799710e-02	1.129480e-02	4.507090e-02
92            	7.950150e-02	4.738110e-02	1.158550e-02	4.441280e-02
93            	8.242860e-02	4.805110e-02	1.201650e-02	4.511040e-02
94            	8.205680e-02	4.923310e-02	1.255780e-02	4.676090e-02
95            	8.054820e-02	5.078350e-02	1.326370e-02	4.944110e-02
96            	8.016250e-02	5.337030e-02	1.414950e-02	5.305730e-02
97            	8.038190e-02	5.649060e-02	1.532650e-02	5.661800e-02
98            	8.372280e-02	5.938680e-02	1.637930e-02	6.111890e-02
99            	8.468340e-02	6.294430e-02	1.742650e-02	6.650260e-02
100           	8.641670e-02	6.745130e-02	1.857890e-02	7.173730e-02
101           	8.613670e-02	7.327400e-02	1.999540e-02	7.915100e-02
102           	8.513740e-02	7.869890e-02	2.115870e-02	8.498600e-02
103           	8.549610e-02	8.215730e-02	2.197350e-02	8.802590e-02
104           	8.773540e-02	8.428640e-02	2.279350e-02	8.901290e-02
105           	9.309090e-02	8.388000e-02	2.324400e-02	8.850580e-02
106           	9.576150e-02	8.115430e-02	2.317910e-02	8.595440e-02
107           	9.325610e-02	7.832280e-02	2.289160e-02	8.058560e-02
108           	8.622900e-02	7.576060e-02	2.251150e-02	7.341710e-02
109           	7.769290e-02	7.298390e-02	2.153300e-02	7.113010e-02
110           	7.253660e-02	6.832320e-02	1.980850e-02	7.077590e-02
111           	7.025390e-02	6.266870e-02	1.784200e-02	6.874780e-02
112           	6.806630e-02	5.889580e-02	1.636510e-02	6.562610e-02
113           	6.823700e-02	5.841320e-02	1.534920e-02	6.344620e-02
114           	6.956630e-02	5.982710e-02	1.495750e-02	6.249640e-02
115           	7.120020e-02	6.149270e-02	1.543870e-02	6.313470e-02
116           	7.384400e-02	6.306630e-02	1.594860e-02	6.414400e-02
117           	7.672830e-02	6.460970e-02	1.640110e-02	6.525900e-02
118           	7.974260e-02	6.592340e-02	1.675950e-02	6.653720e-02
119           	8.093370e-02	6.452920e-02	1.640240e-02	6.543400e-02
120           	7.967950e-02	6.052970e-02	1.535720e-02	6.258290e-02
121           	7.940730e-02	5.681410e-02	1.437350e-02	5.954640e-02
122           	7.772570e-02	5.451040e-02	1.354250e-02	5.730280e-02
123           	7.682430e-02	5.335320e-02	1.316750e-02	5.558040e-02
124           	7.468030e-02	5.254480e-02	1.290310e-02	5.484880e-02
125           	7.450840e-02	5.186240e-02	1.283340e-02	5.447520e-02
126           	7.514180e-02	5.274150e-02	1.303420e-02	5.489620e-02
127           	7.590590e-02	5.531870e-02	1.378130e-02	5.655270e-02
128           	7.667290e-02	5.956820e-02	1.482730e-02	5.957160e-02
129           	7.693460e-02	6.269170e-02	1.581860e-02	6.276400e-02
130           	7.663080e-02	6.368160e-02	1.638220e-02	6.444580e-02
131           	7.521350e-02	6.442320e-02	1.657250e-02	6.550750e-02
132           	7.446040e-02	6.564420e-02	1.655230e-02	6.658820e-02
133           	7.671230e-02	6.623100e-02	1.650600e-02	6.751790e-02
134           	8.005880e-02	6.481020e-02	1.655490e-02	6.766250e-02
135           	7.862840e-02	6.247340e-02	1.601530e-02	6.575810e-02
136           	7.709570e-02	5.891450e-02	1.530260e-02	6.209810e-02
137           	7.508420e-02	5.716440e-02	1.467170e-02	5.881810e-02
138           	7.295550e-02	5.688090e-02	1.435710e-02	5.881950e-02
139           	7.157910e-02	5.596280e-02	1.397310e-02	5.820650e-02
140           	7.011640e-02	5.357510e-02	1.385460e-02	5.557220e-02
141           	6.886050e-02	5.135620e-02	1.368280e-02	5.204250e-02
142           	6.783210e-02	5.006180e-02	1.327710e-02	4.950330e-02
143           	6.647510e-02	4.859710e-02	1.246990e-02	4.824530e-02
144           	6.440890e-02	4.737450e-02	1.163940e-02	4.783980e-02
145           	6.182060e-02	4.572400e-02	1.081580e-02	4.628000e-02
146           	6.087390e-02	4.361510e-02	1.007550e-02	4.419500e-02
147           	6.070920e-02	4.157010e-02	9.820200e-03	4.175700e-02
148           	6.146140e-02	4.015200e-02	9.639400e-03	3.954350e-02
149           	6.198810e-02	3.902200e-02	9.308860e-03	3.732090e-02
150           	6.052990e-02	3.836450e-02	8.663130e-03	3.548500e-02
151           	5.847800e-02	3.769880e-02	8.126960e-03	3.348340e-02
152           	5.606630e-02	3.666670e-02	7.770620e-03	3.174350e-02
153           	5.473620e-02	3.632530e-02	7.817390e-03	3.082270e-02
154           	5.448120e-02	3.705370e-02	8.066910e-03	3.142810e-02
155           	5.511360e-02	3.800570e-02	8.335180e-03	3.239250e-02
156           	5.565080e-02	3.811800e-02	8.494170e-03	3.309420e-02
157           	5.732420e-02	3.814990e-02	8.589240e-03	3.402670e-02
158           	5.844780e-02	3.739340e-02	8.665190e-03	3.429300e-02
159           	5.974450e-02	3.727310e-02	8.736920e-03	3.485770e-02
160           	6.138410e-02	3.815150e-02	8.860260e-03	3.524480e-02
161           	6.355440e-02	4.019520e-02	9.139850e-03	3.605820e-02
162           	6.325960e-02	4.323720e-02	9.650000e-03	3.740440e-02
163           	6.181440e-02	4.622080e-02	1.036030e-02	3.908410e-02
164           	6.347760e-02	4.851990e-02	1.106820e-02	4.065230e-02
165           	6.536570e-02	4.989960e-02	1.164280e-02	4.174970e-02
166           	6.677150e-02	5.045440e-02	1.226130e-02	4.351160e-02
167           	6.597800e-02	5.069290e-02	1.275950e-02	4.582050e-02
168           	6.548240e-02	5.020350e-02	1.294490e-02	4.689330e-02
169           	6.392090e-02	5.046950e-02	1.294040e-02	4.785690e-02
170           	6.367520e-02	5.060190e-02	1.267350e-02	4.713540e-02
171           	6.304370e-02	5.146610e-02	1.237320e-02	4.601000e-02
172           	6.204170e-02	5.475210e-02	1.234920e-02	4.632610e-02
173           	6.361900e-02	5.825030e-02	1.290140e-02	4.835180e-02
174           	6.535860e-02	6.106760e-02	1.380090e-02	5.085150e-02
175           	6.823170e-02	6.262390e-02	1.460110e-02	5.284740e-02
176           	6.887090e-02	6.290810e-02	1.481370e-02	5.398440e-02
177           	6.950900e-02	5.991770e-02	1.442270e-02	5.252770e-02
178           	7.067110e-02	5.374950e-02	1.341510e-02	4.898870e-02
179           	7.004900e-02	4.878520e-02	1.279390e-02	4.684310e-02
180           	6.666580e-02	4.811030e-02	1.239980e-02	4.645740e-02
181           	6.425430e-02	5.025490e-02	1.213010e-02	4.667860e-02
182           	6.386810e-02	5.372530e-02	1.226190e-02	4.666770e-02
183           	6.230440e-02	5.792840e-02	1.267080e-02	4.735880e-02
184           	6.138140e-02	6.026360e-02	1.295380e-02	4.771960e-02
185           	6.222410e-02	6.133290e-02	1.307550e-02	4.820490e-02
186           	6.256150e-02	6.036660e-02	1.291290e-02	4.869950e-02
187           	6.152340e-02	5.685140e-02	1.238230e-02	4.800860e-02
188           	5.870540e-02	5.152030e-02	1.144070e-02	4.543100e-02
189           	5.584170e-02	4.528590e-02	1.048840e-02	4.156370e-02
190           	5.365060e-02	4.153850e-02	9.848830e-03	3.822170e-02
191           	5.183010e-02	3.994670e-02	9.449320e-03	3.577380e-02
192           	5.088310e-02	3.945140e-02	9.141420e-03	3.397100e-02
193           	5.019430e-02	3.963230e-02	9.020790e-03	3.306130e-02
194           	5.053710e-02	4.053110e-02	9.028870e-03	3.302170e-02
195           	5.190950e-02	4.164370e-02	9.145960e-03	3.364840e-02
196           	5.324180e-02	4.265720e-02	9.272720e-03	3.392100e-02
197           	5.407870e-02	4.348070e-02	9.371710e-03	3.410030e-02
198           	5.484250e-02	4.364980e-02	9.299420e-03	3.414290e-02
199           	5.530140e-02	4.239770e-02	9.114650e-03	3.372300e-02
200           	5.435460e-02	3.991150e-02	8.891510e-03	3.300880e-02
201           	5.343080e-02	3.793520e-02	8.841190e-03	3.288520e-02
202           	5.249960e-02	3.758980e-02	8.934560e-03	3.383430e-02
203           	5.105610e-02	3.808920e-02	9.020540e-03	3.417110e-02
204           	5.061410e-02	3.937720e-02	9.212550e-03	3.409070e-02
205           	5.088240e-02	4.226850e-02	9.391450e-03	3.472770e-02
206           	5.162460e-02	4.536470e-02	9.684850e-03	3.550500e-02
207           	5.299250e-02	4.827630e-02	1.018360e-02	3.674630e-02
208           	5.500540e-02	4.989740e-02	1.081840e-02	3.775070e-02
209           	5.682960e-02	5.176960e-02	1.135130e-02	3.935490e-02
210           	5.773990e-02	5.218700e-02	1.177510e-02	4.126860e-02
211           	5.720170e-02	5.077620e-02	1.183150e-02	4.224450e-02
212           	5.651910e-02	4.766520e-02	1.156790e-02	4.218030e-02
213           	5.668070e-02	4.606640e-02	1.136380e-02	4.235080e-02
214           	5.627090e-02	4.609830e-02	1.148980e-02	4.278060e-02
215           	5.416780e-02	4.731310e-02	1.157690e-02	4.284940e-02
216           	5.182190e-02	5.113960e-02	1.161600e-02	4.329040e-02
217           	5.161510e-02	5.542340e-02	1.190090e-02	4.354140e-02
218           	5.408110e-02	5.835120e-02	1.245460e-02	4.364330e-02
219           	5.637020e-02	6.015940e-02	1.292600e-02	4.426330e-02
220           	5.660610e-02	5.902680e-02	1.292030e-02	4.388580e-02
221           	5.502300e-02	5.431690e-02	1.226140e-02	4.175010e-02
222           	5.288020e-02	4.728940e-02	1.137790e-02	3.805700e-02
223           	5.071280e-02	4.138040e-02	1.056360e-02	3.484290e-02
224           	4.888250e-02	3.745820e-02	9.611380e-03	3.266690e-02
225           	4.659730e-02	3.561010e-02	8.763830e-03	3.105900e-02
226           	4.401010e-02	3.524860e-02	8.213740e-03	2.946980e-02
227           	4.259910e-02	3.548410e-02	7.973050e-03	2.809620e-02
228           	4.168420e-02	3.661070e-02	7.901300e-03	2.761450e-02
229           	4.124700e-02	3.761730e-02	7.981980e-03	2.741350e-02
230           	4.190030e-02	3.890900e-02	8.193980e-03	2.797130e-02
231           	4.329380e-02	4.015250e-02	8.400540e-03	2.883010e-02
232           	4.455390e-02	4.019410e-02	8.416610e-03	2.915350e-02
233           	4.555980e-02	3.930130e-02	8.246190e-03	2.852370e-02
234           	4.612400e-02	3.767090e-02	7.965720e-03	2.770140e-02
235           	4.628060e-02	3.534540e-02	7.683260e-03	2.698880e-02
236           	4.514710e-02	3.337030e-02	7.546200e-03	2.728380e-02
237           	4.330120e-02	3.195930e-02	7.357020e-03	2.791230e-02
238           	4.167150e-02	3.177960e-02	7.266920e-03	2.769860e-02
239           	4.064860e-02	3.377270e-02	7.411690e-03	2.812450e-02
240           	3.975260e-02	3.651900e-02	7.749880e-03	2.911320e-02
241           	4.008840e-02	4.001350e-02	8.299710e-03	3.052750e-02
242           	4.227380e-02	4.341790e-02	9.009920e-03	3.202360e-02
243           	4.502550e-02	4.609080e-02	9.638270e-03	3.375970e-02
244           	4.732420e-02	4.705060e-02	1.003730e-02	3.500360e-02
245           	4.840190e-02	4.661360e-02	1.011130e-02	3.549780e-02
246           	4.772400e-02	4.425770e-02	9.784620e-03	3.456960e-02
247           	4.614640e-02	4.046900e-02	9.177410e-03	3.283760e-02
248           	4.494270e-02	3.645490e-02	8.642450e-03	3.133990e-02
249           	4.309280e-02	3.415260e-02	8.337280e-03	3.036780e-02
250           	4.098180e-02	3.372920e-02	8.171100e-03	2.972080e-02
251           	3.924670e-02	3.563060e-02	8.123240e-03	2.984020e-02
252           	3.931860e-02	3.824200e-02	8.316600e-03	3.015040e-02
253           	4.099410e-02	4.067020e-02	8.677700e-03	3.076420e-02
254           	4.211650e-02	4.228640e-02	8.968790e-03	3.137020e-02
255           	4.280420e-02	4.244090e-02	9.034170e-03	3.112910e-02
256           	4.310780e-02	4.171550e-02	8.906730e-03	3.081080e-02
257           	4.259130e-02	3.999170e-02	8.571610e-03	2.974700e-02
258           	4.110100e-02	3.722000e-02	8.118690e-03	2.838360e-02
259           	3.941960e-02	3.380280e-02	7.628250e-03	2.687300e-02
260           	3.808380e-02	3.054440e-02	7.110670e-03	2.552240e-02
261           	3.711690e-02	2.817390e-02	6.598060e-03	2.414000e-02
262           	3.606970e-02	2.707310e-02	6.277310e-03	2.322000e-02
263           	3.494950e-02	2.710830e-02	6.145790e-03	2.287800e-02
264           	3.381730e-02	2.851950e-02	6.192980e-03	2.270540e-02
265           	3.330970e-02	3.015220e-02	6.392890e-03	2.254920e-02
266           	3.359160e-02	3.186740e-02	6.761210e-03	2.282540e-02
267           	3.499410e-02	3.354970e-02	7.136760e-03	2.352710e-02
268           	3.655120e-02	3.431820e-02	7.387050e-03	2.399960e-02
269           	3.781280e-02	3.456290e-02	7.427670e-03	2.421570e-02
270           	3.827880e-02	3.396840e-02	7.260020e-03	2.402910e-02
271           	3.778130e-02	3.201490e-02	6.925130e-03	2.333440e-02
272           	3.639850e-02	2.952200e-02	6.512930e-03	2.273980e-02
273           	3.489490e-02	2.692840e-02	6.114620e-03	2.230640e-02
274           	3.273520e-02	2.550420e-02	5.796380e-03	2.200740e-02
275           	3.050750e-02	2.508710e-02	5.608210e-03	2.103760e-02
276           	2.880660e-02	2.624550e-02	5.610580e-03	2.036660e-02
277           	2.880920e-02	2.810000e-02	5.810930e-03	2.017380e-02
278           	3.012720e-02	2.995320e-02	6.229770e-03	2.048700e-02
279           	3.162200e-02	3.139810e-02	6.636420e-03	2.108920e-02
280           	3.278210e-02	3.197270e-02	6.842080e-03	2.132610e-02
281           	3.337950e-02	3.193530e-02	6.836320e-03	2.146480e-02
282           	3.301510e-02	3.099120e-02	6.602540e-03	2.122110e-02
283           	3.172310e-02	2.871450e-02	6.192360e-03	2.009890e-02
284           	3.011380e-02	2.596100e-02	5.720220e-03	1.912060e-02
285           	2.880630e-02	2.324910e-02	5.272190e-03	1.826170e-02
286           	2.762030e-02	2.162680e-02	4.890040e-03	1.781650e-02
287           	2.652160e-02	2.094320e-02	4.631980e-03	1.735770e-02
288           	2.530780e-02	2.118940e-02	4.538800e-03	1.720690e-02
289           	2.451590e-02	2.213800e-02	4.632760e-03	1.703370e-02
290           	2.451480e-02	2.354760e-02	4.912240e-03	1.702220e-02
291           	2.575290e-02	2.508960e-02	5.248660e-03	1.730940e-02
292           	2.725160e-02	2.629910e-02	5.522110e-03	1.773660e-02
293           	2.831720e-02	2.664400e-02	5.613950e-03	1.772680e-02
294           	2.862290e-02	2.650690e-02	5.558770e-03	1.776660e-02
295           	2.797830e-02	2.568480e-02	5.361340e-03	1.761090e-02
296           	2.665400e-02	2.385710e-02	5.044520e-03	1.688430e-02
297           	2.501630e-02	2.158270e-02	4.673930e-03	1.625400e-02
298           	2.333060e-02	1.965290e-02	4.309850e-03	1.587940e-02
299           	2.174140e-02	1.834690e-02	4.047510e-03	1.523910e-02
300           	2.053380e-02	1.793020e-02	3.908260e-03	1.444610e-02
301           	1.996360e-02	1.854150e-02	3.872100e-03	1.402780e-02
302           	2.021130e-02	1.946170e-02	3.960890e-03	1.378890e-02
303           	2.106810e-02	2.051790e-02	4.158630e-03	1.377990e-02
304           	2.205550e-02	2.147710e-02	4.338530e-03	1.405920e-02
305           	2.262000e-02	2.159170e-02	4.416470e-03	1.417440e-02
306           	2.265110e-02	2.123370e-02	4.368190e-03	1.423450e-02
307           	2.216460e-02	2.037270e-02	4.206100e-03	1.404660e-02
308           	2.105410e-02	1.896380e-02	3.945140e-03	1.343370e-02
309           	1.983780e-02	1.704950e-02	3.637170e-03	1.261810e-02
310           	1.844790e-02	1.542460e-02	3.344220e-03	1.216990e-02
311           	1.721430e-02	1.436920e-02	3.125860e-03	1.176930e-02
312           	1.629820e-02	1.391520e-02	2.978840e-03	1.139010e-02
313           	1.568870e-02	1.410080e-02	2.938590e-03	1.117380e-02
314           	1.556790e-02	1.461900e-02	3.017030e-03	1.106550e-02
315           	1.606840e-02	1.540480e-02	3.184420e-03	1.113260e-02
316           	1.695350e-02	1.628060e-02	3.366350e-03	1.133120e-02
317           	1.768230e-02	1.699000e-02	3.500480e-03	1.153480e-02
318           	1.798780e-02	1.719960e-02	3.544040e-03	1.149040e-02
319           	1.793460e-02	1.707080e-02	3.514090e-03	1.149780e-02
320           	1.748980e-02	1.648300e-02	3.404160e-03	1.132800e-02
321           	1.669080e-02	1.544660e-02	3.220270e-03	1.093410e-02
322           	1.576180e-02	1.410700e-02	2.988180e-03	1.052480e-02
323           	1.482710e-02	1.286030e-02	2.761200e-03	1.012340e-02
324           	1.396940e-02	1.207150e-02	2.604380e-03	9.705270e-03
325           	1.332930e-02	1.176210e-02	2.519880e-03	9.275730e-03
326           	1.309930e-02	1.206020e-02	2.488440e-03	9.042580e-03
327           	1.320580e-02	1.250650e-02	2.529150e-03	8.945560e-03
328           	1.363250e-02	1.308210e-02	2.632150e-03	8.998850e-03
329           	1.411480e-02	1.361210e-02	2.742210e-03	9.159210e-03
330           	1.444510e-02	1.373060e-02	2.805970e-03	9.218390e-03
331           	1.443770e-02	1.360880e-02	2.797360e-03	9.225780e-03
332           	1.410640e-02	1.317880e-02	2.708920e-03	9.139840e-03
333           	1.356030e-02	1.237770e-02	2.548890e-03	8.867990e-03
334           	1.283430e-02	1.131990e-02	2.351220e-03	8.441110e-03
335           	1.198980e-02	1.017130e-02	2.152550e-03	7.976780e-03
336           	1.122310e-02	9.329140e-03	1.986850e-03	7.597810e-03
337           	1.063110e-02	8.885530e-03	1.873030e-03	7.296860e-03
338           	1.019770e-02	8.833230e-03	1.822740e-03	7.122390e-03
339           	1.001230e-02	8.928970e-03	1.840500e-03	6.984340e-03
340           	1.005510e-02	9.176400e-03	1.901050e-03	6.966750e-03
341           	1.025360e-02	9.484070e-03	1.974150e-03	7.001810e-03
342           	1.041320e-02	9.760230e-03	2.026180e-03	7.034070e-03
343           	1.042140e-02	9.766560e-03	2.033340e-03	6.950600e-03
344           	1.025330e-02	9.602380e-03	1.994790e-03	6.853470e-03
345           	9.910840e-03	9.231740e-03	1.913210e-03	6.721760e-03
346           	9.453310e-03	8.662020e-03	1.798870e-03	6.527770e-03
347           	8.921200e-03	7.907140e-03	1.664600e-03	6.261670e-03
348           	8.406780e-03	7.137290e-03	1.527720e-03	5.937220e-03
349           	7.965110e-03	6.615670e-03	1.419800e-03	5.612970e-03
350           	7.613880e-03	6.354510e-03	1.348600e-03	5.338780e-03
351           	7.422520e-03	6.267830e-03	1.301790e-03	5.133510e-03
352           	7.354960e-03	6.355090e-03	1.289780e-03	5.103340e-03
353           	7.405560e-03	6.469330e-03	1.311600e-03	5.146230e-03
354           	7.496860e-03	6.605090e-03	1.336320e-03	5.221090e-03
355           	7.564410e-03	6.688080e-03	1.350320e-03	5.292180e-03
356           	7.575680e-03	6.577630e-03	1.336000e-03	5.262660e-03
357           	7.518410e-03	6.383090e-03	1.293570e-03	5.207130e-03
358           	7.397300e-03	6.094550e-03	1.228460e-03	5.099910e-03
359           	7.236650e-03	5.727160e-03	1.153590e-03	4.945940e-03
360           	7.050710e-03	5.319320e-03	1.078110e-03	4.755100e-03
361           	6.832750e-03	4.924070e-03	1.009630e-03	4.542310e-03
362           	6.586210e-03	4.641140e-03	9.487520e-04	4.334030e-03
363           	6.354160e-03	4.451080e-03	9.037680e-04	4.155950e-03
364           	6.119210e-03	4.331870e-03	8.727090e-04	4.023340e-03
365           	5.900820e-03	4.227910e-03	8.504100e-04	3.877440e-03
366           	5.672530e-03	4.133970e-03	8.341110e-04	3.706990e-03
367           	5.418960e-03	4.053750e-03	8.198310e-04	3.547210e-03
368           	5.148640e-03	3.975440e-03	8.018880e-04	3.413830e-03
369           	4.874120e-03	3.869000e-03	7.783240e-04	3.313410e-03
370           	4.602450e-03	3.729800e-03	7.513780e-04	3.230470e-03
371           	4.365610e-03	3.546200e-03	7.217330e-04	3.157730e-03
372           	4.190070e-03	3.356380e-03	6.882860e-04	3.092070e-03
373           	4.068860e-03	3.189990e-03	6.551270e-04	3.008170e-03
374           	3.995720e-03	3.058400e-03	6.257670e-04	2.917090e-03
375           	3.962400e-03	2.963650e-03	6.002440e-04	2.831460e-03
376           	3.942660e-03	2.893060e-03	5.759280e-04	2.753520e-03
377           	3.903710e-03	2.842120e-03	5.540580e-04	2.675250e-03
378           	3.840700e-03	2.793170e-03	5.353060e-04	2.604710e-03
379           	3.765430e-03	2.729020e-03	5.180880e-04	2.537450e-03
380           	3.666480e-03	2.647400e-03	5.021270e-04	2.464170e-03
381           	3.542410e-03	2.553210e-03	4.858310e-04	2.383660e-03
382           	3.406690e-03	2.472950e-03	4.711460e-04	2.303650e-03
383           	3.274280e-03	2.419270e-03	4.638210e-04	2.229220e-03
384           	3.160650e-03	2.391370e-03	4.666650e-04	2.171780e-03
385           	3.073450e-03	2.394530e-03	4.756190e-04	2.140990e-03
386           	3.012330e-03	2.407610e-03	4.856780e-04	2.133550e-03
387           	2.973650e-03	2.417560e-03	4.926300e-04	2.136410e-03
388           	2.943500e-03	2.404940e-03	4.967640e-04	2.140160e-03
389           	2.904550e-03	2.368100e-03	4.953930e-04	2.135500e-03
390           	2.855430e-03	2.310630e-03	4.866110e-04	2.115970e-03
391           	2.794250e-03	2.237820e-03	4.704690e-04	2.074490e-03
392           	2.724440e-03	2.150380e-03	4.466960e-04	2.017770e-03
393           	2.648680e-03	2.056950e-03	4.207770e-04	1.951320e-03
394           	2.582880e-03	1.986440e-03	3.988790e-04	1.878890e-03
395           	2.539500e-03	1.950750e-03	3.858910e-04	1.813560e-03
396           	2.511380e-03	1.945190e-03	3.794450e-04	1.758180e-03
397           	2.497880e-03	1.955480e-03	3.773840e-04	1.718930e-03
398           	2.482240e-03	1.971630e-03	3.795770e-04	1.703210e-03
399           	2.461470e-03	1.980630e-03	3.828470e-04	1.694660e-03
400           	2.431290e-03	1.967350e-03	3.833390e-04	1.681450e-03
401           	2.389250e-03	1.926470e-03	3.791590e-04	1.660730e-03
402           	2.334380e-03	1.862740e-03	3.706480e-04	1.639660e-03
403           	2.279060e-03	1.787180e-03	3.590870e-04	1.617590e-03
404           	2.230220e-03	1.719190e-03	3.464140e-04	1.590980e-03
405           	2.197770e-03	1.670030e-03	3.367810e-04	1.559940e-03
406           	2.168760e-03	1.657140e-03	3.324850e-04	1.533800e-03
407           	2.143610e-03	1.662580e-03	3.327820e-04	1.502050e-03
408           	2.115330e-03	1.675590e-03	3.345200e-04	1.473070e-03
409           	2.082730e-03	1.678420e-03	3.358370e-04	1.442450e-03
410           	2.045230e-03	1.680960e-03	3.355670e-04	1.420370e-03
411           	2.003750e-03	1.672740e-03	3.344050e-04	1.401060e-03
412           	1.945220e-03	1.638130e-03	3.315740e-04	1.385570e-03
413           	1.885810e-03	1.595470e-03	3.261350e-04	1.374000e-03
414           	1.833630e-03	1.553850e-03	3.174680e-04	1.371600e-03
415           	1.799440e-03	1.525370e-03	3.077310e-04	1.365950e-03
416           	1.781380e-03	1.531990e-03	3.038690e-04	1.366660e-03
417           	1.801430e-03	1.559690e-03	3.082520e-04	1.366900e-03
418           	1.832770e-03	1.599550e-03	3.184570e-04	1.363680e-03
419           	1.875830e-03	1.654430e-03	3.327820e-04	1.366770e-03
420           	1.912100e-03	1.705200e-03	3.478650e-04	1.379790e-03
421           	1.941010e-03	1.725020e-03	3.587430e-04	1.383960e-03
422           	1.955120e-03	1.725150e-03	3.635210e-04	1.392370e-03
423           	1.952540e-03	1.700220e-03	3.626390e-04	1.391300e-03
424           	1.930520e-03	1.647960e-03	3.558810e-04	1.382840e-03
425           	1.892230e-03	1.571780e-03	3.440050e-04	1.373420e-03
426           	1.849070e-03	1.507760e-03	3.293820e-04	1.366010e-03
427           	1.809430e-03	1.471930e-03	3.141290e-04	1.360770e-03
428           	1.787700e-03	1.462560e-03	3.033090e-04	1.352610e-03
429           	1.792110e-03	1.501490e-03	3.020350e-04	1.357780e-03
430           	1.827450e-03	1.568570e-03	3.073670e-04	1.364520e-03
431           	1.875110e-03	1.659330e-03	3.198360e-04	1.374490e-03
432           	1.920940e-03	1.747310e-03	3.365340e-04	1.389390e-03
433           	1.967450e-03	1.803210e-03	3.516210e-04	1.400340e-03
434           	2.002860e-03	1.844210e-03	3.625970e-04	1.408960e-03
435           	2.017000e-03	1.856610e-03	3.668940e-04	1.408640e-03
436           	2.012570e-03	1.816150e-03	3.639790e-04	1.384560e-03
437           	1.991760e-03	1.749770e-03	3.554490e-04	1.360080e-03
438           	1.960900e-03	1.661900e-03	3.421580e-04	1.338280e-03
439           	1.919780e-03	1.557240e-03	3.264710e-04	1.313830e-03
440           	1.879650e-03	1.467160e-03	3.096090e-04	1.290290e-03
441           	1.840370e-03	1.426840e-03	2.953550e-04	1.278970e-03
442           	1.815830e-03	1.414020e-03	2.878830e-04	1.260840e-03
443           	1.815560e-03	1.427370e-03	2.884720e-04	1.249970e-03
444           	1.840360e-03	1.462590e-03	2.941160e-04	1.247020e-03
445           	1.882090e-03	1.510100e-03	3.030190e-04	1.250290e-03
446           	1.928980e-03	1.559090e-03	3.119670e-04	1.259190e-03
447           	1.965750e-03	1.595930e-03	3.183470e-04	1.270800e-03
448           	1.983590e-03	1.605660e-03	3.196330e-04	1.275320e-03
449           	1.978260e-03	1.583520e-03	3.153020e-04	1.267740e-03
450           	1.958590e-03	1.520790e-03	3.058110e-04	1.241730e-03
451           	1.924130e-03	1.442760e-03	2.924730e-04	1.215760e-03
452           	1.886430e-03	1.380260e-03	2.788360e-04	1.197560e-03
453           	1.849000e-03	1.348260e-03	2.664880e-04	1.192300e-03
454           	1.827180e-03	1.343780e-03	2.580490e-04	1.189250e-03
455           	1.828910e-03	1.361290e-03	2.548580e-04	1.192280e-03
456           	1.850730e-03	1.409680e-03	2.587720e-04	1.210230e-03
457           	1.885960e-03	1.465820e-03	2.666760e-04	1.231310e-03
458           	1.916770e-03	1.518640e-03	2.765500e-04	1.251260e-03
459           	1.933020e-03	1.547100e-03	2.847690e-04	1.258530e-03
460           	1.941080e-03	1.559420e-03	2.900130e-04	1.269190e-03
461           	1.932910e-03	1.549410e-03	2.903740e-04	1.270940e-03
462           	1.908280e-03	1.514590e-03	2.864560e-04	1.257750e-03
463           	1.866560e-03	1.453930e-03	2.778900e-04	1.229810e-03
464           	1.815510e-03	1.376820e-03	2.660840e-04	1.195110e-03
465           	1.758980e-03	1.295540e-03	2.531820e-04	1.158730e-03
466           	1.710820e-03	1.224910e-03	2.410790e-04	1.122660e-03
467           	1.664840e-03	1.178520e-03	2.314820e-04	1.083010e-03
468           	1.633610e-03	1.155620e-03	2.265830e-04	1.051830e-03
469           	1.617610e-03	1.157220e-03	2.260170e-04	1.029110e-03
470           	1.612660e-03	1.171650e-03	2.281940e-04	1.018950e-03
471           	1.617830e-03	1.191250e-03	2.315070e-04	1.020210e-03
472           	1.631700e-03	1.210980e-03	2.346200e-04	1.031090e-03
473           	1.647330e-03	1.222980e-03	2.358300e-04	1.042990e-03
474           	1.661180e-03	1.222210e-03	2.346850e-04	1.053480e-03
475           	1.666310e-03	1.199650e-03	2.304800e-04	1.055210e-03
476           	1.663460e-03	1.161580e-03	2.235350e-04	1.049590e-03
477           	1.653130e-03	1.115660e-03	2.155540e-04	1.040400e-03
478           	1.636840e-03	1.075340e-03	2.074400e-04	1.031060e-03
479           	1.617650e-03	1.042810e-03	2.005140e-04	1.019680e-03
480           	1.596440e-03	1.016300e-03	1.959010e-04	1.006960e-03
481           	1.574970e-03	9.977880e-04	1.937210e-04	9.929630e-04
482           	1.553400e-03	9.945640e-04	1.930770e-04	9.837890e-04
483           	1.530070e-03	9.954950e-04	1.941220e-04	9.725110e-04
484           	1.509880e-03	9.887310e-04	1.949830e-04	9.520100e-04
485           	1.489090e-03	9.797520e-04	1.949470e-04	9.308610e-04
486           	1.465700e-03	9.671100e-04	1.936140e-04	9.088140e-04
487           	1.440000e-03	9.486990e-04	1.904710e-04	8.857890e-04
488           	1.410200e-03	9.238540e-04	1.850480e-04	8.599580e-04
489           	1.377810e-03	8.951930e-04	1.783110e-04	8.334940e-04
490           	1.342460e-03	8.656110e-04	1.707350e-04	8.058920e-04
491           	1.306940e-03	8.407350e-04	1.632260e-04	7.808310e-04
492           	1.273150e-03	8.213510e-04	1.561970e-04	7.596070e-04
493           	1.242970e-03	8.076290e-04	1.503020e-04	7.416440e-04
494           	1.216170e-03	8.005900e-04	1.462150e-04	7.274210e-04
495           	1.195210e-03	7.997110e-04	1.443120e-04	7.171000e-04
496           	1.173490e-03	8.031250e-04	1.436980e-04	7.109810e-04
497           	1.152340e-03	8.048820e-04	1.437950e-04	7.042560e-04
498           	1.131780e-03	7.992530e-04	1.439340e-04	6.945090e-04
499           	1.109770e-03	7.903870e-04	1.434260e-04	6.847650e-04
500           	1.088740e-03	7.781680e-04	1.421070e-04	6.754030e-04
501           	1.065980e-03	7.602190e-04	1.396840e-04	6.635880e-04
502           	1.042250e-03	7.380010e-04	1.363720e-04	6.503790e-04
503           	1.016990e-03	7.112110e-04	1.319570e-04	6.350270e-04
504           	9.906610e-04	6.817730e-04	1.268930e-04	6.189230e-04
505           	9.638080e-04	6.526410e-04	1.218760e-04	6.039980e-04
506           	9.372060e-04	6.240190e-04	1.170520e-04	5.887910e-04
507           	9.136680e-04	5.974480e-04	1.126720e-04	5.748370e-04
508           	8.911760e-04	5.777940e-04	1.088600e-04	5.650880e-04
509           	8.700120e-04	5.606420e-04	1.056790e-04	5.565400e-04
510           	8.515650e-04	5.481990e-04	1.032910e-04	5.509950e-04
511           	8.363820e-04	5.373150e-04	1.012020e-04	5.456120e-04
512           	8.235950e-04	5.300080e-04	9.985480e-05	5.402950e-04
513           	8.147600e-04	5.272520e-04	9.900490e-05	5.380620e-04
514           	8.100430e-04	5.270940e-04	9.816960e-05	5.388190e-04
515           	8.116560e-04	5.319600e-04	9.757080e-05	5.435890e-04
516           	8.207850e-04	5.434280e-04	9.743320e-05	5.527170e-04
517           	8.383960e-04	5.622580e-04	9.816550e-05	5.685800e-04
518           	8.654480e-04	5.879500e-04	1.000090e-04	5.912920e-04
519           	9.020300e-04	6.195580e-04	1.032290e-04	6.182980e-04
520           	9.471140e-04	6.561260e-04	1.077010e-04	6.487510e-04
521           	9.984020e-04	6.956810e-04	1.128210e-04	6.803580e-04
522           	1.053250e-03	7.336350e-04	1.180120e-04	7.106710e-04
523           	1.107760e-03	7.699880e-04	1.232870e-04	7.394720e-04
524           	1.163400e-03	8.016080e-04	1.281790e-04	7.674290e-04
525           	1.216690e-03	8.318430e-04	1.330140e-04	7.929870e-04
526           	1.261920e-03	8.558590e-04	1.369940e-04	8.124470e-04
527           	1.302570e-03	8.702450e-04	1.402580e-04	8.233480e-04
528           	1.336510e-03	8.817550e-04	1.428210e-04	8.321560e-04
529           	1.362490e-03	8.912090e-04	1.447110e-04	8.385710e-04
530           	1.379440e-03	8.935360e-04	1.455250e-04	8.398020e-04
531           	1.389170e-03	8.909820e-04	1.455850e-04	8.373920e-04
532           	1.389260e-03	8.828720e-04	1.447570e-04	8.301480e-04
533           	1.381920e-03	8.715700e-04	1.433580e-04	8.189570e-04
534           	1.366380e-03	8.548920e-04	1.413090e-04	8.044210e-04
535           	1.346080e-03	8.340350e-04	1.387440e-04	7.868180e-04
536           	1.319570e-03	8.143350e-04	1.357450e-04	7.703100e-04
537           	1.288900e-03	7.924780e-04	1.326870e-04	7.521660e-04
538           	1.252570e-03	7.684860e-04	1.294830e-04	7.317910e-04
539           	1.213010e-03	7.427850e-04	1.261830e-04	7.094620e-04
540           	1.171830e-03	7.175740e-04	1.231890e-04	6.874970e-04
541           	1.130310e-03	6.942710e-04	1.206550e-04	6.655490e-04
542           	1.089880e-03	6.740730e-04	1.187690e-04	6.446790e-04
543           	1.049430e-03	6.560170e-04	1.170930e-04	6.239480e-04
544           	1.011780e-03	6.399510e-04	1.155540e-04	6.037940e-04
545           	9.793720e-04	6.272000e-04	1.141770e-04	5.871680e-04
546           	9.500500e-04	6.189220e-04	1.130640e-04	5.753390e-04
547           	9.264400e-04	6.140610e-04	1.125580e-04	5.696120e-04
548           	9.074500e-04	6.128880e-04	1.121150e-04	5.687310e-04
549           	8.985850e-04	6.181290e-04	1.121790e-04	5.732780e-04
550           	9.026040e-04	6.295870e-04	1.131180e-04	5.855640e-04
551           	9.184470e-04	6.433430e-04	1.144860e-04	6.032920e-04
552           	9.459220e-04	6.606270e-04	1.164130e-04	6.266410e-04
553           	9.837050e-04	6.807020e-04	1.184950e-04	6.530120e-04
554           	1.030030e-03	7.019670e-04	1.204770e-04	6.798600e-04
555           	1.082870e-03	7.251070e-04	1.225220e-04	7.081760e-04
556           	1.138960e-03	7.499500e-04	1.246350e-04	7.375570e-04
557           	1.197400e-03	7.762570e-04	1.269030e-04	7.671890e-04
558           	1.256800e-03	8.037190e-04	1.291810e-04	7.956920e-04
559           	1.314600e-03	8.298160e-04	1.312940e-04	8.213160e-04
560           	1.370910e-03	8.554580e-04	1.334620e-04	8.454140e-04
561           	1.424930e-03	8.819200e-04	1.359960e-04	8.682080e-04
562           	1.475260e-03	9.070960e-04	1.386130e-04	8.882590e-04
563           	1.521710e-03	9.315340e-04	1.416290e-04	9.073650e-04
564           	1.562040e-03	9.534450e-04	1.446370e-04	9.220440e-04
565           	1.596950e-03	9.742940e-04	1.478430e-04	9.350190e-04
566           	1.624270e-03	9.914700e-04	1.508470e-04	9.445880e-04
567           	1.644270e-03	1.003110e-03	1.532530e-04	9.492710e-04
568           	1.657800e-03	1.010300e-03	1.554030e-04	9.520810e-04
569           	1.664890e-03	1.014630e-03	1.573540e-04	9.517360e-04
570           	1.664370e-03	1.015110e-03	1.590100e-04	9.491050e-04
571           	1.653840e-03	1.007600e-03	1.596210e-04	9.392260e-04
572           	1.636730e-03	9.938820e-04	1.592950e-04	9.244590e-04
573           	1.611260e-03	9.759840e-04	1.583410e-04	9.057370e-04
574           	1.578900e-03	9.550990e-04	1.567580e-04	8.848390e-04
575           	1.539930e-03	9.308820e-04	1.544980e-04	8.626170e-04
576           	1.494530e-03	9.019610e-04	1.513370e-04	8.365200e-04
577           	1.445490e-03	8.697860e-04	1.476000e-04	8.082520e-04
578           	1.394440e-03	8.372680e-04	1.438390e-04	7.801170e-04
579           	1.342090e-03	8.048590e-04	1.401800e-04	7.522110e-04
580           	1.291260e-03	7.736320e-04	1.368360e-04	7.247420e-04
581           	1.242210e-03	7.443570e-04	1.336740e-04	6.975470e-04
582           	1.198210e-03	7.209400e-04	1.309920e-04	6.732090e-04
583           	1.158600e-03	7.026620e-04	1.286800e-04	6.525150e-04
584           	1.125750e-03	6.898350e-04	1.266020e-04	6.365070e-04
585           	1.101660e-03	6.831260e-04	1.249130e-04	6.275650e-04
586           	1.084440e-03	6.819690e-04	1.234960e-04	6.240990e-04
587           	1.076140e-03	6.833810e-04	1.223620e-04	6.250840e-04
588           	1.073150e-03	6.847650e-04	1.213270e-04	6.294230e-04
589           	1.077770e-03	6.863300e-04	1.204550e-04	6.349080e-04
590           	1.090260e-03	6.880580e-04	1.198430e-04	6.417850e-04
591           	1.101180e-03	6.882780e-04	1.191840e-04	6.481390e-04
592           	1.110540e-03	6.849480e-04	1.180830e-04	6.516130e-04
593           	1.118510e-03	6.799570e-04	1.168620e-04	6.540080e-04
594           	1.124500e-03	6.742870e-04	1.156890e-04	6.542390e-04
595           	1.127640e-03	6.679930e-04	1.146580e-04	6.530540e-04
596           	1.126570e-03	6.604140e-04	1.135780e-04	6.494020e-04
597           	1.122480e-03	6.504080e-04	1.123640e-04	6.426470e-04
598           	1.115660e-03	6.397610e-04	1.111880e-04	6.341420e-04
599           	1.105650e-03	6.290870e-04	1.098810e-04	6.236180e-04
600           	1.092580e-03	6.190110e-04	1.087640e-04	6.125360e-04
601           	1.075520e-03	6.086180e-04	1.073500e-04	6.005090e-04
602           	1.055820e-03	5.973410e-04	1.054820e-04	5.865180e-04
603           	1.034240e-03	5.863870e-04	1.034590e-04	5.722090e-04
604           	1.010660e-03	5.758080e-04	1.013110e-04	5.574880e-04
605           	9.858020e-04	5.658200e-04	9.926610e-05	5.436960e-04
606           	9.586910e-04	5.560520e-04	9.716600e-05	5.303940e-04
607           	9.304840e-04	5.459670e-04	9.493500e-05	5.166180e-04
608           	9.014790e-04	5.353950e-04	9.261630e-05	5.027560e-04
609           	8.722220e-04	5.240750e-04	9.026870e-05	4.894240e-04
610           	8.436460e-04	5.133870e-04	8.810490e-05	4.770440e-04
611           	8.142680e-04	5.017160e-04	8.576850e-05	4.638330e-04
612           	7.862070e-04	4.896720e-04	8.345150e-05	4.503260e-04
613           	7.611930e-04	4.775640e-04	8.121370e-05	4.376860e-04
614           	7.352540e-04	4.652070e-04	7.934270e-05	4.272040e-04
615           	7.130550e-04	4.528050e-04	7.727060e-05	4.151930e-04
616           	6.908160e-04	4.379450e-04	7.499720e-05	4.023800e-04
617           	6.686270e-04	4.232770e-04	7.277470e-05	3.895700e-04
618           	6.508020e-04	4.102660e-04	7.050660e-05	3.763580e-04
619           	6.317030e-04	3.957500e-04	6.827350e-05	3.642220e-04
620           	6.177680e-04	3.853610e-04	6.636910e-05	3.540980e-04
621           	6.013760e-04	3.735000e-04	6.417950e-05	3.418720e-04
622           	5.864470e-04	3.612260e-04	6.180100e-05	3.308710e-04
623           	5.719550e-04	3.515530e-04	5.953500e-05	3.227430e-04
624           	5.583540e-04	3.426900e-04	5.742510e-05	3.155110e-04
625           	5.458720e-04	3.351130e-04	5.565890e-05	3.097950e-04
626           	5.338840e-04	3.290150e-04	5.422410e-05	3.045910e-04
627           	5.214260e-04	3.216690e-04	5.272530e-05	2.986790e-04
628           	5.098370e-04	3.140160e-04	5.122390e-05	2.930380e-04
629           	4.987700e-04	3.072490e-04	4.991570e-05	2.878270e-04
630           	4.885540e-04	3.017950e-04	4.883350e-05	2.838640e-04
631           	4.785610e-04	2.974540e-04	4.791920e-05	2.800970e-04
632           	4.683000e-04	2.916250e-04	4.684160e-05	2.753620e-04
633           	4.593490e-04	2.855680e-04	4.582700e-05	2.707990e-04
634           	4.516920e-04	2.809170e-04	4.509170e-05	2.671460e-04
635           	4.457570e-04	2.780400e-04	4.469340e-05	2.649670e-04
636           	4.404100e-04	2.766640e-04	4.450160e-05	2.633510e-04
637           	4.353740e-04	2.739120e-04	4.414000e-05	2.608390e-04
638           	4.320360e-04	2.710280e-04	4.386440e-05	2.587090e-04
639           	4.295700e-04	2.692120e-04	4.385390e-05	2.571760e-04
640           	4.279950e-04	2.693300e-04	4.418560e-05	2.569190e-04
641           	4.233630e-04	2.685210e-04	4.438480e-05	2.557280e-04
642           	4.194410e-04	2.654310e-04	4.425810e-05	2.537560e-04
643           	4.179460e-04	2.622790e-04	4.417080e-05	2.516540e-04
644           	4.132750e-04	2.598840e-04	4.432240e-05	2.493110e-04
645           	4.095820e-04	2.570510e-04	4.436830e-05	2.481500e-04
646           	4.036910e-04	2.535300e-04	4.429670e-05	2.451420e-04
647           	3.979240e-04	2.511330e-04	4.437130e-05	2.424290e-04
648           	3.918660e-04	2.493670e-04	4.456390e-05	2.407290e-04
649           	3.860350e-04	2.472320e-04	4.478620e-05	2.394730e-04
650           	3.820050e-04	2.464940e-04	4.530460e-05	2.399480e-04
651           	3.776660e-04	2.466570e-04	4.575960e-05	2.409250e-04
652           	3.753710e-04	2.481780e-04	4.622570e-05	2.426780e-04
653           	3.748990e-04	2.519130e-04	4.686200e-05	2.464430e-04
654           	3.767170e-04	2.570460e-04	4.733720e-05	2.507160e-04
655           	3.820530e-04	2.633060e-04	4.794490e-05	2.568300e-04
656           	3.886770e-04	2.695930e-04	4.843750e-05	2.630850e-04
657           	3.975820e-04	2.764380e-04	4.897710e-05	2.695690e-04
658           	4.099770e-04	2.841640e-04	4.961380e-05	2.780130e-04
659           	4.242320e-04	2.917700e-04	5.021690e-05	2.861420e-04
660           	4.403690e-04	3.003580e-04	5.099610e-05	2.948960e-04
661           	4.568120e-04	3.084480e-04	5.191960e-05	3.028940e-04
662           	4.731830e-04	3.164360e-04	5.269190e-05	3.098390e-04
663           	4.912370e-04	3.262120e-04	5.366810e-05	3.179060e-04
664           	5.093920e-04	3.353470e-04	5.463330e-05	3.260420e-04
665           	5.284040e-04	3.448310e-04	5.575040e-05	3.350860e-04
666           	5.459760e-04	3.536670e-04	5.673100e-05	3.430340e-04
667           	5.636620e-04	3.621690e-04	5.770040e-05	3.503050e-04
668           	5.805730e-04	3.713110e-04	5.877210e-05	3.578540e-04
669           	5.966710e-04	3.796770e-04	5.984070e-05	3.653060e-04
670           	6.114380e-04	3.864970e-04	6.071950e-05	3.715790e-04
671           	6.236110e-04	3.917160e-04	6.137150e-05	3.756970e-04
672           	6.345050e-04	3.959630e-04	6.201770e-05	3.787840e-04
673           	6.437590e-04	3.997460e-04	6.270520e-05	3.817090e-04
674           	6.501080e-04	4.012310e-04	6.317860e-05	3.827990e-04
675           	6.547700e-04	4.016260e-04	6.363280e-05	3.832220e-04
676           	6.564680e-04	4.006240e-04	6.394830e-05	3.817890e-04
677           	6.552440e-04	3.972120e-04	6.395650e-05	3.781530e-04
678           	6.523390e-04	3.934720e-04	6.400010e-05	3.749680e-04
679           	6.450830e-04	3.867120e-04	6.364450e-05	3.693960e-04
680           	6.359210e-04	3.787550e-04	6.311290e-05	3.631170e-04
681           	6.232610e-04	3.689770e-04	6.227040e-05	3.549960e-04
682           	6.092240e-04	3.588590e-04	6.134160e-05	3.461480e-04
683           	5.930090e-04	3.479360e-04	6.027350e-05	3.367150e-04
684           	5.752700e-04	3.353130e-04	5.889840e-05	3.259240e-04
685           	5.574320e-04	3.231940e-04	5.756650e-05	3.153310e-04
686           	5.380320e-04	3.111750e-04	5.613280e-05	3.040020e-04
687           	5.199520e-04	3.011230e-04	5.485090e-05	2.934560e-04
688           	5.026760e-04	2.935360e-04	5.372500e-05	2.841330e-04
689           	4.870750e-04	2.876280e-04	5.268380e-05	2.761340e-04
690           	4.751140e-04	2.852240e-04	5.201930e-05	2.718650e-04
691           	4.653420e-04	2.855510e-04	5.162500e-05	2.703150e-04
692           	4.609400e-04	2.896410e-04	5.170890e-05	2.717900e-04
693           	4.615460e-04	2.955960e-04	5.213230e-05	2.764820e-04
694           	4.662370e-04	3.018080e-04	5.264530e-05	2.830830e-04
695           	4.756860e-04	3.092960e-04	5.340070e-05	2.917120e-04
696           	4.880060e-04	3.167950e-04	5.412060e-05	3.004340e-04
697           	5.033000e-04	3.249880e-04	5.488810e-05	3.091460e-04
698           	5.189790e-04	3.329130e-04	5.561390e-05	3.177200e-04
699           	5.340550e-04	3.393520e-04	5.619010e-05	3.253450e-04
700           	5.498560e-04	3.456600e-04	5.686630e-05	3.327340e-04
701           	5.634030e-04	3.507880e-04	5.735010e-05	3.384880e-04
702           	5.763120e-04	3.556820e-04	5.777040e-05	3.432400e-04
703           	5.874340e-04	3.596380e-04	5.813210e-05	3.471930e-04
704           	5.963300e-04	3.612720e-04	5.826780e-05	3.493300e-04
705           	6.040960e-04	3.622160e-04	5.840910e-05	3.511210e-04
706           	6.086540e-04	3.619390e-04	5.836070e-05	3.512060e-04
707           	6.116470e-04	3.605290e-04	5.815530e-05	3.493580e-04
708           	6.126620e-04	3.590690e-04	5.799060e-05	3.472910e-04
709           	6.110510e-04	3.567540e-04	5.773820e-05	3.442730e-04
710           	6.076750e-04	3.530540e-04	5.735370e-05	3.402900e-04
711           	6.014300e-04	3.476510e-04	5.674230e-05	3.349650e-04
712           	5.937090e-04	3.417140e-04	5.603950e-05	3.282720e-04
713           	5.844970e-04	3.362610e-04	5.540010e-05	3.216160e-04
714           	5.730120e-04	3.294520e-04	5.455390e-05	3.137940e-04
715           	5.608340e-04	3.221620e-04	5.370740e-05	3.062140e-04
716           	5.458900e-04	3.137940e-04	5.263350e-05	2.975780e-04
717           	5.302160e-04	3.048400e-04	5.144240e-05	2.880700e-04
718           	5.138120e-04	2.965990e-04	5.031120e-05	2.790770e-04
719           	4.967190e-04	2.882300e-04	4.915770e-05	2.703460e-04
720           	4.788450e-04	2.789620e-04	4.780320e-05	2.611320e-04
721           	4.599890e-04	2.689740e-04	4.622810e-05	2.506160e-04
722           	4.417530e-04	2.589790e-04	4.463560e-05	2.401150e-04
723           	4.246670e-04	2.500220e-04	4.319680e-05	2.307240e-04
724           	4.082580e-04	2.406270e-04	4.168050e-05	2.215580e-04
725           	3.936820e-04	2.318720e-04	4.029940e-05	2.138160e-04
726           	3.791540e-04	2.233130e-04	3.886320e-05	2.063110e-04
727           	3.668520e-04	2.159150e-04	3.760270e-05	1.998550e-04
728           	3.568610e-04	2.109260e-04	3.668150e-05	1.959940e-04
729           	3.496110e-04	2.086380e-04	3.620540e-05	1.947460e-04
730           	3.431210e-04	2.064470e-04	3.570310e-05	1.941470e-04
731           	3.379240e-04	2.045020e-04	3.514520e-05	1.936860e-04
732           	3.358610e-04	2.041930e-04	3.483390e-05	1.944390e-04
733           	3.362010e-04	2.060930e-04	3.482770e-05	1.968910e-04
734           	3.382000e-04	2.078850e-04	3.483050e-05	1.993030e-04
735           	3.422100e-04	2.104130e-04	3.499710e-05	2.025530e-04
736           	3.467120e-04	2.132910e-04	3.518950e-05	2.053830e-04
737           	3.509760e-04	2.153560e-04	3.527770e-05	2.072160e-04
738           	3.556490e-04	2.176870e-04	3.545910e-05	2.095760e-04
739           	3.593090e-04	2.191650e-04	3.556420e-05	2.111350e-04
740           	3.631250e-04	2.206490e-04	3.571420e-05	2.128780e-04
741           	3.664720e-04	2.225820e-04	3.597780e-05	2.145350e-04
742           	3.673890e-04	2.222240e-04	3.582610e-05	2.138020e-04
743           	3.679780e-04	2.213970e-04	3.565110e-05	2.124520e-04
744           	3.670910e-04	2.196580e-04	3.539770e-05	2.104710e-04
745           	3.658350e-04	2.179970e-04	3.517820e-05	2.087950e-04
746           	3.627470e-04	2.161330e-04	3.490540e-05	2.062940e-04
747           	3.582440e-04	2.130530e-04	3.443390e-05	2.024560e-04
748           	3.532810e-04	2.101620e-04	3.404340e-05	1.987700e-04
749           	3.469150e-04	2.065650e-04	3.358810e-05	1.944840e-04
750           	3.404110e-04	2.031350e-04	3.319520e-05	1.905180e-04
751           	3.323300e-04	1.997740e-04	3.279650e-05	1.859840e-04
752           	3.232180e-04	1.953220e-04	3.224140e-05	1.804830e-04
753           	3.142360e-04	1.912680e-04	3.181340e-05	1.755240e-04
754           	3.051700e-04	1.866530e-04	3.130420e-05	1.703140e-04
755           	2.960730e-04	1.818280e-04	3.088030e-05	1.660180e-04
756           	2.857220e-04	1.773030e-04	3.043090e-05	1.614510e-04
757           	2.750760e-04	1.720410e-04	2.978130e-05	1.560510e-04
758           	2.653530e-04	1.674560e-04	2.922540e-05	1.515150e-04
759           	2.555150e-04	1.623980e-04	2.855980e-05	1.468310e-04
760           	2.469770e-04	1.576810e-04	2.793750e-05	1.428840e-04
761           	2.379390e-04	1.523510e-04	2.716340e-05	1.385690e-04
762           	2.297540e-04	1.477070e-04	2.643080e-05	1.343300e-04
763           	2.224260e-04	1.437080e-04	2.565650e-05	1.305610e-04
764           	2.153670e-04	1.387970e-04	2.473720e-05	1.267030e-04
765           	2.100010e-04	1.345410e-04	2.394170e-05	1.238210e-04
766           	2.041640e-04	1.301210e-04	2.306190e-05	1.206060e-04
767           	1.992330e-04	1.257670e-04	2.219830e-05	1.173000e-04
768           	1.949430e-04	1.225470e-04	2.154400e-05	1.151260e-04
769           	1.905640e-04	1.187540e-04	2.080400e-05	1.127370e-04
770           	1.876790e-04	1.154060e-04	2.019630e-05	1.110030e-04
771           	1.839050e-04	1.117940e-04	1.949690e-05	1.085250e-04
772           	1.806900e-04	1.083480e-04	1.886420e-05	1.055250e-04
773           	1.786290e-04	1.070330e-04	1.861740e-05	1.041850e-04
774           	1.741700e-04	1.042500e-04	1.810630e-05	1.013070e-04
775           	1.707670e-04	1.020780e-04	1.775860e-05	9.874340e-05
776           	1.657600e-04	1.000320e-04	1.734810e-05	9.611040e-05
777           	1.610120e-04	9.807610e-05	1.704220e-05	9.318770e-05
778           	1.564040e-04	9.707050e-05	1.691860e-05	9.109200e-05
779           	1.511290e-04	9.532960e-05	1.669490e-05	8.864700e-05
780           	1.472860e-04	9.480170e-05	1.670920e-05	8.755370e-05
781           	1.415030e-04	9.279980e-05	1.645420e-05	8.509750e-05
782           	1.366860e-04	9.053390e-05	1.613310e-05	8.250790e-05
783           	1.323410e-04	8.923440e-05	1.598240e-05	8.100820e-05
784           	1.278060e-04	8.729500e-05	1.572250e-05	7.923400e-05
785           	1.253630e-04	8.667100e-05	1.570480e-05	7.928740e-05
786           	1.208700e-04	8.468180e-05	1.536330e-05	7.727750e-05
787           	1.181600e-04	8.363830e-05	1.516870e-05	7.574720e-05
788           	1.155970e-04	8.269890e-05	1.501220e-05	7.483130e-05
789           	1.130690e-04	8.071230e-05	1.468670e-05	7.371240e-05
790           	1.118000e-04	7.948390e-05	1.448360e-05	7.372940e-05
791           	1.101010e-04	7.789270e-05	1.415930e-05	7.302340e-05
792           	1.093330e-04	7.659970e-05	1.388140e-05	7.239370e-05
793           	1.096430e-04	7.701010e-05	1.390380e-05	7.284410e-05
794           	1.085080e-04	7.577120e-05	1.373150e-05	7.219810e-05
795           	1.083030e-04	7.482650e-05	1.357540e-05	7.203250e-05
796           	1.069950e-04	7.335170e-05	1.338140e-05	7.111170e-05
797           	1.062730e-04	7.257850e-05	1.327720e-05	7.037830e-05
798           	1.064770e-04	7.400770e-05	1.352200e-05	7.112650e-05
799           	1.058250e-04	7.445860e-05	1.364590e-05	7.148280e-05
800           	1.070850e-04	7.582140e-05	1.385360e-05	7.301920e-05
801           	1.081270e-04	7.717020e-05	1.406090e-05	7.463070e-05
802           	1.108270e-04	7.975810e-05	1.430470e-05	7.673730e-05
803           	1.150150e-04	8.430010e-05	1.485460e-05	8.033810e-05
804           	1.189460e-04	8.748920e-05	1.523460e-05	8.326610e-05
805           	1.245630e-04	9.081020e-05	1.567520e-05	8.694700e-05
806           	1.298100e-04	9.380510e-05	1.603760e-05	8.999690e-05
807           	1.359290e-04	9.714770e-05	1.640670e-05	9.304370e-05
808           	1.429190e-04	1.020840e-04	1.703740e-05	9.710780e-05
809           	1.481740e-04	1.053960e-04	1.744070e-05	1.001990e-04
810           	1.547900e-04	1.076790e-04	1.782630e-05	1.034650e-04
811           	1.604390e-04	1.096720e-04	1.809540e-05	1.059910e-04
812           	1.662220e-04	1.118200e-04	1.832190e-05	1.081490e-04
813           	1.718880e-04	1.145590e-04	1.866710e-05	1.107080e-04
814           	1.766150e-04	1.170470e-04	1.897940e-05	1.128860e-04
815           	1.810320e-04	1.185070e-04	1.916890e-05	1.147640e-04
816           	1.841710e-04	1.185840e-04	1.915380e-05	1.153530e-04
817           	1.871030e-04	1.184410e-04	1.911080e-05	1.152410e-04
818           	1.897800e-04	1.188700e-04	1.919090e-05	1.153820e-04
819           	1.906900e-04	1.186960e-04	1.910320e-05	1.150750e-04
820           	1.921800e-04	1.184650e-04	1.920580e-05	1.148730e-04
821           	1.911120e-04	1.169950e-04	1.900840e-05	1.135230e-04
822           	1.898340e-04	1.147090e-04	1.874250e-05	1.113540e-04
823           	1.879270e-04	1.133090e-04	1.865370e-05	1.097020e-04
824           	1.845570e-04	1.106580e-04	1.847490e-05	1.070520e-04
825           	1.813340e-04	1.081530e-04	1.833430e-05	1.048410e-04
826           	1.764080e-04	1.050820e-04	1.804480e-05	1.017890e-04
827           	1.714330e-04	1.018230e-04	1.769660e-05	9.818010e-05
828           	1.670350e-04	1.002290e-04	1.759840e-05	9.572330e-05
829           	1.611280e-04	9.715160e-05	1.724230e-05	9.247740e-05
830           	1.562110e-04	9.408520e-05	1.689430e-05	8.984190e-05
831           	1.504640e-04	9.101480e-05	1.646200e-05	8.671920e-05
832           	1.456250e-04	8.833280e-05	1.603200e-05	8.361960e-05
833           	1.425650e-04	8.809350e-05	1.597370e-05	8.295700e-05
834           	1.382040e-04	8.690760e-05	1.566950e-05	8.184220e-05
835           	1.362640e-04	8.687040e-05	1.553540e-05	8.200910e-05
836           	1.346610e-04	8.726910e-05	1.540200e-05	8.264570e-05
837           	1.359780e-04	8.911910e-05	1.551460e-05	8.446880e-05
838           	1.383750e-04	9.169760e-05	1.576070e-05	8.735670e-05
839           	1.414330e-04	9.369680e-05	1.591000e-05	9.025120e-05
840           	1.465260e-04	9.666180e-05	1.623990e-05	9.410980e-05
841           	1.515450e-04	9.948970e-05	1.650930e-05	9.720500e-05
842           	1.574940e-04	1.026060e-04	1.685040e-05	1.001440e-04
843           	1.640760e-04	1.066990e-04	1.736130e-05	1.037530e-04
844           	1.707990e-04	1.107590e-04	1.793110e-05	1.073050e-04
845           	1.773150e-04	1.141470e-04	1.844060e-05	1.107670e-04
846           	1.832850e-04	1.170630e-04	1.886100e-05	1.137390e-04
847           	1.879830e-04	1.189530e-04	1.908660e-05	1.151070e-04
848           	1.926480e-04	1.214110e-04	1.940150e-05	1.166290e-04
849           	1.961990e-04	1.226190e-04	1.959140e-05	1.175590e-04
850           	2.001680e-04	1.246180e-04	1.993370e-05	1.192020e-04
851           	2.014670e-04	1.247450e-04	1.994770e-05	1.190160e-04
852           	2.026020e-04	1.239910e-04	1.981280e-05	1.179820e-04
853           	2.033390e-04	1.237670e-04	1.980230e-05	1.173240e-04
854           	2.026230e-04	1.224160e-04	1.965780e-05	1.159380e-04
855           	2.016880e-04	1.208860e-04	1.951210e-05	1.147940e-04
856           	1.991470e-04	1.191370e-04	1.929770e-05	1.127490e-04
857           	1.955980e-04	1.162650e-04	1.890060e-05	1.096250e-04
858           	1.919640e-04	1.135420e-04	1.858430e-05	1.068160e-04
859           	1.871670e-04	1.101300e-04	1.823260e-05	1.035760e-04
860           	1.825230e-04	1.070490e-04	1.796300e-05	1.009310e-04
861           	1.763330e-04	1.033780e-04	1.757460e-05	9.740710e-05
862           	1.706870e-04	1.005340e-04	1.728850e-05	9.400290e-05
863           	1.644670e-04	9.779870e-05	1.700660e-05	9.083500e-05
864           	1.580150e-04	9.402130e-05	1.656460e-05	8.727690e-05
865           	1.526790e-04	9.084460e-05	1.621620e-05	8.458220e-05
866           	1.466750e-04	8.750930e-05	1.576210e-05	8.138570e-05
867           	1.414050e-04	8.436570e-05	1.526350e-05	7.823540e-05
868           	1.371300e-04	8.322520e-05	1.505280e-05	7.665200e-05
869           	1.322190e-04	8.104460e-05	1.464580e-05	7.484680e-05
870           	1.292930e-04	7.931890e-05	1.430680e-05	7.415120e-05
871           	1.264160e-04	7.800790e-05	1.399270e-05	7.348200e-05
872           	1.248190e-04	7.723670e-05	1.372020e-05	7.319790e-05
873           	1.245970e-04	7.774630e-05	1.365370e-05	7.417850e-05
874           	1.248740e-04	7.873150e-05	1.364660e-05	7.550910e-05
875           	1.262260e-04	7.932600e-05	1.359680e-05	7.697760e-05
876           	1.275040e-04	7.916070e-05	1.341960e-05	7.763290e-05
877           	1.295660e-04	7.928130e-05	1.327240e-05	7.808540e-05
878           	1.320150e-04	8.037950e-05	1.329830e-05	7.907110e-05
879           	1.336680e-04	8.080780e-05	1.323020e-05	7.949860e-05
880           	1.359770e-04	8.135790e-05	1.325200e-05	8.037980e-05
881           	1.372880e-04	8.206130e-05	1.329440e-05	8.070930e-05
882           	1.380350e-04	8.175860e-05	1.320220e-05	8.006390e-05
883           	1.388790e-04	8.192330e-05	1.321200e-05	7.986100e-05
884           	1.386510e-04	8.157480e-05	1.316070e-05	7.916740e-05
885           	1.388770e-04	8.150540e-05	1.320170e-05	7.899190e-05
886           	1.375780e-04	8.075930e-05	1.310630e-05	7.791920e-05
887           	1.362640e-04	7.986380e-05	1.299090e-05	7.636910e-05
888           	1.353390e-04	8.052500e-05	1.313430e-05	7.587730e-05
889           	1.326690e-04	7.945330e-05	1.302990e-05	7.439750e-05
890           	1.304080e-04	7.812780e-05	1.291520e-05	7.335560e-05
891           	1.267950e-04	7.624590e-05	1.265900e-05	7.133360e-05
892           	1.244600e-04	7.514600e-05	1.255270e-05	6.978220e-05
893           	1.206880e-04	7.370420e-05	1.234850e-05	6.784600e-05
894           	1.163010e-04	7.139740e-05	1.200650e-05	6.513170e-05
895           	1.130250e-04	7.006820e-05	1.187730e-05	6.372760e-05
896           	1.079720e-04	6.724160e-05	1.148730e-05	6.099710e-05
897           	1.034430e-04	6.403690e-05	1.102630e-05	5.803590e-05
898           	9.943410e-05	6.203070e-05	1.074030e-05	5.597080e-05
899           	9.504530e-05	5.950090e-05	1.037210e-05	5.369850e-05
900           	9.162330e-05	5.741590e-05	1.010750e-05	5.232220e-05
901           	8.746350e-05	5.486470e-05	9.729130e-06	5.020820e-05
902           	8.473270e-05	5.337400e-05	9.494780e-06	4.857710e-05
903           	8.201490e-05	5.222300e-05	9.307490e-06	4.741930e-05
904           	7.926160e-05	5.024250e-05	8.968690e-06	4.606250e-05
905           	7.768640e-05	4.913570e-05	8.767300e-06	4.573600e-05
906           	7.551640e-05	4.772430e-05	8.473340e-06	4.475760e-05
907           	7.412990e-05	4.658930e-05	8.202800e-06	4.390860e-05
908           	7.381380e-05	4.723040e-05	8.219560e-06	4.431150e-05
909           	7.245960e-05	4.638120e-05	8.033060e-06	4.382470e-05
910           	7.225070e-05	4.546610e-05	7.852180e-06	4.386760e-05
911           	7.131020e-05	4.411710e-05	7.577220e-06	4.296860e-05
912           	7.087620e-05	4.304230e-05	7.327480e-06	4.204670e-05
913           	7.070060e-05	4.285100e-05	7.246590e-06	4.176360e-05
914           	7.008960e-05	4.267120e-05	7.222540e-06	4.139830e-05
915           	6.914990e-05	4.198250e-05	7.153030e-06	4.109880e-05
916           	6.727370e-05	4.017050e-05	6.894410e-06	3.959020e-05
917           	6.580270e-05	3.873740e-05	6.689110e-06	3.802790e-05
918           	6.454140e-05	3.846520e-05	6.657110e-06	3.729900e-05
919           	6.249790e-05	3.756380e-05	6.573450e-06	3.623860e-05
920           	6.136310e-05	3.784310e-05	6.694970e-06	3.626690e-05
921           	5.846730e-05	3.671570e-05	6.563750e-06	3.487220e-05
922           	5.631300e-05	3.535580e-05	6.385200e-06	3.328140e-05
923           	5.467920e-05	3.506640e-05	6.420720e-06	3.258700e-05
924           	5.250410e-05	3.430430e-05	6.376820e-06	3.165920e-05
925           	5.111630e-05	3.397830e-05	6.393120e-06	3.148580e-05
926           	4.920630e-05	3.382810e-05	6.377050e-06	3.092100e-05
927           	4.702750e-05	3.303890e-05	6.208830e-06	2.982740e-05
928           	4.565050e-05	3.268860e-05	6.136870e-06	2.941120e-05
929           	4.401820e-05	3.183190e-05	5.999570e-06	2.877440e-05
930           	4.337340e-05	3.145820e-05	5.950570e-06	2.883060e-05
931           	4.195310e-05	3.042860e-05	5.762130e-06	2.811600e-05
932           	4.135270e-05	3.050710e-05	5.714820e-06	2.784920e-05
933           	4.058150e-05	3.048540e-05	5.674530e-06	2.770510e-05
934           	3.970310e-05	2.958950e-05	5.495830e-06	2.720720e-05
935           	3.981980e-05	2.913590e-05	5.433560e-06	2.754060e-05
936           	3.920370e-05	2.824290e-05	5.239200e-06	2.694290e-05
937           	3.897780e-05	2.750750e-05	5.055410e-06	2.620120e-05
938           	3.915830e-05	2.760220e-05	5.018470e-06	2.607790e-05
939           	3.902090e-05	2.774900e-05	5.015900e-06	2.596940e-05
940           	3.889230e-05	2.730890e-05	4.965720e-06	2.598020e-05
941           	3.773920e-05	2.596700e-05	4.755350e-06	2.518580e-05
942           	3.702800e-05	2.497700e-05	4.603720e-06	2.419700e-05
943           	3.667350e-05	2.511760e-05	4.633130e-06	2.388130e-05
944           	3.572660e-05	2.463530e-05	4.578530e-06	2.335940e-05
945           	3.566220e-05	2.452760e-05	4.625030e-06	2.373520e-05
946           	3.509860e-05	2.484450e-05	4.689880e-06	2.392010e-05
947           	3.569680e-05	2.551910e-05	4.804160e-06	2.446250e-05
948           	3.541210e-05	2.603340e-05	4.815410e-06	2.501830e-05
949           	3.515990e-05	2.629420e-05	4.763310e-06	2.515330e-05
950           	3.631170e-05	2.716000e-05	4.847620e-06	2.643030e-05
951           	3.696290e-05	2.758950e-05	4.846510e-06	2.699820e-05
952           	3.847930e-05	2.826380e-05	4.890730e-06	2.754660e-05
953           	4.117790e-05	3.069460e-05	5.218990e-06	2.929690e-05
954           	4.276040e-05	3.154630e-05	5.332700e-06	3.012590e-05
955           	4.521360e-05	3.252780e-05	5.474410e-06	3.171320e-05
956           	4.669220e-05	3.303360e-05	5.509150e-06	3.231550e-05
957           	4.866610e-05	3.383750e-05	5.585790e-06	3.282450e-05
958           	5.081980e-05	3.537990e-05	5.793750e-06	3.393410e-05
959           	5.231040e-05	3.593980e-05	5.874730e-06	3.458900e-05
960           	5.483540e-05	3.760660e-05	6.163380e-06	3.628760e-05
961           	5.530290e-05	3.762000e-05	6.164240e-06	3.628510e-05
962           	5.603600e-05	3.724440e-05	6.088090e-06	3.586050e-05
963           	5.699660e-05	3.767270e-05	6.160920e-06	3.599750e-05
964           	5.711120e-05	3.729040e-05	6.130100e-06	3.566200e-05
965           	5.764850e-05	3.702530e-05	6.178720e-06	3.589150e-05
966           	5.716850e-05	3.693230e-05	6.166490e-06	3.556630e-05
967           	5.614960e-05	3.590930e-05	6.045920e-06	3.442030e-05
968           	5.544930e-05	3.518870e-05	5.982830e-06	3.369000e-05
969           	5.405240e-05	3.402290e-05	5.856650e-06	3.266410e-05
970           	5.315810e-05	3.334120e-05	5.845150e-06	3.242130e-05
971           	5.109110e-05	3.204720e-05	5.707060e-06	3.121280e-05
972           	4.984030e-05	3.179800e-05	5.714700e-06	3.033500e-05
973           	4.826610e-05	3.174620e-05	5.763460e-06	2.968870e-05
974           	4.661210e-05	3.067470e-05	5.688830e-06	2.857710e-05
975           	4.605610e-05	3.054640e-05	5.726590e-06	2.867020e-05
976           	4.469730e-05	3.014630e-05	5.663710e-06	2.825440e-05
977           	4.415050e-05	3.008930e-05	5.620380e-06	2.801750e-05
978           	4.473190e-05	3.190160e-05	5.850290e-06	2.913620e-05
979           	4.448470e-05	3.224930e-05	5.861310e-06	2.954400e-05
980           	4.566290e-05	3.261690e-05	5.893180e-06	3.072320e-05
981           	4.633050e-05	3.263860e-05	5.844180e-06	3.119630e-05
982           	4.775700e-05	3.310490e-05	5.815420e-06	3.176090e-05
983           	4.983820e-05	3.447920e-05	5.949720e-06	3.303170e-05
984           	5.187980e-05	3.605240e-05	6.137790e-06	3.437120e-05
985           	5.402570e-05	3.713280e-05	6.266340e-06	3.590550e-05
986           	5.550070e-05	3.719730e-05	6.222090e-06	3.641480e-05
987           	5.743930e-05	3.767130e-05	6.227550e-06	3.694460e-05
988           	5.978670e-05	3.902740e-05	6.396920e-06	3.804420e-05
989           	6.134400e-05	3.968370e-05	6.480890e-06	3.866390e-05
990           	6.379500e-05	4.132830e-05	6.743630e-06	4.025170e-05
991           	6.441340e-05	4.135330e-05	6.726980e-06	4.030810e-05
992           	6.534510e-05	4.101100e-05	6.647020e-06	4.000520e-05
993           	6.652480e-05	4.165380e-05	6.739460e-06	4.028000e-05
994           	6.686600e-05	4.163920e-05	6.739670e-06	4.004320e-05
995           	6.769520e-05	4.172700e-05	6.791550e-06	4.031770e-05
996           	6.725100e-05	4.105930e-05	6.698080e-06	3.959450e-05
997           	6.729090e-05	4.112170e-05	6.718000e-06	3.901630e-05
998           	6.680840e-05	4.101880e-05	6.740310e-06	3.850090e-05
999           	6.543900e-05	3.980060e-05	6.602560e-06	3.748170e-05
1000          	6.465230e-05	3.896180e-05	6.555540e-06	3.706130e-05
